106 114 24 25 1 0
705 79 19 21 1 0
661 361 30 37 1 0
212 332 30 37 1 0
704 236 20 25 1 0
620 404 30 37 1 0
615 248 20 25 1 0
641 165 20 25 1 0
676 47 19 21 1 0
422 29 19 21 1 0
71 48 19 21 1 0
107 62 19 21 1 0
76 85 19 21 1 0
692 37 19 21 1 0
251 221 20 25 1 0
535 44 19 21 1 0
528 93 19 21 1 0
36 46 19 21 1 0
240 44 19 21 1 0
467 115 24 25 1 0
497 79 19 21 1 0
484 204 20 25 1 0
342 136 24 25 1 0
326 152 24 25 1 0
404 379 30 37 1 0
469 229 20 25 1 0
267 57 19 21 1 0
447 56 19 21 1 0
411 296 20 25 1 0
102 195 20 25 1 0
43 394 30 37 1 0
179 65 19 21 1 0
675 27 19 21 1 0
640 76 19 21 1 0
295 49 19 21 1 0
170 133 24 25 1 0
275 18 19 21 1 0
624 479 30 37 1 0
338 82 19 21 1 0
510 170 20 25 1 0
386 226 20 25 1 0
118 411 30 37 1 0
137 255 20 25 1 0
608 62 19 21 1 0
551 168 20 25 1 0
207 55 19 21 1 0
62 16 19 21 1 0
590 283 20 25 1 0
577 35 19 21 1 0
357 104 19 21 1 0
229 426 30 37 1 0
331 210 20 25 1 0
485 59 19 21 1 0
189 292 20 25 1 0
277 334 30 37 1 0
410 203 20 25 1 0
53 61 19 21 1 0
535 134 24 25 1 0
626 73 19 21 1 0
647 60 19 21 1 0
555 292 20 25 1 0
412 150 24 25 1 0
560 41 19 21 1 0
27 89 19 21 1 0
482 333 30 37 1 0
493 301 20 25 1 0
476 457 30 37 1 0
350 167 20 25 1 0
704 209 20 25 1 0
166 24 19 21 1 0
193 101 19 21 1 0
89 37 19 21 1 0
107 221 20 25 1 0
393 124 24 25 1 0
141 322 30 37 1 0
540 368 30 37 1 0
201 242 20 25 1 0
121 37 19 21 1 0
238 276 20 25 1 0
302 19 19 21 1 0
609 44 19 21 1 0
18 453 30 37 1 0
137 51 19 21 1 0
608 155 20 25 1 0
548 194 20 25 1 0
323 372 30 37 1 0
461 166 20 25 1 0
683 280 20 25 1 0
373 153 24 25 1 0
396 255 20 25 1 0
135 143 24 25 1 0
390 87 19 21 1 0
402 27 19 21 1 0
32 13 19 21 1 0
270 94 19 21 1 0
375 35 19 21 1 0
642 32 19 21 1 0
128 15 19 21 1 0
64 128 24 25 1 0
18 150 24 25 1 0
619 135 24 25 1 0
367 185 20 25 1 0
219 187 20 25 1 0
83 347 30 37 1 0
95 15 19 21 1 0
699 435 30 37 1 0
305 91 19 21 1 0
537 220 20 25 1 0
154 165 20 25 1 0
708 28 19 21 1 0
438 131 24 25 1 0
468 47 19 21 1 0
551 72 19 21 1 0
342 32 19 21 1 0
278 188 20 25 1 0
556 415 30 37 1 0
499 33 19 21 1 0
3 41 13 18 1 0
407 58 19 21 1 0
307 340 30 37 1 0
211 29 19 21 1 0
614 217 20 25 1 0
693 62 19 21 1 0
583 129 24 25 1 0
570 96 19 21 1 0
325 47 19 21 1 0
164 90 19 21 1 0
86 139 24 25 1 0
181 154 24 25 1 0
464 60 19 21 1 0
445 267 20 25 1 0
603 82 19 21 1 0
145 93 19 21 1 0
65 174 20 25 1 0
233 121 24 25 1 0
353 67 19 21 1 0
689 468 30 37 1 0
394 424 30 37 1 0
409 11 19 21 1 0
569 67 19 21 1 0
332 302 20 25 1 0
293 255 20 25 1 0
239 20 19 21 1 0
431 64 19 21 1 0
100 168 20 25 1 0
39 336 30 37 1 0
309 480 30 37 1 0
678 303 20 25 1 0
602 96 19 21 1 0
666 73 19 21 1 0
482 133 24 25 1 0
223 80 19 21 1 0
303 128 24 25 1 0
49 238 20 25 1 0
582 52 19 21 1 0
380 10 19 21 1 0
420 94 19 21 1 0
119 372 30 37 1 0
370 21 19 21 1 0
339 247 20 25 1 0
129 467 30 37 1 0
