195 112 10 11 1 1
369 111 10 11 1 1
752 297 11 15 1 0
451 206 11 15 1 0
644 253 11 15 1 0
294 288 17 21 1 0
720 186 11 15 1 0
87 119 10 11 1 1
603 270 17 21 1 0
288 164 10 11 1 1
864 367 11 15 1 0
553 124 10 11 1 1
377 203 11 15 1 0
272 423 23 23 1 0
1011 202 11 15 1 0
292 349 17 21 1 0
201 96 7 9 1 1
347 76 7 9 1 1
172 52 7 9 1 1
892 300 11 15 1 0
107 130 10 11 1 1
345 127 10 11 1 1
434 145 10 11 1 1
1029 268 11 15 1 0
234 51 7 9 1 1
736 206 11 15 1 0
159 178 10 11 1 0
186 69 7 9 1 1
524 61 7 9 1 1
355 123 10 11 1 1
1099 430 15 17 1 0
305 78 7 9 1 1
306 295 17 21 1 0
170 142 10 11 1 1
81 376 18 23 1 0
840 329 11 15 1 0
300 112 10 11 1 1
142 226 11 15 1 0
396 55 7 9 1 1
490 248 11 15 1 0
102 58 7 9 1 1
608 295 17 21 2 0
460 144 10 11 1 1
212 89 7 9 1 1
603 71 7 9 1 1
420 154 10 11 1 1
252 99 7 9 1 1
795 303 11 15 1 0
866 284 11 15 1 0
590 396 17 21 1 0
587 141 10 11 1 1
800 401 11 15 1 0
395 86 7 9 1 1
329 119 10 11 1 1
474 261 17 21 1 0
440 256 11 15 1 0
124 121 10 11 1 1
417 163 10 11 1 1
799 48 7 9 1 1
376 51 7 9 1 1
404 99 7 9 1 1
562 358 17 21 1 0
418 398 10 18 1 0
766 270 11 15 1 0
524 173 10 11 1 0
616 250 11 15 1 0
471 293 17 21 1 0
230 408 23 23 2 0
227 113 10 11 1 1
112 57 7 9 1 1
500 69 7 9 1 1
739 275 17 21 1 0
318 160 10 11 1 1
340 311 17 21 1 0
199 64 7 9 1 1
222 224 11 15 1 0
595 278 17 21 2 0
610 375 17 21 1 0
187 216 11 15 1 0
365 68 7 9 1 1
279 115 10 11 1 1
876 238 11 15 1 0
134 202 11 15 1 0
764 163 10 11 1 1
926 266 11 15 1 0
421 93 7 9 1 1
654 389 11 15 1 0
213 235 11 15 1 0
452 256 11 15 1 0
181 106 7 9 1 1
934 447 15 17 1 0
222 292 17 21 1 0
1087 310 11 15 1 0
396 75 7 9 1 1
463 377 10 18 1 0
122 76 7 9 1 1
11 54 7 9 1 1
952 351 11 15 1 0
504 109 10 11 1 1
758 250 11 15 1 0
937 188 11 15 1 0
82 51 7 9 1 1
514 162 10 11 1 1
293 178 10 11 1 0
260 404 23 23 2 0
474 82 7 9 1 1
469 86 7 9 1 1
244 406 23 23 1 0
212 198 11 15 1 0
870 211 11 15 1 0
412 262 17 21 2 0
1018 239 11 15 1 0
111 100 7 9 1 1
301 115 10 11 1 1
488 104 7 9 1 1
115 209 11 15 1 0
776 229 11 15 1 0
319 103 7 9 1 1
183 172 10 11 1 0
589 206 11 15 1 0
501 170 10 11 1 0
413 208 11 15 1 0
248 303 17 21 1 0
836 343 11 15 1 0
542 233 11 15 1 0
436 94 7 9 1 1
1034 454 15 17 1 0
249 159 10 11 1 1
667 154 10 11 1 1
425 82 7 9 1 1
266 157 10 11 1 1
876 437 15 17 1 0
262 138 10 11 1 1
110 64 7 9 1 1
568 209 11 15 1 0
14 50 7 9 1 1
932 247 11 15 1 0
333 202 11 15 1 0
545 222 11 15 1 0
294 307 17 21 1 0
810 327 11 15 1 0
404 302 17 21 1 0
195 161 10 11 1 1
299 193 11 15 1 0
507 76 7 9 1 1
357 59 7 9 1 1
56 82 7 9 1 1
535 419 10 18 1 0
838 311 11 15 1 0
360 140 10 11 1 1
347 108 7 9 1 1
584 286 17 21 2 0
561 264 17 21 1 0
352 291 17 21 2 0
250 65 7 9 1 1
1147 352 11 15 1 0
320 135 10 11 1 1
210 64 7 9 1 1
270 313 17 21 1 0
100 66 7 9 1 1
354 66 7 9 1 1
568 130 10 11 1 1
399 169 10 11 1 0
712 373 11 15 1 0
889 247 11 15 1 0
541 254 11 15 1 0
521 244 11 15 1 0
620 219 11 15 1 0
277 49 7 9 1 1
145 403 23 23 1 0
911 384 11 15 1 0
641 214 11 15 1 0
676 273 17 21 2 0
538 79 7 9 1 1
276 215 11 15 1 0
787 66 7 9 1 1
411 153 10 11 1 1
86 178 10 11 1 0
365 70 7 9 1 1
476 389 10 18 1 0
262 282 17 21 1 0
624 156 10 11 1 1
604 250 11 15 1 0
1069 411 11 15 1 0
512 80 7 9 1 1
228 186 11 15 1 0
121 53 7 9 1 1
266 268 17 21 1 0
261 218 11 15 1 0
457 93 7 9 1 1
286 228 11 15 1 0
31 48 7 9 1 1
220 405 23 23 2 0
2 223 10 14 1 0
404 218 11 15 1 0
442 177 10 11 1 0
436 326 17 21 1 0
284 156 10 11 1 1
755 449 15 17 1 0
1019 277 11 15 1 0
158 381 17 21 2 0
474 192 11 15 1 0
121 94 7 9 1 1
380 252 11 15 1 0
337 239 11 15 1 0
323 196 11 15 1 0
454 181 11 15 1 0
919 42 7 9 1 0
306 69 7 9 1 1
183 58 7 9 1 1
494 75 7 9 1 1
937 344 11 15 1 0
76 54 7 9 1 1
216 49 7 9 1 1
407 141 10 11 1 1
455 290 17 21 1 0
587 176 10 11 1 0
163 132 10 11 1 1
299 90 7 9 1 1
289 92 7 9 1 1
135 136 10 11 1 1
140 183 11 15 1 0
320 211 11 15 1 0
807 232 11 15 1 0
294 82 7 9 1 1
139 153 10 11 1 1
616 353 17 21 1 0
239 191 11 15 1 0
333 81 7 9 1 1
626 54 7 9 1 1
833 224 11 15 1 0
129 75 7 9 1 1
769 175 10 11 1 0
109 143 10 11 1 1
252 57 7 9 1 1
509 371 10 18 1 0
450 241 11 15 1 0
360 240 11 15 1 0
705 204 11 15 1 0
1151 368 11 15 1 0
158 217 11 15 1 0
351 145 10 11 1 1
568 181 11 15 1 0
308 132 10 11 1 1
127 186 11 15 1 0
344 296 17 21 2 0
954 191 11 15 1 0
170 100 7 9 1 1
117 111 10 11 1 1
659 64 7 9 1 1
2 54 7 9 1 0
259 60 7 9 1 1
367 46 7 9 1 1
304 449 23 23 1 0
449 226 11 15 1 0
523 185 11 15 1 0
342 95 7 9 1 1
1176 461 12 15 1 0
761 204 11 15 1 0
260 44 7 9 1 1
399 343 17 21 1 0
276 182 11 15 1 0
87 142 10 11 1 1
182 134 10 11 1 1
897 339 11 15 1 0
371 179 10 11 1 0
155 105 7 9 1 1
904 276 11 15 1 0
385 400 10 18 1 0
481 73 7 9 1 1
622 306 11 15 1 0
227 44 7 9 1 1
405 189 11 15 1 0
36 344 18 23 1 0
243 224 11 15 1 0
154 138 10 11 1 1
671 235 11 15 1 0
422 132 10 11 1 1
235 212 11 15 1 0
156 68 7 9 1 1
657 51 7 9 1 1
498 77 7 9 1 1
1175 385 12 15 1 0
164 229 11 15 1 0
213 163 10 11 1 1
172 212 11 15 1 0
86 59 7 9 1 1
519 102 7 9 1 1
91 131 10 11 1 1
615 329 17 21 1 0
978 190 11 15 1 0
317 283 17 21 1 0
448 159 10 11 1 1
281 146 10 11 1 1
7 72 7 9 1 1
288 411 23 23 1 0
269 58 7 9 1 1
359 80 7 9 1 1
522 262 17 21 1 0
361 189 11 15 1 0
961 117 10 11 1 0
215 104 7 9 1 1
927 348 11 15 1 0
698 62 7 9 1 1
101 110 10 11 1 1
980 464 15 17 1 0
640 68 7 9 1 1
397 371 10 18 1 0
431 79 7 9 1 1
78 86 7 9 1 1
217 172 10 11 1 0
688 265 17 21 2 0
831 240 11 15 1 0
610 198 11 15 1 0
988 352 11 15 1 0
247 86 7 9 1 1
308 59 7 9 1 1
555 61 7 9 1 1
448 310 17 21 1 0
383 69 7 9 1 1
267 139 10 11 1 1
126 196 11 15 1 0
140 103 7 9 1 1
236 46 7 9 1 1
334 286 17 21 1 0
468 109 10 11 1 1
736 220 11 15 1 0
1028 289 11 15 1 0
1067 349 11 15 1 0
208 345 17 21 1 0
459 101 7 9 1 1
437 274 17 21 1 0
883 380 11 15 1 0
59 230 11 15 1 0
646 149 10 11 1 1
1099 409 11 15 1 0
207 185 11 15 1 0
142 75 7 9 1 1
300 271 17 21 1 0
307 180 11 15 1 0
486 152 10 11 1 1
104 79 7 9 1 1
724 56 7 9 1 1
257 198 11 15 1 0
1066 307 11 15 1 0
185 235 11 15 1 0
783 176 10 11 1 0
731 64 7 9 1 1
742 170 10 11 1 0
818 428 15 17 1 0
551 344 17 21 1 0
537 386 10 18 1 0
826 293 11 15 1 0
292 139 10 11 1 1
1195 266 11 15 1 0
627 466 15 17 1 0
863 308 11 15 1 0
191 90 7 9 1 1
412 249 11 15 1 0
894 260 11 15 1 0
487 340 17 21 1 0
872 197 11 15 1 0
176 158 10 11 1 1
130 89 7 9 1 1
440 381 10 18 1 0
114 75 7 9 1 1
530 57 7 9 1 1
151 86 7 9 1 1
280 108 7 9 1 1
278 71 7 9 1 1
642 94 7 9 1 1
569 240 11 15 1 0
144 80 7 9 1 1
1118 405 11 15 1 0
248 242 11 15 1 0
562 221 11 15 1 0
1062 375 11 15 1 0
1011 257 11 15 1 0
356 166 10 11 1 0
657 137 10 11 1 1
205 44 7 9 1 1
237 108 7 9 1 1
374 58 7 9 1 1
770 414 13 16 1 0
147 166 10 11 1 0
160 150 10 11 1 1
228 361 17 21 1 0
435 110 10 11 1 1
109 51 7 9 1 1
521 301 17 21 1 0
223 53 7 9 1 1
570 305 17 21 1 0
162 55 7 9 1 1
561 123 10 11 1 1
655 338 11 15 1 0
981 308 11 15 1 0
811 352 11 15 1 0
177 258 17 21 1 0
242 53 7 9 1 1
714 317 11 15 1 0
697 192 11 15 1 0
791 250 11 15 1 0
217 127 10 11 1 1
1031 357 11 15 1 0
539 54 7 9 1 1
145 53 7 9 1 1
149 147 10 11 1 1
369 317 17 21 2 0
81 77 7 9 1 1
61 62 7 9 1 1
391 63 7 9 1 1
870 184 11 15 1 0
658 133 10 11 1 1
392 49 7 9 1 1
356 209 11 15 1 0
376 269 17 21 1 0
287 47 7 9 1 1
288 441 23 23 1 0
533 155 10 11 1 1
261 82 7 9 1 1
595 319 17 21 1 0
837 298 11 15 1 0
225 164 10 11 1 1
427 68 7 9 1 1
176 398 23 23 2 0
169 74 7 9 1 1
201 73 7 9 1 1
29 80 7 9 1 1
822 56 7 9 1 1
258 421 23 23 1 0
523 75 7 9 1 1
423 172 10 11 1 0
624 48 7 9 1 1
306 233 11 15 1 0
626 285 17 21 1 0
304 202 11 15 1 0
684 439 15 17 1 0
491 142 10 11 1 1
109 158 10 11 1 1
262 170 10 11 1 0
540 321 17 21 1 0
93 202 11 15 1 0
619 410 12 17 1 0
175 45 7 9 1 1
390 203 11 15 1 0
407 53 7 9 1 1
443 143 10 11 1 1
575 422 10 18 1 0
180 207 11 15 1 0
115 230 11 15 1 0
228 139 10 11 1 1
743 335 11 15 1 0
192 252 11 15 1 0
682 235 11 15 1 0
107 115 10 11 1 1
762 217 11 15 1 0
1080 369 11 15 1 0
971 336 11 15 1 0
44 59 7 9 1 1
229 96 7 9 1 1
556 284 17 21 1 0
253 317 17 21 1 0
360 397 10 18 1 0
1053 290 11 15 1 0
179 65 7 9 1 1
503 151 10 11 1 1
499 204 11 15 1 0
581 134 10 11 1 1
43 69 7 9 1 1
358 329 17 21 1 0
851 242 11 15 1 0
98 124 10 11 1 1
221 451 23 23 1 0
315 80 7 9 1 1
84 215 11 15 1 0
543 275 17 21 1 0
242 120 10 11 1 1
241 130 10 11 1 1
499 54 7 9 1 1
784 371 11 15 1 0
367 105 7 9 1 1
241 171 10 11 1 0
388 161 10 11 1 1
176 80 7 9 1 1
155 122 10 11 1 1
38 51 7 9 1 1
495 81 7 9 1 1
166 422 23 23 1 0
256 129 10 11 1 1
446 270 17 21 1 0
222 311 17 21 1 0
286 62 7 9 1 1
1002 338 11 15 1 0
476 334 17 21 1 0
717 292 11 15 1 0
62 46 7 9 1 1
858 337 11 15 1 0
434 41 7 9 1 1
410 231 11 15 1 0
250 106 7 9 1 1
52 50 7 9 1 1
859 257 11 15 1 0
754 310 11 15 1 0
804 296 11 15 1 0
800 101 7 9 1 1
338 142 10 11 1 1
772 212 11 15 1 0
111 171 10 11 1 0
725 273 17 21 1 0
206 248 11 15 1 0
490 72 7 9 1 1
498 62 7 9 1 1
404 285 17 21 1 0
50 366 18 23 1 0
329 64 7 9 1 1
667 397 11 15 1 0
977 417 15 17 1 0
1101 349 11 15 1 0
85 70 7 9 1 1
294 160 10 11 1 1
246 46 7 9 1 1
80 233 11 15 1 0
930 286 11 15 1 0
560 244 11 15 1 0
673 169 10 11 1 0
112 46 7 9 1 1
155 248 11 15 1 0
326 233 11 15 1 0
229 119 10 11 1 1
602 146 10 11 1 1
10 64 7 9 1 1
307 471 23 23 1 0
174 122 10 11 1 1
500 304 17 21 1 0
419 143 10 11 1 1
1170 422 15 17 1 0
197 49 7 9 1 1
191 60 7 9 1 1
577 272 17 21 1 0
650 68 7 9 1 1
585 244 11 15 1 0
95 156 10 11 1 1
250 119 10 11 1 1
93 105 7 9 1 1
121 142 10 11 1 1
532 198 11 15 1 0
482 183 11 15 1 0
143 127 10 11 1 1
656 282 17 21 1 0
777 283 11 15 1 0
618 272 17 21 1 0
159 92 7 9 1 1
69 59 7 9 1 1
141 65 7 9 1 1
537 219 11 15 1 0
209 287 17 21 1 0
313 249 11 15 1 0
65 82 7 9 1 1
335 60 7 9 1 1
387 185 11 15 1 0
790 269 11 15 1 0
378 318 17 21 2 0
386 238 11 15 1 0
99 90 7 9 1 1
245 72 7 9 1 1
613 142 10 11 1 1
525 282 17 21 1 0
665 250 11 15 1 0
715 67 7 9 1 1
1167 370 12 15 1 0
483 92 7 9 1 1
378 399 10 18 1 0
432 165 10 11 1 0
339 351 17 21 1 0
266 254 11 15 1 0
468 225 11 15 1 0
435 197 11 15 1 0
165 112 10 11 1 1
554 112 10 11 1 1
722 354 11 15 1 0
346 63 7 9 1 1
448 79 7 9 1 1
168 168 10 11 1 0
278 166 10 11 1 0
507 195 11 15 1 0
200 232 11 15 1 0
423 279 17 21 1 0
804 69 7 9 1 1
523 208 11 15 1 0
912 231 11 15 1 0
763 339 11 15 1 0
155 389 23 23 2 0
926 365 11 15 1 0
296 255 11 15 1 0
329 157 10 11 1 1
383 82 7 9 1 1
354 79 7 9 1 1
384 368 10 18 1 0
121 132 10 11 1 1
783 353 11 15 1 0
698 299 11 15 1 0
401 118 10 11 1 1
317 110 10 11 1 1
85 40 7 9 1 1
212 79 7 9 1 1
933 207 11 15 1 0
574 224 11 15 1 0
255 144 10 11 1 1
220 95 7 9 1 1
188 275 17 21 1 0
221 69 7 9 1 1
460 363 10 18 1 0
199 208 11 15 1 0
337 218 11 15 1 0
226 204 11 15 1 0
635 266 17 21 1 0
110 122 10 11 1 1
300 71 7 9 1 1
184 196 11 15 1 0
192 74 7 9 1 1
668 369 11 15 1 0
271 408 23 23 2 0
440 65 7 9 1 1
764 378 11 15 1 0
665 165 10 11 1 0
441 220 11 15 1 0
130 227 11 15 1 0
394 114 10 11 1 1
383 144 10 11 1 1
328 88 7 9 1 1
378 180 11 15 1 0
112 197 11 15 1 0
833 386 11 15 1 0
515 356 17 21 1 0
128 214 11 15 1 0
764 186 11 15 1 0
1040 249 11 15 1 0
430 458 10 18 1 0
413 60 7 9 1 1
485 319 17 21 2 0
847 368 11 15 1 0
256 112 10 11 1 1
105 393 18 23 1 0
241 279 17 21 1 0
399 150 10 11 1 1
331 178 10 11 1 0
92 73 7 9 1 1
241 139 10 11 1 1
144 109 10 11 1 1
272 131 10 11 1 1
24 62 7 9 1 1
163 41 7 9 1 1
1004 441 15 17 1 0
543 117 10 11 1 1
88 82 7 9 1 1
405 64 7 9 1 1
159 193 11 15 1 0
349 368 10 18 1 0
478 153 10 11 1 1
670 130 10 11 1 1
153 78 7 9 1 1
170 132 10 11 1 1
277 199 11 15 1 0
167 65 7 9 1 1
285 123 10 11 1 1
365 203 11 15 1 0
570 165 10 11 1 0
1015 373 11 15 1 0
236 327 17 21 1 0
336 68 7 9 1 1
677 209 11 15 1 0
269 182 11 15 1 0
205 53 7 9 1 1
199 291 17 21 1 0
4 80 7 9 1 0
237 261 17 21 1 0
168 240 11 15 1 0
1034 212 11 15 1 0
392 141 10 11 1 1
262 71 7 9 1 1
526 46 7 9 1 1
210 48 7 9 1 1
217 142 10 11 1 1
341 266 17 21 1 0
35 389 18 23 1 0
654 172 10 11 1 0
1039 422 15 17 1 0
101 218 11 15 1 0
495 284 17 21 1 0
286 76 7 9 1 1
532 103 7 9 1 1
931 101 7 9 1 0
447 328 17 21 1 0
194 99 7 9 1 1
881 451 15 17 1 0
434 313 17 21 1 0
185 401 23 23 2 0
587 277 17 21 2 0
492 317 17 21 2 0
464 242 11 15 1 0
619 138 10 11 1 1
234 154 10 11 1 1
628 246 11 15 1 0
275 239 11 15 1 0
331 104 7 9 1 1
489 311 17 21 2 0
303 142 10 11 1 1
858 421 15 17 1 0
397 270 17 21 1 0
184 419 23 23 1 0
607 283 17 21 2 0
294 221 11 15 1 0
331 253 11 15 1 0
130 106 7 9 1 1
382 87 7 9 1 1
682 271 17 21 2 0
136 48 7 9 1 1
273 80 7 9 1 1
471 207 11 15 1 0
226 60 7 9 1 1
377 111 10 11 1 1
96 42 7 9 1 1
788 220 11 15 1 0
239 72 7 9 1 1
322 356 17 21 1 0
362 88 7 9 1 1
586 261 17 21 1 0
897 284 11 15 1 0
418 101 7 9 1 1
829 458 15 17 1 0
322 68 7 9 1 1
339 189 11 15 1 0
1041 228 11 15 1 0
914 273 11 15 1 0
629 199 11 15 1 0
215 260 17 21 1 0
462 114 10 11 1 1
194 182 11 15 1 0
204 116 10 11 1 1
217 360 17 21 1 0
239 95 7 9 1 1
154 48 7 9 1 1
122 153 10 11 1 1
479 108 7 9 1 1
750 171 10 11 1 0
995 376 11 15 1 0
951 307 11 15 1 0
471 165 10 11 1 0
404 259 17 21 2 0
357 110 10 11 1 1
341 46 7 9 1 1
234 428 23 23 1 0
207 218 11 15 1 0
426 126 10 11 1 1
166 90 7 9 1 1
891 400 11 15 1 0
711 254 11 15 1 0
606 184 11 15 1 0
358 221 11 15 1 0
697 341 11 15 1 0
665 347 11 15 1 0
223 154 10 11 1 1
120 174 10 11 1 0
114 92 7 9 1 1
164 103 7 9 1 1
976 390 11 15 1 0
617 160 10 11 1 1
31 61 7 9 1 1
184 49 7 9 1 1
183 76 7 9 1 1
581 357 17 21 1 0
365 285 17 21 1 0
998 309 11 15 1 0
370 224 11 15 1 0
297 152 10 11 1 1
351 264 17 21 1 0
208 415 23 23 1 0
508 218 11 15 1 0
103 380 18 23 1 0
592 290 17 21 2 0
509 181 11 15 1 0
672 309 11 15 1 0
430 50 7 9 1 1
901 169 10 11 1 0
640 136 10 11 1 1
1062 253 11 15 1 0
513 56 7 9 1 1
282 97 7 9 1 1
293 476 23 23 1 0
334 48 7 9 1 1
478 100 7 9 1 1
242 63 7 9 1 1
371 72 7 9 1 1
631 158 10 11 1 1
235 454 23 23 1 0
663 112 10 11 1 1
320 81 7 9 1 1
666 318 11 15 1 0
219 110 10 11 1 1
453 163 10 11 1 1
609 67 7 9 1 1
273 348 17 21 1 0
132 99 7 9 1 1
916 341 11 15 1 0
509 97 7 9 1 1
383 129 10 11 1 1
284 245 11 15 1 0
821 229 11 15 1 0
264 90 7 9 1 1
351 48 7 9 1 1
145 140 10 11 1 1
454 87 8 10 1 1
665 215 11 15 1 0
511 240 11 15 1 0
67 40 7 9 1 1
591 436 14 19 1 0
95 115 10 11 1 1
643 285 17 21 1 0
429 226 11 15 1 0
1055 400 11 15 1 0
492 169 10 11 1 0
62 73 7 9 1 1
739 66 7 9 1 1
647 323 11 15 1 0
634 147 10 11 1 1
229 65 7 9 1 1
295 99 7 9 1 1
107 72 7 9 1 1
104 179 10 11 1 0
674 66 7 9 1 1
1071 293 11 15 1 0
705 66 7 9 1 1
379 222 11 15 1 0
426 185 11 15 1 0
443 79 7 9 1 1
424 416 10 18 1 0
335 110 10 11 1 1
37 81 7 9 1 1
186 121 10 11 1 1
424 56 7 9 1 1
553 196 11 15 1 0
271 50 7 9 1 1
685 197 11 15 1 0
538 305 17 21 1 0
167 186 11 15 1 0
528 254 11 15 1 0
1060 456 15 17 1 0
641 233 11 15 1 0
167 201 11 15 1 0
681 297 11 15 1 0
836 48 7 9 1 1
315 311 17 21 1 0
525 347 17 21 1 0
661 151 10 11 1 1
510 421 10 18 1 0
