1506 595 37 39 1 0
914 1350 72 88 1 0
1304 661 37 39 1 0
1506 842 37 39 1 0
1777 404 21 30 1 1
595 1232 55 71 1 0
628 772 37 39 1 0
1795 1320 72 88 1 0
1217 377 21 30 1 1
927 1025 55 71 1 0
1860 534 37 39 1 0
1316 547 37 39 1 0
1226 575 37 39 1 0
1007 1400 72 88 1 0
1512 543 37 39 1 0
986 804 37 39 1 0
695 631 37 39 1 0
1082 508 21 30 1 0
1739 652 37 39 1 0
1911 169 8 14 1 1
1051 473 21 30 1 0
313 898 55 71 1 0
517 617 37 39 1 0
51 728 37 39 1 0
389 758 37 39 1 0
3 509 25 32 1 0
1719 575 37 39 1 0
1998 301 21 30 1 1
237 389 21 30 1 0
1415 116 8 14 1 1
881 646 37 39 1 0
1593 1483 72 88 1 0
929 438 21 30 1 0
530 1317 72 88 1 0
1170 661 37 39 1 0
1257 358 21 30 1 1
800 448 21 30 1 0
33 528 37 39 1 0
1433 317 21 30 1 1
252 1397 72 88 1 0
535 828 37 39 1 0
1881 203 8 14 1 1
929 351 21 30 1 1
1501 343 21 30 1 1
180 614 37 39 1 0
1523 232 8 14 1 1
441 943 55 71 1 0
997 219 8 14 1 1
1305 338 21 30 1 1
1305 579 37 39 1 0
151 438 21 30 1 0
1884 422 21 30 1 1
76 720 37 39 1 0
1905 489 21 30 1 0
638 434 21 30 1 0
1879 168 8 14 1 1
960 1147 55 71 1 0
68 279 21 30 1 1
1469 676 37 39 1 0
1210 514 21 30 1 0
37 826 37 39 1 0
1540 486 21 30 1 0
954 284 21 30 1 1
625 523 21 30 1 0
2031 305 14 22 1 1
803 334 21 30 1 1
1481 1123 55 71 1 0
915 549 37 39 1 0
1901 561 37 39 1 0
1523 250 14 22 1 1
1529 501 21 30 1 0
1866 673 37 39 1 0
1498 699 37 39 1 0
1382 996 55 71 1 0
898 361 21 30 1 0
992 603 37 39 1 0
959 988 55 71 1 0
216 477 21 30 1 0
540 659 37 39 1 0
874 504 21 30 1 0
535 762 37 39 1 0
1062 1020 55 71 1 0
801 1032 55 71 1 0
282 452 21 30 1 0
344 609 37 39 1 0
1413 518 21 30 1 0
828 318 21 30 1 1
13 1231 59 75 1 0
304 1315 72 88 1 0
1649 239 8 14 1 1
1323 1233 55 71 1 0
237 542 37 39 1 0
839 346 21 30 1 1
517 194 8 14 1 1
979 177 8 14 1 1
1839 561 37 39 1 0
157 346 21 30 1 1
344 448 21 30 1 0
1039 299 21 30 1 1
766 972 55 71 1 0
190 699 37 39 1 0
1862 569 37 39 1 0
825 284 21 30 1 1
180 455 21 30 1 0
362 680 37 39 1 0
614 1142 55 71 1 0
89 645 37 39 1 0
1476 1533 72 88 1 0
1131 511 21 30 1 0
1492 482 21 30 1 0
12 891 46 55 1 0
1106 599 37 39 1 0
1093 779 37 39 1 0
178 346 21 30 1 1
972 339 21 30 1 1
2032 499 25 32 1 0
1422 603 37 39 1 0
1862 324 21 30 1 1
1892 343 21 30 1 1
920 595 37 39 1 0
1635 810 37 39 1 0
1242 857 37 39 1 0
1987 1542 72 88 1 0
731 466 21 30 1 0
880 235 8 14 1 1
1486 647 37 39 1 0
359 660 37 39 1 0
1104 196 8 14 1 1
103 451 21 30 1 0
0 367 21 30 1 0
417 211 8 14 1 1
100 1004 55 71 1 0
1680 683 37 39 1 0
465 1081 55 71 1 0
117 706 37 39 1 0
1764 467 21 30 1 0
1929 449 21 30 1 1
832 1463 72 88 1 0
1853 450 21 30 1 1
1224 1305 72 88 1 0
951 439 21 30 1 0
450 890 55 71 1 0
228 524 21 30 1 0
459 1147 55 71 1 0
1345 570 37 39 1 0
676 1421 72 88 1 0
847 684 37 39 1 0
1011 310 21 30 1 1
885 1486 72 88 1 0
1031 571 37 39 1 0
176 265 21 30 1 1
1354 1020 55 71 1 0
1827 706 37 39 1 0
442 809 37 39 1 0
1809 330 21 30 1 1
1317 1069 55 71 1 0
2019 739 37 39 1 0
465 293 21 30 1 1
629 629 37 39 1 0
272 384 21 30 1 0
431 616 37 39 1 0
815 310 21 30 1 1
306 503 21 30 1 0
1967 1075 55 71 1 0
460 1289 72 88 1 0
188 398 21 30 1 0
113 433 21 30 1 0
1992 1272 72 88 1 0
1439 538 37 39 1 0
1256 1565 72 88 1 0
954 145 8 14 1 1
1282 353 21 30 1 1
1027 435 21 30 1 1
283 683 37 39 1 0
737 860 37 39 1 0
35 1388 67 83 1 0
792 148 8 14 1 1
1395 557 37 39 1 0
1126 667 37 39 1 0
463 466 21 30 1 0
1078 1168 55 71 1 0
682 1317 72 88 1 0
1058 700 37 39 1 0
1493 812 37 39 1 0
1684 633 37 39 1 0
1806 388 21 30 1 1
747 625 37 39 1 0
1913 208 8 14 1 1
160 1277 72 88 1 0
196 319 21 30 1 1
759 1312 72 88 1 0
623 389 21 30 1 0
236 339 21 30 1 1
407 353 21 30 1 1
969 512 21 30 1 0
462 618 37 39 1 0
1585 646 37 39 1 0
1003 210 8 14 1 1
233 277 21 30 1 1
827 500 21 30 1 0
269 695 37 39 1 0
370 474 21 30 1 0
288 328 21 30 1 1
1446 445 21 30 1 1
1742 524 21 30 1 0
1878 1351 72 88 1 0
339 519 21 30 1 0
833 260 21 30 1 1
454 673 37 39 1 0
2043 562 25 32 1 0
1852 615 37 39 1 0
1866 1165 55 71 1 0
200 259 21 30 1 1
1005 453 21 30 1 1
421 575 37 39 1 0
1024 320 21 30 1 1
1299 443 21 30 1 1
1813 313 21 30 1 1
109 905 55 71 1 0
976 204 8 14 1 1
492 658 37 39 1 0
6 334 21 30 1 1
212 447 21 30 1 0
1025 614 37 39 1 0
36 1474 72 88 1 0
1283 798 37 39 1 0
560 725 37 39 1 0
1693 168 8 14 1 1
705 1101 55 71 1 0
796 703 37 39 1 0
1464 466 21 30 1 0
565 896 55 71 1 0
1391 189 8 14 1 1
1875 546 37 39 1 0
1597 460 21 30 1 0
1096 347 21 30 1 1
835 622 37 39 1 0
1539 1288 72 88 1 0
1440 496 21 30 1 0
774 1200 55 71 1 0
2044 641 33 36 1 0
1 623 37 39 1 0
367 799 37 39 1 0
1089 841 37 39 1 0
1663 129 8 14 1 1
887 400 21 30 1 0
1273 459 21 30 1 0
1864 123 8 14 1 1
741 796 37 39 1 0
1092 452 21 30 1 1
1115 476 21 30 1 0
976 366 21 30 1 0
1783 721 37 39 1 0
437 368 21 30 1 0
450 562 37 39 1 0
40 478 21 30 1 0
29 363 21 30 1 0
763 1479 72 88 1 0
1061 645 37 39 1 0
2004 433 21 30 1 1
861 1157 55 71 1 0
1574 1031 55 71 1 0
241 257 21 30 1 1
217 561 37 39 1 0
1605 287 21 30 1 1
1375 456 21 30 1 1
1424 469 21 30 1 0
587 434 21 30 1 0
40 709 37 39 1 0
1524 1026 55 71 1 0
450 1023 55 71 1 0
1221 913 55 71 1 0
1626 759 37 39 1 0
1146 1493 72 88 1 0
601 620 37 39 1 0
832 244 8 14 1 1
136 376 21 30 1 0
1111 700 37 39 1 0
1436 736 37 39 1 0
457 535 37 39 1 0
82 964 55 71 1 0
834 550 37 39 1 0
1318 609 37 39 1 0
1040 347 21 30 1 1
1606 888 41 47 1 0
1475 498 21 30 1 0
1290 1341 72 88 1 0
1793 380 21 30 1 1
330 575 37 39 1 0
514 157 8 14 1 1
678 1154 55 71 1 0
917 296 21 30 1 1
346 1282 72 88 1 0
1712 508 21 30 1 0
138 257 21 30 1 1
1304 476 21 30 1 0
1328 317 21 30 1 1
68 783 37 39 1 0
1584 941 55 71 1 0
145 816 37 39 1 0
1603 1377 72 88 1 0
868 381 21 30 1 0
1012 882 37 39 1 0
1908 1082 55 71 1 0
755 133 8 14 1 1
156 864 37 39 1 0
1571 460 21 30 1 0
1522 1234 55 71 1 0
1110 1104 55 71 1 0
321 636 37 39 1 0
2021 441 21 30 1 1
1026 396 21 30 1 1
271 485 21 30 1 0
1194 483 21 30 1 0
1849 141 8 14 1 1
1293 313 21 30 1 1
539 997 55 71 1 0
240 305 21 30 1 1
1525 644 37 39 1 0
1934 486 21 30 1 0
1636 745 37 39 1 0
1590 499 21 30 1 0
775 416 21 30 1 0
1302 511 21 30 1 0
56 1135 55 71 1 0
1650 1336 72 88 1 0
147 783 37 39 1 0
1855 513 21 30 1 0
491 938 55 71 1 0
1232 592 37 39 1 0
677 259 21 30 1 1
1759 323 21 30 1 1
374 525 21 30 1 0
503 173 8 14 1 1
829 1119 55 71 1 0
1284 1027 55 71 1 0
1871 457 21 30 1 0
396 537 37 39 1 0
1876 104 8 14 1 1
951 862 37 39 1 0
468 412 21 30 1 0
258 433 21 30 1 0
1471 770 37 39 1 0
1481 1408 72 88 1 0
114 1051 55 71 1 0
1620 229 8 14 1 1
768 272 21 30 1 1
1446 611 37 39 1 0
608 425 21 30 1 0
446 494 21 30 1 0
175 933 55 71 1 0
1168 649 37 39 1 0
190 365 21 30 1 0
31 765 37 39 1 0
69 1298 72 88 1 0
949 620 37 39 1 0
894 345 21 30 1 1
336 785 37 39 1 0
811 463 21 30 1 0
1751 756 37 39 1 0
195 656 37 39 1 0
1734 329 21 30 1 1
997 425 21 30 1 1
1375 274 21 30 1 1
535 133 8 14 1 1
15 408 21 30 1 0
1660 164 8 14 1 1
1295 418 21 30 1 1
305 396 21 30 1 0
63 497 21 30 1 0
460 223 8 14 1 1
1051 506 21 30 1 0
2039 156 11 18 1 1
171 466 21 30 1 0
1477 244 8 14 1 1
1971 666 37 39 1 0
1566 505 21 30 1 0
917 628 37 39 1 0
856 570 37 39 1 0
204 768 37 39 1 0
1875 129 8 14 1 1
465 250 11 18 1 1
1156 469 21 30 1 0
433 1412 72 88 1 0
150 320 21 30 1 1
783 97 8 14 1 1
243 454 21 30 1 0
1062 613 37 39 1 0
104 271 21 30 1 1
1339 556 37 39 1 0
278 642 37 39 1 0
1331 1488 72 88 1 0
272 296 21 30 1 1
1250 521 21 30 1 0
430 841 37 39 1 0
1656 927 55 71 1 0
1185 801 37 39 1 0
811 105 8 14 1 1
1905 193 8 14 1 1
724 762 37 39 1 0
196 294 21 30 1 1
1877 148 8 14 1 1
1737 725 37 39 1 0
1562 588 37 39 1 0
788 1327 72 88 1 0
284 750 37 39 1 0
1015 1447 72 88 1 0
1494 465 21 30 1 0
571 446 21 30 1 0
224 732 37 39 1 0
1816 523 21 30 1 0
810 412 21 30 1 0
748 339 21 30 1 1
233 643 37 39 1 0
411 1395 72 88 1 0
1663 581 37 39 1 0
1005 1249 72 88 1 0
946 515 21 30 1 0
78 540 37 39 1 0
263 601 37 39 1 0
360 1117 55 71 1 0
695 251 17 26 1 1
751 934 55 71 1 0
245 1032 55 71 1 0
558 954 55 71 1 0
720 691 37 39 1 0
1836 985 55 71 1 0
1785 732 37 39 1 0
716 891 55 71 1 0
1571 754 37 39 1 0
1934 1474 72 88 1 0
1086 493 21 30 1 0
1283 636 37 39 1 0
1697 749 37 39 1 0
291 1161 55 71 1 0
263 266 21 30 1 1
1070 1488 72 88 1 0
693 524 21 30 1 0
962 307 21 30 1 1
1003 551 37 39 1 0
82 458 21 30 1 0
2016 1391 72 88 1 0
313 458 21 30 1 0
1211 458 21 30 1 0
984 479 21 30 1 0
1466 731 37 39 1 0
1531 210 8 14 1 1
1532 1084 55 71 1 0
947 935 55 71 1 0
381 352 21 30 1 1
1150 551 37 39 1 0
1126 547 37 39 1 0
74 605 37 39 1 0
545 876 37 39 1 0
877 317 21 30 1 1
