9 198 10 13 1 0
215 198 12 13 1 0
85 182 8 9 1 0
103 225 12 13 1 0
74 221 12 13 1 0
52 321 25 28 1 0
275 183 9 10 1 0
115 202 12 13 1 0
384 305 32 41 1 0
108 183 8 9 1 0
13 239 18 21 1 0
310 207 8 15 1 0
33 211 8 15 1 0
340 201 10 14 1 0
89 199 12 13 1 0
69 211 8 15 1 0
67 189 8 9 1 0
267 200 10 14 1 0
303 325 32 41 1 0
253 176 9 10 1 1
244 186 9 10 1 0
373 206 8 15 1 0
314 196 10 14 1 0
220 276 18 21 1 0
437 355 32 41 1 0
462 191 11 16 1 0
177 187 8 9 1 0
43 243 18 21 1 0
154 226 12 13 1 0
292 352 32 41 1 0
105 263 18 21 1 0
183 276 18 21 1 0
282 180 9 10 1 0
29 350 25 28 1 0
200 195 8 9 1 0
15 193 8 10 1 0
559 212 8 15 1 0
257 183 9 10 1 0
567 182 11 16 1 0
190 203 12 13 1 0
45 255 18 21 1 0
230 185 9 10 1 0
392 187 11 16 1 0
185 247 18 21 1 0
356 249 20 27 1 0
127 189 8 9 1 0
363 231 20 27 1 0
7 211 10 12 1 0
593 230 20 27 1 0
77 169 9 10 1 1
220 349 38 47 1 0
230 220 12 13 1 0
260 238 18 21 1 0
120 326 25 28 1 0
289 204 10 14 1 0
449 184 11 16 1 1
241 196 9 10 1 0
497 225 11 18 1 0
12 255 18 21 1 0
186 219 12 13 1 0
219 231 18 21 1 0
38 284 18 21 1 0
142 174 8 9 1 1
160 254 18 21 1 0
148 200 12 13 2 0
154 194 8 9 1 0
371 368 32 41 1 0
575 212 8 15 1 0
355 201 10 14 1 0
147 215 12 13 1 0
203 179 8 9 1 0
294 192 9 12 1 0
205 250 18 21 1 0
307 249 20 27 1 0
127 228 12 13 1 0
60 200 8 9 1 0
478 229 20 27 1 0
565 161 6 8 1 1
144 201 12 13 2 0
306 192 9 12 1 0
584 192 11 16 1 0
271 219 10 14 1 0
412 275 20 27 1 0
467 212 8 15 1 0
2 296 19 22 1 0
461 320 32 41 1 0
144 257 18 21 1 0
376 188 9 14 1 0
130 361 25 28 1 0
335 222 10 14 1 0
303 220 10 14 1 0
395 207 8 15 1 0
21 184 8 10 1 0
161 192 8 9 1 0
529 276 20 27 1 0
592 206 11 16 1 0
415 240 20 27 1 0
444 211 8 15 1 0
337 263 20 27 1 0
84 214 8 15 1 0
562 276 20 27 1 0
197 188 8 9 1 0
67 177 8 9 1 1
31 196 8 9 1 0
173 203 12 13 1 0
184 194 8 9 1 0
144 298 25 28 1 0
47 182 8 9 1 0
47 201 8 9 1 0
141 183 8 9 1 0
31 190 8 9 1 0
