164 189 17 17 1 0
338 202 17 17 1 0
17 151 17 17 1 0
444 67 20 20 1 0
406 195 17 17 1 0
86 122 17 17 1 0
498 47 20 20 1 0
455 42 20 20 1 0
476 333 17 18 1 0
81 300 17 18 1 0
389 318 17 18 1 0
269 51 20 20 1 0
81 203 17 18 1 0
223 112 17 17 1 0
184 133 17 17 1 0
130 324 17 18 1 0
85 25 20 20 1 0
381 19 20 20 1 0
425 55 20 20 1 0
100 9 20 20 1 0
160 11 20 20 1 0
47 35 20 20 1 0
253 108 19 19 1 0
207 77 20 20 1 0
280 219 17 18 1 0
81 179 17 17 1 0
122 246 17 18 1 0
445 307 17 18 1 0
407 331 17 18 1 0
19 242 17 18 1 0
274 277 17 18 1 0
370 208 17 18 1 0
116 116 17 17 1 0
466 265 17 18 1 0
290 314 17 18 1 0
485 87 17 17 1 0
488 128 17 17 1 0
441 100 17 17 1 0
358 279 17 18 1 0
247 254 17 18 1 0
210 310 17 18 1 0
276 31 20 20 1 0
15 261 17 18 1 0
296 54 20 20 1 0
332 94 17 17 1 0
424 23 20 20 1 0
369 66 20 20 1 0
22 219 17 18 1 0
95 219 17 18 1 0
188 239 17 18 1 0
381 161 17 17 1 0
409 34 20 20 1 0
231 283 17 18 1 0
473 189 17 17 1 0
174 85 17 17 1 0
83 320 17 18 1 0
356 31 20 20 1 0
268 310 17 18 1 0
363 146 17 17 1 0
478 24 20 20 2 0
416 122 17 17 1 0
499 305 17 18 1 0
466 26 20 20 1 0
506 197 17 17 1 0
141 115 17 17 1 0
88 251 17 18 1 0
394 151 17 17 1 0
360 181 17 17 1 0
100 75 20 20 1 0
103 181 17 17 1 0
47 74 20 20 1 0
493 61 20 20 1 0
16 317 17 18 1 0
194 271 17 18 1 0
155 242 17 18 1 0
325 24 20 20 1 0
22 78 18 18 1 0
16 174 17 17 1 0
324 282 17 18 1 0
443 289 17 18 1 0
232 81 19 19 1 0
250 40 20 20 1 0
4 288 17 18 1 0
419 292 17 18 1 0
364 107 17 17 1 0
208 195 17 17 1 0
210 15 20 20 1 0
70 237 17 18 1 0
42 155 17 17 1 0
461 123 17 17 1 0
208 49 20 20 1 0
120 168 17 17 1 0
309 69 20 20 1 0
25 14 20 20 1 0
46 120 17 17 1 0
337 310 17 18 1 0
148 188 17 17 1 0
193 186 17 17 1 0
128 73 20 20 1 0
353 314 17 18 1 0
435 163 17 17 1 0
41 55 20 20 1 0
170 317 17 18 1 0
326 128 17 17 1 0
467 66 20 20 1 0
426 260 17 18 1 0
390 95 17 17 1 0
127 13 20 20 1 0
264 65 20 20 1 0
238 200 17 17 1 0
480 34 20 20 2 0
