581 292 19 23 1 0
646 178 11 14 1 1
943 283 17 25 1 0
528 298 19 23 1 0
995 358 46 71 1 0
950 265 17 25 1 0
280 269 21 33 1 0
410 260 19 23 1 0
433 233 19 23 1 0
634 250 19 23 1 0
688 254 19 23 1 0
347 516 69 71 1 0
498 468 41 48 1 0
702 220 19 23 1 0
293 421 41 48 1 0
600 180 11 14 1 1
359 203 17 25 1 0
671 369 26 31 1 0
171 427 28 44 1 0
22 170 23 30 1 0
309 186 17 25 1 0
283 239 21 33 1 0
534 438 41 48 3 0
700 291 19 23 1 0
524 184 11 14 1 0
960 251 17 25 1 0
787 246 11 14 1 0
420 281 19 23 1 0
438 281 19 23 1 0
590 352 26 31 1 0
453 216 19 23 1 0
713 369 26 31 1 0
505 418 41 48 1 0
726 208 19 23 1 0
264 454 41 48 1 0
266 171 17 25 1 0
105 221 21 30 1 0
289 206 17 25 1 0
648 559 69 71 1 0
688 194 11 14 1 1
992 256 17 25 1 0
428 255 19 23 1 0
270 362 41 48 1 0
579 478 41 48 1 0
1036 320 46 71 1 0
470 312 19 23 1 0
757 590 69 71 1 0
472 294 19 23 1 0
215 178 17 25 1 0
606 238 19 23 1 0
360 258 54 54 1 0
555 438 41 48 3 0
731 238 19 23 1 0
433 209 19 23 1 0
627 283 19 23 1 0
386 206 17 25 1 0
466 243 19 23 1 0
723 512 69 71 1 0
488 538 69 71 1 0
767 226 19 23 1 0
408 218 19 23 1 0
601 373 41 48 1 0
450 247 19 23 1 0
311 209 17 25 1 0
418 235 19 23 1 0
666 166 11 14 1 1
299 308 21 33 1 0
68 207 23 30 1 0
426 310 19 23 1 0
726 181 11 14 1 1
960 290 17 25 1 0
909 259 14 15 1 0
683 341 26 31 1 0
754 283 19 23 1 0
1038 261 17 25 1 0
570 247 19 23 1 0
173 266 96 129 1 0
285 177 17 25 1 0
213 232 17 25 1 0
865 171 99 111 1 0
