1185 443 21 25 1 0
372 420 13 16 1 0
530 474 24 25 1 0
634 391 8 10 1 0
969 369 8 12 1 0
690 362 8 10 1 0
878 400 8 10 1 0
268 507 24 25 1 0
847 342 7 7 1 0
540 362 8 10 1 0
370 462 13 16 1 0
341 445 13 16 1 0
932 448 21 25 1 0
503 414 17 19 1 0
858 380 8 10 1 0
851 361 8 10 1 0
719 403 8 10 1 0
721 432 17 19 1 0
745 383 8 10 1 0
881 363 8 10 1 0
931 380 8 12 1 0
1227 460 21 25 1 0
1096 398 8 12 1 0
838 357 8 10 1 0
1177 413 8 12 1 0
455 444 13 16 1 0
1002 336 7 7 1 0
863 395 8 10 1 0
1192 399 8 12 1 0
502 378 8 10 1 0
454 375 11 12 1 0
633 359 8 10 1 0
1264 405 8 12 1 0
1013 371 8 12 1 0
411 382 11 12 1 0
579 359 8 10 1 0
399 461 13 16 1 0
821 443 17 19 1 0
1025 454 21 25 1 0
1174 526 21 25 1 0
750 361 8 10 1 0
678 371 8 10 1 0
515 383 8 10 1 0
996 382 8 12 1 0
340 471 24 25 1 0
452 408 13 16 1 0
332 500 24 25 1 0
833 382 8 10 1 0
766 385 8 10 1 0
538 435 17 19 1 0
910 384 8 12 1 0
956 369 8 12 1 0
288 335 11 12 1 0
438 418 13 16 1 0
1118 406 8 12 1 0
998 409 8 12 1 0
619 417 17 19 1 0
932 359 7 7 1 0
428 386 11 12 1 0
1271 461 21 25 1 0
818 350 8 10 1 0
698 395 8 10 1 0
635 349 8 10 1 0
1276 487 21 25 1 0
559 484 24 25 1 0
1164 638 50 57 1 0
1031 395 8 12 1 0
1047 375 8 12 1 0
935 398 8 12 1 0
731 350 8 10 1 0
466 366 11 12 1 0
702 419 17 19 1 0
985 387 8 12 1 0
620 363 8 10 1 0
408 553 24 25 1 0
897 443 21 25 1 0
953 434 8 12 1 0
661 354 8 10 1 0
1063 409 8 12 1 0
998 442 21 25 1 0
779 379 8 10 1 0
583 385 8 10 1 0
1025 411 8 12 1 0
758 354 8 10 1 0
736 366 8 10 1 0
643 390 8 10 1 0
882 378 8 10 1 0
730 375 8 10 1 0
574 362 8 10 1 0
415 376 11 12 1 0
494 677 41 44 1 0
771 389 8 10 1 0
462 386 11 12 1 0
435 400 13 16 1 0
621 382 8 10 1 0
399 410 13 16 1 0
484 372 11 12 1 0
709 347 8 10 1 0
1043 403 8 12 1 0
593 394 8 10 1 0
1255 382 8 12 1 0
507 381 8 10 1 0
838 344 7 7 1 0
479 391 11 12 1 0
1191 417 8 12 1 0
574 379 8 10 1 0
1064 386 8 12 1 0
497 422 17 19 1 0
607 353 8 10 1 0
761 401 8 10 1 0
1140 412 8 12 1 0
887 365 8 12 1 0
513 390 8 10 1 0
868 356 8 10 1 0
1224 397 8 12 1 0
560 453 17 19 1 0
1087 463 21 25 1 0
832 403 8 10 1 0
605 410 17 19 1 0
721 373 8 10 1 0
781 363 8 10 1 0
949 399 8 12 1 0
985 516 21 25 1 0
507 548 24 25 1 0
474 378 11 12 1 0
982 338 7 7 1 0
409 399 13 16 1 0
757 342 7 7 1 0
803 347 8 10 1 0
435 390 11 12 1 0
793 349 8 10 1 0
1237 377 8 12 1 0
585 358 8 10 1 0
1121 396 8 12 1 0
715 368 8 10 1 0
1090 419 8 12 1 0
858 406 8 10 1 0
810 351 8 10 1 0
443 369 11 12 1 0
677 386 8 10 1 0
948 381 8 12 1 0
1029 348 7 7 1 0
1079 386 8 12 1 0
1225 384 8 12 1 0
600 370 8 10 1 0
429 396 13 16 1 0
861 361 8 10 1 0
628 360 8 10 1 0
590 355 8 10 1 0
1261 429 8 12 1 0
611 426 17 19 1 0
901 362 7 7 1 0
915 354 7 7 1 0
531 401 8 10 1 0
486 396 11 12 1 0
808 399 8 10 1 0
820 362 8 10 1 0
1160 382 8 12 1 0
708 398 8 10 1 0
672 369 8 10 1 0
531 527 24 25 1 0
323 539 24 25 1 0
842 375 8 10 1 0
928 346 7 7 1 0
669 354 8 10 1 0
394 522 24 25 1 0
1233 519 21 25 1 0
799 354 8 10 1 0
631 352 8 10 1 0
612 361 8 10 1 0
847 425 17 19 1 0
432 376 11 12 1 0
353 425 13 16 1 0
686 486 17 19 1 0
565 509 24 25 1 0
493 373 11 12 1 0
1069 550 50 57 1 0
987 364 8 12 1 0
924 364 8 12 1 0
512 338 8 10 1 0
400 392 11 12 1 0
610 357 8 10 1 0
736 506 31 32 1 0
596 359 8 10 1 0
662 404 8 10 1 0
648 396 8 10 1 0
561 356 8 10 1 0
634 372 8 10 1 0
655 401 8 10 1 0
794 411 17 19 1 0
907 484 21 25 1 0
500 474 24 25 1 0
773 343 7 7 1 0
792 542 31 32 1 0
1097 509 21 25 1 0
476 385 11 12 1 0
566 377 8 10 1 0
1253 554 50 57 1 0
970 331 7 7 1 0
511 445 17 19 1 0
609 429 17 19 1 0
303 478 24 25 1 0
1234 431 8 12 1 0
654 346 8 10 1 0
344 435 13 16 1 0
1142 482 21 25 1 0
395 446 13 16 1 0
1265 722 50 57 1 0
819 375 8 10 1 0
405 394 11 12 1 0
787 406 8 10 1 0
1015 340 7 7 1 0
457 451 13 16 1 0
577 355 8 10 1 0
990 376 8 12 1 0
444 431 13 16 1 0
1137 435 21 25 1 0
563 419 17 19 1 0
809 373 8 10 1 0
633 434 17 19 1 0
1191 500 21 25 1 0
998 429 8 12 1 0
922 410 8 12 1 0
514 406 8 10 1 0
1163 365 8 12 1 0
450 460 13 16 1 0
412 433 13 16 1 0
1142 381 8 12 1 0
940 364 8 12 1 0
968 391 8 12 1 0
1100 396 8 12 1 0
701 357 8 10 1 0
515 432 17 19 1 0
1134 589 50 57 1 0
865 344 7 7 1 0
920 373 8 12 1 0
1095 379 8 12 1 0
893 382 8 12 1 0
651 360 8 10 1 0
451 480 24 25 1 0
389 433 13 16 1 0
1244 480 21 25 1 0
665 367 8 10 1 0
389 402 13 16 1 0
952 415 8 12 1 0
588 389 8 10 1 0
1076 497 21 25 1 0
401 407 13 16 1 0
557 352 8 10 1 0
1152 405 8 12 1 0
870 346 8 10 1 0
584 369 8 10 1 0
678 465 17 19 1 0
796 385 8 10 1 0
527 493 24 25 1 0
792 364 8 10 1 0
949 551 50 57 1 0
258 336 11 12 1 0
530 355 8 10 1 0
674 402 8 10 1 0
1038 591 50 57 1 0
640 457 17 19 1 0
900 402 8 12 1 0
854 351 8 10 1 0
771 354 8 10 1 0
717 352 8 10 1 0
522 396 8 10 1 0
1010 390 8 12 1 0
1027 373 8 12 1 0
758 371 8 10 1 0
569 361 8 10 1 0
617 355 8 10 1 0
1223 410 8 12 1 0
476 412 13 16 1 0
555 366 8 10 1 0
530 359 8 10 1 0
453 393 11 12 1 0
603 356 8 10 1 0
468 432 13 16 1 0
531 349 8 10 1 0
695 373 8 10 1 0
858 451 17 19 1 0
685 416 17 19 1 0
551 331 8 10 1 0
534 353 8 10 1 0
395 480 24 25 1 0
665 356 8 10 1 0
847 576 31 32 1 0
753 342 7 7 1 0
532 420 17 19 1 0
1254 414 8 12 1 0
461 504 24 25 1 0
611 379 8 10 1 0
487 391 11 12 1 0
981 472 21 25 1 0
604 351 8 10 1 0
809 388 8 10 1 0
782 390 8 10 1 0
886 351 7 7 1 0
847 391 8 10 1 0
548 364 8 10 1 0
684 349 8 10 1 0
725 494 17 19 1 0
1098 748 50 57 1 0
1119 379 8 12 1 0
540 409 8 10 1 0
876 418 17 19 1 0
693 387 8 10 1 0
