90 3480 54 65 1 0
4607 832 13 13 1 0
4692 1174 22 22 1 0
4497 1096 22 22 1 0
5116 1480 30 34 1 0
25 2298 45 45 1 0
3047 2209 45 45 1 0
3542 1800 33 39 1 0
5045 2083 39 39 1 0
3040 1607 30 34 1 0
3111 1441 31 39 1 0
1476 3374 54 65 1 0
3870 3201 54 65 1 0
3411 980 31 39 1 0
4065 3122 59 70 1 0
4564 1680 30 34 1 0
3710 2627 47 70 1 0
4717 2566 53 50 1 0
4433 939 13 13 1 0
2758 1709 30 34 1 0
1177 708 43 45 1 0
1837 3221 54 65 1 0
4425 877 13 13 1 0
4282 1504 30 34 1 0
5057 2263 45 45 1 0
3258 1939 33 39 1 0
268 2026 39 39 1 0
3732 1775 33 39 1 0
3234 2272 45 45 1 0
4424 2814 47 70 1 0
1110 688 43 45 1 0
745 2125 39 39 1 0
726 2167 45 45 1 0
1168 2788 47 70 1 0
571 1876 33 39 1 0
4287 2588 50 60 1 0
1825 1978 39 39 1 0
368 2821 47 70 1 0
3065 2798 47 70 1 0
5089 1226 22 22 1 0
226 2301 45 45 1 0
1397 2247 45 45 1 0
137 2896 47 70 1 0
1856 1917 33 39 1 0
3172 1399 31 39 1 0
5192 3476 54 65 1 0
3723 2142 40 40 1 0
4816 1281 23 22 1 0
3547 1630 30 34 1 0
752 2800 47 70 1 0
4252 2005 39 39 1 0
3303 1444 31 39 1 0
4850 1561 30 34 1 0
917 1877 33 39 1 0
2482 2323 45 45 1 0
5035 1321 23 22 1 0
1253 748 43 45 1 0
650 2199 45 45 1 0
441 128 35 36 1 0
4665 1105 22 22 1 0
5399 2692 47 70 1 0
3444 1649 30 34 1 0
4816 1212 22 22 1 0
752 2025 39 39 1 0
699 1920 33 39 1 0
1648 2405 45 45 1 0
3329 3160 59 70 1 0
750 1866 33 39 1 0
1652 3426 54 65 1 0
3047 2892 47 70 1 0
1684 1992 39 39 1 0
274 175 35 36 3 0
1830 2625 47 70 1 0
4387 1450 23 22 1 0
5141 2332 45 45 1 0
2430 2898 47 70 1 0
4252 1566 30 34 1 0
4580 1197 22 22 1 0
3065 2488 53 50 1 0
3031 2431 53 50 1 0
4856 1441 23 22 1 0
4301 856 13 13 1 0
740 2700 47 70 1 0
4694 1890 33 39 1 0
2919 2786 47 70 1 0
178 2232 45 45 1 0
4825 1187 22 22 1 0
498 147 35 36 1 0
4349 705 13 13 1 0
9 132 35 36 1 0
5359 3078 59 70 1 0
1944 1787 33 39 1 0
4410 2387 45 45 1 0
2614 2141 42 42 1 0
1135 2719 47 70 1 0
274 2191 45 45 1 0
466 2818 47 70 1 0
1852 3557 54 65 1 0
373 1411 35 37 1 0
1162 1948 39 39 1 0
1937 1707 31 36 1 0
546 2199 45 45 1 0
4916 1098 22 22 1 0
3836 1298 31 39 1 0
1460 2260 45 45 1 0
1042 3176 54 65 1 0
5017 2139 43 43 1 0
4711 1152 22 22 1 0
838 1698 33 39 1 0
2242 2819 47 70 1 0
796 2163 45 45 1 0
5209 1459 23 22 1 0
57 2634 47 70 1 0
3097 1271 31 39 1 0
3910 2626 47 70 1 0
4710 1212 22 22 1 0
1660 2703 47 70 1 0
280 84 35 36 1 0
4952 2635 47 70 1 0
4818 1540 30 34 1 0
1089 3223 54 65 1 0
3108 1745 33 39 1 0
4809 1151 22 22 1 0
4727 1050 22 22 1 0
2982 1447 31 39 1 0
4446 1742 33 39 1 0
2413 2031 39 39 1 0
680 1787 33 39 1 0
3024 2094 39 39 1 0
2585 1482 30 34 1 0
999 1855 33 39 1 0
2326 2406 45 45 1 0
4221 2672 47 70 1 0
5100 1349 23 22 1 0
1040 704 43 45 1 0
4536 941 13 13 1 0
401 2180 45 45 1 0
843 3587 54 65 1 0
4928 1125 22 22 1 0
2666 1606 30 34 1 0
3534 2085 39 39 1 0
4511 1110 22 22 1 0
2334 1565 30 34 1 0
1421 2208 45 45 1 0
450 2118 39 39 1 0
1944 2977 59 70 1 0
1054 3066 59 70 1 0
933 1751 33 39 1 0
839 2863 47 70 1 0
4636 1187 22 22 1 0
4673 1191 22 22 1 0
3314 1888 33 39 1 0
4714 1481 30 34 1 0
2686 1673 30 34 1 0
4425 1888 33 39 1 0
4969 1438 23 22 1 0
4738 1125 22 22 1 0
3813 1260 31 39 1 0
4592 1295 23 22 1 0
3323 2034 39 39 1 0
4953 1185 22 22 1 0
5194 1422 23 22 1 0
390 2826 47 70 1 0
2682 2032 39 39 1 0
1120 2083 39 39 1 0
1796 1706 32 37 1 0
1189 3577 54 65 1 0
4746 1804 33 39 1 0
4613 1150 22 22 1 0
4530 3555 54 65 1 0
4787 3317 54 65 1 0
525 1377 35 37 1 0
3455 3265 54 65 1 0
4634 880 13 13 1 0
3160 2585 51 55 1 0
3620 3256 54 65 1 0
870 3250 54 65 1 0
4491 1042 22 22 1 0
4013 2055 39 39 1 0
2359 1563 30 34 1 0
1405 3070 59 70 1 0
1599 1615 30 34 1 0
4883 1036 22 22 1 0
430 1407 35 37 1 0
3024 3359 54 65 1 0
3552 2896 47 70 1 0
4551 1743 33 39 1 0
4840 1468 23 22 1 0
1270 3594 54 65 1 0
4731 1149 22 22 1 0
778 3308 54 65 1 0
4127 1121 31 39 1 0
3412 3289 54 65 1 0
3246 3418 54 65 1 0
650 3041 59 70 1 0
4237 2942 59 70 1 0
348 2834 47 70 1 0
2037 1618 30 34 1 0
3571 1789 33 39 1 0
1664 1740 33 39 1 0
239 2847 47 70 1 0
4064 2951 59 70 1 0
704 832 43 45 1 0
1738 3592 54 65 1 0
41 1432 35 37 1 0
4358 1362 23 22 1 0
4126 3005 59 70 1 0
551 3490 54 65 1 0
599 3558 54 65 1 0
3687 1398 31 39 1 0
212 718 43 45 1 0
1877 3199 54 65 1 0
202 3134 59 70 1 0
446 2181 45 45 1 0
955 1924 33 39 1 0
5122 2683 47 70 1 0
456 2547 53 50 1 0
3320 3226 54 65 1 0
4377 1996 39 39 1 0
3156 1918 33 39 1 0
3390 1035 31 39 1 0
846 1933 33 39 1 0
5117 1330 23 22 1 0
4742 2453 53 50 1 0
2751 2140 42 42 1 0
4770 1425 23 22 1 0
922 146 35 36 1 0
5166 3343 54 65 1 0
900 132 35 36 1 0
2808 3551 54 65 1 0
593 2002 39 39 1 0
3701 1853 33 39 1 0
3258 1495 30 34 1 0
1746 1585 30 34 1 0
2932 1942 39 39 1 0
4666 1353 23 22 1 0
4490 1335 23 22 1 0
2104 1507 30 34 1 0
1165 3329 54 65 1 0
3924 1289 31 39 1 0
1044 1704 30 34 1 0
2388 2795 47 70 1 0
2984 1530 30 34 1 0
149 1400 35 37 1 0
5085 1912 33 39 1 0
1289 788 43 45 1 0
4624 3281 54 65 1 0
3763 2643 47 70 1 0
3206 2436 53 50 1 0
2892 1499 30 34 1 0
4541 1038 22 22 1 0
3107 2338 45 45 1 0
4618 1354 23 22 1 0
5228 2591 47 70 1 0
2452 1557 30 34 1 0
4304 1998 39 39 1 0
604 1824 33 39 1 0
3216 3616 54 65 1 0
2625 1574 30 34 1 0
2581 2640 47 70 1 0
4387 959 13 13 1 0
2702 1518 30 34 1 0
872 59 35 36 1 0
1727 1735 33 39 1 0
4351 900 13 13 1 0
1038 2016 39 39 1 0
4203 2881 47 70 1 0
2250 1562 30 34 1 0
4760 3384 54 65 1 0
3033 1226 31 39 1 0
1233 1712 33 39 1 0
503 3301 54 65 1 0
4682 1032 22 22 1 0
4691 1639 30 34 1 0
2546 1770 33 39 1 0
171 809 43 45 1 0
1088 3164 54 65 1 0
2205 2353 45 45 1 0
4920 1149 22 22 1 0
3107 2824 47 70 1 0
5380 2256 45 45 1 0
4593 926 13 13 1 0
1100 2771 47 70 1 0
3031 1868 33 39 1 0
3669 2466 53 50 1 0
4249 831 13 13 1 0
4449 1025 22 22 1 0
5192 2007 39 39 1 0
3138 2113 39 39 1 0
1758 1713 33 39 1 0
360 3216 54 65 1 0
2513 2954 59 70 1 0
3815 2053 39 39 1 0
4502 1196 22 22 1 0
4544 912 13 13 1 0
4560 1337 23 22 1 0
3338 2936 59 70 1 0
4861 2585 50 60 1 0
4629 2950 59 70 1 0
296 2896 47 70 1 0
4554 1376 23 22 1 0
3903 2428 53 50 1 0
2870 2514 53 50 1 0
2953 1293 31 39 1 0
4848 2694 47 70 1 0
2561 1882 33 39 1 0
1526 3055 59 70 1 0
1224 3492 54 65 1 0
530 774 43 45 1 0
571 2779 47 70 1 0
404 3047 59 70 1 0
504 1950 39 39 1 0
2454 1816 33 39 1 0
275 2134 42 42 1 0
4865 1144 22 22 1 0
4189 2527 53 50 1 0
13 2999 56 70 1 0
1538 1659 30 34 1 0
368 2271 45 45 1 0
2069 3010 59 70 1 0
1753 2855 47 70 1 0
5 3066 59 70 1 0
4679 1101 22 22 1 0
2462 2165 45 45 1 0
3511 3393 54 65 1 0
2823 1489 30 34 1 0
3100 2092 39 39 1 0
4974 1496 30 34 1 0
4951 2866 47 70 1 0
2568 2570 53 50 1 0
2817 2106 39 39 1 0
331 2307 45 45 1 0
4488 1785 33 39 1 0
4023 1878 33 39 1 0
2957 1506 30 34 1 0
4487 1209 22 22 1 0
3097 1534 30 34 1 0
4984 1229 22 22 1 0
3552 2123 39 39 1 0
5228 1393 23 22 1 0
4568 1501 30 34 1 0
2880 3169 54 65 1 0
3685 1267 31 39 1 0
5286 3214 54 65 1 0
4406 920 13 13 1 0
2271 1415 30 34 1 0
3382 1807 33 39 1 0
3287 2732 47 70 1 0
805 1862 33 39 1 0
4960 3265 54 65 1 0
4416 1562 30 34 1 0
4420 1713 33 39 1 0
2358 1674 30 34 1 0
3152 1516 30 34 1 0
4371 1001 22 22 1 0
3672 2041 39 39 1 0
1996 2758 47 70 1 0
1249 1984 39 39 1 0
422 3280 54 65 1 0
3149 2284 45 45 1 0
3139 2230 45 45 1 0
2986 1196 31 39 1 0
480 2402 45 45 1 0
4501 1484 30 34 1 0
4508 1452 23 22 1 0
2664 2313 45 45 1 0
4601 3356 54 65 1 0
857 74 35 36 1 0
4901 1097 22 22 1 0
2533 1589 30 34 1 0
12 2383 45 45 1 0
302 1439 35 37 1 0
4271 723 13 13 1 0
4270 2407 53 50 1 0
4595 812 13 13 1 0
4055 1613 30 34 1 0
3384 1009 31 39 1 0
484 2989 59 70 1 0
2918 2330 45 45 1 0
846 1724 33 39 1 0
1785 1972 39 39 1 0
5048 1165 22 22 1 0
2346 3316 54 65 1 0
1300 2052 39 39 1 0
959 3302 54 65 1 0
4092 2322 45 45 1 0
4238 2272 45 45 1 0
840 75 35 36 1 0
2839 2242 45 45 1 0
4447 876 13 13 1 0
3076 2046 39 39 1 0
2312 1833 33 39 1 0
4796 1210 22 22 1 0
2115 1779 33 39 1 0
2430 1737 33 39 1 0
4239 681 13 13 1 0
3625 2627 47 70 1 0
5049 2220 45 45 1 0
3651 2093 39 39 1 0
536 131 35 36 1 0
471 2289 45 45 1 0
919 2916 59 70 1 0
4159 3228 54 65 1 0
1993 2088 39 39 1 0
4745 1059 22 22 1 0
4499 1689 30 34 1 0
2760 1481 30 34 1 0
3667 1988 39 39 1 0
4161 2057 39 39 1 0
3383 1087 31 39 1 0
2837 1529 30 34 1 0
3340 1114 31 39 1 0
675 2370 45 45 1 0
3056 1558 30 34 1 0
4125 1788 33 39 1 0
3728 3216 54 65 1 0
828 2392 45 45 1 0
4983 1465 23 22 1 0
4346 2575 53 50 1 0
4489 850 13 13 1 0
3725 1717 33 39 1 0
591 2747 47 70 1 0
4467 1103 22 22 1 0
4859 2316 45 45 1 0
5117 1450 23 22 1 0
4558 890 13 13 1 0
4839 1111 22 22 1 0
4662 1148 22 22 1 0
1245 2867 47 70 1 0
1925 2263 45 45 1 0
4843 1041 22 22 1 0
2337 1487 30 34 1 0
3285 1479 30 34 1 0
767 159 35 36 1 0
2136 2171 45 45 1 0
2269 2343 45 45 1 0
2783 1571 30 34 1 0
869 1356 35 37 1 0
3137 1574 30 34 1 0
1388 2342 45 45 1 0
5125 1258 23 22 1 0
1046 2665 47 70 1 0
268 2403 45 45 1 0
4899 1446 23 22 1 0
4334 3535 54 65 1 0
3104 1786 33 39 1 0
4138 1862 33 39 1 0
3066 1297 31 39 1 0
4703 838 13 13 1 0
4663 3240 54 65 1 0
4258 1952 39 39 1 0
2534 2167 45 45 1 0
879 1830 33 39 1 0
4174 1749 33 39 1 0
4060 2474 53 50 1 0
3198 1619 30 34 1 0
2413 1636 30 34 1 0
207 2885 47 70 1 0
369 1361 35 37 1 0
4873 1378 23 22 1 0
5061 1226 22 22 1 0
2690 2980 59 70 1 0
3271 2254 45 45 1 0
2031 1800 33 39 1 0
4609 1532 30 34 1 0
704 2659 47 70 1 0
1293 1846 33 39 1 0
4728 1729 33 39 1 0
4485 1733 33 39 1 0
339 2259 45 45 1 0
3221 1425 31 39 1 0
4963 2684 47 70 1 0
253 693 43 45 1 0
2413 2556 53 50 1 0
4569 1386 23 22 1 0
189 143 35 36 1 0
3617 3142 59 70 1 0
399 2966 59 70 1 0
4520 1437 23 22 1 0
609 1350 35 37 1 0
804 1902 33 39 1 0
2368 2402 45 45 1 0
200 2551 53 50 1 0
1716 2811 47 70 1 0
4783 2923 59 70 1 0
3101 3609 54 65 1 0
4525 809 13 13 1 0
4480 892 13 13 1 0
718 2767 47 70 1 0
5062 1361 23 22 1 0
4792 1080 22 22 1 0
5092 1102 22 22 1 0
4539 832 13 13 1 0
2872 2201 45 45 1 0
3248 2690 47 70 1 0
2033 2935 59 70 1 0
495 2072 39 39 1 0
3200 1500 30 34 1 0
5174 1333 23 22 1 0
258 169 35 36 1 0
5266 2316 45 45 1 0
2937 1219 31 39 1 0
1525 3080 59 70 1 0
5032 1449 23 22 1 0
4956 1229 22 22 1 0
4438 1623 30 34 1 0
1188 1811 33 39 1 0
1301 2869 47 70 1 0
4759 1579 30 34 1 0
3342 2552 53 50 1 0
343 2973 59 70 1 0
1364 3357 54 65 1 0
4022 1625 30 34 1 0
567 2011 39 39 1 0
4665 1330 23 22 1 0
3622 1309 31 39 1 0
4394 2632 47 70 1 0
3349 1801 33 39 1 0
1425 2005 39 39 1 0
4329 1510 30 34 1 0
820 152 35 36 1 0
4860 1539 30 34 1 0
2849 1472 30 34 1 0
4576 772 13 13 1 0
649 3565 54 65 1 0
5239 1840 33 39 1 0
2314 1914 33 39 1 0
4622 2876 47 70 1 0
3116 1685 30 34 1 0
4529 780 13 13 1 0
4497 948 13 13 1 0
2169 3449 54 65 1 0
5088 3101 59 70 1 0
4955 1485 30 34 1 0
912 2615 47 70 1 0
4783 1052 22 22 1 0
174 3585 54 65 1 0
788 144 35 36 1 0
4460 2641 47 70 1 0
1043 2460 53 50 1 0
4613 881 13 13 1 0
493 1977 39 39 1 0
3230 3115 59 70 1 0
3092 1236 31 39 1 0
884 63 35 36 1 0
5081 1262 23 22 1 0
2678 1522 30 34 1 0
54 3300 54 65 1 0
290 2317 45 45 1 0
763 1896 33 39 1 0
417 125 35 36 1 0
1752 1558 30 34 1 0
2104 2653 47 70 1 0
4520 1789 33 39 1 0
2719 2873 47 70 1 0
1714 2720 47 70 1 0
3453 2530 53 50 1 0
2065 3553 54 65 1 0
4124 1707 33 39 1 0
1906 2827 47 70 1 0
4395 1644 30 34 1 0
3446 3362 54 65 1 0
454 130 35 36 1 0
2105 1795 33 39 1 0
525 855 43 45 1 0
1504 1976 39 39 1 0
4558 947 13 13 1 0
4998 1157 22 22 1 0
2201 1629 30 34 1 0
4944 1453 23 22 1 0
2916 1615 30 34 1 0
993 123 35 36 1 0
3554 1265 31 39 1 0
2811 2182 45 45 1 0
4463 1143 22 22 1 0
3301 2377 45 45 1 0
5359 3155 59 70 1 0
5209 1473 26 28 1 0
4875 1350 23 22 1 0
5026 2116 39 39 1 0
8 2565 49 47 1 0
4521 926 13 13 1 0
5352 3005 59 70 1 0
3275 1801 33 39 1 0
4331 1301 23 22 1 0
4085 1140 31 39 1 0
506 146 35 36 1 0
4853 1014 22 22 1 0
1217 1744 33 39 1 0
902 2817 47 70 1 0
3434 3462 54 65 1 0
2679 1450 31 39 1 0
3740 1664 30 34 1 0
4442 1441 23 22 1 0
1058 139 35 36 1 0
1828 3141 59 70 1 0
2073 1592 30 34 1 0
3434 2690 47 70 1 0
5161 2858 47 70 1 0
180 1916 33 39 1 0
3577 1941 39 39 1 0
3903 3606 54 65 1 0
1139 1699 30 34 1 0
4182 686 13 13 1 0
4456 1299 23 22 1 0
4305 2846 47 70 1 0
711 129 35 36 1 0
1098 160 35 36 1 0
5200 3276 54 65 1 0
3902 1533 30 34 1 0
4112 1913 33 39 1 0
863 114 35 36 1 0
2388 1536 30 34 1 0
4364 921 13 13 1 0
3319 2569 53 50 1 0
3028 3217 54 65 1 0
3425 2517 53 50 1 0
4198 2369 45 45 1 0
4397 2167 45 45 1 0
3855 2913 59 70 1 0
8 3389 55 66 1 0
5341 2954 59 70 1 0
4221 1003 19 19 1 0
2549 3100 59 70 1 0
4468 949 13 13 1 0
1364 1726 33 39 1 0
756 1371 35 37 1 0
2371 1484 30 34 1 0
4359 976 22 22 1 0
2389 1595 30 34 1 0
3737 2919 59 70 1 0
4602 3443 54 65 1 0
3200 1467 30 37 1 0
618 1765 33 39 1 0
4949 1048 22 22 1 0
1538 1939 33 39 1 0
2736 3138 57 68 1 0
4952 1892 33 39 1 0
4561 923 13 13 1 0
94 1833 33 39 1 0
2383 1508 30 34 1 0
332 3550 54 65 1 0
4766 1082 22 22 1 0
4627 1210 22 22 1 0
2916 3103 59 70 1 0
5185 1471 24 25 1 0
974 2294 45 45 1 0
4386 1779 33 39 1 0
1825 2756 47 70 1 0
259 2961 59 70 1 0
365 125 35 36 1 0
4459 1256 23 22 1 0
263 2814 47 70 1 0
1625 2213 45 45 1 0
1090 662 43 45 1 0
1281 1317 35 37 1 0
4195 678 13 13 1 0
2113 2901 53 70 1 0
989 1971 39 39 1 0
2041 1824 33 39 1 0
1690 2383 45 45 1 0
1245 2047 39 39 1 0
5062 2447 53 50 1 0
4179 1614 30 34 1 0
1341 1771 33 39 1 0
943 3368 54 65 1 0
1065 1933 33 39 1 0
4552 1304 23 22 1 0
3300 3087 59 70 1 0
5187 1281 23 22 1 0
343 699 43 45 1 0
3323 2240 45 45 1 0
5214 1287 23 22 1 0
185 132 35 36 1 0
1978 1657 30 34 1 0
4132 2347 45 45 1 0
4487 867 13 13 1 0
111 2822 47 70 1 0
415 753 43 45 1 0
2205 1488 30 34 1 0
4954 1406 23 22 1 0
4723 1026 22 22 1 0
5198 2290 45 45 1 0
2353 3402 54 65 1 0
5173 1494 30 34 1 0
2740 1535 30 34 1 0
5019 1072 22 22 1 0
4523 1157 22 22 1 0
3107 1525 30 34 1 0
1100 1683 30 34 1 0
420 2296 45 45 1 0
57 1380 35 37 1 0
4648 1407 23 22 1 0
4356 1466 23 22 1 0
1860 1751 33 39 1 0
4506 803 13 13 1 0
5077 1216 22 22 1 0
4406 1671 30 34 1 0
3349 3313 54 65 1 0
678 1427 35 37 1 0
4077 1740 33 39 1 0
5197 1405 23 22 1 0
4488 1450 23 22 1 0
4722 963 13 13 1 0
4440 1856 33 39 1 0
5409 3427 54 65 1 0
807 111 35 36 1 0
1870 2332 45 45 1 0
5207 2767 47 70 1 0
926 116 35 36 1 0
4909 1186 22 22 1 0
4360 3153 59 70 1 0
56 1480 35 37 1 0
4235 1106 22 22 1 0
219 2268 45 45 1 0
2446 2095 39 39 1 0
70 2350 45 45 1 0
596 2788 47 70 1 0
2637 2743 47 70 1 0
1607 1774 33 39 1 0
2368 1604 30 34 1 0
4792 993 22 22 1 0
5023 2535 53 50 1 0
3542 1296 31 39 1 0
1769 2395 45 45 1 0
128 2252 45 45 1 0
94 146 35 36 1 0
842 2502 53 50 1 0
5093 3317 54 65 1 0
2919 1576 30 34 1 0
4536 2725 47 70 1 0
628 120 35 36 1 0
4636 933 13 13 1 0
3407 3597 54 65 1 0
1548 1682 30 34 1 0
1876 2442 53 50 1 0
3256 248 31 39 1 0
3712 2542 53 50 1 0
4888 1518 30 34 1 0
2927 1729 33 39 1 0
4779 1499 30 34 1 0
4688 1050 22 22 1 0
4538 1465 23 22 1 0
1354 1758 33 39 1 0
3203 2217 45 45 1 0
2912 1648 30 34 1 0
4627 1101 22 22 1 0
55 2276 45 45 1 0
5345 3472 54 65 1 0
2986 1944 39 39 1 0
3303 1079 31 39 1 0
4429 1013 22 22 1 0
303 774 43 45 1 0
1042 3493 54 65 1 0
1674 2621 47 70 1 0
2005 2812 47 70 1 0
5233 1440 23 22 1 0
4201 1723 33 39 1 0
440 1770 33 39 1 0
1777 1754 33 39 1 0
4427 3527 54 65 1 0
1871 1593 30 34 1 0
2280 2065 39 39 1 0
4374 899 13 13 1 0
4012 2101 39 39 1 0
3605 2260 45 45 1 0
3988 3584 54 65 1 0
3291 2457 53 50 1 0
2946 1561 30 34 1 0
879 3174 54 65 1 0
2899 1270 31 39 1 0
4563 1189 22 22 1 0
1504 2509 53 50 1 0
4208 1875 33 39 1 0
2959 2287 45 45 1 0
2795 2233 45 45 1 0
3834 2719 47 70 1 0
3027 3071 59 70 1 0
3072 1277 31 39 1 0
3314 1506 30 34 1 0
3351 803 31 39 1 0
5065 1167 22 22 1 0
795 2969 59 70 1 0
4819 1102 22 22 1 0
3327 1629 30 34 1 0
3086 1247 31 39 1 0
2876 3277 54 65 1 0
4692 949 13 13 1 0
5449 2511 46 57 1 0
4177 1060 26 30 1 0
1052 140 35 36 1 0
2822 2615 47 70 1 0
4989 1373 23 22 1 0
4434 961 13 13 1 0
1962 1822 33 39 1 0
404 2001 39 39 1 0
2691 1922 33 39 1 0
2711 1500 30 34 1 0
4787 1280 23 22 1 0
2605 1692 30 34 1 0
4838 3486 54 65 1 0
3734 1293 31 39 1 0
4764 1116 22 22 1 0
2041 1691 30 34 1 0
4533 874 13 13 1 0
3008 2828 47 70 1 0
1366 1890 33 39 1 0
3048 1657 30 34 1 0
3994 2525 53 50 1 0
5191 2597 47 70 1 0
708 2989 59 70 1 0
298 1858 33 39 1 0
2069 1922 33 39 1 0
4191 1806 33 39 1 0
1649 1877 33 39 1 0
4031 3539 54 65 1 0
1972 2020 39 39 1 0
2832 1676 30 34 1 0
1126 1825 33 39 1 0
2168 1865 33 39 1 0
4528 1196 22 22 1 0
3492 3306 54 65 1 0
2746 3377 54 65 1 0
462 1387 35 37 1 0
3501 2451 53 50 1 0
682 1868 33 39 1 0
4483 1301 23 22 1 0
467 2883 47 70 1 0
251 2076 39 39 1 0
4283 1414 23 22 1 0
4401 989 22 22 1 0
843 754 43 45 1 0
3639 1738 33 39 1 0
4747 1987 39 39 1 0
4628 827 13 13 1 0
4776 1148 22 22 1 0
339 735 43 45 1 0
853 2963 59 70 1 0
1685 1550 30 34 1 0
98 1362 35 37 1 0
5069 3466 54 65 1 0
4899 1271 23 22 1 0
3538 3205 54 65 1 0
1213 1928 33 39 1 0
2405 1757 33 39 1 0
1545 3550 54 65 1 0
4812 1039 22 22 1 0
137 2972 59 70 1 0
4568 1252 23 22 1 0
2181 2412 53 50 1 0
842 2079 39 39 1 0
3059 3027 59 70 1 0
1016 1909 33 39 1 0
659 2631 47 70 1 0
2089 1487 30 34 1 0
4985 1201 22 22 1 0
888 716 43 45 1 0
4450 3484 54 65 1 0
628 3291 54 65 1 0
4451 1603 30 34 1 0
4710 1120 22 22 1 0
4988 1107 22 22 1 0
334 170 35 36 1 0
2740 1515 30 34 1 0
3275 1588 30 34 1 0
5223 1486 30 34 1 0
592 2961 59 70 1 0
1292 2763 47 70 1 0
796 147 35 36 1 0
4873 1187 22 22 1 0
3257 2893 47 70 1 0
2440 2679 47 70 1 0
3790 3092 59 70 1 0
1286 2819 47 70 1 0
499 2883 47 70 1 0
4572 851 13 13 1 0
4099 2277 45 45 1 0
2658 1474 30 34 1 0
2907 2452 53 50 1 0
2945 3303 54 65 1 0
4000 2317 45 45 1 0
4937 3326 54 65 1 0
3641 3305 54 65 1 0
518 816 43 45 1 0
766 778 43 45 1 0
4457 1690 30 34 1 0
3433 1092 31 39 1 0
1063 1773 33 39 1 0
596 3334 54 65 1 0
2282 3570 54 65 1 0
3218 3237 54 65 1 0
4413 3440 54 65 1 0
1358 2159 45 45 1 0
4761 1455 23 22 1 0
3022 1563 30 34 1 0
2312 2179 45 45 1 0
1804 2302 45 45 1 0
5288 1454 24 25 1 0
4401 1013 22 22 1 0
4426 924 13 13 1 0
5135 1317 23 22 1 0
1913 3004 59 70 1 0
4577 1133 22 22 1 0
850 2735 47 70 1 0
2229 3198 54 65 1 0
478 2488 53 50 1 0
1942 2072 39 39 1 0
839 3516 54 65 1 0
84 2288 45 45 1 0
3087 1550 30 34 1 0
3757 3136 59 70 1 0
2795 1474 30 34 1 0
4658 1065 22 22 1 0
1714 2692 47 70 1 0
858 1996 39 39 1 0
408 114 35 36 1 0
935 146 35 36 1 0
2864 1307 31 39 1 0
588 131 35 36 1 0
244 1422 35 37 1 0
216 152 35 36 1 0
1470 1942 39 39 1 0
1256 1568 30 34 1 0
368 1940 39 39 1 0
4646 945 13 13 1 0
636 2805 47 70 1 0
5024 1184 22 22 1 0
2453 2511 53 50 1 0
5305 2725 47 70 1 0
572 3086 59 70 1 0
2992 2734 47 70 1 0
2324 2153 45 45 1 0
4358 1430 23 22 1 0
2825 1558 30 34 1 0
4557 1488 30 34 1 0
4982 2582 50 60 1 0
4546 1177 22 22 1 0
4279 3119 59 70 1 0
153 2571 53 50 1 0
4968 2242 45 45 1 0
3828 2527 53 50 1 0
4603 1766 33 39 1 0
3343 1092 31 39 1 0
4934 1225 22 22 1 0
2448 1771 33 39 1 0
984 116 35 36 1 0
4844 2733 47 70 1 0
4402 1842 33 39 1 0
4713 940 13 13 1 0
1292 1763 33 39 1 0
1197 1302 35 37 1 0
2712 1259 31 39 1 0
3322 1189 31 39 1 0
4666 3429 54 65 1 0
1354 1739 33 39 1 0
2335 1797 33 39 1 0
2090 2390 45 45 1 0
1201 1764 33 39 1 0
4303 1642 30 34 1 0
5051 3218 54 65 1 0
1229 1811 33 39 1 0
920 3029 59 70 1 0
3032 2128 39 39 1 0
1662 2533 53 50 1 0
1111 163 35 36 3 0
3085 1224 31 39 1 0
483 2749 47 70 1 0
5037 1088 22 22 1 0
4084 2773 47 70 1 0
4839 1181 22 22 1 0
4557 1623 30 34 1 0
3965 2295 45 45 1 0
268 2340 45 45 1 0
524 3040 59 70 1 0
4632 1141 22 22 1 0
3809 2478 53 50 1 0
4512 1533 30 34 1 0
3231 1548 30 34 1 0
1534 2032 39 39 1 0
4899 1856 33 39 1 0
982 2021 39 39 1 0
3922 1693 30 34 1 0
1471 1968 39 39 1 0
4718 1429 23 22 1 0
4433 1031 22 22 1 0
1573 2892 47 70 1 0
3338 1175 31 39 1 0
1472 1849 33 39 1 0
2016 2504 53 50 1 0
4046 2649 47 70 1 0
98 1786 33 39 1 0
1554 1780 33 39 1 0
4592 1384 23 22 1 0
1692 1730 33 39 1 0
1988 2627 47 70 1 0
5067 2770 47 70 1 0
1484 1787 33 39 1 0
2692 1617 30 34 1 0
3182 2822 47 70 1 0
2094 2838 47 70 1 0
3290 2189 45 45 1 0
4266 3236 54 65 1 0
2804 2028 39 39 1 0
2308 1707 31 36 1 0
2719 3607 54 65 1 0
5367 3199 54 65 1 0
3465 1087 31 39 1 0
3585 1367 31 39 1 0
2001 2379 45 45 1 0
36 159 35 36 1 0
3776 2353 45 45 1 0
4291 1341 23 22 1 0
5050 1421 23 22 1 0
972 2869 47 70 1 0
4604 2453 53 50 1 0
2597 2436 53 50 1 0
1184 3099 59 70 1 0
5040 1236 23 22 1 0
4532 797 13 13 1 0
5123 2410 53 50 1 0
628 3212 54 65 1 0
2789 2256 45 45 1 0
3783 2741 47 70 1 0
1614 2452 53 50 1 0
4113 2712 47 70 1 0
4317 2091 39 39 1 0
1182 2549 53 50 1 0
287 87 35 36 1 0
4685 1222 22 22 1 0
1044 1744 33 39 1 0
201 1432 35 37 1 0
4867 1097 22 22 1 0
4773 1201 22 22 1 0
110 146 35 36 1 0
1258 2460 53 50 1 0
4691 1304 23 22 1 0
4149 2893 47 70 1 0
1072 2591 50 60 1 0
1370 2488 53 50 1 0
50 3160 59 70 1 0
4591 1030 22 22 1 0
1949 3574 54 65 1 0
3257 1440 31 39 1 0
4083 2068 39 39 1 0
2961 2236 45 45 1 0
3141 3290 54 65 1 0
4687 1661 30 34 1 0
1003 2804 47 70 1 0
3560 2330 45 45 1 0
606 128 35 36 1 0
115 2589 50 60 1 0
2700 2580 53 50 1 0
1574 1629 30 34 1 0
878 145 35 36 1 0
4556 1763 33 39 1 0
358 119 35 36 1 0
4345 1481 30 34 1 0
2913 1557 30 34 1 0
1669 3213 54 65 1 0
972 2103 39 39 1 0
1886 1854 33 39 1 0
4463 1359 23 22 1 0
995 2726 47 70 1 0
2266 2771 47 70 1 0
4455 1457 23 22 1 0
526 2036 39 39 1 0
635 2312 45 45 1 0
4463 1058 22 22 1 0
3438 1142 31 39 1 0
1850 1668 30 34 1 0
3764 1754 33 39 1 0
2502 2843 47 70 1 0
4481 1062 22 22 1 0
4738 1626 30 34 1 0
3570 2715 47 70 1 0
2176 3146 59 70 1 0
714 1822 33 39 1 0
1853 2378 45 45 1 0
17 1371 35 37 1 0
4627 925 13 13 1 0
4850 3278 54 65 1 0
2841 1454 30 34 1 0
232 2008 39 39 1 0
1454 2439 53 50 1 0
4317 1936 33 39 1 0
1969 1598 30 34 1 0
1747 1890 33 39 1 0
591 2084 39 39 1 0
2835 1267 31 39 1 0
4707 1028 22 22 1 0
4291 1447 23 22 1 0
1424 2836 47 70 1 0
4752 1873 33 39 1 0
4496 813 13 13 1 0
4288 994 22 22 1 0
4541 1099 22 22 1 0
4506 1078 22 22 1 0
2525 1897 33 39 1 0
1027 2627 47 70 1 0
360 3502 54 65 1 0
4322 3618 54 65 1 0
16 1948 37 40 1 0
1012 2891 47 70 1 0
1793 1521 30 34 1 0
876 153 35 36 3 0
3088 1469 30 35 1 0
180 2307 45 45 1 0
928 113 35 36 1 0
5251 3022 59 70 1 0
4558 815 13 13 1 0
4685 3294 54 65 1 0
2032 1440 30 34 1 0
1464 3508 54 65 1 0
2763 1887 33 39 1 0
770 1780 33 39 1 0
1593 1756 33 39 1 0
3138 1434 31 39 1 0
698 2961 59 70 1 0
3374 1064 31 39 1 0
908 2086 39 39 1 0
4616 865 13 13 1 0
2804 3356 54 65 1 0
934 2199 45 45 1 0
4317 701 13 13 1 0
4691 929 13 13 1 0
836 792 43 45 1 0
2614 3309 54 65 1 0
1712 1556 30 34 1 0
3203 1414 31 39 1 0
4371 1237 23 22 1 0
4481 1013 22 22 1 0
400 1859 33 39 1 0
587 2176 45 45 1 0
4941 1175 22 22 1 0
4523 1139 22 22 1 0
5056 1331 23 22 1 0
4961 2470 53 50 1 0
119 1492 35 37 1 0
299 1766 33 39 1 0
2899 1794 33 39 1 0
4604 962 13 13 1 0
1722 2636 47 70 1 0
5214 1316 23 22 1 0
4766 1021 22 22 1 0
3430 2985 59 70 1 0
3577 2638 47 70 1 0
4450 982 22 22 1 0
4638 1428 23 22 1 0
3330 2436 53 50 1 0
4591 1528 30 34 1 0
2802 1303 31 39 1 0
2866 2817 47 70 1 0
2144 2244 45 45 1 0
2830 2891 47 70 1 0
524 2245 45 45 1 0
4273 1328 23 22 1 0
2161 1449 30 34 1 0
565 163 35 36 1 0
366 3610 54 65 1 0
3337 3557 54 65 1 0
2404 1582 30 34 1 0
4307 1769 33 39 1 0
2952 2896 47 70 1 0
1106 1741 33 39 1 0
4588 1010 22 22 1 0
3237 220 31 39 1 0
2939 1545 30 34 1 0
4542 789 13 13 1 0
5150 1289 23 22 1 0
5202 1338 23 22 1 0
2410 2499 53 50 1 0
1314 1727 33 39 1 0
4349 1909 33 39 1 0
3793 3448 54 65 1 0
4746 1497 30 34 1 0
4829 1131 22 22 1 0
5041 1284 23 22 1 0
3153 1293 31 39 1 0
3076 1630 30 34 1 0
4240 1807 33 39 1 0
2934 1490 30 34 1 0
2208 3261 54 65 1 0
1084 1630 30 34 1 0
4611 1038 22 22 1 0
2976 1472 30 36 1 0
4773 1543 30 34 1 0
439 3534 54 65 1 0
4342 2661 47 70 1 0
1144 2136 39 39 1 0
4659 975 22 22 1 0
4288 1016 22 22 1 0
4829 1891 33 39 1 0
4905 1029 22 22 1 0
4488 833 13 13 1 0
1292 2494 53 50 1 0
4965 1107 22 22 1 0
3981 3359 54 65 1 0
3994 1906 33 39 1 0
3251 2466 53 50 1 0
3823 1464 31 39 1 0
3207 1274 31 39 1 0
5082 3263 54 65 1 0
2156 2795 47 70 1 0
574 782 43 45 1 0
2271 1479 30 34 1 0
4709 1736 33 39 1 0
4487 1275 23 22 1 0
1678 1673 30 34 1 0
4477 1030 22 22 1 0
406 3140 59 70 1 0
2393 1807 33 39 1 0
4585 893 13 13 1 0
527 2794 47 70 1 0
2302 3134 59 70 1 0
2112 3580 54 65 1 0
1937 2560 53 50 1 0
1541 2672 47 70 1 0
3388 3060 59 70 1 0
4331 2623 47 70 1 0
74 2330 45 45 1 0
5 2486 47 52 1 0
763 3428 54 65 1 0
3725 2424 53 50 1 0
4527 994 22 22 1 0
3201 1913 33 39 1 0
2742 2695 47 70 1 0
2448 1798 33 39 1 0
2510 1617 30 34 1 0
32 161 35 36 3 0
807 146 35 36 1 0
143 3259 54 65 1 0
2070 2543 53 50 1 0
2501 1773 33 39 1 0
2457 3368 54 65 1 0
227 3388 54 65 1 0
4776 1301 23 22 1 0
2441 2640 47 70 1 0
2463 1478 30 34 1 0
1662 2362 45 45 1 0
1193 2358 45 45 1 0
1445 1659 30 34 1 0
950 706 43 45 1 0
3168 1280 31 39 1 0
4838 2785 47 70 1 0
4849 2443 53 50 1 0
4654 3537 54 65 1 0
1802 1846 33 39 1 0
4550 1839 33 39 1 0
4640 1596 30 34 1 0
4581 1094 22 22 1 0
2114 2505 53 50 1 0
1236 3332 54 65 1 0
3531 2997 59 70 1 0
3106 2461 53 50 1 0
3011 2542 53 50 1 0
2553 3406 54 65 1 0
1558 1871 33 39 1 0
2878 1481 30 34 1 0
4473 1930 33 39 1 0
4558 976 22 22 1 0
166 2945 59 70 1 0
4111 2447 53 50 1 0
4323 3419 54 65 1 0
2783 2299 45 45 1 0
2445 1625 30 34 1 0
4206 3561 54 65 1 0
2430 1526 30 34 1 0
965 1797 33 39 1 0
4510 1058 22 22 1 0
910 2142 42 42 1 0
1622 1976 39 39 1 0
3672 3231 54 65 1 0
2602 2076 39 39 1 0
4641 790 13 13 1 0
476 803 43 45 1 0
3492 2882 47 70 1 0
4841 1216 22 22 1 0
690 2708 47 70 1 0
3578 2446 53 50 1 0
2198 1511 30 34 1 0
4568 1020 22 22 1 0
2730 1772 33 39 1 0
2191 1772 33 39 1 0
3394 1960 39 39 1 0
4900 1554 30 34 1 0
3457 2188 45 45 1 0
1959 1677 30 34 1 0
5054 1074 22 22 1 0
4603 1803 33 39 1 0
2613 1489 30 34 1 0
2930 2058 39 39 1 0
3258 1724 33 39 1 0
2006 1670 30 34 1 0
5212 2114 39 39 1 0
4232 935 13 13 1 0
3142 3051 59 70 1 0
5220 3249 54 65 1 0
4746 2255 45 45 1 0
1608 3239 54 65 1 0
2948 1440 31 39 1 0
732 160 35 36 3 0
1268 2269 45 45 1 0
4257 1849 33 39 1 0
4247 2796 47 70 1 0
147 2342 45 45 1 0
330 173 35 36 1 0
4346 2256 45 45 1 0
3438 1765 33 39 1 0
2195 1592 30 34 1 0
1945 2601 47 70 1 0
4884 1551 30 34 1 0
1334 1824 33 39 1 0
140 95 35 36 1 0
3483 1969 39 39 1 0
1680 2342 45 45 1 0
107 3046 59 70 1 0
4269 3338 54 65 1 0
1561 2703 47 70 1 0
4876 1310 23 22 1 0
2681 1562 30 34 1 0
4786 1102 22 22 1 0
4605 2734 47 70 1 0
3000 1298 31 39 1 0
5161 3029 59 70 1 0
635 1853 33 39 1 0
2568 3041 59 70 1 0
3525 1671 30 34 1 0
3711 2596 47 70 1 0
386 2883 47 70 1 0
2439 1482 30 34 1 0
642 776 43 45 1 0
3048 1463 30 36 1 0
640 1418 35 37 1 0
576 2473 53 50 1 0
3076 1462 30 35 1 0
3936 2114 39 39 1 0
1229 3013 59 70 1 0
714 158 35 36 1 0
4668 1276 23 22 1 0
2900 2885 47 70 1 0
4677 981 22 22 1 0
4242 2516 53 50 1 0
4904 2135 42 42 1 0
4571 906 13 13 1 0
3403 2890 47 70 1 0
2009 1648 30 34 1 0
4008 1938 33 39 1 0
3309 1387 31 39 1 0
2353 2822 47 70 1 0
3507 1217 31 39 1 0
2133 1845 33 39 1 0
4526 1572 30 34 1 0
4461 3181 54 65 1 0
5347 2190 45 45 1 0
1708 1850 33 39 1 0
2500 3150 59 70 1 0
1547 2410 53 50 1 0
5009 1184 22 22 1 0
1365 2833 47 70 1 0
2610 3076 59 70 1 0
1526 1866 33 39 1 0
3252 2092 39 39 1 0
4603 1129 22 22 1 0
4824 1327 23 22 1 0
5120 1118 22 22 1 0
1068 1866 33 39 1 0
4476 837 13 13 1 0
2291 1689 30 34 1 0
4367 962 13 13 1 0
4291 2199 45 45 1 0
2573 2859 47 70 1 0
2989 3581 54 65 1 0
2989 2368 45 45 1 0
9 2956 56 70 1 0
4091 1618 30 34 1 0
630 127 35 36 1 0
1977 2059 39 39 1 0
72 2977 59 70 1 0
2717 1547 30 34 1 0
4546 2949 59 70 1 0
1573 1716 33 39 1 0
1601 2521 53 50 1 0
91 2156 45 45 1 0
2202 2170 45 45 1 0
396 2070 39 39 1 0
2106 2327 45 45 1 0
4436 3369 54 65 1 0
4544 1071 22 22 1 0
4427 891 13 13 1 0
487 3106 59 70 1 0
4448 1388 23 22 1 0
3151 1411 31 39 1 0
4410 2680 47 70 1 0
5201 1434 23 22 1 0
4741 1601 30 34 1 0
596 2021 39 39 1 0
4190 1576 30 34 1 0
625 2271 45 45 1 0
3290 1740 33 39 1 0
86 2907 59 70 1 0
2486 2362 45 45 1 0
894 135 35 36 1 0
714 1405 35 37 1 0
1437 2716 47 70 1 0
647 159 35 36 1 0
2269 2568 53 50 1 0
207 3025 59 70 1 0
1350 3021 59 70 1 0
1290 3196 54 65 1 0
192 2084 39 39 1 0
2315 1408 30 34 1 0
4707 1187 22 22 1 0
5040 1155 22 22 1 0
1122 2880 47 70 1 0
4621 1290 23 22 1 0
4818 1363 23 22 1 0
2482 2934 59 70 1 0
4485 2596 47 70 1 0
1793 2736 47 70 1 0
4709 925 13 13 1 0
728 3278 54 65 1 0
2033 2259 45 45 1 0
4658 1445 23 22 1 0
4369 689 13 13 1 0
866 1914 33 39 1 0
784 112 35 36 1 0
2020 2866 47 70 1 0
4510 791 13 13 1 0
4642 1292 23 22 1 0
2911 1485 30 34 1 0
199 2161 45 45 1 0
4074 1720 33 39 1 0
181 1397 35 37 1 0
2065 1420 30 34 1 0
324 2556 53 50 1 0
2999 1477 30 34 1 0
1183 1722 33 39 1 0
3891 3146 59 70 1 0
4301 2375 45 45 1 0
4407 2914 59 70 1 0
137 93 35 36 1 0
1849 1586 30 34 1 0
4670 2915 59 70 1 0
5071 2597 47 70 1 0
4579 1160 22 22 1 0
4592 1067 22 22 1 0
4604 1194 22 22 1 0
2040 1884 33 39 1 0
3301 1421 31 39 1 0
848 2274 45 45 1 0
4446 913 13 13 1 0
204 799 43 45 1 0
2310 2694 47 70 1 0
4485 1081 22 22 1 0
714 140 35 36 1 0
541 133 35 36 1 0
4591 1443 23 22 1 0
4741 1023 22 22 1 0
3653 1383 31 39 1 0
4781 2330 45 45 1 0
1660 2087 39 39 1 0
4096 3618 54 65 1 0
866 110 35 36 1 0
4315 881 13 13 1 0
4734 1077 22 22 1 0
2132 1668 30 34 1 0
227 2236 45 45 1 0
4968 1147 22 22 1 0
4587 3583 54 65 1 0
570 165 35 36 3 0
2129 1616 30 34 1 0
1927 1558 30 34 1 0
3909 2093 39 39 1 0
1708 3306 54 65 1 0
4227 1638 30 34 1 0
1944 3253 54 65 1 0
2346 2938 59 70 1 0
2197 2645 47 70 1 0
387 2577 53 50 1 0
3539 2044 39 39 1 0
4694 1080 22 22 1 0
435 3338 54 65 1 0
4374 702 13 13 1 0
3850 1751 33 39 1 0
5248 3145 59 70 1 0
2588 1610 30 34 1 0
295 3119 59 70 1 0
4806 2083 39 39 1 0
3862 2297 45 45 1 0
1353 1973 39 39 1 0
2520 1475 30 34 1 0
2927 2103 39 39 1 0
2526 1719 33 39 1 0
3409 2351 45 45 1 0
2845 1593 30 34 1 0
4216 3615 54 65 1 0
351 2197 45 45 1 0
2301 1618 30 34 1 0
1142 3356 54 65 1 0
557 3039 59 70 1 0
271 1828 33 39 1 0
2840 1507 30 34 1 0
276 2638 47 70 1 0
3832 1941 39 39 1 0
2898 1912 33 39 1 0
4289 1368 23 22 1 0
37 811 43 45 1 0
3282 2039 39 39 1 0
834 72 35 36 1 0
3840 1903 33 39 1 0
4790 1986 39 39 1 0
2600 1393 31 39 1 0
3178 2595 47 70 1 0
4713 999 22 22 1 0
3622 2319 45 45 1 0
4517 877 13 13 1 0
4606 980 22 22 1 0
4376 1497 30 34 1 0
3484 1375 31 39 1 0
2943 3393 54 65 1 0
4958 1312 23 22 1 0
4491 1967 39 39 1 0
4557 1524 30 34 1 0
23 2247 45 45 1 0
2285 1783 33 39 1 0
2006 1493 30 34 1 0
4383 1748 33 39 1 0
5012 1203 22 22 1 0
756 2410 53 50 1 0
475 1723 33 39 1 0
2024 3168 54 65 1 0
3416 2785 47 70 1 0
508 3434 54 65 1 0
3553 2239 45 45 1 0
2839 2736 47 70 1 0
4656 1025 22 22 1 0
2238 1838 33 39 1 0
5010 2854 47 70 1 0
55 754 43 45 1 0
3310 2150 45 45 1 0
281 1360 35 37 1 0
753 156 35 36 1 0
4718 1082 22 22 1 0
1572 3059 59 70 1 0
2899 2578 53 50 1 0
1604 2487 53 50 1 0
4122 1804 33 39 1 0
4564 783 13 13 1 0
3164 2959 59 70 1 0
2924 1511 30 34 1 0
2412 2522 53 50 1 0
3641 3456 54 65 1 0
590 2448 53 50 1 0
