314 424 9 11 1 0
274 461 12 17 1 0
649 427 9 12 1 0
513 412 9 12 1 0
709 419 14 21 1 0
330 419 9 11 1 0
439 416 9 11 1 0
342 428 9 11 1 0
481 427 9 12 1 0
734 420 9 11 1 0
482 358 4 6 1 0
585 423 7 8 1 0
193 421 9 17 1 0
602 422 7 8 1 0
472 357 4 6 1 0
432 425 9 11 1 0
553 422 7 8 1 0
521 401 6 8 1 0
864 406 16 21 1 0
667 420 8 9 1 0
880 422 16 21 1 0
754 418 9 11 1 0
775 413 9 11 1 0
134 484 23 31 1 0
484 393 4 6 1 0
271 423 9 17 1 0
183 477 23 31 1 0
938 414 16 21 1 0
409 421 9 11 1 0
538 421 7 8 1 0
225 425 9 17 1 0
170 419 9 17 1 0
367 421 9 11 1 0
912 416 16 21 1 0
388 418 9 11 1 0
632 417 8 11 1 0
154 559 38 56 1 0
246 487 23 31 1 0
395 420 9 11 1 0
