1417 610 7 7 1 1
1251 558 7 7 1 1
1889 686 16 21 1 0
1394 640 7 7 1 1
1527 720 30 38 1 0
1489 717 22 28 1 0
1461 539 7 7 1 1
1435 609 7 7 1 1
1018 710 24 29 1 0
1462 636 7 7 1 1
1162 689 24 29 1 0
1376 580 7 7 1 1
1508 716 18 22 1 0
1463 567 7 7 1 1
1256 612 7 7 1 1
1451 539 7 7 1 1
1094 692 24 29 1 0
1205 705 24 29 1 0
1514 795 53 70 1 0
1352 648 7 7 1 1
1440 579 7 7 1 1
1185 773 55 71 1 0
716 771 55 61 1 0
1477 571 7 7 1 1
1478 590 7 7 1 1
1066 835 70 98 1 0
809 713 24 29 1 0
154 814 67 83 1 0
1133 708 24 29 1 0
1239 708 24 29 1 0
1015 737 24 29 1 0
509 789 33 45 1 0
1272 738 24 29 1 0
1267 687 24 29 1 1
1324 611 7 7 1 1
759 719 24 29 1 0
1490 567 7 7 1 1
911 1073 295 144 1 0
488 874 33 45 1 0
727 673 39 45 1 0
1453 764 53 70 1 0
473 693 8 10 1 0
12 747 67 83 1 0
1105 706 24 29 1 0
506 670 8 10 1 1
1370 719 24 29 1 0
1642 759 53 70 1 0
1868 691 16 21 1 0
836 702 24 29 1 0
703 720 31 37 1 0
1295 724 24 29 1 0
1379 747 24 29 1 0
885 713 24 29 1 0
251 797 94 113 1 0
1378 656 7 7 1 1
1241 556 7 7 1 1
1585 671 7 7 1 1
919 789 55 61 1 0
1557 655 7 7 1 1
1231 598 7 7 1 1
1010 788 43 54 1 0
1249 599 7 7 1 1
1879 713 16 21 1 0
1916 766 16 21 1 0
1502 567 7 7 1 1
358 785 20 27 1 0
1014 685 24 29 1 0
962 708 24 29 1 0
482 760 33 45 1 0
431 686 8 10 1 0
1076 689 24 29 1 0
1392 712 24 29 1 0
990 690 24 29 1 0
1319 535 7 7 1 1
1407 608 7 7 1 1
754 794 55 61 1 0
1309 695 24 29 1 0
1425 579 7 7 1 1
1361 969 99 130 1 0
1417 643 7 7 1 1
1388 591 7 7 1 1
1290 541 7 7 1 1
923 686 24 29 1 0
1148 694 24 29 1 0
