65 230 36 42 1 0
84 191 31 38 1 0
279 99 24 28 2 1
352 80 16 19 1 1
191 271 36 42 1 0
78 147 31 38 1 0
13 144 31 38 1 0
367 114 24 28 1 1
159 96 24 28 1 1
303 179 31 38 1 0
355 133 24 28 1 0
83 88 16 19 1 1
330 90 16 19 1 1
389 118 24 28 1 1
88 130 24 28 1 0
114 168 31 38 1 0
300 85 16 19 1 1
49 142 31 38 1 0
398 180 31 38 2 0
38 272 33 40 1 0
319 270 36 42 1 0
331 247 36 42 1 0
427 93 16 19 1 1
135 98 24 28 1 1
103 267 36 42 1 0
313 115 24 28 2 1
146 203 36 42 1 0
173 251 36 42 1 0
169 176 31 38 1 0
277 244 36 42 1 0
409 222 36 42 1 0
61 94 16 19 1 1
310 100 24 28 2 1
46 91 16 19 1 1
115 115 24 28 1 0
15 123 24 28 1 0
224 246 36 42 1 0
355 215 36 42 1 0
382 174 31 38 2 0
208 120 30 34 1 0
423 81 16 19 1 1
405 128 24 28 1 1
406 155 31 38 1 0
150 162 31 38 1 0
141 124 24 28 1 0
88 105 24 28 1 1
162 120 24 28 1 0
370 80 16 19 1 1
269 271 36 42 1 0
312 137 24 28 1 0
392 99 24 28 1 1
39 115 24 28 1 0
13 99 24 28 1 1
386 88 16 19 1 1
375 155 31 38 1 0
398 79 16 19 1 1
23 180 31 38 1 0
23 245 32 39 1 0
434 112 22 25 1 1
312 213 36 42 1 0
278 109 24 28 2 1
136 74 16 19 1 1
351 173 31 38 1 0
40 207 36 42 1 0
102 133 24 28 1 0
269 159 31 38 1 0
39 75 16 19 1 1
252 89 16 19 1 1
61 173 31 38 1 0
432 165 29 35 1 0
266 199 36 42 1 0
331 153 31 38 1 0
67 116 24 28 1 0
390 271 34 41 1 0
267 123 24 28 1 1
344 108 24 28 1 1
