842 38 2 4 1 1
811 46 2 4 1 1
770 198 6 7 1 0
999 83 5 7 1 1
1002 2 2 4 1 1
285 29 7 10 1 1
1009 86 5 7 1 1
432 156 12 14 2 0
1091 34 2 4 1 1
1149 183 18 18 1 0
525 14 3 3 1 1
298 27 7 10 1 1
371 135 12 14 2 0
934 83 2 4 1 1
181 118 26 30 2 0
1154 27 2 4 1 1
411 114 5 6 1 1
1176 17 2 4 1 1
1084 11 2 4 1 1
865 189 6 7 1 0
855 54 2 4 1 1
520 62 3 4 1 0
371 168 12 14 1 0
1151 72 5 7 1 1
482 157 6 8 1 0
1215 109 19 28 1 0
873 4 2 4 1 1
513 202 39 54 2 0
1015 103 5 7 1 0
884 72 2 4 1 1
316 19 7 10 1 1
901 35 2 4 1 1
1062 79 5 7 1 1
130 45 7 10 1 0
556 152 6 8 1 0
1135 116 5 7 1 0
1104 110 5 7 1 0
1194 46 2 4 1 1
302 127 12 14 2 0
739 5 3 3 1 1
876 233 37 40 2 0
1375 20 8 12 1 1
983 60 2 4 1 1
1109 40 2 4 1 1
604 52 3 4 1 0
1015 8 2 4 1 1
752 11 3 3 1 1
73 34 7 10 1 0
1112 16 2 4 1 1
560 194 6 8 1 0
1271 36 8 12 1 1
759 12 3 3 1 1
395 113 5 6 1 0
495 6 4 4 1 1
1115 84 5 7 1 0
335 32 5 6 1 1
1096 72 5 7 1 1
908 70 2 4 1 1
1065 24 2 4 1 1
1039 107 5 7 1 0
1206 119 5 7 1 0
939 27 2 4 1 1
1149 31 2 4 1 1
840 1 2 4 1 1
929 151 6 7 1 0
853 26 2 4 1 1
983 33 2 4 1 1
1365 98 19 28 1 0
571 173 6 8 1 0
1073 154 18 18 1 0
361 130 12 14 1 0
1094 49 2 4 1 1
996 41 2 4 1 1
626 27 3 3 1 1
553 187 6 8 1 0
982 190 18 18 1 0
1066 60 2 4 1 1
845 10 2 4 1 1
453 154 6 8 1 0
494 124 5 6 1 0
681 27 3 3 1 1
951 9 2 4 1 1
851 79 2 4 1 1
991 125 5 7 1 0
1066 3 2 4 1 1
262 18 7 10 1 1
532 134 6 8 1 0
479 186 6 8 1 0
388 20 5 6 1 1
537 157 6 8 1 0
411 92 5 6 1 1
481 166 6 8 1 0
1213 50 2 4 1 1
1244 31 8 12 1 1
1215 1 2 4 1 1
229 77 7 10 1 1
1116 56 2 4 1 1
388 84 5 6 1 1
530 145 6 8 1 0
1169 19 2 4 1 1
1185 40 2 4 1 1
1273 11 8 12 1 1
932 78 2 4 1 1
1140 21 2 4 1 1
541 153 6 8 1 0
1023 53 2 4 1 1
409 93 5 6 1 1
1323 2 8 12 1 0
546 58 3 4 1 0
1258 40 8 12 1 0
1016 166 18 18 2 0
365 70 5 6 1 1
383 78 5 6 1 1
1180 61 2 4 1 0
320 1 7 10 1 1
1060 32 2 4 1 1
409 84 5 6 1 1
936 56 2 4 1 1
160 6 7 10 1 1
359 56 5 6 1 1
924 55 2 4 1 1
210 57 7 10 1 1
807 61 2 4 1 1
1059 28 2 4 1 1
924 155 6 7 1 0
942 69 2 4 1 1
528 130 3 4 1 0
255 94 7 10 1 0
818 33 2 4 1 1
749 32 3 3 1 1
651 204 6 8 1 0
1059 89 5 7 1 1
939 50 2 4 1 1
603 174 6 8 1 0
435 100 5 6 1 1
1179 146 5 7 1 0
967 96 2 4 1 1
304 120 12 14 2 0
1210 10 2 4 1 1
618 68 3 4 1 0
1125 14 2 4 1 1
720 15 3 3 1 1
896 167 6 7 1 0
710 37 3 3 1 1
855 194 6 7 1 0
996 3 2 4 1 1
1047 72 5 7 1 1
1338 2 8 12 1 1
1007 167 18 18 2 0
433 5 5 6 1 1
441 106 5 6 1 1
467 193 6 8 1 0
637 187 6 8 1 0
506 114 3 4 1 1
772 41 2 4 1 1
1052 126 5 7 1 0
253 10 7 10 1 1
1095 88 5 7 1 0
594 207 6 8 1 0
1434 11 8 12 1 0
1041 67 5 7 1 1
797 56 2 4 1 1
233 1 7 10 1 1
1052 9 2 4 1 1
156 138 26 30 1 0
816 42 2 4 1 1
906 80 2 4 1 1
674 227 37 40 2 0
933 25 2 4 1 1
1086 6 2 4 1 1
895 63 2 4 1 1
933 80 2 4 1 1
953 63 2 4 1 1
1083 163 18 18 2 0
851 9 2 4 1 1
938 191 6 7 1 0
277 117 12 14 1 0
1141 100 5 7 1 0
140 185 26 30 1 0
1117 32 2 4 1 1
287 65 7 10 1 1
944 32 2 4 1 1
48 55 7 10 1 0
276 146 12 14 1 0
562 62 3 4 1 0
901 60 2 4 1 1
572 196 6 8 1 0
856 211 6 7 1 0
168 63 7 10 1 0
769 205 6 7 1 0
1078 123 5 7 1 0
292 13 7 10 1 1
998 131 5 7 1 0
586 177 6 8 1 0
926 47 2 4 1 1
541 166 6 8 1 0
1118 96 5 7 1 0
1125 7 2 4 1 1
1121 43 2 4 1 1
489 128 5 6 1 0
252 24 7 10 1 1
1163 38 2 4 1 1
1108 118 5 7 1 0
239 17 7 10 1 1
393 74 5 6 1 1
314 24 7 10 1 1
746 32 3 3 1 1
1171 128 5 7 1 0
1181 166 18 18 1 0
872 18 2 4 1 1
972 7 2 4 1 1
1101 94 5 7 1 0
1078 114 5 7 1 0
1009 102 5 7 1 0
839 251 37 40 1 0
1273 6 8 12 1 1
1188 17 2 4 1 1
966 7 2 4 1 1
1365 52 8 12 1 0
1167 25 2 4 1 1
903 12 2 4 1 1
104 43 7 10 1 0
1236 126 19 28 2 0
771 5 2 4 1 1
1020 32 2 4 1 1
996 99 5 7 1 1
94 18 7 10 1 1
176 14 7 10 1 1
240 1 7 10 1 1
535 136 6 8 1 0
1005 103 5 7 1 0
1012 60 2 4 1 1
922 9 2 4 1 1
634 52 3 4 1 0
207 37 7 10 1 1
990 120 5 7 1 0
854 185 6 7 1 0
119 17 7 10 1 1
40 96 16 20 1 0
1073 69 5 7 1 1
1179 28 2 4 1 1
266 139 12 14 1 0
902 7 2 4 1 1
1299 12 8 12 1 1
763 57 2 4 1 0
787 34 2 4 1 1
1316 102 19 28 1 0
1351 71 8 12 1 0
1254 94 13 20 2 0
568 154 6 8 1 0
968 36 2 4 1 1
697 203 6 7 1 0
435 11 5 6 1 1
395 109 5 6 1 0
1036 28 2 4 1 1
89 22 7 10 1 1
783 28 2 4 1 1
799 61 2 4 1 1
737 68 3 4 1 0
1137 26 2 4 1 1
330 102 5 6 1 0
1084 14 2 4 1 1
1346 15 8 12 1 1
508 119 3 4 1 1
396 81 5 6 1 1
177 4 7 10 1 1
1117 188 18 18 1 0
855 3 2 4 1 1
1232 25 8 12 1 1
1182 52 2 4 1 1
959 27 2 4 1 1
383 65 5 6 1 1
371 152 12 14 1 0
765 16 2 4 1 1
462 98 5 6 1 1
1235 37 8 12 1 1
954 68 2 4 1 1
143 14 7 10 1 1
465 20 5 6 1 1
551 11 3 3 1 1
489 192 6 8 1 0
1012 172 18 18 2 0
898 9 2 4 1 1
437 96 5 6 1 1
829 59 2 4 1 1
1080 73 5 7 1 1
454 4 5 6 1 1
1183 21 2 4 1 1
859 60 2 4 1 1
891 61 2 4 1 1
507 230 39 54 2 0
427 11 5 6 1 1
793 66 2 4 1 1
335 57 5 6 1 1
920 48 2 4 1 1
676 80 3 4 1 0
791 207 6 7 1 0
957 17 2 4 1 1
1203 22 2 4 1 1
1341 59 8 12 1 0
256 85 7 10 1 1
506 124 3 4 1 0
1397 123 19 28 1 0
806 34 2 4 1 1
870 41 2 4 1 1
930 59 2 4 1 1
867 235 37 40 2 0
378 141 12 14 2 0
393 187 12 14 1 0
494 164 6 8 1 0
781 227 37 40 1 0
345 17 5 6 1 1
198 80 7 10 1 1
717 92 3 4 1 0
1287 85 8 12 1 0
1000 34 2 4 1 1
323 75 7 10 1 1
613 54 3 4 1 0
1241 16 8 12 1 1
919 14 2 4 1 1
57 58 7 10 1 0
220 56 7 10 1 1
926 200 6 7 1 0
1045 57 2 4 1 1
1002 59 2 4 1 1
261 187 12 14 1 0
547 64 3 4 1 0
949 148 8 9 1 0
1251 42 8 12 1 0
666 14 3 3 1 1
1245 7 8 12 1 1
557 215 6 8 1 0
1030 78 5 7 1 1
331 38 5 6 1 1
958 57 2 4 1 1
459 123 5 6 1 1
388 54 5 6 1 1
862 52 2 4 1 1
416 93 5 6 1 1
1053 34 2 4 1 1
1008 69 5 7 1 1
962 143 5 7 1 0
136 11 7 10 1 1
357 46 5 6 1 1
1054 68 5 7 1 1
916 2 2 4 1 1
539 173 6 8 1 0
890 81 2 4 1 1
1107 1 2 4 1 1
836 21 2 4 1 1
312 33 7 10 1 1
228 96 7 10 1 0
323 129 12 14 1 0
1178 50 2 4 1 1
405 72 5 6 1 1
469 160 6 8 1 0
851 45 2 4 1 1
458 166 6 8 1 0
1031 65 5 7 1 1
1139 124 5 7 1 0
1019 176 18 18 2 0
817 4 2 4 1 1
1325 9 8 12 1 1
1359 36 8 12 1 0
97 34 7 10 1 1
1141 36 2 4 1 1
821 200 6 7 1 0
457 7 4 5 1 1
1008 157 18 18 2 0
656 224 37 40 2 0
1076 37 2 4 1 1
1470 201 63 76 2 0
1069 73 5 7 1 1
327 31 6 8 1 1
43 77 7 10 1 0
345 185 12 14 1 0
1135 84 5 7 1 0
478 108 5 6 1 1
418 147 12 14 2 0
498 184 6 8 1 0
174 50 7 10 1 1
1281 45 8 12 1 0
887 198 6 7 1 0
702 37 3 3 1 1
886 210 6 7 1 0
901 75 2 4 1 1
316 118 12 14 1 0
308 98 7 10 1 0
803 52 2 4 1 1
718 39 3 3 1 1
1089 169 18 18 2 0
1088 9 2 4 1 1
271 60 7 10 1 1
968 54 2 4 1 1
1235 62 8 12 1 0
1234 58 8 12 1 0
172 118 26 30 2 0
1123 60 2 4 1 1
1127 3 2 4 1 1
1004 58 2 4 1 1
1197 55 2 4 1 1
914 77 2 4 1 1
417 103 5 6 1 1
1032 96 5 7 1 1
909 204 6 7 1 0
424 88 5 6 1 1
607 194 6 8 1 0
793 16 2 4 1 1
794 14 2 4 1 1
976 126 5 7 1 0
647 83 3 4 1 0
754 48 3 4 1 1
1170 88 5 7 1 0
966 188 15 15 1 0
1081 62 2 4 1 1
978 55 2 4 1 1
903 79 2 4 1 1
1192 22 2 4 1 1
1240 28 8 12 1 1
822 22 2 4 1 1
834 52 2 4 1 1
1014 91 5 7 1 1
771 216 6 7 1 0
1197 14 2 4 1 1
992 16 2 4 1 1
1325 27 8 12 1 0
343 34 5 6 1 1
524 129 3 4 1 0
745 9 3 3 1 1
794 3 2 4 1 1
849 42 2 4 1 1
873 188 6 7 1 0
1065 75 5 7 1 1
1241 43 8 12 1 0
283 89 7 10 1 1
890 11 2 4 1 1
1025 14 2 4 1 1
929 55 2 4 1 1
917 42 2 4 1 1
56 41 7 10 1 0
916 21 2 4 1 1
395 226 39 54 1 0
402 105 5 6 1 0
544 137 6 8 1 0
1134 64 2 4 1 1
714 204 6 7 1 0
886 35 2 4 1 1
745 73 3 4 1 0
867 218 6 7 1 0
936 145 5 7 1 0
936 61 2 4 1 1
162 24 7 10 1 1
522 171 6 8 1 0
919 7 2 4 1 1
621 58 3 4 1 0
1369 43 8 12 1 0
308 32 7 10 1 1
833 12 2 4 1 1
197 11 7 10 1 1
968 10 2 4 1 1
177 56 7 10 1 0
963 5 2 4 1 1
1013 16 2 4 1 1
930 65 2 4 1 1
917 198 6 7 1 0
273 49 7 10 1 1
32 11 7 10 1 1
1257 27 8 12 1 1
1282 101 19 28 2 0
210 35 7 10 1 1
449 120 5 6 1 1
644 199 6 8 1 0
357 32 5 6 1 1
787 49 2 4 1 1
1019 77 5 7 1 1
697 230 37 40 2 0
905 41 2 4 1 1
306 77 7 10 1 1
928 25 2 4 1 1
886 56 2 4 1 1
292 68 7 10 1 1
457 109 5 6 1 1
731 72 3 4 1 0
1109 89 5 7 1 0
226 130 12 14 1 0
150 9 7 10 1 1
1095 66 5 7 1 1
899 80 2 4 1 1
1096 29 2 4 1 1
750 1 3 3 1 1
884 32 2 4 1 1
963 137 5 7 1 0
930 86 2 4 1 0
1088 70 5 7 1 1
974 75 5 7 1 1
1102 20 2 4 1 1
347 26 5 6 1 1
538 163 6 8 1 0
705 9 3 3 1 1
1159 74 5 7 1 0
1022 80 5 7 1 1
948 28 2 4 1 1
1089 54 2 4 1 1
1161 7 2 4 1 1
406 116 5 6 1 0
1039 4 2 4 1 1
782 61 2 4 1 1
966 3 2 4 1 1
324 82 7 10 1 1
403 66 5 6 1 1
1086 33 2 4 1 1
588 162 6 8 1 0
451 108 5 6 1 1
1042 103 5 7 1 0
835 63 2 4 1 1
1388 61 8 12 1 0
706 94 3 4 1 0
169 19 7 10 1 1
768 29 2 4 1 1
662 28 3 3 1 1
751 18 3 3 1 1
367 37 5 6 1 1
936 37 2 4 1 1
1015 26 2 4 1 1
524 140 6 8 1 0
1110 108 5 7 1 0
133 137 26 30 2 0
534 165 6 8 1 0
343 82 5 6 1 1
1006 186 18 18 2 0
887 66 2 4 1 1
430 81 5 6 1 1
1169 26 2 4 1 1
789 67 2 4 1 1
352 103 5 6 1 0
131 32 7 10 1 1
1166 40 2 4 1 1
189 26 7 10 1 1
1482 12 8 12 1 0
1180 40 2 4 1 1
1136 21 2 4 1 1
391 45 5 6 1 1
1144 38 2 4 1 1
1398 30 8 12 1 0
927 6 2 4 1 1
808 40 2 4 1 1
188 32 7 10 1 1
952 22 2 4 1 1
712 197 6 7 1 0
787 27 2 4 1 1
208 122 26 30 2 0
1017 6 2 4 1 1
844 66 2 4 1 1
1003 25 2 4 1 1
139 68 7 10 1 0
368 215 39 54 1 0
853 7 2 4 1 1
948 63 2 4 1 1
236 22 7 10 1 1
50 13 7 10 1 1
983 41 2 4 1 1
585 199 6 8 1 0
817 48 2 4 1 1
318 29 7 10 1 1
879 60 2 4 1 1
893 72 2 4 1 1
932 13 2 4 1 1
628 208 6 8 1 0
1375 39 8 12 1 0
994 60 2 4 1 1
570 56 3 4 1 0
134 90 7 10 1 0
1201 13 2 4 1 1
1112 2 2 4 1 1
816 214 6 7 1 0
361 86 5 6 1 1
613 183 6 8 1 0
462 103 5 6 1 1
1056 86 5 7 1 1
867 39 2 4 1 1
399 85 5 6 1 1
1066 18 2 4 1 1
1277 5 8 12 1 1
762 44 3 4 1 1
1003 112 5 7 1 0
383 60 5 6 1 1
1043 15 2 4 1 1
1159 37 2 4 1 1
1120 63 2 4 1 1
406 7 5 6 1 1
242 35 7 10 1 1
834 195 6 7 1 0
1140 57 2 4 1 1
133 54 7 10 1 0
325 60 5 7 1 1
790 21 2 4 1 1
1146 43 2 4 1 1
1112 22 2 4 1 1
1050 14 2 4 1 1
1238 81 8 12 1 0
1075 58 2 4 1 1
1079 11 2 4 1 1
1018 28 2 4 1 1
1108 172 18 18 1 0
847 25 2 4 1 1
833 57 2 4 1 1
1404 34 8 12 1 0
488 157 6 8 1 0
696 77 3 4 1 0
942 1 2 4 1 1
834 44 2 4 1 1
445 125 12 14 2 0
1014 116 5 7 1 0
677 215 6 8 1 0
1098 52 2 4 1 1
254 45 7 10 1 1
260 76 7 10 1 1
1127 31 2 4 1 1
1062 158 18 18 1 0
927 179 6 7 1 0
1226 32 2 4 1 1
996 15 2 4 1 1
528 59 3 4 1 0
801 18 2 4 1 1
576 160 6 8 1 0
265 69 7 10 1 1
1182 8 2 4 1 1
552 153 6 8 1 0
1021 15 2 4 1 1
355 28 5 6 1 1
874 54 2 4 1 1
459 115 5 6 1 1
203 68 7 10 1 1
995 67 5 7 1 1
376 116 5 6 1 0
1153 22 2 4 1 1
1277 41 8 12 1 0
261 83 7 10 1 1
990 27 2 4 1 1
1113 36 2 4 1 1
319 35 7 10 1 1
829 11 2 4 1 1
970 14 2 4 1 1
661 25 3 3 1 1
971 62 2 4 1 1
796 64 2 4 1 1
386 61 5 6 1 1
1285 186 63 76 1 0
1201 10 2 4 1 1
370 106 5 6 1 0
1405 45 8 12 1 0
711 92 3 4 1 0
948 70 2 4 1 1
978 135 5 7 1 0
390 88 5 6 1 1
156 83 7 10 1 0
830 68 2 4 1 1
664 7 3 3 1 1
180 18 7 10 1 1
685 78 3 4 1 0
1152 64 2 4 1 1
445 79 5 6 1 0
646 27 3 3 1 1
1086 40 2 4 1 1
922 28 2 4 1 1
573 186 6 8 1 0
1024 168 18 18 2 0
393 69 5 6 1 1
1067 141 5 7 1 0
746 37 3 3 1 1
1321 44 8 12 1 0
239 167 12 14 1 0
286 26 7 10 1 1
812 41 2 4 1 1
309 26 7 10 1 1
477 125 5 6 1 0
337 20 5 6 1 1
616 20 3 3 1 1
1273 32 8 12 1 1
896 57 2 4 1 1
309 51 7 10 1 1
881 33 2 4 1 1
964 45 2 4 1 1
1045 100 5 7 1 1
797 40 2 4 1 1
1267 12 8 12 1 1
451 81 5 6 1 0
825 40 2 4 1 1
370 39 5 6 1 1
931 37 2 4 1 1
956 36 2 4 1 1
584 60 3 4 1 0
172 147 26 30 1 0
856 71 2 4 1 1
879 190 6 7 1 0
64 8 7 10 1 1
1230 9 6 10 1 1
425 196 12 14 2 0
990 159 18 18 1 0
284 32 7 10 1 1
1099 74 5 7 1 1
826 47 2 4 1 1
165 3 7 10 1 1
884 60 2 4 1 1
968 84 2 4 1 1
1120 13 2 4 1 1
311 47 7 10 1 1
1035 3 2 4 1 1
985 124 5 7 1 0
949 4 2 4 1 1
244 58 7 10 1 1
448 91 5 6 1 1
1027 8 2 4 1 1
505 178 6 8 1 0
236 213 39 54 1 0
446 105 5 6 1 1
995 116 5 7 1 0
776 23 2 4 1 1
754 52 3 4 1 1
1022 69 5 7 1 1
1045 44 2 4 1 1
548 168 6 8 1 0
844 19 2 4 1 1
284 216 39 54 1 0
707 76 3 4 1 0
1063 83 5 7 1 1
905 1 2 4 1 1
1337 10 8 12 1 1
1155 33 2 4 1 1
1302 2 8 12 1 1
888 33 2 4 1 1
940 29 2 4 1 1
1047 78 5 7 1 1
511 100 3 4 1 1
1261 99 19 28 2 0
76 9 7 10 1 1
1205 11 2 4 1 1
875 36 2 4 1 1
875 62 2 4 1 1
836 67 2 4 1 1
1084 92 5 7 1 0
828 26 2 4 1 1
590 187 6 8 1 0
721 40 3 3 1 1
688 36 3 3 1 1
1193 8 2 4 1 1
141 3 7 10 1 1
1221 29 2 4 1 1
656 53 3 4 1 0
842 72 2 4 1 1
1105 9 2 4 1 1
1028 122 5 7 1 0
881 196 6 7 1 0
1094 202 18 18 1 0
1105 36 2 4 1 1
267 64 7 10 1 1
896 71 2 4 1 1
468 131 5 6 1 0
235 139 12 14 1 0
705 202 6 7 1 0
543 179 6 8 1 0
27 14 7 10 1 1
1166 216 18 18 1 0
442 179 12 14 1 0
436 91 5 6 1 1
800 1 2 4 1 1
1099 122 5 7 1 0
290 2 7 10 1 1
1083 27 2 4 1 1
328 181 12 14 1 0
931 47 2 4 1 1
1163 55 2 4 1 1
774 51 2 4 1 1
1207 1 2 4 1 1
1009 21 2 4 1 1
515 149 6 8 1 0
1051 24 2 4 1 1
951 56 2 4 1 1
1092 286 53 72 1 0
816 45 2 4 1 1
408 173 12 14 1 0
465 221 39 54 2 0
1258 19 8 12 1 1
412 119 12 14 1 1
745 13 3 3 1 1
603 21 3 3 1 1
355 68 5 6 1 1
811 69 2 4 1 1
767 56 2 4 1 0
725 24 3 3 1 1
1053 73 5 7 1 1
537 147 6 8 1 0
857 31 2 4 1 1
331 119 12 14 2 0
622 6 3 3 1 1
727 38 3 3 1 1
974 58 2 4 1 1
598 59 3 4 1 0
1121 79 5 7 1 0
1218 12 2 4 1 1
708 33 3 3 1 1
973 54 2 4 1 1
1291 24 8 12 1 1
1130 63 2 4 1 1
824 219 6 7 1 0
556 160 6 8 1 0
978 28 2 4 1 1
826 62 2 4 1 1
428 103 5 6 1 1
289 73 7 10 1 1
802 73 2 4 1 1
849 9 2 4 1 1
1062 122 5 7 1 0
807 55 2 4 1 1
997 102 5 7 1 0
301 6 7 10 1 1
895 34 2 4 1 1
682 9 3 3 1 1
583 55 3 4 1 0
822 29 2 4 1 1
866 46 2 4 1 1
1100 61 2 4 1 1
967 14 2 4 1 1
273 55 7 10 1 1
360 2 5 6 1 1
328 135 12 14 1 0
444 94 5 6 1 1
1033 38 2 4 1 1
163 64 7 10 1 0
301 21 7 10 1 1
97 112 26 30 1 0
298 32 7 10 1 1
1243 48 8 12 1 0
748 84 3 4 1 0
919 85 2 4 1 0
366 97 5 6 1 0
845 190 6 7 1 0
938 79 2 4 1 1
1147 76 5 7 1 1
849 209 6 7 1 0
1267 122 19 28 1 0
328 77 5 6 1 1
1191 119 5 7 1 0
1018 17 2 4 1 1
607 184 6 8 1 0
22 19 7 10 1 1
610 69 3 4 1 0
987 129 5 7 1 0
622 192 6 8 1 0
807 191 6 7 1 0
750 22 3 3 1 1
829 230 37 40 2 0
802 198 6 7 1 0
1327 167 63 76 1 0
601 69 3 4 1 0
217 29 7 10 1 1
914 74 2 4 1 1
1235 13 8 12 1 1
927 223 6 7 1 0
968 22 2 4 1 1
899 83 2 4 1 1
728 90 3 4 1 0
911 85 2 4 1 0
866 57 2 4 1 1
1236 28 8 12 1 1
851 24 2 4 1 1
915 242 13 15 1 0
767 50 2 4 1 1
394 10 5 6 1 1
1094 43 2 4 1 1
296 38 7 10 1 1
422 82 5 6 1 1
1015 185 18 18 2 0
1044 53 2 4 1 1
520 66 3 4 1 0
1013 73 5 7 1 1
1171 47 2 4 1 1
477 119 5 6 1 1
461 152 6 8 1 0
1071 100 5 7 1 1
1015 33 2 4 1 1
640 51 3 4 1 0
398 40 5 6 1 1
626 53 3 4 1 0
1114 30 2 4 1 1
427 89 5 6 1 1
747 18 3 3 1 1
453 187 6 8 1 0
1326 72 8 12 1 0
1001 161 18 18 2 0
495 131 5 6 1 0
935 89 2 4 1 0
844 49 2 4 1 1
464 176 6 8 1 0
916 69 2 4 1 1
350 62 5 6 1 1
1230 45 8 12 1 0
956 53 2 4 1 1
1031 129 5 7 1 0
668 82 3 4 1 0
578 208 6 8 1 0
831 31 2 4 1 1
527 97 3 4 1 0
201 70 7 10 1 1
435 111 5 6 1 1
745 25 3 3 1 1
126 2 7 10 1 1
1214 10 2 4 1 1
461 162 6 8 1 0
1061 4 2 4 1 1
1119 50 2 4 1 1
790 43 2 4 1 1
939 4 2 4 1 1
429 194 12 14 2 0
643 16 3 3 1 1
327 16 6 9 1 1
817 54 2 4 1 1
250 42 7 10 1 1
1038 181 18 18 2 0
963 25 2 4 1 1
892 41 2 4 1 1
1117 38 2 4 1 1
1242 104 19 28 2 0
610 87 3 4 1 0
766 21 2 4 1 1
195 23 7 10 1 1
359 82 5 6 1 1
630 199 6 8 1 0
725 31 3 3 1 1
1173 27 2 4 1 1
316 15 7 10 1 1
1093 145 5 7 1 0
592 56 3 4 1 0
331 152 12 14 1 0
1306 146 19 28 1 0
672 210 6 8 1 0
764 38 3 3 1 1
1191 42 2 4 1 1
885 53 2 4 1 1
420 151 12 14 2 0
1014 12 2 4 1 1
857 42 2 4 1 1
201 112 26 30 2 0
175 31 7 10 1 1
391 52 5 6 1 1
508 144 6 8 1 0
206 66 7 10 1 1
770 12 2 4 1 1
713 15 3 3 1 1
641 224 37 40 2 0
501 160 6 8 1 0
674 15 3 3 1 1
1209 21 2 4 1 1
424 115 5 6 1 1
484 128 5 6 1 0
469 169 6 8 1 0
1106 69 5 7 1 1
473 115 5 6 1 1
1080 46 2 4 1 1
666 51 3 4 1 0
307 67 7 10 1 1
1447 41 8 12 1 0
748 57 3 4 1 0
922 16 2 4 1 1
1018 59 2 4 1 1
551 197 6 8 1 0
911 43 2 4 1 1
978 174 18 18 2 0
515 180 6 8 1 0
161 27 7 10 1 1
865 222 37 40 2 0
493 121 5 6 1 1
664 23 3 3 1 1
1090 64 2 4 1 1
355 49 5 6 1 1
496 141 6 8 1 0
207 18 7 10 1 1
979 24 2 4 1 1
1100 82 5 7 1 0
1063 50 2 4 1 1
843 27 2 4 1 1
1081 67 5 7 1 1
303 146 12 14 1 0
1102 45 2 4 1 1
1352 114 19 28 1 0
755 44 3 4 1 1
1169 35 2 4 1 1
507 206 39 54 2 0
283 101 7 10 1 0
512 160 6 8 1 0
1096 32 2 4 1 1
285 114 7 10 1 0
269 119 12 14 1 0
1231 138 19 28 2 0
222 86 7 10 1 1
1239 2 8 12 1 1
1294 94 13 20 1 0
524 197 39 54 2 0
557 203 6 8 1 0
910 10 2 4 1 1
891 235 29 31 2 0
847 4 2 4 1 1
253 112 7 10 1 0
821 72 2 4 1 1
917 82 2 4 1 1
351 37 5 6 1 1
54 50 7 10 1 0
991 12 2 4 1 1
887 4 2 4 1 1
933 22 2 4 1 1
503 129 3 4 1 0
1097 47 2 4 1 1
982 7 2 4 1 1
942 169 6 7 1 0
283 94 7 10 1 0
1415 9 8 12 1 0
1054 4 2 4 1 1
992 109 5 7 1 0
649 14 3 3 1 1
1091 16 2 4 1 1
244 14 7 10 1 1
185 47 7 10 1 1
1104 65 5 7 1 1
140 25 7 10 1 1
183 11 7 10 1 1
664 191 6 8 1 0
852 56 2 4 1 1
240 5 7 10 1 1
1190 27 2 4 1 1
150 38 7 10 1 0
1153 9 2 4 1 1
1164 35 2 4 1 1
870 36 2 4 1 1
991 48 2 4 1 1
171 4 7 10 1 1
850 224 37 40 2 0
1107 63 2 4 1 1
732 41 3 3 1 1
192 78 7 10 1 0
574 181 6 8 1 0
423 56 5 6 1 1
1237 5 8 12 1 1
1067 174 18 18 1 0
389 37 5 6 1 1
1220 21 2 4 1 1
948 15 2 4 1 1
793 56 2 4 1 0
295 131 12 14 2 0
810 224 37 40 2 0
551 178 6 8 1 0
67 34 7 10 1 0
495 199 39 54 2 0
908 186 6 7 1 0
1011 96 5 7 1 1
745 28 3 3 1 1
916 30 2 4 1 1
999 70 5 7 1 1
834 61 2 4 1 1
392 93 5 6 1 1
1235 103 19 28 2 0
488 118 5 6 1 1
967 49 2 4 1 1
1016 2 2 4 1 1
856 15 2 4 1 1
1440 23 8 12 1 0
635 13 3 3 1 1
222 11 7 10 1 1
400 2 5 6 1 1
261 40 7 10 1 1
296 174 12 14 1 0
793 20 2 4 1 1
1047 9 2 4 1 1
229 23 7 10 1 1
247 31 7 10 1 1
406 138 12 14 2 0
868 10 2 4 1 1
917 25 2 4 1 1
877 12 2 4 1 1
829 201 6 7 1 0
1084 21 2 4 1 1
1159 79 5 7 1 0
826 189 6 7 1 0
954 13 2 4 1 1
739 198 6 7 1 0
1000 37 2 4 1 1
1029 99 5 7 1 1
440 158 12 14 1 0
815 193 6 7 1 0
651 54 3 4 1 0
1072 44 2 4 1 1
972 141 5 7 1 0
258 4 7 10 1 1
263 4 7 10 1 1
759 8 3 3 1 1
1009 110 5 7 1 0
1314 6 8 12 1 1
1049 4 2 4 1 1
992 205 18 18 1 0
374 65 5 6 1 1
869 55 2 4 1 1
1129 102 5 7 1 0
1123 108 5 7 1 0
873 11 2 4 1 1
203 9 7 10 1 1
722 91 3 4 1 0
1175 29 2 4 1 1
1061 95 5 7 1 1
234 69 7 10 1 1
824 54 2 4 1 1
166 11 7 10 1 1
1202 129 5 7 1 0
889 27 2 4 1 1
1327 43 8 12 1 0
380 130 12 14 2 0
812 29 2 4 1 1
1278 31 8 12 1 1
154 54 7 10 1 0
831 72 2 4 1 1
466 118 5 6 1 1
437 74 5 6 1 1
519 217 39 54 2 0
983 11 2 4 1 1
188 7 7 10 1 1
518 193 6 8 1 0
997 25 2 4 1 1
416 77 5 6 1 1
364 150 12 14 1 0
460 8 4 4 1 1
974 78 5 7 1 1
519 4 3 3 1 1
1195 2 2 4 1 1
1303 33 8 12 1 1
913 33 2 4 1 1
255 157 12 14 1 0
1149 93 5 7 1 0
1213 15 2 4 1 1
635 196 6 8 1 0
88 10 7 10 1 1
617 221 37 40 2 0
850 28 2 4 1 1
287 9 7 10 1 1
368 91 5 6 1 0
979 123 5 7 1 0
759 21 3 3 1 1
641 214 6 8 1 0
1196 40 2 4 1 1
986 24 2 4 1 1
408 98 5 6 1 0
788 46 2 4 1 1
182 51 7 10 1 1
792 60 2 4 1 1
1233 51 8 12 1 0
962 55 2 4 1 1
71 10 7 10 1 1
192 12 7 10 1 1
812 51 2 4 1 1
911 80 2 4 1 1
479 150 6 8 1 0
1128 41 2 4 1 1
1449 53 8 12 1 0
1251 4 8 12 1 1
477 161 6 8 1 0
362 141 12 14 1 0
888 71 2 4 1 1
223 5 7 10 1 1
293 56 7 10 1 1
306 44 7 10 1 1
1308 68 8 12 1 0
905 20 2 4 1 1
995 78 5 7 1 1
632 17 3 3 1 1
1105 143 5 7 1 0
118 3 7 10 1 1
522 163 6 8 1 0
882 2 2 4 1 1
946 189 6 7 1 0
861 189 6 7 1 0
873 71 2 4 1 1
218 13 7 10 1 1
897 26 2 4 1 1
1136 34 2 4 1 1
402 88 5 6 1 1
198 168 26 30 1 0
955 214 20 26 1 0
763 52 2 4 1 1
785 2 2 4 1 1
277 41 7 10 1 1
577 62 3 4 1 0
367 76 5 6 1 1
342 136 12 14 1 0
1213 80 5 7 1 0
212 103 7 10 1 0
408 66 5 6 1 1
140 76 7 10 1 0
1200 7 2 4 1 1
836 3 2 4 1 1
1120 86 5 7 1 0
274 22 7 10 1 1
1168 20 2 4 1 1
448 161 6 8 1 0
1003 65 5 7 1 1
1070 79 5 7 1 1
1440 73 8 12 1 0
1120 161 18 18 1 0
81 92 7 10 1 0
1156 42 2 4 1 1
418 157 12 14 2 0
1155 40 2 4 1 1
995 48 2 4 1 1
1050 116 5 7 1 0
988 142 5 7 1 0
858 52 2 4 1 1
911 52 2 4 1 1
980 51 2 4 1 1
968 79 2 4 1 1
468 8 3 3 1 1
1073 28 2 4 1 1
577 220 6 8 1 0
795 31 2 4 1 1
563 58 3 4 1 0
978 217 53 72 2 0
1277 18 8 12 1 1
1123 46 2 4 1 1
1206 16 2 4 1 1
103 83 7 10 1 0
47 65 7 10 1 0
914 215 6 7 1 0
1210 141 19 28 1 0
767 47 2 4 1 1
971 129 5 7 1 0
350 131 12 14 1 0
1001 22 2 4 1 1
634 28 3 3 1 1
698 9 3 3 1 1
1047 40 2 4 1 1
545 209 39 54 2 0
436 69 5 6 1 1
409 77 5 6 1 1
958 23 2 4 1 1
978 205 18 18 1 0
310 113 7 10 1 0
455 17 5 6 1 1
870 303 37 40 1 0
998 175 18 18 1 0
224 44 7 10 1 1
512 61 3 4 1 0
540 238 39 54 2 0
855 45 2 4 1 1
41 10 7 10 1 1
1057 5 2 4 1 1
882 50 2 4 1 1
1437 14 8 12 1 0
688 205 6 7 1 0
459 133 6 8 1 0
781 11 2 4 1 1
974 47 2 4 1 1
365 173 12 14 1 0
713 38 3 3 1 1
398 13 5 6 1 1
1119 18 2 4 1 1
836 37 2 4 1 1
151 2 7 10 1 1
1077 43 2 4 1 1
867 212 6 7 1 0
999 88 5 7 1 1
1031 26 2 4 1 1
658 24 3 3 1 1
616 196 6 8 1 0
798 208 6 7 1 0
776 7 2 4 1 1
1286 7 8 12 1 1
756 14 3 3 1 1
513 64 3 4 1 0
600 210 6 8 1 0
935 32 2 4 1 1
889 59 2 4 1 1
1035 78 5 7 1 1
472 134 6 8 1 0
1121 72 5 7 1 1
1247 23 8 12 1 1
945 37 2 4 1 1
745 5 3 3 1 1
1162 34 2 4 1 1
1023 111 5 7 1 0
526 136 6 8 1 0
896 76 2 4 1 1
1275 107 19 28 2 0
1152 36 2 4 1 1
1037 11 2 4 1 1
1175 8 2 4 1 1
564 9 3 3 1 1
432 177 12 14 1 0
1190 14 2 4 1 1
379 155 12 14 1 0
1273 94 13 20 1 0
619 207 6 8 1 0
229 105 7 10 1 0
1315 47 8 12 1 0
1000 9 2 4 1 1
1429 12 8 12 1 0
1057 141 5 7 1 0
1032 71 5 7 1 1
1230 18 8 12 2 1
1052 50 2 4 1 1
608 206 6 8 1 0
208 88 7 10 1 1
939 35 2 4 1 1
324 8 7 10 1 1
703 205 6 7 1 0
382 171 12 14 1 0
1035 57 2 4 1 1
212 17 7 10 1 1
1154 16 2 4 1 1
837 60 2 4 1 1
395 169 12 14 1 0
388 33 5 6 1 1
270 26 7 10 1 1
576 57 3 4 1 0
413 181 12 14 1 0
619 54 3 4 1 0
517 6 3 3 1 1
1041 91 5 7 1 1
1112 66 5 7 1 1
483 217 39 54 2 0
1272 71 8 12 1 0
978 165 18 18 2 0
517 126 3 4 1 0
974 63 2 4 1 1
1015 100 5 7 1 1
913 158 6 7 1 0
1214 46 2 4 1 0
1113 7 2 4 1 1
693 219 6 7 1 0
307 38 7 10 1 1
382 68 5 6 1 1
398 26 5 6 1 1
1192 62 2 4 1 0
987 66 5 7 1 1
1267 23 8 12 1 1
158 1 7 10 1 0
1087 79 5 7 1 1
1250 114 19 28 1 0
930 90 2 4 1 0
1075 97 5 7 1 0
1260 8 8 12 1 1
808 65 2 4 1 1
1201 16 2 4 1 1
477 137 6 8 1 0
1066 104 5 7 1 0
376 41 5 6 1 1
1228 39 8 12 1 0
867 77 2 4 1 1
840 5 2 4 1 1
875 26 2 4 1 1
1023 22 2 4 1 1
348 98 5 6 1 0
290 19 7 10 1 1
512 193 6 8 1 0
941 45 2 4 1 1
162 38 7 10 1 1
420 88 5 6 1 1
226 86 7 10 1 1
297 117 12 14 1 0
1053 14 2 4 1 1
350 140 12 14 1 0
1087 17 2 4 1 1
662 198 6 8 1 0
418 73 5 6 1 1
840 12 2 4 1 1
492 138 6 8 1 0
1058 40 2 4 1 1
621 178 6 8 1 0
396 155 12 14 2 0
410 143 12 14 2 0
815 23 2 4 1 1
864 60 2 4 1 1
99 25 7 10 1 1
676 23 3 3 1 1
860 18 2 4 1 1
640 55 3 4 1 0
402 152 12 14 2 0
1003 72 5 7 1 1
1009 180 18 18 2 0
286 87 7 10 1 1
956 145 8 9 1 0
1008 121 5 7 1 0
642 247 37 40 2 0
205 284 39 54 1 0
735 36 3 3 1 1
471 110 5 6 1 1
1092 27 2 4 1 1
808 20 2 4 1 1
1023 60 2 4 1 1
467 97 5 6 1 1
749 36 3 3 1 1
1102 54 2 4 1 1
1051 67 5 7 1 1
1043 49 2 4 1 1
1439 191 63 76 2 0
978 62 2 4 1 1
609 19 3 3 1 1
1111 125 5 7 1 0
480 112 5 6 1 1
1041 86 5 7 1 1
1239 38 8 12 1 1
812 59 2 4 1 1
1057 72 5 7 1 1
841 41 2 4 1 1
6 25 7 10 1 0
1073 85 5 7 1 1
1099 40 2 4 1 1
550 96 3 4 1 0
594 90 3 4 1 0
1397 6 8 12 1 0
1043 24 2 4 1 1
29 23 7 10 1 1
470 102 5 6 1 1
497 118 5 6 1 1
925 65 2 4 1 1
1129 5 2 4 1 1
1188 21 2 4 1 1
1004 93 5 7 1 1
1117 42 2 4 1 1
1153 83 5 7 1 0
1130 137 5 7 1 0
1003 14 2 4 1 1
820 59 2 4 1 1
995 85 5 7 1 1
1164 117 5 7 1 0
1141 82 5 7 1 0
1285 22 8 12 1 1
1186 1 2 4 1 1
775 32 2 4 1 1
328 88 5 6 1 1
1399 38 8 12 1 0
836 43 2 4 1 1
474 125 5 6 1 0
345 53 5 6 1 1
657 82 3 4 1 0
1250 133 19 28 1 0
810 51 2 4 1 1
835 208 6 7 1 0
1151 46 2 4 1 1
440 113 5 6 1 1
632 187 6 8 1 0
1171 22 2 4 1 1
1228 108 19 28 2 0
1025 193 18 18 1 0
500 146 6 8 1 0
849 195 6 7 1 0
1146 37 2 4 1 1
789 3 2 4 1 1
814 36 2 4 1 1
748 52 3 4 1 1
892 52 2 4 1 1
596 53 3 4 1 0
372 111 5 6 1 0
1106 104 5 7 1 0
797 36 2 4 1 1
1067 42 2 4 1 1
841 185 6 7 1 0
972 33 2 4 1 1
641 28 3 3 1 1
395 101 5 6 1 0
404 43 5 6 1 1
927 18 2 4 1 1
838 6 2 4 1 1
931 73 2 4 1 1
903 181 6 7 1 0
420 99 5 6 1 1
1010 10 2 4 1 1
595 69 3 4 1 0
933 212 6 7 1 0
775 55 2 4 1 0
680 200 6 7 1 0
1205 36 2 4 1 1
784 195 6 7 1 0
1376 6 8 12 1 1
420 118 12 14 1 1
626 57 3 4 1 0
239 103 7 10 1 0
1330 64 8 12 1 0
697 197 6 7 1 0
350 43 5 6 1 1
961 12 2 4 1 1
1214 66 5 7 1 0
854 51 2 4 1 1
1435 95 10 16 1 0
211 96 7 10 1 0
992 94 5 7 1 1
1039 48 2 4 1 1
1197 18 2 4 1 1
998 58 2 4 1 1
676 198 6 8 1 0
482 1 3 3 1 1
1162 69 5 7 1 0
553 172 6 8 1 0
987 36 2 4 1 1
199 40 7 10 1 1
1054 107 5 7 1 0
1039 45 2 4 1 1
132 14 7 10 1 1
849 67 2 4 1 1
306 198 39 54 1 0
1079 51 2 4 1 1
1124 49 2 4 1 1
843 202 6 7 1 0
1179 5 2 4 1 1
995 35 2 4 1 1
1164 63 2 4 1 0
916 54 2 4 1 1
1067 70 5 7 1 1
573 233 22 27 1 0
247 19 7 10 1 1
1224 23 2 4 1 1
114 3 7 10 1 1
772 59 2 4 1 1
1386 11 8 12 1 1
598 200 6 8 1 0
1164 58 2 4 1 1
322 49 7 10 1 1
1435 33 8 12 1 0
290 120 12 14 1 0
612 189 6 8 1 0
666 224 37 40 2 0
893 66 2 4 1 1
1062 13 2 4 1 1
394 60 5 6 1 1
218 112 26 30 2 0
336 61 5 6 1 1
790 10 2 4 1 1
318 42 7 10 1 1
768 35 2 4 1 1
515 135 6 8 1 0
823 65 2 4 1 1
371 63 5 6 1 1
876 52 2 4 1 1
1170 59 2 4 1 1
463 13 4 4 1 1
392 78 5 6 1 1
420 177 12 14 1 0
1228 17 8 12 2 1
303 113 7 10 1 0
1097 35 2 4 1 1
322 55 7 10 1 1
1274 40 8 12 1 0
975 7 2 4 1 1
650 52 3 4 1 0
683 209 6 7 1 0
1129 14 2 4 1 1
966 57 2 4 1 1
1099 156 18 18 1 0
554 62 3 4 1 0
1054 171 18 18 1 0
1020 11 2 4 1 1
867 18 2 4 1 1
346 84 5 6 1 1
604 226 37 40 2 0
1173 79 5 7 1 0
987 45 2 4 1 1
818 38 2 4 1 1
924 30 2 4 1 1
1035 115 5 7 1 0
553 58 3 4 1 0
1058 68 5 7 1 1
241 119 12 14 1 0
463 109 5 6 1 1
882 20 2 4 1 1
947 77 2 4 1 1
908 54 2 4 1 1
161 114 26 30 2 0
1143 78 5 7 1 0
464 114 5 6 1 1
897 15 2 4 1 1
268 13 7 10 1 1
400 129 12 14 2 0
1197 9 2 4 1 1
436 150 12 14 2 0
311 61 7 10 1 0
288 21 7 10 1 1
860 54 2 4 1 1
913 20 2 4 1 1
991 33 2 4 1 1
1008 73 5 7 1 1
1274 55 8 12 1 0
216 125 26 30 2 0
1170 9 2 4 1 1
1111 148 18 18 1 0
1171 55 2 4 1 1
347 88 5 6 1 1
1015 49 2 4 1 1
341 28 5 6 1 1
433 69 5 6 1 1
995 32 2 4 1 1
425 152 12 14 2 0
754 29 3 3 1 1
456 119 5 6 1 1
857 48 2 4 1 1
976 15 2 4 1 1
570 62 3 4 1 0
840 29 2 4 1 1
310 15 7 10 1 1
294 137 12 14 2 0
920 71 2 4 1 1
1087 62 2 4 1 1
645 8 3 3 1 1
326 67 5 7 1 1
1105 42 2 4 1 1
886 82 2 4 1 1
786 22 2 4 1 1
420 110 5 6 1 1
1328 3 8 12 1 1
952 183 12 12 1 0
484 117 5 6 1 1
788 61 2 4 1 1
975 43 2 4 1 1
928 41 2 4 1 1
1105 28 2 4 1 1
1369 21 8 12 1 0
1144 55 2 4 1 1
834 189 6 7 1 0
1039 164 18 18 1 0
1218 97 2 4 1 0
1068 49 2 4 1 1
918 59 2 4 1 1
1395 46 8 12 1 0
803 45 2 4 1 1
1345 24 8 12 1 0
246 132 12 14 1 0
402 51 5 6 1 1
788 17 2 4 1 1
1210 28 2 4 1 1
375 45 5 6 1 1
487 136 6 8 1 0
967 18 2 4 1 1
1152 40 2 4 1 1
154 8 7 10 1 1
556 167 6 8 1 0
779 4 2 4 1 1
1196 25 2 4 1 1
141 61 7 10 1 0
480 141 6 8 1 0
168 38 7 10 1 1
1161 55 2 4 1 1
504 123 3 4 1 1
691 197 6 7 1 0
819 63 2 4 1 1
754 35 3 3 1 1
909 75 2 4 1 1
1123 26 2 4 1 1
531 182 6 8 1 0
645 185 6 8 1 0
362 64 5 6 1 1
874 1 2 4 1 1
633 56 3 4 1 0
502 137 6 8 1 0
1001 45 2 4 1 1
1268 32 8 12 1 1
357 78 5 6 1 1
997 139 5 7 1 0
538 185 6 8 1 0
174 62 7 10 1 0
181 32 7 10 1 1
1238 153 19 28 1 0
1080 17 2 4 1 1
1008 33 2 4 1 1
497 63 5 6 1 0
1029 238 53 72 2 0
919 64 2 4 1 1
593 61 3 4 1 0
1303 65 8 12 1 0
941 21 2 4 1 1
1178 70 5 7 1 0
433 126 12 14 1 0
445 190 12 14 1 0
81 23 7 10 1 1
132 4 7 10 1 1
518 189 6 8 1 0
733 88 3 4 1 0
1137 146 5 7 1 0
103 19 7 10 1 1
1009 77 5 7 1 1
275 97 7 10 1 0
1237 17 8 12 1 1
974 11 2 4 1 1
388 102 5 6 1 0
528 65 3 4 1 0
1203 63 2 4 1 0
578 94 3 4 1 0
570 9 3 3 1 1
483 173 6 8 1 0
334 214 39 54 1 0
382 137 12 14 2 0
574 164 6 8 1 0
621 29 3 3 1 1
407 61 5 6 1 1
988 55 2 4 1 1
1193 17 2 4 1 1
1258 51 8 12 1 0
1001 122 5 7 1 0
413 195 12 14 1 0
1134 13 2 4 1 1
1045 32 2 4 1 1
902 47 2 4 1 1
1379 73 8 12 1 0
83 9 7 10 1 1
1010 48 2 4 1 1
875 33 2 4 1 1
307 85 7 10 1 1
999 63 2 4 1 1
774 48 2 4 1 1
329 114 5 6 1 0
1027 74 5 7 1 1
823 3 2 4 1 1
1187 29 2 4 1 1
947 22 2 4 1 1
881 42 2 4 1 1
1028 56 2 4 1 1
1358 61 8 12 1 0
122 129 26 30 2 0
725 37 3 3 1 1
943 5 2 4 1 1
770 53 2 4 1 1
106 97 7 10 1 0
638 86 3 4 1 0
294 49 7 10 1 1
195 70 7 10 1 1
1187 83 5 7 1 0
1302 80 8 12 1 0
887 173 6 7 1 0
748 47 3 4 1 1
1023 40 2 4 1 1
975 32 2 4 1 1
1096 14 2 4 1 1
907 29 2 4 1 1
647 11 3 3 1 1
497 152 6 8 1 0
850 36 2 4 1 1
520 133 6 8 1 0
388 108 5 6 1 0
607 247 37 40 2 0
209 9 7 10 1 1
418 153 12 14 2 0
388 79 5 6 1 1
218 155 26 30 1 0
512 121 3 4 1 1
510 134 6 8 1 0
910 40 2 4 1 1
953 28 2 4 1 1
794 23 2 4 1 1
565 95 3 4 1 0
568 252 21 24 1 0
424 141 12 14 1 0
1290 1 8 12 1 1
412 150 12 14 2 0
1042 76 5 7 1 1
395 98 5 6 1 0
805 50 2 4 1 1
980 2 2 4 1 1
1092 83 5 7 1 0
1210 40 2 4 1 1
995 72 5 7 1 1
859 67 2 4 1 1
486 122 5 6 1 1
762 16 3 3 1 1
1317 82 8 12 1 0
974 154 8 9 1 0
1247 87 8 12 1 0
763 9 3 3 1 1
351 68 5 6 1 1
1309 5 8 12 1 1
463 123 5 6 1 1
341 44 5 6 1 1
349 41 5 6 1 1
201 139 26 30 1 0
1150 134 5 7 1 0
1263 27 8 12 1 1
1058 76 5 7 1 1
959 71 2 4 1 1
1061 107 5 7 1 0
1308 17 8 12 1 1
1263 12 8 12 1 1
961 19 2 4 1 1
1185 16 2 4 1 1
175 77 7 10 1 0
308 71 7 10 1 0
322 153 12 14 1 0
333 166 12 14 1 0
690 209 6 7 1 0
705 25 3 3 1 1
1276 82 8 12 1 0
397 177 12 14 1 0
985 28 2 4 1 1
865 65 2 4 1 1
537 58 3 4 1 0
1015 214 18 18 1 0
404 132 12 14 2 0
1272 17 8 12 1 1
978 47 2 4 1 1
972 2 2 4 1 1
864 201 6 7 1 0
798 23 2 4 1 1
380 121 12 14 1 0
1030 44 2 4 1 1
976 1 2 4 1 1
1202 35 2 4 1 1
1145 21 2 4 1 1
867 3 2 4 1 1
860 3 2 4 1 1
1232 2 6 10 1 1
1163 18 2 4 1 1
1282 9 8 12 1 1
933 254 25 31 1 0
787 56 2 4 1 0
961 94 2 4 1 1
1131 54 2 4 1 1
605 58 3 4 1 0
445 114 5 6 1 1
871 61 2 4 1 1
332 46 5 6 1 1
1024 75 5 7 1 1
1210 190 63 76 1 0
805 208 6 7 1 0
758 36 3 3 1 1
1287 14 8 12 1 1
1032 58 2 4 1 1
326 25 6 8 1 1
501 125 3 4 1 0
739 38 3 3 1 1
1077 66 5 7 1 1
250 2 7 10 1 1
337 53 5 6 1 1
1136 56 2 4 1 1
225 2 7 10 1 1
1029 83 5 7 1 1
1117 67 5 7 1 1
454 199 39 54 2 0
530 213 39 54 2 0
1055 99 5 7 1 1
428 66 5 6 1 1
1267 64 8 12 1 0
968 60 2 4 1 1
1018 138 5 7 1 0
423 74 5 6 1 1
778 51 2 4 1 1
880 242 37 40 2 0
1270 80 8 12 1 0
445 131 12 14 2 0
1195 35 2 4 1 1
171 69 7 10 1 0
497 68 5 6 1 0
963 69 2 4 1 1
562 156 6 8 1 0
1027 93 5 7 1 1
1036 73 5 7 1 1
282 37 7 10 1 1
538 196 6 8 1 0
1130 25 2 4 1 1
1326 53 8 12 1 0
265 33 7 10 1 1
528 168 6 8 1 0
1046 179 18 18 2 0
1212 1 2 4 1 1
145 34 7 10 1 1
1214 62 2 4 1 0
388 139 12 14 2 0
466 124 5 6 1 0
1139 6 2 4 1 1
827 18 2 4 1 1
1133 126 5 7 1 0
1228 23 8 12 1 1
840 57 2 4 1 1
266 109 7 10 1 0
903 72 2 4 1 1
310 171 12 14 1 0
1109 49 2 4 1 1
231 149 12 14 1 0
999 30 2 4 1 1
824 12 2 4 1 1
933 28 2 4 1 1
492 114 5 6 1 1
793 52 2 4 1 1
826 70 2 4 1 1
685 222 37 40 2 0
982 24 2 4 1 1
136 34 7 10 1 1
1296 2 8 12 1 1
1296 32 8 12 1 1
315 138 12 14 1 0
1281 19 8 12 1 1
403 145 12 14 2 0
1187 14 2 4 1 1
1204 50 2 4 1 1
1053 81 5 7 1 1
339 37 5 6 1 1
654 28 3 3 1 1
1115 72 5 7 1 1
965 19 2 4 1 1
826 32 2 4 1 1
336 118 12 14 2 0
861 40 2 4 1 1
419 5 5 6 1 1
188 16 7 10 1 1
1123 75 5 7 1 1
55 10 7 10 1 1
1250 15 8 12 1 1
1348 33 8 12 1 0
1123 34 2 4 1 1
848 55 2 4 1 1
663 203 6 8 1 0
758 33 3 3 1 1
377 134 12 14 2 0
1056 55 2 4 1 1
1065 87 5 7 1 1
822 32 2 4 1 1
900 72 2 4 1 1
432 198 39 54 2 0
1032 19 2 4 1 1
1075 198 18 18 1 0
881 28 2 4 1 1
878 8 2 4 1 1
579 175 6 8 1 0
1025 135 5 7 1 0
498 133 6 8 1 0
403 17 5 6 1 1
625 87 3 4 1 0
569 206 6 8 1 0
852 49 2 4 1 1
1084 64 2 4 1 1
767 1 2 3 1 1
1037 32 2 4 1 1
999 238 53 72 2 0
324 41 7 10 1 1
745 21 3 3 1 1
277 104 7 10 1 0
590 203 6 8 1 0
1127 47 2 4 1 1
375 85 5 6 1 1
1240 8 8 12 1 1
560 64 3 4 1 0
480 158 6 8 1 0
382 49 5 6 1 1
992 51 2 4 1 1
1000 78 5 7 1 1
1253 2 8 12 1 1
493 127 5 6 1 0
964 14 2 4 1 1
1086 3 2 4 1 1
1197 50 2 4 1 1
817 232 37 40 2 0
859 23 2 4 1 1
267 29 7 10 1 1
1218 6 2 4 1 1
1095 9 2 4 1 1
407 81 5 6 1 1
1159 10 2 4 1 1
1090 86 5 7 1 0
1101 48 2 4 1 1
1293 65 8 12 1 0
1089 94 5 7 1 0
410 165 12 14 1 0
888 179 6 7 1 0
1159 30 2 4 1 1
843 56 2 4 1 1
566 180 6 8 1 0
947 9 2 4 1 1
936 41 2 4 1 1
146 12 7 10 1 1
377 93 5 6 1 0
1083 83 5 7 1 0
180 85 7 10 1 0
258 23 7 10 1 1
309 57 7 10 1 0
373 42 5 6 1 1
548 189 6 8 1 0
625 233 37 40 2 0
102 74 7 10 1 0
938 9 2 4 1 1
129 73 7 10 1 0
786 204 6 7 1 0
1003 40 2 4 1 1
832 6 2 4 1 1
1157 1 2 4 1 1
159 13 7 10 1 1
993 5 2 4 1 1
801 7 2 4 1 1
1051 77 5 7 1 1
158 104 26 30 2 0
1204 28 2 4 1 1
756 68 3 4 1 0
1142 44 2 4 1 1
856 59 2 4 1 1
892 19 2 4 1 1
324 18 7 10 1 1
910 24 2 4 1 1
92 7 7 10 1 1
1381 149 19 28 1 0
907 72 2 4 1 1
1249 8 8 12 1 1
293 43 7 10 1 1
912 5 2 4 1 1
1127 62 2 4 1 1
1031 89 5 7 1 1
1211 57 2 4 1 1
1061 49 2 4 1 1
1167 46 2 4 1 1
1092 3 2 4 1 1
867 33 2 4 1 1
882 9 2 4 1 1
365 25 5 6 1 1
287 182 12 14 1 0
903 193 6 7 1 0
1058 47 2 4 1 1
903 53 2 4 1 1
1105 77 5 7 1 1
71 23 7 10 1 1
608 4 3 3 1 1
521 147 6 8 1 0
521 160 6 8 1 0
1212 85 5 7 1 0
948 25 2 4 1 1
178 8 7 10 1 1
1048 202 18 18 1 0
398 61 5 6 1 1
1261 63 8 12 1 0
329 33 5 6 1 1
897 3 2 4 1 1
292 17 7 10 1 1
332 109 5 6 1 0
1016 66 5 7 1 1
478 210 39 54 2 0
755 56 3 4 1 0
1098 3 2 4 1 1
384 96 5 6 1 0
777 59 2 4 1 1
715 21 3 3 1 1
509 138 6 8 1 0
1082 105 5 7 1 0
475 146 6 8 1 0
1147 160 18 18 1 0
971 44 2 4 1 1
552 24 3 3 1 1
79 127 26 30 1 0
987 18 2 4 1 1
643 208 6 8 1 0
1316 21 8 12 1 1
1175 48 2 4 1 1
1026 44 2 4 1 1
877 46 2 4 1 1
113 21 7 10 1 1
1070 57 2 4 1 1
364 29 5 6 1 1
1016 96 5 7 1 1
852 52 2 4 1 1
874 185 6 7 1 0
775 3 2 3 1 1
499 169 6 8 1 0
1099 29 2 4 1 1
1122 7 2 4 1 1
1019 84 5 7 1 1
730 24 3 3 1 1
780 59 2 4 1 1
251 97 7 10 1 0
723 69 3 4 1 0
1140 30 2 4 1 1
189 47 7 10 1 1
1072 36 2 4 1 1
1079 6 2 4 1 1
1241 69 8 12 1 0
789 24 2 4 1 1
1162 25 2 4 1 1
1132 92 5 7 1 0
728 33 3 3 1 1
335 124 12 14 2 0
492 212 39 54 2 0
508 129 3 4 1 0
251 27 7 10 1 1
594 176 6 8 1 0
340 67 5 6 1 1
896 46 2 4 1 1
476 156 6 8 1 0
664 207 6 8 1 0
1039 56 2 4 1 1
247 51 7 10 1 1
182 3 7 10 1 1
634 23 3 3 1 1
386 145 12 14 2 0
1213 44 2 4 1 1
1250 36 8 12 1 1
278 17 7 10 1 1
1158 145 5 7 1 0
933 164 6 7 1 0
612 58 3 4 1 0
637 228 37 40 2 0
911 48 2 4 1 1
1035 51 2 4 1 1
493 262 39 54 1 0
537 63 3 4 1 0
370 50 5 6 1 1
991 113 5 7 1 0
441 82 5 6 1 0
971 243 53 72 2 0
426 202 39 54 2 0
1183 25 2 4 1 1
146 43 7 10 1 0
1075 17 2 4 1 1
393 63 5 6 1 1
812 11 2 4 1 1
729 2 3 3 1 1
815 18 2 4 1 1
