414 576 14 17 1 0
305 359 15 16 1 0
858 606 20 24 1 0
61 406 15 16 1 0
536 537 14 17 1 0
1285 308 11 14 1 0
937 390 11 14 1 0
352 638 20 24 1 0
320 418 15 16 1 0
348 135 12 14 1 0
884 161 12 14 1 0
1218 366 11 14 1 0
1249 292 11 14 1 0
395 252 15 16 1 0
1141 425 11 14 1 0
566 365 15 16 1 0
755 269 15 16 1 0
1071 1 11 12 1 0
621 569 14 17 1 0
459 644 20 24 1 0
518 308 15 16 1 0
1056 640 20 24 1 0
796 268 11 14 1 0
1057 465 14 17 1 0
953 366 11 14 1 0
290 493 14 17 1 0
614 450 14 17 1 0
725 282 15 16 1 0
813 630 20 24 1 0
84 520 14 17 1 0
1236 395 11 14 1 0
83 345 15 16 1 0
603 540 14 17 1 0
521 382 15 16 1 0
1274 473 14 17 1 0
1233 338 11 14 1 0
1185 512 14 17 1 0
970 591 14 17 1 0
1056 309 11 14 1 0
34 624 20 24 1 0
384 395 15 16 1 0
319 613 20 24 1 0
961 583 14 17 1 0
489 574 14 17 1 0
910 400 11 14 1 0
701 508 14 17 1 0
472 294 15 16 1 0
1303 439 11 14 1 0
1094 445 14 17 1 0
729 147 12 14 1 0
1133 633 20 24 1 0
1086 366 11 14 1 0
909 278 11 14 1 0
467 539 14 17 1 0
154 643 20 24 1 0
1072 643 20 24 1 0
842 373 11 14 1 0
833 267 11 14 1 0
775 374 15 16 1 0
1069 533 14 17 1 0
944 342 11 14 1 0
102 621 20 24 1 0
159 561 14 17 1 0
324 553 14 17 1 0
1027 495 14 17 1 0
970 398 11 14 1 0
148 497 14 17 1 0
428 539 14 17 1 0
214 384 15 16 1 0
53 312 15 16 1 0
427 615 20 24 1 0
20 319 15 16 1 0
1159 317 11 14 1 0
1131 612 20 24 1 0
330 538 14 17 1 0
62 284 15 16 1 0
1024 302 11 14 1 0
403 307 15 16 1 0
1309 416 11 14 1 0
476 623 20 24 1 0
811 339 11 14 1 0
289 319 15 16 1 0
142 262 15 16 1 0
264 479 14 17 1 0
1148 393 11 14 1 0
474 346 15 16 1 0
63 381 15 16 1 0
917 309 11 14 1 0
1008 432 11 14 1 0
27 379 15 16 1 0
1254 189 12 14 1 0
268 385 15 16 1 0
290 301 15 16 1 0
425 411 15 16 1 0
245 262 15 16 1 0
949 433 11 14 1 0
447 289 15 16 1 0
504 352 15 16 1 0
567 442 14 17 1 0
380 461 14 17 1 0
450 265 15 16 1 0
272 530 14 17 1 0
1099 651 20 24 1 0
216 429 15 16 1 0
1235 317 11 14 1 0
1248 564 14 17 1 0
505 544 14 17 1 0
809 593 20 24 1 0
205 475 14 17 1 0
180 374 15 16 1 0
614 616 20 24 1 0
2 335 15 16 1 0
429 388 15 16 1 0
562 411 15 16 1 0
834 330 11 14 1 0
573 627 20 24 1 0
888 571 14 17 1 0
498 628 20 24 1 0
735 636 20 24 1 0
1239 8 8 9 1 0
1308 18 8 9 1 0
956 295 11 14 1 0
1286 635 20 24 1 0
836 593 17 20 1 0
389 534 14 17 1 0
210 411 15 16 1 0
439 312 15 16 1 0
645 260 15 16 1 0
513 147 12 14 1 0
526 622 20 24 1 0
964 390 11 14 1 0
526 564 14 17 1 0
189 254 15 16 1 0
1258 642 20 24 1 0
995 316 11 14 1 0
407 268 15 16 1 0
172 478 14 17 1 0
1240 501 14 17 1 0
535 476 14 17 1 0
1127 518 14 17 1 0
1058 413 11 14 1 0
1211 302 11 14 1 0
481 310 15 16 1 0
824 399 11 14 1 0
875 320 11 14 1 0
1183 590 14 17 1 0
46 528 14 17 1 0
110 402 15 16 1 0
553 311 15 16 1 0
1182 299 11 14 1 0
329 272 15 16 1 0
1200 647 20 24 1 0
288 280 15 16 1 0
283 549 14 17 1 0
1136 284 11 14 1 0
487 437 15 16 1 0
65 228 15 16 1 0
642 489 14 17 1 0
575 558 14 17 1 0
379 382 15 16 1 0
1154 554 14 17 1 0
477 498 14 17 1 0
748 298 15 16 1 0
677 283 15 16 1 0
1106 414 11 14 1 0
89 612 20 24 1 0
608 359 15 16 1 0
119 560 14 17 1 0
1285 568 14 17 1 0
699 547 14 17 1 0
25 286 15 16 1 0
649 357 15 16 1 0
683 634 20 24 1 0
958 644 20 24 1 0
1196 547 14 17 1 0
117 231 15 16 1 0
513 276 15 16 1 0
780 351 15 16 1 0
412 466 14 17 1 0
1078 492 14 17 1 0
1308 535 14 17 1 0
372 554 14 17 1 0
717 273 15 16 1 0
129 431 15 16 1 0
173 234 15 16 1 0
659 159 12 14 1 0
571 483 14 17 1 0
660 519 14 17 1 0
265 439 15 16 1 0
1274 313 11 14 1 0
794 310 11 14 1 0
1 617 17 20 1 0
1151 640 20 24 1 0
447 451 14 17 1 0
135 310 15 16 1 0
916 586 14 17 1 0
627 396 15 16 1 0
594 316 15 16 1 0
582 341 15 16 1 0
1282 495 14 17 1 0
998 638 20 24 1 0
843 634 20 24 1 0
770 629 20 24 1 0
680 473 14 17 1 0
234 476 14 17 1 0
709 324 15 16 1 0
140 465 14 17 1 0
194 504 14 17 1 0
101 383 15 16 1 0
160 335 15 16 1 0
1004 586 14 17 1 0
872 648 20 24 1 0
257 341 15 16 1 0
339 521 14 17 1 0
121 341 15 16 1 0
533 447 14 17 1 0
1226 460 14 17 1 0
841 158 12 14 1 0
579 289 15 16 1 0
1184 475 14 17 1 0
1010 196 12 14 1 0
614 421 15 16 1 0
743 327 15 16 1 0
306 442 14 16 1 0
343 440 15 16 1 0
92 319 15 16 1 0
746 346 15 16 1 0
1164 187 12 14 1 0
499 261 15 16 1 0
1012 474 14 17 1 0
345 375 15 16 1 0
326 307 15 16 1 0
1044 585 14 17 1 0
41 337 15 16 1 0
689 272 15 16 1 0
556 629 20 24 1 0
1126 500 14 17 1 0
247 322 15 16 1 0
488 145 12 14 1 0
1220 635 20 24 1 0
783 567 14 17 1 0
202 532 14 17 1 0
995 347 11 14 1 0
576 392 15 16 1 0
920 645 20 24 1 0
1135 441 11 14 1 0
1181 453 14 17 1 0
460 419 15 16 1 0
1 520 15 18 1 0
64 224 15 16 1 0
172 452 14 17 1 0
370 303 15 16 1 0
1140 362 11 14 1 0
1074 440 11 14 1 0
371 275 15 16 1 0
1016 382 11 14 1 0
378 363 15 16 1 0
993 581 14 17 1 0
1042 362 11 14 1 0
900 280 11 14 1 0
442 565 14 17 1 0
255 615 20 24 1 0
1023 417 11 14 1 0
1017 641 20 24 1 0
1081 554 14 17 1 0
182 315 15 16 1 0
883 356 11 14 1 0
656 437 15 16 1 0
744 533 14 17 1 0
290 406 15 16 1 0
863 413 11 14 1 0
359 258 15 16 1 0
207 235 15 16 1 0
151 524 14 17 1 0
761 0 12 14 1 0
892 369 11 14 1 0
102 489 14 17 1 0
309 388 15 16 1 0
251 299 15 16 1 0
951 281 11 14 1 0
843 346 11 14 1 0
9 422 15 16 1 0
628 344 15 16 1 0
448 146 12 14 1 0
601 262 15 16 1 0
679 400 15 16 1 0
390 424 15 16 1 0
16 241 15 16 1 0
1275 12 8 9 1 0
1192 346 11 14 1 0
278 630 20 24 1 0
63 427 15 16 1 0
353 331 15 16 1 0
914 335 11 14 1 0
936 409 11 14 1 0
929 157 12 14 1 0
1294 401 11 14 1 0
211 303 15 16 1 0
164 406 15 16 1 0
472 384 15 16 1 0
121 527 14 17 1 0
235 561 14 17 1 0
643 542 14 17 1 0
963 328 11 14 1 0
322 345 15 16 1 0
538 270 15 16 1 0
1263 440 11 14 1 0
704 633 20 24 1 0
916 357 11 14 1 0
1182 397 11 14 1 0
516 339 15 16 1 0
373 620 20 24 1 0
1174 374 11 14 1 0
197 625 20 24 1 0
12 395 15 16 1 0
278 246 15 16 1 0
1129 472 14 17 1 0
812 379 11 14 1 0
515 417 15 16 1 0
412 360 15 16 1 0
1092 469 14 17 1 0
652 635 20 24 1 0
544 293 15 16 1 0
1310 480 11 14 1 0
1300 340 11 14 1 0
80 540 14 17 1 0
243 234 15 16 1 0
