468 141 11 11 1 0
186 192 25 24 1 0
525 123 5 2 1 0
28 172 21 20 1 0
384 174 21 20 1 0
193 128 5 2 1 0
370 119 4 2 1 0
38 164 21 20 1 0
306 143 11 11 1 0
134 150 11 11 1 0
164 132 5 2 1 0
299 127 5 2 1 0
10 131 5 2 1 0
428 124 5 2 1 0
103 159 11 11 1 0
122 232 36 52 1 0
415 142 11 11 1 0
472 132 5 2 1 0
65 134 5 2 1 0
338 161 11 11 1 0
145 115 0 1 1 0
419 128 5 2 1 0
574 137 11 11 1 0
295 164 21 20 1 0
51 143 11 11 1 0
201 180 21 20 1 0
35 145 11 11 1 0
427 175 21 20 1 0
320 143 11 11 1 0
332 119 4 2 1 0
422 143 11 11 1 0
252 139 11 11 1 0
453 138 11 11 1 0
444 122 5 2 1 0
518 128 5 2 1 0
350 127 5 2 1 0
343 170 21 20 1 0
590 152 11 11 1 0
47 284 36 52 1 0
181 129 5 2 1 0
419 157 11 11 1 0
392 159 11 11 1 0
133 114 0 1 1 0
341 124 5 2 1 0
373 162 11 11 1 0
158 152 11 11 1 0
106 148 11 11 1 0
506 142 11 11 1 0
169 131 5 2 1 0
132 165 21 20 1 0
29 158 11 11 1 0
443 133 5 2 1 0
107 197 25 24 1 0
262 127 5 2 1 0
156 122 5 2 1 0
275 138 11 11 1 0
341 206 25 24 1 0
534 125 5 2 1 0
123 130 5 2 1 0
515 176 21 20 1 0
144 121 5 2 1 0
377 133 5 2 1 0
582 147 11 11 1 0
240 126 5 2 1 0
284 136 11 11 1 0
278 120 5 2 1 0
338 148 11 11 1 0
388 120 5 2 1 0
589 139 11 11 1 0
528 283 36 52 1 0
350 181 21 20 1 0
93 118 13 8 1 0
314 135 4 2 1 0
177 121 5 2 1 0
250 121 5 2 1 0
477 135 4 6 1 0
526 156 11 11 1 0
603 149 11 11 1 0
559 174 21 20 1 0
132 123 5 2 1 0
64 157 11 11 1 0
402 162 11 11 1 0
431 156 11 11 1 0
205 251 36 52 1 0
463 129 5 2 1 0
214 131 5 2 1 0
314 127 5 2 1 0
540 151 11 11 1 0
249 232 36 52 1 0
601 197 25 24 1 0
453 154 11 11 1 0
336 134 5 2 1 0
510 136 11 11 1 0
511 202 25 24 1 0
77 166 21 20 1 0
226 129 5 2 1 0
356 124 5 2 1 0
393 189 25 24 1 0
201 136 11 11 1 0
566 136 11 11 1 0
4 144 11 11 1 0
466 123 5 2 1 0
513 146 11 11 1 0
449 125 5 2 1 0
116 127 5 2 1 0
269 122 5 2 1 0
504 117 4 6 1 0
112 119 13 8 1 0
351 139 11 11 1 0
207 123 5 2 1 0
571 158 11 11 1 0
542 135 4 6 1 0
348 163 11 7 1 0
45 131 5 2 1 0
561 234 36 52 1 0
434 129 5 2 1 0
303 153 11 11 1 0
411 126 5 2 1 0
306 120 5 2 1 0
561 135 9 5 1 0
549 123 5 2 1 0
91 151 11 11 1 0
242 118 1 0 1 0
288 149 11 11 1 0
191 120 5 2 1 0
145 140 11 11 1 0
215 155 11 11 1 0
6 252 30 44 1 0
446 180 21 20 1 0
114 144 11 11 1 0
79 145 11 11 1 0
127 120 5 2 1 0
387 130 5 2 1 0
308 172 21 20 1 0
531 132 5 2 1 0
274 127 5 2 1 0
255 129 5 2 1 0
150 129 5 2 1 0
351 120 5 2 1 0
36 135 9 6 1 0
396 127 5 2 1 0
382 134 5 2 1 0
539 123 5 2 1 0
171 116 0 1 1 0
179 147 11 11 1 0
401 124 5 2 1 0
105 113 13 8 1 0
482 123 5 2 1 0
105 143 11 11 1 0
438 123 5 2 1 0
608 171 21 20 1 0
479 197 25 24 1 0
503 124 5 2 1 0
482 149 11 11 1 0
264 155 11 11 1 0
218 129 5 2 1 0
438 209 25 24 1 0
493 150 11 11 1 0
