454 400 12 15 1 0
733 355 15 16 1 0
206 424 15 19 1 0
224 306 6 6 1 0
1064 319 13 18 1 0
311 407 12 15 2 0
804 344 11 14 1 0
679 253 5 5 1 0
145 443 15 19 1 0
406 540 43 53 1 0
206 402 15 19 1 0
1001 262 5 5 1 0
371 418 12 15 1 0
775 318 8 7 1 0
422 388 12 15 1 0
663 333 15 16 1 0
1129 511 79 90 2 0
68 394 9 8 1 0
604 321 15 16 2 0
472 273 5 5 1 0
310 402 12 15 2 0
507 271 5 5 1 0
361 338 12 15 1 0
847 354 11 14 1 0
556 406 8 10 1 0
888 277 5 5 1 0
1038 336 13 18 1 0
603 359 15 16 1 0
373 367 12 15 1 0
714 349 15 16 1 0
332 344 12 15 1 0
1093 358 27 25 2 0
458 357 12 15 1 0
617 303 8 7 1 0
441 394 12 15 1 0
386 404 12 15 1 0
780 556 43 53 1 0
806 369 11 14 1 0
9 331 9 8 1 0
430 342 12 15 1 0
6 419 58 71 1 0
590 260 5 5 1 0
797 357 11 14 1 0
704 280 5 5 1 0
1096 321 13 18 1 0
1092 305 13 18 1 0
883 388 11 14 1 0
962 357 11 14 1 0
740 320 15 16 2 0
1064 354 27 25 2 0
1000 392 11 14 1 0
408 361 12 15 1 0
1169 323 13 18 1 0
1030 352 27 25 2 0
536 377 15 16 2 0
378 409 12 15 1 0
898 340 11 14 2 0
750 334 15 16 1 0
984 389 11 14 1 0
728 312 8 7 1 0
729 374 15 16 1 0
707 273 5 5 1 0
489 391 12 15 1 0
680 247 5 5 1 0
460 276 5 5 1 0
831 361 11 14 1 0
450 328 8 10 1 0
298 415 12 15 1 0
0 400 10 10 1 0
402 313 6 6 1 0
324 434 12 15 1 0
525 578 74 93 1 0
741 331 15 16 1 0
571 357 15 16 2 0
682 296 8 7 1 0
818 510 43 53 1 0
717 312 8 7 1 0
353 332 12 15 1 0
745 321 15 16 2 0
190 453 12 16 1 0
520 266 5 5 1 0
173 438 15 19 1 0
513 273 5 5 1 0
599 525 43 53 1 0
471 383 12 15 1 0
336 425 12 15 1 0
499 269 5 5 1 0
690 311 8 7 1 0
684 382 15 16 1 0
1052 371 27 25 1 0
697 260 5 5 1 0
250 341 12 15 1 0
753 315 8 7 1 0
1141 314 13 18 1 0
218 299 6 6 1 0
653 309 8 7 1 0
344 393 12 15 1 0
155 427 15 19 1 0
498 328 8 10 1 0
281 346 12 15 1 0
164 376 12 15 1 0
492 338 12 15 1 0
439 411 12 15 1 0
865 358 11 14 1 0
530 269 5 5 1 0
298 323 6 6 1 0
487 265 5 5 1 0
922 500 43 53 2 0
591 273 5 5 1 0
930 310 11 14 1 0
245 305 6 6 1 0
651 379 15 16 1 0
263 455 12 16 1 0
430 352 12 15 1 0
492 368 12 15 1 0
409 402 12 15 1 0
1021 375 27 25 1 0
233 454 12 16 1 0
84 426 8 11 1 0
963 314 11 14 1 0
668 286 5 5 1 0
410 389 12 15 1 0
566 298 8 7 1 0
317 371 12 15 1 0
808 335 11 14 1 0
259 417 12 15 1 0
414 279 5 5 1 0
395 287 5 5 1 0
136 374 12 15 2 0
546 330 15 16 1 0
819 284 5 5 1 0
918 405 17 17 1 0
995 345 11 14 1 0
522 395 15 16 1 0
620 387 15 16 1 0
448 287 5 5 1 0
673 387 15 16 1 0
124 384 15 19 2 0
694 284 5 5 1 0
581 391 15 16 1 0
664 345 15 16 1 0
578 574 74 93 1 0
413 276 5 5 1 0
799 384 11 14 1 0
246 382 15 19 1 0
453 294 6 6 1 0
1028 389 27 25 1 0
858 369 11 14 1 0
335 305 6 6 1 0
905 372 11 14 1 0
370 313 6 6 1 0
219 477 12 16 1 0
937 342 11 14 1 0
232 384 15 19 1 0
770 381 15 16 1 0
446 279 5 5 1 0
811 382 11 14 1 0
550 342 15 16 1 0
207 337 12 15 1 0
845 332 11 14 1 0
560 293 8 7 1 0
1089 495 79 90 2 0
156 367 12 15 1 0
744 279 5 5 1 0
1159 315 13 18 1 0
196 390 15 19 2 0
110 422 15 19 2 0
1119 264 5 5 1 0
1058 355 27 25 2 0
827 325 11 14 1 0
750 393 15 16 1 0
639 342 15 16 1 0
662 597 74 93 1 0
282 365 12 15 1 0
220 403 15 19 2 0
586 401 8 10 1 0
1010 434 29 44 1 0
426 375 12 15 1 0
288 343 12 15 1 0
465 297 6 6 1 0
592 369 15 16 1 0
396 283 5 5 1 0
1140 657 79 90 1 0
766 365 15 16 1 0
860 335 11 14 2 0
327 293 6 6 1 0
568 351 15 16 2 0
606 374 15 16 1 0
698 282 5 5 1 0
236 343 12 15 1 0
131 384 15 19 2 0
203 386 15 19 2 0
328 299 6 6 1 0
740 372 15 16 1 0
1079 317 13 18 1 0
585 268 5 5 1 0
480 401 12 15 1 0
1046 299 13 18 1 0
412 332 12 15 1 0
133 431 15 19 1 0
227 294 6 6 1 0
268 305 6 6 1 0
861 319 11 14 1 0
928 479 43 53 2 0
1123 340 13 18 1 0
1174 335 13 18 1 0
540 321 15 16 1 0
751 280 5 5 1 0
272 369 12 15 1 0
1105 278 5 5 1 0
139 350 12 15 1 0
199 309 6 6 1 0
632 269 5 5 1 0
698 333 15 16 1 0
367 584 79 89 1 0
918 368 11 14 1 0
605 388 15 16 1 0
659 316 15 16 1 0
669 265 5 5 1 0
929 389 11 14 1 0
664 251 5 5 1 0
785 385 11 14 1 0
1066 294 13 18 1 0
895 343 11 14 2 0
871 309 11 14 1 0
254 435 12 16 1 0
225 469 12 16 1 0
631 391 15 16 1 0
645 267 5 5 1 0
99 400 15 19 1 0
1055 332 13 18 2 0
537 333 15 16 1 0
565 391 15 16 1 0
605 274 5 5 1 0
142 400 15 19 1 0
1189 469 43 53 1 0
878 315 11 14 1 0
709 278 5 5 1 0
640 278 5 5 1 0
375 332 12 15 1 0
215 333 12 15 1 0
19 392 9 8 1 0
362 276 5 5 1 0
451 278 5 5 1 0
382 395 12 15 1 0
472 277 5 5 1 0
813 340 11 14 1 0
644 359 15 16 1 0
151 356 12 15 1 0
611 322 15 16 2 0
387 375 12 15 1 0
245 409 15 19 1 0
152 451 12 16 1 0
510 315 6 6 1 0
511 335 12 15 2 0
201 416 15 19 1 0
314 593 43 53 1 0
1093 349 27 25 2 0
621 315 8 7 1 0
672 371 15 16 1 0
368 353 12 15 1 0
167 449 15 19 1 0
104 425 15 19 2 0
662 306 8 7 1 0
1196 320 13 18 1 0
672 338 15 16 1 0
850 385 11 14 1 0
1174 310 13 18 1 0
308 537 43 53 1 0
435 537 43 53 1 0
253 307 6 6 1 0
605 310 8 7 1 0
716 365 15 16 1 0
175 360 12 15 1 0
1054 339 13 18 2 0
515 329 15 16 2 0
43 385 9 8 1 0
619 401 8 10 1 0
940 387 11 14 1 0
601 309 8 7 1 0
5 350 10 10 1 0
205 315 6 6 1 0
732 336 15 16 2 0
395 393 12 15 1 0
505 401 12 15 1 0
463 369 12 15 1 0
645 332 15 16 1 0
758 385 15 16 1 0
246 443 15 19 1 0
857 341 11 14 2 0
124 397 15 19 1 0
245 317 6 6 1 0
694 384 15 16 1 0
942 417 17 17 1 0
636 373 15 16 1 0
938 557 43 53 1 0
183 510 58 71 1 0
27 370 9 8 1 0
273 409 12 15 1 0
872 367 11 14 1 0
402 283 5 5 1 0
432 281 5 5 1 0
674 258 5 5 1 0
708 506 43 53 1 0
661 388 15 16 1 0
199 339 12 15 1 0
215 428 15 19 1 0
20 379 9 8 1 0
747 348 15 16 1 0
218 306 6 6 1 0
820 342 11 14 1 0
1013 358 27 25 2 0
968 392 11 14 1 0
1107 269 5 5 1 0
541 371 15 16 2 0
365 399 12 15 1 0
682 282 5 5 1 0
515 296 6 6 1 0
518 373 15 16 1 0
1055 539 79 90 1 0
263 363 12 15 1 0
477 273 5 5 1 0
995 365 11 14 1 0
122 415 15 19 1 0
257 545 43 53 1 0
1032 258 5 5 1 0
1160 327 13 18 1 0
486 380 12 15 1 0
564 369 15 16 1 0
139 411 15 19 1 0
114 478 58 71 1 0
4 331 10 10 1 0
1138 326 13 18 1 0
204 371 12 15 1 0
871 553 43 53 1 0
236 297 6 6 1 0
101 334 9 8 1 0
932 356 11 14 1 0
1185 311 13 18 1 0
792 346 11 14 1 0
957 328 11 14 1 0
227 300 6 6 1 0
864 399 17 17 1 0
957 368 11 14 1 0
141 369 12 15 2 0
321 386 12 15 1 0
676 279 5 5 1 0
662 361 15 16 1 0
30 445 58 71 1 0
297 440 8 10 1 0
359 388 12 15 1 0
288 419 12 15 1 0
485 277 5 5 1 0
688 361 15 16 1 0
472 350 12 15 1 0
273 340 12 15 1 0
442 369 12 15 1 0
284 429 12 15 1 0
54 363 9 8 1 0
497 345 12 15 1 0
781 298 8 7 1 0
481 339 12 15 1 0
916 387 11 14 1 0
404 417 12 15 1 0
318 416 12 15 1 0
695 369 15 16 1 0
559 377 15 16 1 0
221 396 15 19 2 0
583 371 15 16 1 0
577 269 5 5 1 0
520 285 5 5 1 0
573 286 5 5 1 0
308 364 12 15 1 0
999 306 11 14 2 0
794 370 11 14 1 0
182 414 15 19 1 0
525 356 15 16 1 0
732 344 15 16 2 0
1023 359 27 25 2 0
356 356 12 15 1 0
345 312 6 6 1 0
533 271 5 5 1 0
517 267 5 5 1 0
673 265 5 5 1 0
347 407 12 15 1 0
305 328 8 10 1 0
838 393 11 14 1 0
545 294 6 6 1 0
76 351 9 8 1 0
712 261 5 5 1 0
686 254 5 5 1 0
1051 388 27 25 1 0
536 401 8 10 1 0
421 404 12 15 1 0
998 314 11 14 2 0
386 298 6 6 1 0
465 335 12 15 1 0
657 266 5 5 1 0
1134 344 27 25 1 0
1197 619 79 90 1 0
471 314 6 6 1 0
708 290 5 5 1 0
529 377 15 16 2 0
410 289 5 5 1 0
277 392 12 15 1 0
623 432 8 10 1 0
677 247 5 5 1 0
551 384 15 16 1 0
181 429 15 19 1 0
