49 235 18 23 1 0
69 591 18 23 1 0
467 188 18 23 1 0
8 418 10 14 1 0
655 143 18 23 1 0
824 350 18 23 1 0
661 219 18 23 1 0
555 509 18 23 1 0
399 169 18 23 1 0
31 262 15 19 1 0
1155 445 18 23 1 0
709 459 18 23 1 0
1046 146 18 23 1 0
741 169 18 23 1 0
855 362 18 23 1 0
339 211 18 23 1 0
986 176 18 23 1 0
611 134 18 23 1 0
926 150 18 23 1 0
545 164 18 23 1 0
263 251 18 23 1 0
13 280 15 19 1 0
229 171 18 23 1 0
1052 381 18 23 1 0
917 86 18 23 1 0
1127 164 18 23 1 0
1063 416 18 23 1 0
710 199 18 23 1 0
1106 287 18 23 1 0
450 235 18 23 1 0
1180 162 18 23 1 0
166 214 18 23 1 0
663 384 18 23 1 0
765 137 18 23 1 0
997 438 18 23 1 0
954 418 18 23 1 0
1008 348 18 23 1 0
1078 323 18 23 1 0
171 197 18 23 1 0
259 571 18 23 1 0
347 194 18 23 1 0
852 178 18 23 1 0
921 175 18 23 1 0
735 195 18 23 1 0
1176 361 18 23 1 0
459 212 18 23 1 0
119 410 18 23 1 0
1118 334 18 23 1 0
953 348 18 23 1 0
295 395 18 23 1 0
785 500 18 23 1 0
393 352 18 23 1 0
403 536 18 23 1 0
217 218 18 23 1 0
909 469 18 23 1 0
963 167 18 23 1 0
924 345 18 23 1 0
693 513 18 23 1 0
829 445 18 23 1 0
280 204 18 23 1 0
200 402 18 23 1 0
966 132 18 23 1 0
415 385 18 23 1 0
541 352 18 23 1 0
1187 310 18 23 1 0
181 176 18 23 1 0
735 403 18 23 1 0
