27 397 17 20 1 0
727 356 4 5 1 0
545 351 4 5 1 0
157 335 4 5 1 1
930 399 17 20 1 0
743 350 4 5 1 0
860 366 17 20 1 0
546 370 17 20 1 0
923 408 17 20 1 0
375 396 17 20 2 0
1017 367 17 20 1 0
567 413 17 20 1 0
769 411 17 20 1 0
144 386 17 20 1 0
830 347 4 5 1 0
494 408 17 20 1 0
690 387 17 20 1 0
470 382 17 20 1 0
672 336 4 5 1 0
120 670 39 43 1 0
385 331 4 5 1 1
1018 402 17 20 1 0
143 435 17 20 1 0
934 382 17 20 1 0
502 364 17 20 2 0
955 362 17 20 1 0
971 380 17 20 1 0
603 309 4 5 1 1
707 532 39 43 1 0
338 338 4 5 1 0
526 376 17 20 1 0
287 558 39 43 1 0
451 357 4 5 1 0
617 462 17 20 1 0
904 362 17 20 1 0
543 382 17 20 1 0
867 445 17 20 1 0
802 347 4 5 1 0
248 438 17 20 1 0
726 348 4 5 1 0
508 363 17 20 2 0
524 393 17 20 1 0
416 401 17 20 2 0
714 352 4 5 1 0
503 420 17 20 1 0
762 357 4 5 1 0
53 403 17 20 1 0
686 479 17 20 1 0
378 323 4 5 1 1
463 436 17 20 1 0
818 394 17 20 1 0
614 411 17 20 1 0
883 397 17 20 1 0
977 418 17 20 1 0
543 336 4 5 1 1
749 415 17 20 1 0
271 395 17 20 1 0
661 374 17 20 1 0
173 591 39 43 1 0
563 351 4 5 1 0
797 509 17 20 1 0
879 418 17 20 1 0
675 333 4 5 1 0
566 373 17 20 1 0
254 347 4 5 1 0
969 676 39 43 1 0
372 395 17 20 2 0
249 335 4 5 1 0
626 349 4 5 1 0
813 370 17 20 1 0
321 333 4 5 1 0
322 402 17 20 1 0
367 492 17 20 1 0
841 577 39 43 1 0
341 384 17 20 1 0
100 388 17 20 2 0
267 443 17 20 1 0
467 354 4 5 1 0
168 420 17 20 1 0
534 492 17 20 1 0
806 355 4 5 1 0
654 392 17 20 1 0
199 385 17 20 1 0
241 355 4 5 1 0
745 368 17 20 1 0
159 365 17 20 1 0
997 383 17 20 1 0
988 321 4 5 1 0
474 361 4 5 1 0
919 383 17 20 1 0
791 349 4 5 1 0
599 340 4 5 1 0
954 404 17 20 1 0
52 499 17 20 1 0
813 439 17 20 1 0
240 354 4 5 1 0
254 382 17 20 2 0
586 337 4 5 1 0
457 337 4 5 1 0
789 655 39 43 1 0
1018 436 17 20 1 0
550 406 17 20 1 0
977 397 17 20 1 0
398 331 4 5 1 1
490 346 4 5 1 0
502 325 4 5 1 1
307 419 17 20 1 0
175 362 17 20 1 0
169 475 17 20 1 0
834 399 17 20 1 0
774 350 4 5 1 0
972 359 4 5 1 0
963 442 17 20 1 0
84 337 4 5 1 1
968 542 39 43 1 0
120 433 17 20 1 0
112 561 39 43 1 0
203 367 17 20 2 0
105 335 4 5 1 1
186 405 17 20 1 0
575 316 4 5 1 1
336 405 17 20 1 0
642 348 4 5 1 0
237 377 17 20 2 0
432 470 17 20 2 0
634 427 17 20 1 0
235 374 17 20 2 0
250 378 17 20 2 0
702 587 39 43 1 0
477 415 17 20 1 0
835 383 17 20 1 0
99 415 17 20 1 0
505 379 17 20 1 0
521 350 4 5 1 0
320 383 17 20 2 0
160 335 4 5 1 1
704 369 17 20 1 0
397 337 4 5 1 0
723 341 4 5 1 0
592 593 39 43 1 0
519 428 17 20 1 0
584 344 4 5 1 0
208 368 17 20 2 0
745 357 4 5 1 0
457 543 39 43 1 0
474 362 17 20 2 0
652 418 17 20 1 0
418 401 17 20 2 0
414 370 17 20 1 0
804 388 17 20 1 0
629 397 17 20 1 0
735 376 17 20 1 0
591 517 39 43 1 0
848 383 17 20 1 0
484 451 17 20 1 0
482 384 17 20 2 0
430 465 17 20 2 0
573 347 4 5 1 0
471 368 17 20 2 0
83 455 17 20 1 0
754 458 17 20 1 0
719 412 17 20 1 0
751 342 4 5 1 0
534 407 17 20 1 0
103 389 17 20 2 0
570 335 4 5 1 1
934 459 17 20 1 0
428 409 17 20 2 0
584 316 4 5 1 1
76 359 4 5 1 0
728 364 17 20 1 0
791 440 17 20 1 0
585 674 39 43 1 0
900 383 17 20 1 0
425 409 17 20 2 0
765 388 17 20 1 0
116 473 17 20 1 0
778 368 17 20 1 0
684 335 4 5 1 0
450 378 17 20 1 0
237 330 4 5 1 0
239 346 4 5 1 0
291 365 17 20 1 0
316 381 17 20 2 0
404 428 17 20 1 0
186 334 4 5 1 1
640 331 4 5 1 1
444 327 4 5 1 1
526 559 39 43 1 0
503 334 4 5 1 1
666 386 17 20 1 0
480 383 17 20 2 0
339 609 39 43 1 0
762 349 4 5 1 0
623 363 17 20 1 0
608 538 39 43 1 0
866 507 28 31 1 0
783 406 17 20 1 0
528 338 4 5 1 0
989 341 4 5 1 0
841 322 4 5 1 0
830 372 17 20 1 0
267 407 17 20 1 0
578 487 17 20 1 0
893 328 4 5 1 0
835 319 4 5 1 0
592 315 4 5 1 1
1001 350 4 5 1 0
350 333 4 5 1 0
1020 494 28 31 1 0
623 337 4 5 1 0
