288 519 21 22 1 1
170 511 21 22 1 1
530 575 21 22 1 1
56 556 21 22 1 1
474 476 21 22 1 1
384 501 21 22 1 1
425 497 21 22 1 1
308 480 21 22 1 1
529 460 21 22 1 1
552 534 21 22 1 1
218 589 21 22 1 1
455 530 21 22 1 1
25 519 21 22 1 1
579 508 21 22 1 1
308 523 21 22 1 1
510 591 21 22 1 1
511 534 21 22 1 1
402 542 21 22 1 1
143 527 21 22 1 1
148 594 21 22 1 1
364 527 21 22 1 1
567 487 21 22 1 1
527 558 21 22 1 1
66 491 21 22 1 1
296 468 21 22 1 1
359 497 21 22 1 1
477 577 21 22 1 1
575 540 21 22 1 1
235 465 21 22 1 1
570 559 21 22 1 1
184 468 21 22 1 1
131 555 21 22 1 1
213 489 21 22 1 1
552 557 21 22 1 1
329 569 21 22 1 1
114 485 21 22 1 1
343 528 21 22 1 1
74 522 21 22 1 1
538 496 21 22 1 1
398 526 21 22 1 1
140 582 21 22 1 1
11 492 18 19 1 1
67 583 21 22 1 1
538 518 21 22 1 1
176 584 21 22 1 1
413 477 21 22 1 1
321 503 21 22 1 1
217 506 21 22 1 1
181 526 21 22 1 1
75 479 21 22 1 1
52 482 21 22 1 1
588 485 21 22 1 1
103 593 21 22 1 1
382 572 21 22 1 1
483 490 21 22 1 1
266 589 21 22 1 1
887 0 0 0 1 0
149 464 21 22 1 1
26 497 21 22 1 1
237 524 21 22 1 1
498 517 21 22 1 1
587 571 21 22 1 1
190 491 21 22 1 1
138 469 21 22 1 1
450 505 21 22 1 1
616 483 21 22 1 1
232 589 21 22 1 1
11 552 18 19 1 1
249 480 21 22 1 1
232 494 21 22 1 1
282 501 21 22 1 1
112 501 21 22 1 1
99 517 21 22 1 1
596 497 21 22 1 1
