12 372 36 84 1 0
727 341 59 59 1 0
379 219 36 42 1 0
802 295 41 56 1 0
889 230 40 50 1 0
666 322 45 71 1 0
811 251 24 30 1 0
962 275 48 66 3 0
820 409 63 59 1 0
440 252 46 42 1 0
260 263 39 50 1 0
22 224 48 59 1 0
698 234 32 40 1 0
950 350 48 66 1 0
195 266 39 50 1 0
318 337 54 68 1 0
67 227 48 59 1 0
171 280 44 53 1 0
302 255 69 72 1 0
782 249 32 40 1 0
573 279 45 54 1 0
927 227 40 50 1 0
489 214 49 66 1 0
819 371 59 59 1 0
64 286 36 45 1 0
663 244 63 82 1 0
986 278 48 66 3 0
886 290 48 66 1 0
763 315 41 56 1 0
634 154 37 44 1 0
163 354 54 68 1 0
571 223 45 54 1 0
122 250 62 74 1 0
505 306 64 102 1 0
377 313 54 68 1 0
