799 1259 184 207 1 0
579 1676 35 43 1 0
3043 1534 45 64 1 0
1592 855 38 41 1 0
2610 1610 36 41 1 0
1844 1526 57 72 1 0
2465 1546 80 96 1 0
2351 1594 38 65 1 0
2634 1461 116 120 1 0
3089 1561 45 64 1 0
344 1731 67 80 1 0
2273 1611 38 65 1 0
580 1697 35 43 1 0
2827 1565 45 64 1 0
191 1706 67 80 1 0
2052 1411 95 146 1 0
2203 1624 38 65 1 0
1538 1590 54 73 1 0
2550 1564 36 41 1 0
2580 1625 36 41 1 0
2394 451 24 28 1 0
1810 1606 57 72 1 0
2847 1547 45 64 1 0
2588 1580 36 41 1 0
2513 1605 89 91 1 0
1866 1553 57 72 1 0
1471 891 38 41 1 0
1567 874 38 41 1 0
1471 1728 54 73 1 0
493 1174 16 19 1 0
1343 1645 54 73 1 0
808 704 25 25 1 0
1476 1630 54 73 1 0
2318 1560 38 65 1 0
73 1559 67 80 1 0
