1023 808 8 7 1 1
1555 745 8 7 1 1
1602 579 8 7 1 1
1189 675 8 7 1 1
169 126 12 12 1 1
1273 793 8 7 1 1
1093 869 8 7 1 1
1699 332 8 9 1 1
678 818 9 11 1 1
1049 662 8 7 1 1
1391 337 8 9 1 1
381 184 12 12 1 1
964 658 9 11 1 1
1579 624 8 7 1 1
1721 976 8 7 1 1
1806 821 8 7 1 1
1042 997 8 7 1 1
224 74 12 12 1 1
1873 1027 8 7 1 1
1403 399 8 9 1 1
1425 204 8 9 1 1
1877 828 8 7 1 1
1005 512 10 10 1 1
1289 1002 8 7 1 1
691 466 12 12 1 1
575 620 9 11 1 1
1524 975 8 7 1 1
1680 545 8 9 1 1
504 560 10 11 1 1
1371 750 8 7 1 1
1355 391 8 9 1 1
386 695 9 11 1 1
302 141 12 12 1 1
998 623 9 10 1 1
879 652 9 11 1 1
626 642 9 11 1 1
1555 666 8 7 1 1
973 830 9 11 1 1
1743 590 8 7 1 1
1042 546 8 9 1 1
113 918 9 11 1 1
1687 1049 8 7 1 1
1286 500 8 9 1 1
221 493 12 12 1 1
696 590 9 11 1 1
1036 747 8 7 1 1
1473 385 8 9 1 1
1098 494 8 9 1 1
1161 639 8 7 1 1
553 280 12 12 1 1
1734 714 8 7 1 1
1535 1033 8 7 1 1
801 152 12 12 1 1
1390 945 8 7 1 1
1607 405 8 9 1 1
820 627 9 11 1 1
1364 1023 8 7 1 1
1120 294 8 9 1 1
750 441 12 12 1 1
992 418 12 12 1 1
1345 496 8 9 1 1
1594 839 8 7 1 1
1668 583 8 7 1 1
607 249 12 12 1 1
1294 81 8 9 1 1
1046 455 8 9 1 1
1063 48 12 12 1 1
661 695 9 11 1 1
152 592 9 11 1 1
822 414 12 12 1 1
1294 298 8 9 1 1
781 868 9 11 1 1
1606 1004 8 7 1 1
1667 714 8 7 1 1
1588 331 8 9 1 1
1319 661 8 7 1 1
438 457 12 12 1 1
1193 984 8 7 1 1
336 93 12 12 1 1
1059 681 8 7 1 1
847 201 12 12 1 1
1225 459 8 9 1 1
1436 403 8 9 1 1
399 561 9 11 1 1
448 170 12 12 1 1
986 939 9 11 1 1
1801 952 8 7 1 1
1257 697 8 7 1 1
1115 978 8 7 1 1
1191 311 8 9 1 1
1659 649 8 7 1 1
1408 328 8 9 1 1
88 506 12 12 1 1
1610 534 8 9 1 1
373 566 9 11 1 1
1759 732 8 7 1 1
376 333 12 12 1 1
718 668 9 11 1 1
1753 607 8 7 1 1
949 539 12 12 1 1
1697 972 8 7 1 1
929 1025 9 11 1 1
1895 660 8 7 1 1
1144 270 8 9 1 1
1199 1040 8 7 1 1
627 268 12 12 1 1
1206 407 8 9 1 1
1726 723 8 7 1 1
191 712 9 11 1 1
1096 625 8 7 1 1
949 188 12 12 1 1
826 740 9 11 1 1
1647 1026 8 7 1 1
825 93 12 12 1 1
1593 411 8 9 1 1
918 686 9 11 1 1
1623 675 8 7 1 1
1401 463 8 9 1 1
1178 841 8 7 1 1
740 249 12 12 1 1
1072 570 8 9 1 1
1721 837 8 7 1 1
1318 741 8 7 1 1
638 579 9 11 1 1
1054 1035 8 7 1 1
687 680 9 11 1 1
1325 491 8 9 1 1
1837 1025 8 7 1 1
1025 378 10 10 1 1
1012 694 8 8 1 1
1099 350 8 9 1 1
1028 568 9 9 1 1
1244 652 8 7 1 1
1220 910 8 7 1 1
984 547 12 12 1 1
110 107 12 12 1 1
191 859 9 11 1 1
973 1049 9 11 1 1
170 68 12 12 1 1
914 187 12 12 1 1
497 152 12 12 1 1
1384 854 8 7 1 1
1161 917 8 7 1 1
1232 1012 8 7 1 1
955 707 9 11 1 1
432 587 9 11 1 1
1369 338 8 9 1 1
1641 544 8 9 1 1
574 130 12 12 1 1
1745 739 8 7 1 1
1855 862 8 7 1 1
1787 1004 8 7 1 1
1124 761 8 7 1 1
918 405 12 12 1 1
1148 300 8 9 1 1
1643 871 8 7 1 1
672 470 12 12 1 1
866 985 9 11 1 1
879 583 9 11 1 1
780 463 12 12 1 1
1570 414 8 9 1 1
842 818 9 11 1 1
348 12 12 12 1 1
549 289 12 12 1 1
597 433 12 12 1 1
1376 400 8 9 1 1
184 831 9 11 1 1
705 803 9 11 1 1
875 729 9 11 1 1
848 521 12 12 1 1
820 568 9 11 1 1
1642 990 8 7 1 1
1061 391 8 9 1 1
1390 521 8 9 1 1
1637 622 8 7 1 1
1096 204 8 9 1 1
1162 474 8 9 1 1
996 338 12 12 1 1
1654 544 8 9 1 1
1451 395 8 9 1 1
1415 951 8 7 1 1
1235 362 8 9 1 1
682 572 9 11 1 1
1713 989 8 7 1 1
565 1011 9 11 1 1
861 275 12 12 1 1
1427 255 8 9 1 1
1771 1001 8 7 1 1
1364 605 8 7 1 1
1628 498 8 9 1 1
447 747 9 11 1 1
289 58 12 12 1 1
1329 343 8 9 1 1
1400 727 8 7 1 1
1153 556 8 9 1 1
1467 1024 8 7 1 1
551 16 12 12 1 1
815 651 9 11 1 1
1251 915 8 7 1 1
888 66 12 12 1 1
673 443 12 12 1 1
787 542 12 12 1 1
157 891 9 11 1 1
1321 779 8 7 1 1
673 354 12 12 1 1
918 71 12 12 1 1
312 52 12 12 1 1
1480 463 8 9 1 1
1789 716 8 7 1 1
1392 825 8 7 1 1
1555 1028 8 7 1 1
7 314 12 12 1 1
745 618 9 11 1 1
1299 354 8 9 1 1
1718 584 8 7 1 1
1379 455 8 9 1 1
326 212 12 12 1 1
1459 671 8 7 1 1
150 520 12 12 1 1
526 306 12 12 1 1
1184 504 8 9 1 1
1131 992 8 7 1 1
1171 395 8 9 1 1
600 193 12 12 1 1
831 471 12 12 1 1
1511 507 8 9 1 1
45 438 12 12 1 1
907 521 12 12 1 1
841 683 9 11 1 1
1664 733 8 7 1 1
588 644 9 11 1 1
1559 984 8 7 1 1
1836 1040 8 7 1 1
101 511 12 12 1 1
1314 957 8 7 1 1
586 611 9 11 1 1
185 534 12 12 1 1
848 358 12 12 1 1
1411 975 8 7 1 1
717 526 12 12 1 1
1517 760 8 7 1 1
1575 489 8 9 1 1
1556 518 8 9 1 1
1285 647 8 7 1 1
1259 491 8 9 1 1
385 587 9 11 1 1
1404 248 8 9 1 1
1288 552 8 9 1 1
495 515 12 12 1 1
1258 995 8 7 1 1
1547 809 8 7 1 1
764 906 9 11 1 1
386 490 12 12 1 1
315 77 12 12 1 1
626 248 12 12 1 1
311 788 9 11 1 1
1793 996 8 7 1 1
306 724 9 11 1 1
1342 1044 8 7 1 1
887 1034 9 11 1 1
128 52 12 12 1 1
1467 874 8 7 1 1
945 296 12 12 1 1
653 921 9 11 1 1
598 842 9 11 1 1
739 326 12 12 1 1
657 612 9 11 1 1
369 179 12 12 1 1
1048 837 8 7 1 1
892 21 12 12 1 1
893 162 12 12 1 1
664 1056 9 11 1 1
778 217 12 12 1 1
212 818 9 11 1 1
814 523 12 12 1 1
744 524 12 12 1 1
1454 767 8 7 1 1
314 181 12 12 1 1
1366 527 8 9 1 1
1341 1065 8 7 1 1
704 189 12 12 1 1
297 173 12 12 1 1
1022 213 10 10 1 1
1391 467 8 9 1 1
1465 443 8 9 1 1
648 540 12 12 1 1
593 351 12 12 1 1
1066 228 8 9 1 1
1005 105 12 12 1 1
950 33 12 12 1 1
1326 651 8 7 1 1
1450 814 8 7 1 1
812 398 12 12 1 1
1205 670 8 7 1 1
37 630 9 11 1 1
1616 841 8 7 1 1
795 188 12 12 1 1
631 474 12 12 1 1
1187 294 8 9 1 1
881 707 9 11 1 1
1381 879 8 7 1 1
345 118 12 12 1 1
1250 419 8 9 1 1
268 50 12 12 1 1
617 981 9 11 1 1
1069 742 8 7 1 1
1310 492 8 9 1 1
919 531 12 12 1 1
891 465 12 12 1 1
924 916 9 11 1 1
595 454 12 12 1 1
1315 918 8 7 1 1
1380 313 8 9 1 1
1108 851 8 7 1 1
1116 438 8 9 1 1
346 752 9 11 1 1
1145 740 8 7 1 1
1293 404 8 9 1 1
1200 499 8 9 1 1
1476 852 8 7 1 1
1423 755 8 7 1 1
419 330 12 12 1 1
962 862 9 11 1 1
1751 782 8 7 1 1
1742 804 8 7 1 1
945 573 9 11 1 1
1808 679 8 7 1 1
1784 1037 8 7 1 1
391 742 9 11 1 1
615 179 12 12 1 1
1703 740 8 7 1 1
616 401 12 12 1 1
531 446 12 12 1 1
1210 732 8 7 1 1
252 359 12 12 1 1
952 112 12 12 1 1
697 984 9 11 1 1
1531 419 8 9 1 1
564 489 12 12 1 1
1600 892 8 7 1 1
1505 440 8 9 1 1
1112 701 8 7 1 1
1363 625 8 7 1 1
959 732 9 11 1 1
195 75 12 12 1 1
1480 1011 8 7 1 1
484 476 12 12 1 1
1710 708 8 7 1 1
81 631 9 11 1 1
439 430 12 12 1 1
961 489 12 12 1 1
906 121 12 12 1 1
1028 646 8 7 1 1
1553 843 8 7 1 1
1195 588 8 7 1 1
137 79 12 12 1 1
1427 229 8 9 1 1
1474 992 8 7 1 1
1524 849 8 7 1 1
735 377 12 12 1 1
954 463 12 12 1 1
1619 571 8 8 1 1
436 608 9 11 1 1
341 468 12 12 1 1
598 179 12 12 1 1
910 1005 9 11 1 1
1304 553 8 9 1 1
1280 315 8 9 1 1
187 387 12 12 1 1
1332 629 8 7 1 1
928 112 12 12 1 1
1011 164 9 9 1 1
762 657 9 11 1 1
1274 437 8 9 1 1
1542 411 8 9 1 1
1169 711 8 7 1 1
804 254 12 12 1 1
286 511 12 12 1 1
269 20 12 12 1 1
342 258 12 12 1 1
1462 260 8 9 1 1
1044 88 8 9 1 1
868 12 12 12 1 1
1573 815 8 7 1 1
847 637 9 11 1 1
780 606 9 11 1 1
1078 208 8 9 1 1
934 496 12 12 1 1
374 505 12 12 1 1
1323 817 8 7 1 1
1193 458 8 9 1 1
856 70 12 12 1 1
720 452 12 12 1 1
531 393 12 12 1 1
758 963 9 11 1 1
1199 778 8 7 1 1
240 835 9 11 1 1
591 111 12 12 1 1
674 493 12 12 1 1
801 377 12 12 1 1
1725 804 8 7 1 1
1419 701 8 7 1 1
1365 220 8 9 1 1
727 596 9 11 1 1
1398 869 8 7 1 1
471 309 12 12 1 1
1595 1044 8 7 1 1
1481 752 8 7 1 1
1332 467 8 9 1 1
1234 298 8 9 1 1
520 673 9 11 1 1
1586 667 8 7 1 1
1792 965 8 7 1 1
1763 844 8 7 1 1
1510 474 8 9 1 1
1342 466 8 9 1 1
771 879 9 11 1 1
1718 925 8 7 1 1
526 335 12 12 1 1
728 772 9 11 1 1
577 721 9 11 1 1
1173 621 8 7 1 1
1369 380 8 9 1 1
1281 864 8 7 1 1
