157 352 5 9 1 0
781 437 12 10 1 0
142 349 5 9 1 0
300 350 5 9 1 0
762 346 5 9 1 0
589 349 5 9 1 0
685 437 12 10 1 0
768 368 5 9 1 0
562 426 12 10 1 0
555 341 4 5 1 1
667 439 12 10 1 0
1072 375 5 9 1 0
634 640 31 38 1 0
543 340 4 5 1 1
292 354 5 9 1 0
505 341 4 5 1 1
300 400 5 9 1 0
459 689 31 38 1 0
1102 384 5 9 1 0
798 383 5 9 1 0
509 348 5 9 1 0
603 710 31 38 1 0
324 637 31 38 2 0
520 405 5 9 1 0
412 572 12 10 1 0
343 426 12 10 1 0
461 507 12 10 1 0
812 439 12 10 1 0
572 346 5 9 1 0
1074 361 5 9 1 0
357 400 5 9 1 0
75 376 5 9 1 0
387 308 4 5 1 1
832 512 12 10 1 0
840 441 12 10 1 0
606 338 4 5 1 0
398 430 12 10 1 0
169 288 4 5 1 0
316 629 31 38 2 0
390 429 12 10 1 0
749 344 5 9 1 0
594 396 5 9 1 0
936 542 12 10 1 0
112 611 31 38 2 0
1055 364 5 9 1 0
328 613 31 38 2 0
721 373 5 9 1 0
277 347 5 9 1 0
801 365 5 9 1 0
439 406 5 9 1 0
904 344 5 9 1 0
711 585 12 10 1 0
413 479 12 10 1 0
149 356 5 9 1 0
521 341 4 5 1 1
995 363 5 9 1 0
160 342 4 5 1 0
655 351 5 9 1 0
832 343 5 9 1 0
533 400 5 9 1 0
516 337 4 5 1 1
382 356 5 9 1 0
121 299 4 5 1 0
875 396 5 9 1 0
617 351 5 9 1 0
904 348 5 9 1 0
754 355 5 9 1 0
528 336 4 5 1 1
747 465 12 10 1 0
221 364 5 9 1 0
271 522 12 10 1 0
535 341 4 5 1 1
278 643 31 38 1 0
630 345 5 9 1 0
176 348 5 9 1 0
827 345 5 9 1 0
871 364 5 9 1 0
632 367 5 9 1 0
547 391 5 9 1 0
940 353 5 9 1 0
599 494 12 10 2 0
76 516 12 10 1 0
967 343 5 9 1 0
602 383 5 9 1 0
477 332 4 5 1 1
822 360 5 9 1 0
770 649 31 38 1 0
744 425 12 10 1 0
811 358 5 9 1 0
88 376 5 9 1 0
493 591 31 38 1 0
564 341 4 5 1 1
908 404 5 9 1 0
862 396 5 9 1 0
393 344 5 9 1 0
627 379 5 9 1 0
547 479 12 10 1 0
958 339 4 5 1 0
944 367 5 9 1 0
237 293 4 5 1 0
776 382 5 9 1 0
671 416 5 9 1 0
249 511 12 10 1 0
537 334 4 5 1 1
173 419 5 9 1 0
1022 533 12 10 1 0
846 385 5 9 1 0
249 359 5 9 1 0
561 353 5 9 1 0
585 344 5 9 1 0
462 542 12 10 1 0
367 572 12 10 1 0
1028 358 5 9 1 0
380 449 12 10 1 0
841 342 4 5 1 0
906 342 4 5 1 0
570 484 12 10 1 0
153 385 5 9 1 0
687 487 12 10 1 0
251 300 4 5 1 0
162 384 5 9 1 0
332 510 12 10 1 0
475 542 12 10 1 0
189 476 12 10 1 0
916 390 5 9 1 0
996 734 31 38 1 0
754 375 5 9 1 0
758 436 12 10 1 0
602 490 12 10 2 0
216 455 12 10 1 0
429 404 5 9 1 0
473 562 12 10 1 0
239 637 31 38 1 0
912 345 5 9 1 0
105 347 5 9 1 0
771 341 4 5 1 0
457 336 4 5 1 1
485 348 5 9 1 0
535 351 5 9 1 0
243 432 12 10 1 0
732 637 31 38 1 0
451 337 4 5 1 1
418 312 4 5 1 1
409 349 5 9 1 0
569 336 4 5 1 1
97 615 31 38 2 0
368 446 12 10 1 0
580 336 4 5 1 1
266 402 5 9 1 0
431 445 12 10 1 0
732 375 5 9 1 0
508 336 4 5 1 1
810 385 5 9 1 0
672 350 5 9 1 0
888 370 5 9 1 0
715 392 5 9 1 0
375 443 12 10 1 0
483 408 5 9 1 0
479 340 4 5 1 1
638 423 5 9 1 0
592 344 5 9 1 0
876 461 12 10 1 0
1064 360 5 9 1 0
706 434 12 10 1 0
121 349 5 9 1 0
622 380 5 9 1 0
612 337 4 5 1 0
615 495 12 10 1 0
713 370 5 9 1 0
54 366 5 9 1 0
430 354 5 9 1 0
369 604 31 38 1 0
60 608 31 38 1 0
511 405 5 9 1 0
865 362 5 9 1 0
678 354 5 9 1 0
280 699 31 38 1 0
504 452 12 10 1 0
327 388 5 9 1 0
738 337 4 5 1 0
642 501 12 10 1 0
924 359 5 9 1 0
690 351 5 9 1 0
234 464 12 10 1 0
889 383 5 9 1 0
874 375 5 9 1 0
431 476 12 10 1 0
624 371 5 9 1 0
333 391 5 9 1 0
845 508 12 10 1 0
114 430 12 10 1 0
834 392 5 9 1 0
378 467 12 10 1 0
546 346 5 9 1 0
297 508 12 10 1 0
490 454 12 10 1 0
771 378 5 9 1 0
768 346 5 9 1 0
613 413 5 9 1 0
945 380 5 9 1 0
461 340 4 5 1 1
952 354 5 9 1 0
202 354 5 9 1 0
850 366 5 9 1 0
605 374 5 9 1 0
25 516 12 10 1 0
200 628 31 38 1 0
597 349 5 9 1 0
93 292 4 5 1 0
929 343 5 9 1 0
702 351 5 9 1 0
929 645 31 38 1 0
384 433 12 10 1 0
411 418 5 9 1 0
824 440 12 10 1 0
284 407 5 9 1 0
258 342 4 5 1 0
447 310 4 5 1 1
107 493 12 10 1 0
478 438 12 10 1 0
551 355 5 9 1 0
483 471 12 10 1 0
265 392 5 9 1 0
880 512 12 10 1 0
604 504 12 10 1 0
826 611 31 38 1 0
784 509 12 10 1 0
415 406 5 9 1 0
551 571 12 10 1 0
204 455 12 10 1 0
443 354 5 9 1 0
512 475 12 10 1 0
145 486 12 10 1 0
732 338 4 5 1 0
1002 354 5 9 1 0
641 373 5 9 1 0
504 467 12 10 1 0
526 392 5 9 1 0
1 359 5 9 1 0
918 344 5 9 1 0
883 522 12 10 1 0
578 704 31 38 1 0
214 701 31 38 1 0
586 338 4 5 1 1
154 602 31 38 2 0
895 343 5 9 1 0
380 400 5 9 1 0
1026 349 5 9 1 0
347 607 31 38 1 0
736 347 5 9 1 0
696 438 12 10 1 0
457 354 5 9 1 0
664 370 5 9 1 0
428 453 12 10 1 0
727 343 5 9 1 0
690 406 5 9 1 0
230 424 12 10 1 0
533 346 5 9 1 0
649 354 5 9 1 0
34 377 5 9 1 0
39 358 5 9 1 0
106 366 5 9 1 0
578 379 5 9 1 0
805 513 12 10 1 0
859 376 5 9 1 0
514 412 5 9 1 0
1014 386 5 9 1 0
875 626 31 38 1 0
261 368 5 9 1 0
850 609 31 38 1 0
780 347 5 9 1 0
695 376 5 9 1 0
816 512 12 10 1 0
358 350 5 9 1 0
932 361 5 9 1 0
383 395 5 9 1 0
478 446 12 10 1 0
502 405 5 9 1 0
511 390 5 9 1 0
1067 374 5 9 1 0
1027 708 31 38 1 0
379 437 12 10 1 0
311 406 5 9 1 0
759 382 5 9 1 0
441 414 5 9 1 0
495 335 4 5 1 1
627 340 4 5 1 0
868 388 5 9 1 0
894 498 12 10 1 0
688 392 5 9 1 0
578 344 5 9 1 0
624 439 12 10 1 0
709 386 5 9 1 0
954 378 5 9 1 0
402 405 5 9 1 0
888 404 5 9 1 0
983 359 5 9 1 0
407 400 5 9 1 0
753 344 5 9 1 0
405 397 5 9 1 0
774 368 5 9 1 0
583 356 5 9 1 0
677 436 12 10 1 0
900 383 5 9 1 0
259 568 12 10 1 0
325 484 12 10 1 0
549 405 5 9 1 0
501 474 12 10 1 0
394 543 12 10 1 0
271 573 12 10 1 0
565 475 12 10 1 0
559 408 5 9 1 0
338 352 5 9 1 0
885 373 5 9 1 0
581 780 31 38 1 0
263 448 12 10 1 0
460 411 5 9 1 0
640 413 5 9 1 0
796 346 5 9 1 0
168 444 12 10 1 0
300 540 12 10 1 0
820 369 5 9 1 0
73 356 5 9 1 0
948 530 12 10 1 0
167 359 5 9 1 0
517 344 5 9 1 0
1054 358 5 9 1 0
61 502 12 10 1 0
806 347 5 9 1 0
509 444 12 10 2 0
471 429 12 10 1 0
804 375 5 9 1 0
759 690 31 38 1 0
291 400 5 9 1 0
354 395 5 9 1 0
214 612 31 38 1 0
679 414 5 9 1 0
595 385 5 9 1 0
917 352 5 9 1 0
898 358 5 9 1 0
1002 362 5 9 1 0
508 433 12 10 1 0
807 392 5 9 1 0
516 377 5 9 1 0
753 404 5 9 1 0
418 442 12 10 1 0
973 345 5 9 1 0
639 386 5 9 1 0
945 342 4 5 1 0
11 451 12 10 1 0
780 355 5 9 1 0
670 378 5 9 1 0
783 339 4 5 1 0
571 384 5 9 1 0
486 442 12 10 1 0
1023 370 5 9 1 0
624 507 12 10 1 0
719 454 12 10 1 0
752 423 5 9 1 0
958 379 5 9 1 0
266 475 12 10 1 0
313 608 31 38 2 0
283 473 12 10 1 0
589 360 5 9 1 0
1039 536 12 10 1 0
543 579 12 10 1 0
571 424 12 10 1 0
165 432 12 10 1 0
690 371 5 9 1 0
838 373 5 9 1 0
236 683 31 38 1 0
161 409 5 9 1 0
570 341 4 5 1 1
621 625 31 38 1 0
855 343 5 9 1 0
694 346 5 9 1 0
406 312 4 5 1 1
329 425 12 10 1 0
779 342 4 5 1 0
193 416 5 9 1 0
526 406 5 9 1 0
1044 395 5 9 1 0
548 431 12 10 1 0
602 338 4 5 1 0
586 413 5 9 1 0
527 567 12 10 1 0
523 355 5 9 1 0
345 394 5 9 1 0
524 346 5 9 1 0
19 360 5 9 1 0
653 346 5 9 1 0
513 447 12 10 2 0
1061 361 5 9 1 0
907 363 5 9 1 0
406 425 12 10 1 0
42 513 12 10 1 0
392 457 12 10 1 0
271 448 12 10 1 0
926 342 4 5 1 0
816 345 5 9 1 0
165 609 31 38 2 0
21 543 12 10 1 0
682 389 5 9 1 0
541 347 5 9 1 0
581 351 5 9 1 0
262 357 5 9 1 0
321 348 5 9 1 0
400 529 12 10 1 0
855 517 12 10 1 0
305 512 12 10 1 0
739 342 4 5 1 0
654 424 12 10 1 0
894 377 5 9 1 0
799 437 12 10 1 0
1100 366 5 9 1 0
730 396 5 9 1 0
607 348 5 9 1 0
628 409 5 9 1 0
992 348 5 9 1 0
1020 351 5 9 1 0
856 354 5 9 1 0
147 431 12 10 1 0
59 509 12 10 1 0
542 377 5 9 1 0
494 568 12 10 1 0
391 417 5 9 1 0
874 408 5 9 1 0
791 346 5 9 1 0
374 486 12 10 1 0
734 427 12 10 1 0
801 391 5 9 1 0
489 341 4 5 1 1
597 363 5 9 1 0
663 344 5 9 1 0
382 587 12 10 1 0
289 340 4 5 1 0
872 341 4 5 1 0
421 404 5 9 1 0
465 335 4 5 1 1
658 411 5 9 1 0
594 337 4 5 1 0
543 405 5 9 1 0
968 362 5 9 1 0
1039 365 5 9 1 0
607 435 12 10 1 0
