713 82 10 11 1 0
712 220 12 19 1 0
289 29 10 11 1 0
530 133 12 19 1 0
539 18 10 11 1 0
342 450 16 18 1 0
627 454 16 18 1 0
414 281 16 18 1 0
558 142 12 19 1 0
507 141 12 19 1 0
140 260 16 18 1 0
335 9 10 11 1 0
56 461 16 18 1 0
121 306 16 18 1 0
161 156 12 19 1 0
692 37 10 11 1 0
490 11 10 11 1 0
397 104 12 19 1 0
721 412 16 18 1 0
459 66 10 11 1 0
371 18 10 11 1 0
305 33 10 11 1 0
571 257 16 18 2 0
291 51 10 11 1 0
422 234 12 19 1 0
592 451 16 18 1 0
241 93 12 19 1 0
666 199 12 19 1 0
459 312 16 18 1 0
630 30 10 11 1 0
676 429 16 18 1 0
224 49 10 11 1 0
514 205 12 19 1 0
790 210 12 19 1 0
260 446 16 18 1 0
351 475 16 18 1 0
840 251 14 18 1 0
442 292 16 18 1 0
43 324 16 18 1 0
544 254 16 18 1 0
503 318 16 18 1 0
830 32 10 13 1 0
544 112 12 19 1 0
232 76 10 11 1 0
38 442 16 18 1 0
23 318 16 18 1 0
395 210 12 19 1 0
428 384 16 18 2 0
66 132 12 19 1 0
765 473 16 18 1 0
624 127 12 19 1 0
400 183 12 19 1 0
503 15 10 11 1 0
386 84 10 11 1 0
668 329 16 18 1 0
838 46 10 11 1 0
535 223 12 19 1 0
234 391 16 18 1 0
382 60 10 11 1 0
661 83 10 11 1 0
557 24 10 11 1 0
203 294 16 18 1 0
726 35 10 11 1 0
272 62 10 11 1 0
436 331 16 18 1 0
494 174 12 19 1 0
591 34 10 11 1 0
410 254 16 18 1 0
230 28 10 11 1 0
136 108 12 19 1 0
721 316 16 18 1 0
844 269 15 18 1 0
192 139 12 19 1 0
227 124 12 19 1 0
350 210 12 19 1 0
289 289 16 18 1 0
79 101 12 19 1 0
250 37 10 11 1 0
139 133 12 19 1 0
15 167 12 19 1 0
509 364 16 18 1 0
33 103 12 19 1 0
204 262 16 18 1 0
439 40 10 11 1 0
526 382 16 18 1 0
663 58 10 11 1 0
564 111 12 19 1 0
270 337 16 18 1 0
30 272 16 18 1 0
285 228 12 19 1 0
422 118 12 19 1 0
494 299 16 18 1 0
98 376 16 18 1 0
405 53 10 11 1 0
696 71 10 11 1 0
443 271 16 18 1 0
258 200 12 19 1 0
265 84 10 11 1 0
281 312 16 18 1 0
178 166 12 19 1 0
206 11 10 11 1 0
664 465 16 18 1 0
646 193 12 19 1 0
327 118 12 19 1 0
257 174 12 19 1 0
195 42 10 11 1 0
467 190 12 19 1 0
243 41 10 11 1 0
68 198 12 19 1 0
148 338 16 18 1 0
303 453 16 18 1 0
100 105 12 19 1 0
227 179 12 19 1 0
270 114 12 19 1 0
369 212 12 19 1 0
278 198 12 19 1 0
712 60 10 11 1 0
438 246 14 18 1 0
203 420 16 18 1 0
594 7 10 11 1 0
128 108 12 19 1 0
193 165 12 19 1 0
174 91 12 19 1 0
453 108 12 19 1 0
700 361 16 18 1 0
515 331 16 18 1 0
171 42 10 11 1 0
494 250 14 18 1 0
760 189 12 19 1 0
690 57 10 11 1 0
123 80 10 11 1 0
193 220 12 19 1 0
599 120 12 19 1 0
423 382 16 18 2 0
812 34 10 11 1 0
697 150 12 19 1 0
724 48 10 11 1 0
709 27 10 11 1 0
138 58 10 11 1 0
114 235 12 19 1 0
255 160 12 19 1 0
389 309 16 18 1 0
562 166 12 19 1 0
262 60 10 11 1 0
26 469 16 18 1 0
232 41 10 11 1 0
350 42 10 11 1 0
187 8 10 11 1 0
802 346 16 18 1 0
358 20 10 11 1 0
550 131 12 19 1 0
794 89 12 19 1 0
580 327 16 18 1 0
101 276 16 18 1 0
656 40 10 11 1 0
263 20 10 11 1 0
206 53 10 11 1 0
388 472 16 18 1 0
664 17 10 11 1 0
44 230 12 19 1 0
354 116 12 19 1 0
589 431 16 18 1 0
795 31 10 11 1 0
19 139 12 19 1 0
637 257 16 18 1 0
740 211 12 19 1 0
221 142 12 19 1 0
574 75 10 11 1 0
641 328 16 18 1 0
440 26 10 11 1 0
382 260 16 18 1 0
606 163 12 19 1 0
542 34 10 11 1 0
222 250 14 18 1 0
239 49 10 11 1 0
308 228 12 19 1 0
225 5 10 11 1 0
603 343 16 18 1 0
544 426 16 18 1 0
111 154 12 19 1 0
53 401 16 18 1 0
48 77 12 19 1 0
667 265 16 18 1 0
311 247 14 18 1 0
321 11 10 11 1 0
415 109 12 19 1 0
250 221 12 19 1 0
338 95 12 19 1 0
203 197 12 19 1 0
513 63 10 11 1 0
220 38 10 11 1 0
40 362 16 18 1 0
339 288 16 18 1 0
366 41 10 11 1 0
305 186 12 19 1 0
692 85 10 11 1 0
668 67 10 11 1 0
169 122 12 19 1 0
478 450 16 18 1 0
295 340 16 18 1 0
498 194 12 19 1 0
32 300 16 18 1 0
764 417 16 18 1 0
692 94 12 19 1 0
578 182 12 19 1 0
766 69 10 11 1 0
57 305 16 18 1 0
393 71 10 11 1 0
93 88 11 17 1 0
342 121 12 19 1 0
153 223 12 19 1 0
403 310 16 18 1 0
847 405 16 18 1 0
211 144 12 19 1 0
517 87 11 15 1 0
551 327 16 18 1 0
183 408 16 18 1 0
205 102 12 19 1 0
620 359 16 18 1 0
482 196 12 19 1 0
711 42 10 11 1 0
475 144 12 19 1 0
723 97 12 19 1 0
228 67 10 11 1 0
317 24 10 11 1 0
545 365 16 18 1 0
345 143 12 19 1 0
576 25 10 11 1 0
50 255 16 18 1 0
486 232 12 19 1 0
527 284 16 18 1 0
312 302 16 18 1 0
827 371 16 18 1 0
60 188 12 19 1 0
215 121 12 19 1 0
727 286 16 18 1 0
264 285 16 18 1 0
272 53 10 11 1 0
62 148 12 19 1 0
800 197 12 19 1 0
429 365 16 18 1 0
683 305 16 18 1 0
70 215 12 19 1 0
752 322 16 18 1 0
511 399 16 18 1 0
646 17 10 11 1 0
630 106 12 19 1 0
813 7 10 11 1 0
791 5 10 11 1 0
232 272 16 18 1 0
645 56 10 11 1 0
785 72 10 11 1 0
680 123 12 19 1 0
444 46 10 11 1 0
442 229 12 19 1 0
730 443 16 18 1 0
459 160 12 19 1 0
439 13 10 11 1 0
636 394 16 18 1 0
460 129 12 19 1 0
488 365 16 18 1 0
632 15 10 11 1 0
708 70 10 11 1 0
110 138 12 19 1 0
349 51 10 11 1 0
297 109 12 19 1 0
37 90 12 19 1 0
75 114 12 19 1 0
771 236 12 19 1 0
646 160 12 19 1 0
389 322 16 18 1 0
823 452 16 18 1 0
176 282 16 18 1 0
96 181 12 19 1 0
238 311 16 18 1 0
235 57 10 11 1 0
570 34 10 11 1 0
161 314 16 18 1 0
284 434 16 18 1 0
229 152 12 19 1 0
348 369 16 18 1 0
265 182 12 19 1 0
77 271 16 18 1 0
472 5 10 11 1 0
473 354 16 18 1 0
81 177 12 19 1 0
378 229 12 19 1 0
267 4 10 11 1 0
643 371 16 18 1 0
350 403 16 18 1 0
673 97 12 19 1 0
727 223 12 19 1 0
41 116 12 19 1 0
606 246 15 18 1 0
128 208 12 19 1 0
393 32 10 11 1 0
470 290 16 18 2 0
580 212 12 19 1 0
745 18 10 11 1 0
310 44 10 11 1 0
614 65 10 11 1 0
150 424 16 18 1 0
502 205 12 19 1 0
785 321 16 18 1 0
415 210 12 19 1 0
187 202 12 19 1 0
271 165 12 19 1 0
819 231 12 19 1 0
106 366 16 18 1 0
330 144 12 19 1 0
578 125 12 19 1 0
107 334 16 18 1 0
476 34 10 11 1 0
349 189 12 19 2 0
320 397 16 18 1 0
198 377 16 18 1 0
282 74 10 11 1 0
331 157 12 19 1 0
556 61 10 11 1 0
306 127 12 19 1 0
452 394 16 18 1 0
317 183 12 19 1 0
133 186 12 19 1 0
838 208 12 19 1 0
749 191 12 19 1 0
623 142 12 19 1 0
658 4 10 11 1 0
621 178 12 19 1 0
136 300 16 18 1 0
346 252 16 18 1 0
828 46 10 13 1 0
432 6 10 11 1 0
805 26 10 11 1 0
816 280 16 18 1 0
756 219 12 19 1 0
231 454 16 18 1 0
706 248 13 18 1 0
119 163 12 19 1 0
640 224 12 19 1 0
286 117 12 19 1 0
435 48 10 11 1 0
327 225 12 19 1 0
200 342 16 18 1 0
402 65 10 11 1 0
294 74 10 11 1 0
38 131 12 19 1 0
259 49 10 11 1 0
273 245 14 18 1 0
140 92 12 19 2 0
589 170 12 19 2 0
373 28 10 11 1 0
465 427 16 18 1 0
230 211 12 19 1 0
735 46 10 11 1 0
449 368 16 18 1 0
829 262 16 18 1 0
416 92 12 19 1 0
217 84 10 11 1 0
326 346 16 18 1 0
238 179 12 19 1 0
141 232 12 19 1 0
485 153 12 19 1 0
461 379 16 18 1 0
284 357 16 18 1 0
337 15 10 11 1 0
427 64 10 11 1 0
464 248 14 18 1 0
823 89 12 19 1 0
398 330 16 18 1 0
472 262 16 18 1 0
153 92 12 19 1 0
360 94 12 19 1 0
382 94 12 19 1 0
143 203 12 19 1 0
767 1 10 11 1 0
612 230 12 19 1 0
247 290 16 18 1 0
397 51 10 11 1 0
213 94 12 19 1 0
534 204 12 19 1 0
724 256 16 18 1 0
452 95 12 19 1 0
564 226 12 19 1 0
632 23 10 11 1 0
381 176 12 19 1 0
185 78 10 11 1 0
803 262 16 18 1 0
147 369 16 18 1 0
694 217 12 19 1 0
422 168 12 19 1 0
267 129 12 19 1 0
802 287 16 18 1 0
289 270 16 18 1 0
95 154 12 19 1 0
77 86 12 19 1 0
314 416 16 18 1 0
723 57 10 11 1 0
581 83 10 11 1 0
463 36 10 11 1 0
90 464 16 18 1 0
775 400 16 18 1 0
727 18 10 11 1 0
609 59 10 11 1 0
516 99 12 19 1 0
569 121 12 19 1 0
52 94 12 19 1 0
413 72 10 11 1 0
707 10 10 11 1 0
590 180 12 19 2 0
457 236 12 19 1 0
696 337 16 18 1 0
32 152 12 19 1 0
103 92 12 19 1 0
645 40 10 11 1 0
532 11 10 11 1 0
214 45 10 11 1 0
639 293 16 18 1 0
515 263 16 18 1 0
409 22 10 11 1 0
778 33 10 11 1 0
585 44 10 11 1 0
474 119 12 19 1 0
10 434 16 18 1 0
439 201 12 19 1 0
609 209 12 19 1 0
640 176 12 19 1 0
670 360 16 18 1 0
715 357 16 18 1 0
737 26 10 11 1 0
194 51 10 11 1 0
354 28 10 11 1 0
72 345 16 18 1 0
763 281 16 18 1 0
571 267 16 18 2 0
156 179 12 19 1 0
335 327 16 18 1 0
469 19 10 11 1 0
144 280 16 18 1 0
313 85 10 11 1 0
183 434 16 18 1 0
104 261 16 18 1 0
714 152 12 19 2 0
801 219 12 19 1 0
642 111 12 19 1 0
582 294 16 18 1 0
385 52 10 11 1 0
100 36 10 11 1 0
287 88 10 13 1 0
224 354 16 18 1 0
816 423 16 18 1 0
381 19 10 11 1 0
794 63 10 11 1 0
262 308 16 18 1 0
212 66 10 11 1 0
353 313 16 18 1 0
269 384 16 18 1 0
808 246 13 18 1 0
1 92 12 19 1 0
200 83 10 11 1 0
208 166 12 19 1 0
479 292 16 18 2 0
709 105 12 19 1 0
380 198 12 19 1 0
180 338 16 18 1 0
261 101 12 19 1 0
603 198 12 19 1 0
201 124 12 19 1 0
168 200 12 19 1 0
763 348 16 18 1 0
105 118 12 19 1 0
683 406 16 18 1 0
271 72 10 11 1 0
175 107 12 19 1 0
554 13 10 11 1 0
71 423 16 18 1 0
245 64 10 11 1 0
196 23 10 11 1 0
242 147 12 19 1 0
770 21 10 11 1 0
185 119 12 19 1 0
456 9 10 11 1 0
406 31 10 11 1 0
562 81 10 11 1 0
208 219 12 19 1 0
494 217 12 19 1 0
142 85 10 11 1 0
124 132 12 19 1 0
352 229 12 19 1 0
529 104 12 19 1 0
366 57 10 11 1 0
837 321 16 18 1 0
302 93 12 19 1 0
188 257 16 18 1 0
276 144 12 19 1 0
748 256 16 18 1 0
251 131 12 19 1 0
324 264 16 18 1 0
755 121 12 19 1 0
381 159 12 19 1 0
208 23 10 11 1 0
781 256 16 18 1 0
24 220 12 19 1 0
153 17 10 11 1 0
462 216 12 19 1 0
24 86 12 19 1 0
398 151 12 19 1 0
244 342 16 18 1 0
744 7 10 11 1 0
337 58 10 11 1 0
716 143 12 19 2 0
587 362 16 18 1 0
371 368 16 18 1 0
326 374 16 18 1 0
730 338 16 18 1 0
782 25 10 11 1 0
403 240 12 19 2 0
644 7 10 11 1 0
227 12 10 11 1 0
394 18 10 11 1 0
322 213 12 19 1 0
320 154 12 19 1 0
248 193 12 19 1 0
557 36 10 11 1 0
308 143 12 19 1 0
421 146 12 19 1 0
224 24 10 11 1 0
93 228 12 19 1 0
625 204 12 19 1 0
124 2 10 11 1 0
797 232 12 19 1 0
564 298 16 18 1 0
250 74 10 11 1 0
160 124 12 19 1 0
99 346 16 18 1 0
172 382 16 18 1 0
803 53 10 13 1 0
307 161 12 19 1 0
452 55 10 11 1 0
630 7 10 11 1 0
332 20 10 11 1 0
749 81 10 11 1 0
600 265 16 18 1 0
401 230 12 19 2 0
378 44 10 11 1 0
32 191 12 19 1 0
318 136 12 19 1 0
508 165 12 19 1 0
99 306 16 18 1 0
279 182 12 19 1 0
349 179 12 19 2 0
646 80 10 11 1 0
41 395 16 18 1 0
347 80 10 11 1 0
446 112 12 19 1 0
688 30 10 11 1 0
80 310 16 18 1 0
423 56 10 11 1 0
3 210 12 19 1 0
407 131 12 19 1 0
230 332 16 18 1 0
492 28 10 11 1 0
