2392 1094 60 68 1 0
1984 1122 78 103 1 0
2774 1119 60 68 1 0
2968 862 101 114 1 0
2113 1225 78 103 1 0
2968 1162 60 68 1 0
1614 1233 115 149 1 0
1419 1171 55 69 1 0
1561 1397 140 169 1 0
1222 1331 140 169 1 0
174 1236 151 203 1 0
1772 1265 115 149 1 0
1681 1145 55 69 1 0
1925 1149 78 103 1 0
1129 1168 67 78 1 0
1001 1298 140 169 1 0
2830 1325 143 160 1 0
2232 1127 60 68 1 0
2592 1309 143 160 1 0
11 1198 81 98 1 0
257 1322 151 203 1 0
2451 1202 143 160 1 0
871 1142 67 78 1 0
517 1275 151 203 1 0
2601 1110 60 68 1 0
