350 352 7 10 1 0
982 329 7 10 1 0
704 331 7 10 1 0
564 291 9 10 1 0
1038 277 9 10 1 0
535 388 15 19 1 0
780 350 7 10 1 0
779 325 7 10 1 0
448 305 9 10 1 0
924 324 7 10 1 0
613 273 9 10 1 0
457 311 9 10 1 0
982 268 9 10 1 0
826 416 15 19 1 0
297 384 7 10 1 0
851 290 9 10 1 0
386 337 7 10 1 0
394 394 15 19 1 0
259 383 7 10 1 0
826 327 7 10 1 0
735 270 9 10 1 0
362 351 7 10 1 0
330 299 9 10 1 0
502 309 9 10 1 0
536 305 9 10 1 0
655 437 15 19 1 0
1133 364 7 10 1 0
682 309 9 10 1 0
1041 377 7 10 1 0
810 380 7 10 1 0
561 392 15 19 1 0
264 346 7 10 1 0
769 391 15 19 1 0
567 433 15 19 1 0
694 328 7 10 1 0
651 335 7 10 1 0
549 358 7 10 1 0
83 394 15 19 1 0
360 300 9 10 1 0
703 436 15 19 1 0
970 279 9 10 1 0
325 358 7 10 1 0
969 370 7 10 1 0
755 295 9 10 1 0
456 377 7 10 1 0
663 348 7 10 1 0
418 312 9 10 1 0
246 444 15 19 1 0
437 432 15 19 1 0
1016 276 9 10 1 0
940 267 9 10 1 0
631 298 9 10 1 0
880 315 9 10 1 0
891 319 9 10 1 0
736 325 7 10 1 0
716 302 9 10 1 0
381 379 7 10 1 0
400 306 9 10 1 0
831 293 9 10 1 0
1102 373 7 10 1 0
683 269 9 10 1 0
817 352 7 10 1 0
735 393 15 19 1 0
247 374 7 10 1 0
845 281 9 10 1 0
487 306 9 10 1 0
564 344 7 10 1 0
1027 315 9 10 1 0
814 301 9 10 1 0
596 314 9 10 1 0
827 265 9 10 1 0
517 309 9 10 1 0
894 379 7 10 1 0
835 270 9 10 1 0
35 403 15 19 1 0
870 336 7 10 1 0
1068 282 9 10 1 0
236 376 7 10 1 0
784 258 9 10 1 0
329 393 15 19 1 0
1067 372 7 10 1 0
759 275 9 10 1 0
551 307 9 10 1 0
476 421 15 19 1 0
350 377 7 10 1 0
898 283 9 10 1 0
948 342 7 10 1 0
577 380 7 10 1 0
272 442 15 19 1 0
855 374 7 10 1 0
519 422 15 19 1 0
717 359 7 10 1 0
594 275 9 10 1 0
114 418 15 19 1 0
520 367 7 10 1 0
874 293 9 10 1 0
830 306 9 10 1 0
447 321 7 10 1 0
522 334 7 10 1 0
441 360 7 10 1 0
152 444 15 19 1 0
1073 342 7 10 1 0
870 282 9 10 1 0
869 270 9 10 1 0
764 427 15 19 1 0
998 266 9 10 1 0
646 266 9 10 1 0
926 376 7 10 1 0
795 285 9 10 1 0
365 311 9 10 1 0
282 377 7 10 1 0
509 381 7 10 1 0
1115 277 9 10 1 0
995 294 9 10 1 0
946 293 9 10 1 0
719 265 9 10 1 0
858 322 7 10 1 0
902 265 9 10 1 0
598 284 9 10 1 0
838 347 7 10 1 0
854 265 9 10 1 0
176 394 15 19 1 0
738 343 7 10 1 0
651 306 9 10 1 0
821 279 9 10 1 0
875 438 15 19 1 0
749 394 15 19 1 0
663 394 15 19 1 0
495 300 9 10 1 0
338 379 7 10 1 0
803 325 7 10 1 0
611 306 9 10 1 0
627 328 7 10 1 0
610 428 15 19 1 0
411 384 7 10 1 0
781 274 9 10 1 0
389 427 15 19 1 0
769 459 15 19 1 0
617 347 7 10 1 0
630 281 9 10 1 0
997 381 7 10 1 0
601 299 9 10 1 0
477 315 9 10 1 0
306 311 8 10 1 0
550 331 7 10 1 0
785 301 9 10 1 0
274 380 7 10 1 0
526 314 9 10 1 0
804 270 9 10 1 0
700 389 15 19 1 0
690 282 9 10 1 0
190 385 9 12 1 0
225 394 15 19 1 0
752 354 7 10 1 0
415 361 7 10 1 0
