69 634 35 37 1 0
1306 416 13 10 1 1
1464 466 17 16 1 1
1436 415 13 10 1 1
908 606 35 37 1 0
683 650 35 37 1 0
573 505 29 30 1 1
1043 614 35 37 1 0
934 451 17 16 1 1
1342 356 13 10 1 1
282 541 29 30 1 0
1377 391 13 10 1 1
1192 552 22 24 1 0
715 539 23 26 1 0
1348 458 17 16 1 1
947 675 35 37 1 0
1517 619 35 37 1 0
243 600 35 37 1 0
1651 444 13 13 1 1
394 593 22 24 1 0
969 499 23 26 1 0
1024 463 17 16 1 1
1564 566 25 28 1 0
1019 483 17 16 1 1
1170 613 35 37 1 0
1551 453 17 16 1 1
1582 576 25 28 1 0
1888 485 13 13 1 1
1037 533 23 26 1 1
1529 547 22 24 1 0
1402 535 23 26 1 0
979 555 22 24 1 0
526 521 29 30 1 1
1486 643 35 37 1 0
1408 490 17 16 1 0
1715 406 13 10 1 1
1177 459 17 16 1 1
373 619 35 37 1 0
1241 526 23 26 1 0
1355 484 17 16 1 0
1442 452 17 16 1 1
1175 421 13 10 1 1
893 519 23 26 1 0
1740 415 13 10 1 1
1657 413 13 10 1 1
917 528 23 26 1 0
1422 430 13 10 1 1
15 609 28 30 1 0
1239 479 17 16 1 0
1091 688 35 37 1 0
910 447 17 16 1 1
1462 406 13 10 1 1
514 645 35 37 1 0
879 298 16 20 1 1
613 535 29 30 1 0
790 565 22 24 1 0
957 458 17 16 1 1
1211 487 17 16 1 0
1606 482 13 13 1 0
679 527 22 25 1 1
857 294 16 20 1 1
1508 529 23 26 1 0
815 478 17 16 1 1
734 581 22 24 1 0
305 494 29 30 1 0
575 436 20 22 1 1
1606 419 13 10 1 1
648 554 22 24 1 1
1094 504 23 26 1 1
1692 419 13 10 1 1
1333 544 22 24 1 0
1725 405 13 10 1 1
1263 464 17 16 1 1
391 526 29 30 1 0
1638 421 13 10 1 1
1156 431 13 10 1 1
450 425 20 22 1 1
1420 455 17 16 1 1
477 411 20 22 1 1
1063 493 23 26 1 1
799 528 23 26 1 0
605 623 35 37 1 0
1142 716 35 37 1 0
1757 440 13 13 1 1
553 544 22 24 1 0
1531 405 13 10 1 1
809 660 35 37 1 0
1496 474 17 16 1 0
1660 462 13 13 1 1
641 603 35 37 1 0
660 304 21 21 1 1
285 453 20 22 1 1
651 508 29 30 1 1
457 552 22 24 1 1
1292 455 17 16 1 1
1504 573 22 24 1 0
708 493 23 26 1 1
80 355 14 18 1 1
287 403 20 22 1 1
449 516 29 30 1 1
524 607 35 37 1 0
775 486 17 16 1 1
1275 510 23 26 1 0
1248 446 17 16 1 1
1003 595 22 24 1 0
1317 497 23 26 1 0
1365 464 17 16 1 1
1145 431 13 10 1 1
529 176 21 21 1 1
1070 532 23 26 1 1
1699 448 13 13 1 1
101 475 29 30 1 0
885 453 17 16 1 1
1311 435 13 10 1 1
1734 392 13 10 1 1
1357 436 13 10 1 1
453 434 20 22 1 1
1525 469 17 16 1 0
252 386 26 28 1 1
1024 681 35 37 1 0
1166 653 35 37 1 0
1031 498 23 26 1 1
1718 433 13 10 1 1
1198 645 35 37 1 0
147 506 29 30 1 0
1281 615 35 37 1 0
1779 433 13 10 1 1
1102 449 17 16 1 1
1683 448 13 13 1 1
1029 436 17 16 1 1
750 490 17 16 1 1
928 485 17 16 1 1
1488 417 13 10 1 1
808 464 17 16 1 1
1152 499 23 26 1 1
1051 471 17 16 1 1
862 666 35 37 1 0
1459 406 13 10 1 1
1498 411 13 10 1 1
1462 438 13 10 1 1
312 537 29 30 1 0
730 510 23 26 1 1
1318 475 17 16 1 0
1260 486 17 16 1 0
1226 440 17 16 1 1
1124 468 17 16 1 1
1389 476 17 16 1 0
1502 434 13 10 1 1
504 574 22 24 1 0
978 468 17 16 1 1
1431 533 23 26 1 0
1486 542 22 24 1 0
1418 611 35 37 1 0
828 304 16 20 1 1
1588 448 13 13 1 1
188 630 35 37 1 0
902 302 16 20 1 1
1210 448 17 16 1 1
229 627 35 37 1 0
1624 447 13 13 1 1
1734 443 13 13 1 1
836 513 23 26 1 0
879 497 23 26 1 0
1578 487 17 16 1 0
1081 633 35 37 1 0
462 461 20 22 1 1
1445 482 17 16 1 0
1772 408 13 10 1 1
1002 461 17 16 1 1
1291 545 22 24 1 0
105 558 22 24 1 0
761 292 16 20 1 1
1014 508 23 26 1 1
1160 571 22 24 1 0
820 506 23 26 1 0
1313 453 17 16 1 1
1176 518 23 26 1 0
1317 656 35 37 1 0
1122 572 22 24 1 0
500 441 20 22 1 1
460 493 29 30 1 1
1246 589 22 24 1 0
1154 448 17 16 1 1
332 607 35 37 1 0
621 490 29 30 1 1
950 618 35 37 1 0
606 446 20 22 1 1
1902 469 13 13 1 1
43 349 14 18 1 1
1679 467 13 13 1 1
1553 509 23 26 1 0
271 622 35 37 1 0
376 537 29 30 1 0
1340 611 35 37 1 0
143 619 35 37 1 0
819 595 22 24 1 0
495 410 20 22 1 1
1128 446 17 16 1 1
944 475 17 16 1 1
734 679 35 37 1 0
440 605 35 37 1 0
1536 426 13 10 1 1
1406 412 13 10 1 1
