1502 604 12 13 1 0
4495 890 19 19 1 0
1255 1021 13 16 1 0
4142 1282 26 32 1 0
2710 1692 32 46 1 0
5122 839 17 20 1 0
3083 890 15 20 1 0
1985 1119 17 20 1 0
3004 818 21 19 1 0
1065 1346 20 25 1 0
1346 493 12 13 1 0
1338 406 12 13 1 0
968 552 13 19 1 0
874 364 16 17 1 0
2058 1331 19 22 1 0
3694 874 19 19 1 0
477 397 16 17 1 0
2757 820 21 19 1 0
2248 802 21 19 1 0
3074 1257 16 21 1 0
595 420 16 17 1 0
3394 915 15 20 1 0
5159 820 17 20 1 0
2791 1137 17 20 1 0
4300 1006 22 25 1 0
2524 926 15 16 1 0
2180 822 21 19 1 0
5282 944 19 23 1 0
1088 593 13 19 1 0
730 818 13 20 1 0
2934 851 21 19 1 0
2458 1609 34 38 1 0
5186 955 19 23 1 0
3281 1109 19 21 1 0
1838 1084 24 26 1 0
4427 1168 25 26 1 0
2352 1636 34 38 1 0
4034 893 19 19 1 0
4267 992 22 25 1 0
2250 1108 17 20 1 0
4419 1107 25 26 1 0
801 720 13 20 1 0
1876 244 12 14 1 0
883 347 16 17 1 0
981 311 16 17 1 0
3600 890 19 19 1 0
448 394 16 17 1 0
4207 879 19 19 1 0
2057 1612 34 45 1 0
3831 959 19 19 1 0
2477 912 15 16 1 0
2157 196 12 14 1 0
1349 580 12 13 1 0
5089 1313 26 32 1 0
4612 932 22 25 1 0
3635 1273 15 21 1 0
2602 824 21 19 1 0
361 404 16 17 1 0
3890 1063 19 23 1 0
2361 1375 19 22 1 0
3988 1021 19 23 1 0
1999 868 15 16 1 0
3326 822 21 19 1 0
3908 1246 15 21 1 0
4792 1100 25 26 1 0
19 370 16 17 1 0
2583 1361 19 22 1 0
2942 1287 20 20 1 0
3136 817 21 19 1 0
3125 972 19 21 1 0
1209 496 13 19 1 0
4504 998 22 25 1 0
1372 1027 13 16 1 0
2056 1040 21 25 1 0
5188 814 17 20 1 0
3500 909 15 20 1 0
4355 1220 25 26 1 0
265 1132 16 20 1 0
1679 1676 32 42 1 0
4535 966 22 25 1 0
4607 1102 25 26 1 0
1874 971 20 23 1 0
2601 1366 19 22 1 0
4537 1839 35 44 1 0
5139 1326 26 32 3 0
3404 1153 16 21 1 0
3899 1623 30 37 1 0
1059 630 13 19 1 0
2825 939 15 20 1 0
1435 471 12 13 1 0
4734 1168 25 26 1 0
1071 571 13 19 1 0
4839 918 19 23 1 0
1489 1094 24 26 1 0
2636 816 21 19 1 0
2435 1204 17 20 1 0
1145 980 13 16 1 0
4424 1817 34 45 1 0
4218 888 19 19 1 0
2368 1300 19 22 1 0
3840 1244 15 21 1 0
1558 644 17 20 1 0
485 981 13 16 1 0
1005 309 16 17 1 0
2039 175 12 14 1 0
4037 1456 30 26 1 0
1311 640 17 20 1 0
1054 581 13 19 1 0
383 1039 16 20 1 0
1370 1441 24 28 1 0
3489 1180 16 21 1 0
2046 1017 21 25 1 0
4366 1168 25 26 1 0
3794 1303 30 26 1 0
5176 1022 19 23 1 0
2495 832 21 19 1 0
3326 1170 16 21 1 0
5176 1020 19 23 1 0
2210 1118 17 20 1 0
2307 814 21 19 1 0
2931 1369 20 20 1 0
3102 1148 16 21 1 0
4011 1026 19 23 1 0
3268 906 15 20 1 0
4050 1046 19 23 1 0
3125 875 15 20 1 0
3010 1154 16 21 1 0
2064 1102 17 20 1 0
1994 950 21 25 1 0
1581 979 20 23 1 0
2521 1329 19 22 1 0
2838 1111 17 20 1 0
2208 1265 19 22 1 0
5143 833 17 20 1 0
218 749 13 20 1 0
2073 1420 19 22 1 0
3773 1294 15 21 1 0
2749 2399 53 67 1 0
201 1259 20 22 1 0
4864 903 19 23 1 0
1411 471 12 13 1 0
918 352 16 17 1 0
2313 881 15 16 1 0
1751 1056 24 26 1 0
4527 900 19 19 1 0
4006 1744 31 49 1 0
4009 1212 15 21 1 0
1294 1297 24 28 1 0
3231 890 15 20 1 0
1051 1009 13 16 1 0
3915 862 19 19 1 0
2711 816 21 19 1 0
4945 1157 25 26 1 0
2109 975 21 25 1 0
817 1800 27 35 1 0
3920 1875 30 43 1 0
3863 1315 30 26 3 0
3050 849 21 19 1 0
4551 1301 26 32 1 0
3331 964 19 21 1 0
1749 1294 24 28 1 0
2708 850 21 19 1 0
4225 1227 25 27 1 0
248 1129 16 20 1 0
4252 877 19 19 1 0
3249 924 15 20 1 0
8 1058 17 20 1 0
4274 1021 22 25 1 0
2547 894 15 16 1 0
4334 922 19 19 1 0
1411 545 12 13 1 0
3763 1036 19 23 1 0
5285 1110 22 24 1 0
2928 1158 16 21 1 0
2470 1160 17 20 1 0
2151 1342 19 22 1 0
1641 1070 24 26 1 0
2765 840 21 19 1 0
1295 681 13 19 1 0
902 397 16 17 1 0
2977 1308 20 20 1 0
7 414 16 17 1 0
262 411 16 17 1 0
774 289 16 17 1 0
273 625 13 19 1 0
2026 1107 17 20 1 0
1977 1283 19 22 1 0
3582 970 19 19 1 0
136 304 16 17 1 0
4280 879 19 19 1 0
1382 464 12 13 1 0
3826 1253 15 21 1 0
3500 1228 16 21 1 0
3131 1678 32 46 1 0
3387 1342 30 26 1 0
1324 530 12 13 1 0
2024 1710 34 45 1 0
972 671 13 19 1 0
900 307 16 17 1 0
4456 1132 25 26 1 0
4224 1223 25 26 1 0
4681 1043 25 26 1 0
1543 2476 85 88 1 0
1871 1720 34 45 1 0
2584 1707 34 38 1 0
4159 1298 26 32 1 0
3062 1190 16 21 1 0
2732 880 15 16 1 0
2696 1311 20 20 1 0
4707 1064 25 26 1 0
1665 1292 24 28 1 0
1586 1296 24 28 1 0
4319 1257 26 32 1 0
521 447 16 17 1 0
871 1994 27 35 1 0
4594 1466 26 32 1 0
1495 1514 24 28 1 0
1040 354 16 17 1 0
4966 1131 25 26 1 0
2638 1372 19 22 1 0
1082 425 16 17 1 0
3661 953 19 19 1 0
913 920 13 16 1 0
850 300 16 17 1 0
4315 992 22 25 1 0
1293 1660 32 42 1 0
411 421 16 17 1 0
5235 794 17 20 1 0
3064 982 19 21 1 0
3947 1071 19 23 1 0
1250 460 16 17 1 0
3287 1314 16 21 1 0
4252 1894 31 49 1 0
4748 1440 26 32 1 0
4835 1456 26 32 1 0
3645 1667 30 37 1 0
149 970 13 16 1 0
5284 911 19 23 1 0
2522 1023 21 25 1 0
484 582 13 19 1 0
5171 1223 25 26 1 0
1969 794 21 19 1 0
2326 1159 17 20 1 0
3375 1566 30 26 1 0
2994 1670 32 46 1 0
2351 1351 19 22 1 0
2311 1199 17 20 1 0
1442 440 12 13 1 0
1619 387 12 13 1 0
1683 539 12 13 1 0
4478 1112 25 26 1 0
775 389 16 17 1 0
3981 872 19 19 1 0
372 989 13 16 1 0
3361 1180 16 21 1 0
2060 994 21 25 1 0
4326 1793 31 49 1 0
2969 1106 19 21 1 0
2116 1269 19 22 1 0
2366 1080 21 25 1 0
2372 1572 19 22 1 0
5119 979 19 23 1 0
3516 841 21 19 1 0
625 1036 16 20 1 0
906 1370 21 27 1 0
724 314 16 17 1 0
5134 1232 25 30 1 0
521 977 13 16 1 0
314 442 16 17 1 0
3458 850 21 19 1 0
4113 1086 19 23 1 0
90 417 16 17 1 0
3590 991 19 23 1 0
3186 1300 16 21 1 0
5076 862 17 20 1 0
420 391 16 17 1 0
4087 1069 19 23 1 0
3254 842 21 19 1 0
2203 1069 21 25 1 0
3210 1035 19 21 1 0
824 592 13 19 1 0
2403 1147 17 20 1 0
481 1019 13 16 3 0
1106 700 13 19 1 0
484 451 16 17 1 0
2269 925 15 16 1 0
272 351 16 17 1 0
2951 1193 16 21 1 0
3216 1186 16 21 1 0
2116 1298 19 22 1 0
1040 687 13 19 1 0
3759 869 19 19 1 0
4329 880 19 19 1 0
114 426 16 17 1 0
4291 886 19 19 1 0
3149 1107 19 21 1 0
4571 895 19 19 1 0
385 479 16 17 1 0
1364 570 12 13 1 0
1949 1750 34 45 1 0
2166 1061 21 25 1 0
1480 1664 32 42 1 0
555 401 16 17 1 0
990 565 13 19 1 0
625 289 16 17 1 0
42 445 16 17 1 0
2680 842 21 19 1 0
4707 910 19 23 1 0
4499 1297 26 32 1 0
4626 869 19 19 1 0
368 307 16 17 1 0
277 733 13 20 1 0
3301 858 21 19 1 0
3281 1297 16 21 1 0
2399 1331 19 22 1 0
2071 802 21 19 1 0
1175 826 13 20 1 0
644 1204 20 22 1 0
4424 1011 22 25 1 0
1522 1091 24 26 1 0
2628 1074 21 25 1 0
1883 1063 22 25 1 0
2486 1365 19 22 1 0
196 1691 27 35 1 0
280 761 13 20 1 0
1255 1630 24 31 1 0
3098 1193 16 21 1 0
2444 1325 19 22 1 0
3174 907 15 20 1 0
357 978 13 16 1 0
2253 857 21 19 1 0
2426 1147 17 20 1 0
2469 832 21 19 1 0
2981 1702 32 46 1 0
4926 893 17 20 1 0
1889 1645 34 45 1 0
4633 1460 26 32 1 0
5247 839 17 20 1 0
214 1420 21 27 1 0
3338 846 21 19 1 0
3105 1017 19 21 1 0
1005 282 16 17 1 0
574 1755 27 35 1 0
4640 922 19 19 1 0
4352 1213 25 26 1 0
4839 2320 38 61 1 0
462 441 16 17 1 0
1033 587 13 19 1 0
1711 727 17 20 1 0
2576 895 15 16 1 0
4146 2406 53 64 1 0
1142 540 13 19 1 0
2332 1685 34 38 1 0
394 977 13 16 1 0
650 975 13 16 1 0
3241 1200 16 21 1 0
279 540 13 19 1 0
4043 873 19 19 1 0
287 308 16 17 1 0
2854 2409 53 67 1 0
1207 1067 16 20 1 0
3826 1164 15 21 1 0
2999 1094 19 21 1 0
3826 1044 19 23 1 0
833 1411 21 27 1 0
927 2570 85 88 1 0
3218 831 21 19 1 0
417 950 13 16 1 0
285 1018 13 16 1 0
3901 1083 19 23 1 0
3936 1483 30 26 1 0
2605 959 21 25 1 0
474 990 13 16 1 0
3278 855 21 19 1 0
396 484 16 17 1 0
3914 2568 59 69 1 0
3940 1128 15 21 1 0
3362 1282 16 21 1 0
4087 1196 15 21 1 0
4692 946 19 23 1 0
2772 815 21 19 1 0
2328 1230 17 20 1 0
3249 1050 19 21 1 0
5040 1014 19 23 1 0
1795 1013 20 23 1 0
851 518 13 19 1 0
1258 637 13 19 1 0
90 1207 20 22 1 0
288 1279 20 22 1 0
4105 1749 31 49 1 0
3936 1123 15 21 1 0
1039 399 16 17 1 0
2465 1248 19 22 1 0
272 306 16 17 1 0
4958 1119 25 26 1 0
1404 482 12 13 1 0
2917 1283 20 20 1 0
4532 1179 25 26 1 0
4311 1131 25 26 1 0
764 349 16 17 1 0
2000 1645 34 45 1 0
148 1675 27 35 1 0
1876 954 20 23 1 0
5038 1007 19 23 1 0
4413 1337 26 32 1 0
2342 2581 53 67 1 0
2196 1050 21 25 1 0
3668 903 19 19 1 0
3576 2415 59 69 1 0
3239 1356 16 21 1 0
4076 1306 30 26 1 0
608 304 16 17 1 0
5068 890 17 20 1 0
1827 181 12 13 1 0
31 312 16 17 1 0
2146 1051 21 25 1 0
1566 1480 24 28 1 0
4180 907 19 19 1 0
4110 882 19 19 1 0
4730 1118 25 26 1 0
1089 1029 13 16 1 0
3130 1253 16 21 1 0
4655 1023 22 25 1 0
1532 668 17 20 1 0
2466 1668 34 38 1 0
2779 845 21 19 1 0
3947 1223 15 21 1 0
4712 1146 25 26 1 0
1060 1785 27 35 1 0
1291 546 13 19 1 0
599 1774 27 35 1 0
134 1189 20 22 1 0
917 1732 27 35 1 0
4680 892 19 20 1 0
3102 1326 16 21 1 0
1487 595 12 13 1 0
3816 951 19 19 1 0
2169 1268 19 22 1 0
4898 1324 26 32 1 0
1218 409 16 17 1 0
549 991 13 16 1 0
2488 1200 17 20 1 0
604 1041 16 20 1 0
2783 990 21 25 1 0
492 969 13 16 1 0
2083 926 15 16 1 0
2056 934 15 16 1 0
819 1198 20 22 1 0
4480 1267 26 32 1 0
3014 957 19 21 1 0
955 288 16 17 1 0
1169 1425 21 27 1 0
3809 859 19 19 1 0
1661 1011 20 23 1 0
3221 1732 32 46 1 0
3873 1224 15 21 1 0
3175 1171 16 21 1 0
4333 916 19 19 1 0
4804 906 19 23 1 0
3581 887 19 19 1 0
1431 596 12 13 1 0
2338 194 12 14 1 0
2005 493 12 14 1 0
2954 1256 16 21 1 0
5208 805 17 20 1 0
5244 1515 25 29 1 0
1619 673 17 20 1 0
5088 943 19 23 1 0
3048 1317 16 21 1 0
4486 1949 35 44 1 0
385 511 13 19 1 0
290 1135 16 20 1 0
3722 926 19 19 1 0
1419 562 12 13 1 0
2368 1181 17 20 1 0
1001 470 16 17 1 0
1982 819 21 19 1 0
1960 827 21 19 1 0
1036 996 13 16 1 0
503 576 13 19 1 0
2801 822 21 19 1 0
808 412 16 17 1 0
1006 355 16 17 1 0
2566 808 21 19 1 0
1505 1004 20 23 1 0
5206 868 17 20 1 0
4337 1023 22 25 1 0
2497 871 15 16 1 0
3248 816 21 19 1 0
849 376 16 17 1 0
2900 1138 16 21 1 0
2533 818 21 19 1 0
1773 1061 24 26 1 0
2978 978 19 21 1 0
3775 1286 15 21 1 0
1965 2671 85 88 1 0
4790 907 19 23 1 0
4425 1017 22 25 1 0
626 1326 20 22 1 0
2099 810 21 19 1 0
2391 203 12 14 1 0
1617 487 12 13 1 0
3229 818 21 19 1 0
3760 1002 19 23 1 0
915 500 13 19 1 0
3591 1440 30 26 1 0
3364 951 19 21 1 0
4957 879 17 20 1 0
4555 1294 26 32 1 0
5173 1086 25 26 1 0
4797 969 19 23 1 0
1265 1677 32 42 1 0
4546 903 19 19 1 0
3062 1231 16 21 1 0
3360 1683 37 45 1 0
2130 1031 21 25 1 0
1770 1372 24 28 1 0
1576 643 17 20 1 0
1805 1058 24 26 1 0
717 938 13 16 1 0
2214 1402 19 22 1 0
4642 1884 35 44 1 0
617 945 13 16 1 0
5157 1219 25 26 1 0
4826 1059 25 26 1 0
1998 795 21 19 1 0
3441 879 15 20 1 0
1992 977 21 25 1 0
406 1161 16 20 1 0
32 1150 19 21 1 0
3433 853 21 19 1 0
4812 1678 25 29 1 0
4086 1454 30 26 1 0
4961 1663 25 29 1 0
341 1845 27 35 1 0
2227 918 15 16 1 0
2145 1107 17 20 1 0
931 378 16 17 1 0
663 399 16 17 1 0
61 428 16 17 1 0
2676 1351 19 22 1 0
2100 1289 19 22 1 0
4084 1193 15 21 1 0
944 1792 27 35 1 0
1179 677 13 19 1 0
1810 948 20 23 1 0
4349 1116 25 26 1 0
4243 986 22 25 1 0
4471 1093 25 26 1 0
1619 1423 24 28 1 0
2898 1186 16 21 1 0
2355 1325 19 22 1 0
4794 1169 25 26 1 0
2220 1725 34 38 1 0
2890 1281 19 20 1 0
604 1297 20 22 1 0
2886 1095 17 20 1 0
1391 769 16 19 1 0
3474 1368 30 26 1 0
808 298 16 17 1 0
3002 1219 16 21 1 0
1880 1016 20 23 1 0
344 1070 16 20 1 0
4062 1113 19 23 1 0
2400 1009 21 25 1 0
2196 824 21 19 1 0
1154 482 16 17 1 0
1204 836 13 20 1 0
2172 978 21 25 1 0
3484 860 21 19 1 0
1310 981 13 16 1 0
820 571 13 19 1 0
4716 1060 25 26 1 0
4922 1349 26 32 1 0
1307 1121 16 20 1 0
942 350 16 17 1 0
584 350 16 17 1 0
1757 1116 24 26 1 0
4015 1028 19 23 1 0
1307 1603 24 31 1 0
3500 1241 16 21 1 0
4088 956 22 25 1 0
3898 980 19 23 1 0
2268 1259 19 22 1 0
2010 1291 19 22 1 0
3094 2625 53 67 1 0
4646 1948 35 44 1 0
2651 827 21 19 1 0
3194 2447 53 67 1 0
530 1017 13 16 1 0
1674 734 17 20 1 0
3577 886 19 19 1 0
2817 978 21 25 1 0
3203 863 21 19 1 0
383 960 13 16 1 0
3565 868 19 19 1 0
770 469 16 17 1 0
671 1197 20 22 1 0
2883 1131 17 20 1 0
1253 606 13 19 1 0
1171 623 13 19 1 0
1584 1498 24 28 1 0
988 401 16 17 1 0
3597 853 19 19 1 0
1454 2419 85 88 1 0
1412 1287 24 28 1 0
3101 1443 27 28 1 0
31 1194 19 21 1 0
258 1264 20 22 1 0
3454 931 15 20 1 0
704 1423 21 27 1 0
82 326 16 17 1 0
1971 477 12 14 1 0
4937 1167 25 26 1 0
1713 1270 24 28 1 0
3325 913 15 20 1 0
1135 591 13 19 1 0
4782 1172 25 26 1 0
1751 1326 24 28 1 0
3820 1409 30 26 1 0
402 1722 27 35 1 0
5093 1021 19 23 1 0
1059 1435 21 27 1 0
1455 522 12 13 1 0
1265 1286 24 28 1 0
3747 937 19 19 1 0
2135 1695 34 45 1 0
3927 1057 19 23 1 0
5261 1251 26 32 1 0
2647 1005 21 25 1 0
4362 1325 26 32 1 0
3027 1225 16 21 1 0
3429 1566 30 26 1 0
1111 567 13 19 1 0
368 500 13 19 1 0
4504 1304 26 32 1 0
2817 1565 27 28 1 0
4616 1125 25 26 1 0
4979 1347 26 32 1 0
1053 973 13 16 1 0
4107 904 19 19 1 0
1079 1115 16 20 1 0
1558 688 17 20 1 0
753 1292 20 22 1 0
3613 871 19 19 1 0
323 750 13 20 1 0
825 393 16 17 1 0
36 1627 27 35 1 0
4609 899 19 19 1 0
2266 883 15 16 1 0
3490 973 19 21 1 0
1595 473 12 13 1 0
2791 1040 21 25 1 0
3389 841 21 19 1 0
2522 1276 19 22 1 0
888 314 16 17 1 0
2632 1228 17 20 1 0
2018 800 21 19 1 0
531 1103 16 20 1 0
981 344 16 17 1 0
2839 1284 20 20 1 0
4826 905 19 23 1 0
4477 893 19 19 1 0
797 587 13 19 1 0
5220 900 17 20 1 0
1255 489 13 19 1 0
4323 934 22 25 1 0
3262 1176 16 21 1 0
1236 2779 85 88 1 0
2424 1593 30 34 1 0
2877 813 21 19 1 0
2218 1291 19 22 1 0
5260 813 17 20 1 0
3437 1778 37 45 1 0
1617 2655 85 88 1 0
2428 1292 19 22 1 0
459 421 16 17 1 0
5128 1067 25 26 1 0
1486 444 12 13 1 0
2778 1229 17 20 1 0
2689 975 21 25 1 0
5227 2299 38 61 1 0
1996 1162 17 20 1 0
4454 899 19 19 1 0
3836 1291 15 21 1 0
4455 893 19 19 1 0
5025 862 17 20 1 0
2534 1785 34 38 1 0
3834 906 19 19 1 0
541 487 16 17 1 0
4582 1035 25 26 1 0
767 995 13 16 1 0
2481 805 21 19 1 0
1312 457 12 13 1 0
1047 520 13 19 1 0
4757 1114 25 26 1 0
910 696 13 19 1 0
1494 473 12 13 1 0
345 2582 85 88 1 0
2240 917 15 16 1 0
4617 1019 22 25 1 0
5073 2250 38 61 1 0
826 643 13 19 1 0
1379 626 17 20 1 0
4732 856 19 23 1 0
2409 871 15 16 1 0
2971 933 15 20 1 0
3469 1214 16 21 1 0
5104 877 17 20 1 0
4980 1076 25 26 1 0
1707 521 12 13 1 0
456 1013 13 16 1 0
892 965 13 16 1 0
3393 1608 30 26 1 0
3991 1461 30 26 1 0
1583 1007 20 23 1 0
1015 1320 20 22 1 0
692 1209 20 22 1 0
1933 1369 24 28 1 0
4613 1129 25 26 1 0
4808 907 19 23 1 0
1467 479 12 13 1 0
4138 1056 22 24 1 0
78 593 13 19 1 0
5188 840 17 20 1 0
4327 1153 25 26 1 0
1117 1012 13 16 1 0
3354 1379 30 26 1 0
1710 546 12 13 1 0
5087 1296 26 32 1 0
3081 1152 16 21 1 0
1319 1686 32 42 1 0
2320 806 21 19 1 0
193 339 16 17 1 0
5305 827 17 20 1 0
5155 1519 25 29 1 0
3891 870 19 19 1 0
433 487 16 17 1 0
4689 1127 25 26 1 0
4877 1109 25 26 1 0
1297 1832 30 39 1 0
2021 944 19 22 1 0
341 973 13 16 1 0
2817 819 21 19 1 0
2920 1321 20 20 1 0
2108 1030 21 25 1 0
3765 904 19 19 1 0
3797 866 19 19 1 0
2622 834 21 19 1 0
431 1017 13 16 1 0
3201 1131 16 21 1 0
3635 981 19 23 1 0
3857 1633 30 37 1 0
3497 1734 37 45 1 0
5093 1020 19 23 1 0
164 1047 16 20 1 0
5034 881 17 20 1 0
2883 1682 32 46 1 0
5241 833 17 20 1 0
4786 2304 38 61 1 0
3026 1190 16 21 1 0
852 366 16 17 1 0
4435 931 22 25 1 0
3736 1418 30 26 1 0
4401 1045 25 26 1 0
4584 1031 25 26 1 0
1615 994 20 23 1 0
1661 403 12 13 1 0
3227 1251 16 21 1 0
4211 2401 53 64 1 0
195 440 16 17 1 0
685 1036 16 20 1 0
2863 910 15 20 1 0
1591 375 12 13 1 0
1622 735 17 20 1 0
2224 206 12 14 1 0
3734 1419 30 26 1 0
5022 879 17 20 1 0
3403 864 21 19 1 0
5110 1030 25 26 1 0
4980 1188 25 26 1 0
3967 939 19 19 1 0
5241 1550 25 29 1 0
4630 891 19 19 1 0
1628 408 12 13 1 0
2206 1053 21 25 1 0
3116 905 15 20 1 0
3008 1268 16 21 1 0
3054 1137 16 21 1 0
2887 797 21 19 1 0
3157 1213 16 21 1 0
1888 243 12 14 1 0
5123 969 19 23 1 0
4927 1127 25 26 1 0
1576 690 17 20 1 0
3040 882 15 20 1 0
1755 551 12 13 1 0
800 428 16 17 1 0
742 354 16 17 1 0
3495 1359 30 26 1 0
765 1420 21 27 1 0
224 516 13 19 1 0
3816 900 19 19 1 0
2926 912 15 20 1 0
621 477 16 17 1 0
2217 1360 19 22 1 0
1733 1006 20 23 1 0
4321 933 22 25 1 0
233 317 16 17 1 0
5288 804 17 20 1 0
3001 983 19 21 1 0
1583 459 12 13 1 0
4674 924 19 23 1 0
3157 1186 16 21 1 0
1023 1131 16 20 1 0
3183 891 15 20 1 0
3669 2382 59 69 1 0
1739 1090 24 26 1 0
557 1013 13 16 1 0
2925 1058 21 25 1 0
3774 1040 19 23 1 0
4900 943 19 23 1 0
848 393 16 17 1 0
313 352 16 17 1 0
1328 1420 24 28 1 0
2898 1100 17 20 1 0
44 997 13 16 1 0
727 1218 20 22 1 0
4135 968 22 25 1 0
3648 1340 30 26 1 0
1535 1014 20 23 1 0
5132 865 17 20 1 0
320 1847 27 35 1 0
2518 1061 21 25 1 0
896 552 13 19 1 0
1309 547 12 13 1 0
3364 912 15 20 1 0
3616 987 19 23 1 0
2762 959 21 25 1 0
680 1218 20 22 1 0
436 300 16 17 1 0
114 1191 20 22 1 0
3980 1024 19 23 1 0
2184 1705 34 45 1 0
4314 888 19 19 1 0
3845 1207 15 21 1 0
737 1002 13 16 1 0
1001 679 13 19 1 0
3717 867 19 19 1 0
3648 1471 30 26 1 0
4892 1138 25 26 1 0
4631 2344 38 61 1 0
515 642 13 19 1 0
4775 898 19 23 1 0
5299 859 17 20 1 0
3773 1054 19 23 1 0
3608 904 19 19 1 0
1465 445 12 13 1 0
4749 1230 25 26 1 0
4716 1142 25 26 1 0
5227 1237 26 32 1 0
283 513 13 19 1 0
3336 1079 19 21 1 0
4352 1507 25 29 1 0
1100 1158 16 20 1 0
3774 1059 19 23 1 0
2260 1133 17 20 1 0
1357 1274 24 28 1 0
4475 1144 25 26 1 0
5171 1561 25 29 1 0
952 690 13 19 1 0
689 347 16 17 1 0
1016 734 13 20 1 0
2659 829 21 19 1 0
367 420 16 17 1 0
3234 965 19 21 1 0
4653 892 19 20 1 0
1419 523 12 13 1 0
402 297 16 17 1 0
1189 1039 16 20 1 0
4814 1467 26 32 1 0
1733 541 12 13 1 0
3546 851 19 19 1 0
2452 1008 21 25 1 0
580 934 13 16 1 0
960 311 16 17 1 0
2151 738 21 19 1 0
1030 703 13 19 1 0
2857 1076 21 25 1 0
1692 1291 24 28 1 0
580 1085 16 20 1 0
4479 2424 53 64 1 0
144 1096 16 20 1 0
1937 1322 24 28 1 0
4968 887 17 20 1 0
2923 826 21 19 1 0
3525 858 21 19 1 0
1501 594 12 13 1 0
3960 865 19 19 1 0
499 422 16 17 1 0
2208 981 21 25 1 0
2970 870 15 20 1 0
118 1161 16 20 1 0
5119 1025 19 23 1 0
4925 1041 25 26 1 0
3389 878 15 20 1 0
384 1753 27 35 1 0
1210 519 13 19 1 0
4992 875 17 20 1 0
4800 1102 25 26 1 0
3292 986 19 21 1 0
637 943 13 16 1 0
5009 1180 25 26 1 0
3745 856 19 19 1 0
2914 1685 32 46 1 0
3883 916 19 19 1 0
1181 521 13 19 1 0
3044 1454 27 28 1 0
2420 1193 17 20 1 0
4441 1376 26 32 1 0
715 998 13 16 1 0
3415 1372 30 26 1 0
3015 1232 16 21 1 0
2141 749 21 19 1 0
4735 1166 25 26 1 0
3268 829 21 19 1 0
5283 993 19 23 1 0
1518 603 12 13 1 0
5047 853 17 20 1 0
2956 995 19 21 1 0
2616 819 21 19 1 0
133 600 13 19 1 0
2986 1268 16 21 1 0
3924 1499 30 26 1 0
5074 1785 35 44 1 0
1664 500 12 13 1 0
4669 1035 25 26 1 0
1723 1445 24 28 1 0
1553 1448 24 28 1 0
1347 1600 24 31 1 0
603 990 13 16 1 0
2795 833 21 19 1 0
5308 795 17 20 1 0
2565 855 21 19 1 0
464 1102 16 20 1 0
1355 624 17 20 1 0
1653 1356 24 28 1 0
2361 1205 17 20 1 0
1493 1022 20 23 1 0
2341 1115 17 20 1 0
3747 1152 15 21 1 0
2360 882 15 16 1 0
2927 1257 16 21 1 0
4729 852 19 23 1 0
709 490 13 19 1 0
2079 1109 17 20 1 0
4405 899 19 19 1 0
1349 515 12 13 1 0
3299 821 21 19 1 0
1239 832 13 20 1 0
568 987 13 16 1 0
1702 1694 32 42 1 0
1489 1304 24 28 1 0
4621 1364 26 32 1 0
627 1113 16 20 1 0
253 467 16 17 1 0
4222 1181 25 26 1 0
4402 1386 26 32 1 0
5245 1056 20 23 1 0
2810 1363 20 20 1 0
3782 1539 30 26 1 0
2599 1019 21 25 1 0
840 554 13 19 1 0
3186 846 21 19 1 0
2458 853 21 19 1 0
2681 820 21 19 1 0
5277 784 17 20 1 0
2737 819 21 19 1 0
3044 1228 16 21 1 0
1592 732 17 20 1 0
5211 1246 26 32 1 0
1805 974 20 23 1 0
277 404 16 17 1 0
5260 1003 19 23 1 0
4928 1048 25 26 1 0
1455 1253 24 28 1 0
2097 744 21 19 1 0
2048 1274 19 22 1 0
2069 1149 17 20 1 0
4392 886 19 19 1 0
4338 1393 26 32 1 0
783 1798 27 35 1 0
3260 867 21 19 1 0
2500 807 21 19 1 0
720 986 13 16 1 0
2874 1078 21 25 1 0
3151 519 12 14 1 0
3397 1190 16 21 1 0
1148 583 13 19 1 0
2561 1479 19 22 1 0
1271 1354 24 28 1 0
3770 857 19 19 1 0
3578 1712 30 37 1 0
4887 928 19 23 1 0
2842 1334 20 20 1 0
4477 956 22 25 1 0
667 962 13 16 1 0
4599 1399 26 32 1 0
5293 1060 20 23 1 0
769 602 13 19 1 0
3468 859 21 19 1 0
4236 957 22 25 1 0
2971 838 21 19 1 0
4087 887 19 19 1 0
1767 1394 24 28 1 0
2309 1713 34 38 1 0
2204 1012 21 25 1 0
3827 1050 19 23 1 0
3150 1138 16 21 1 0
667 483 16 17 1 0
3719 940 19 19 1 0
1768 1136 24 26 1 0
2847 1143 17 20 1 0
2284 1369 19 22 1 0
4239 1530 25 29 1 0
3782 994 19 23 1 0
4809 1363 26 32 1 0
1649 700 17 20 1 0
2015 984 21 25 1 0
1642 735 17 20 1 0
1353 2530 85 88 1 0
622 582 13 19 1 0
4541 1469 26 32 3 0
1826 1629 34 45 1 0
1279 1640 32 42 1 0
1420 483 12 13 1 0
1997 838 21 19 1 0
5293 774 17 20 1 0
3220 1218 16 21 1 0
4825 1064 25 26 1 0
1005 317 16 17 1 0
4649 1025 22 25 1 0
4308 1257 26 32 1 0
3206 1209 16 21 1 0
2443 880 15 16 1 0
1321 591 12 13 1 0
1514 625 17 20 1 0
4513 973 22 25 1 0
4024 866 19 19 1 0
308 1802 27 35 1 0
4138 871 19 19 1 0
1432 565 12 13 1 0
56 1175 20 22 1 0
854 475 16 17 1 0
3563 998 19 21 1 0
5035 917 19 23 1 0
3146 1319 16 21 1 0
3494 846 21 19 1 0
1024 291 16 17 1 0
2639 1168 17 20 1 0
4477 894 19 19 1 0
2228 1700 34 38 1 0
562 631 13 19 1 0
3100 868 21 19 1 0
1616 471 12 13 1 0
3643 1351 30 26 1 0
678 1701 27 35 1 0
1706 1080 24 26 1 0
2398 799 21 19 1 0
656 292 16 17 1 0
2145 926 15 16 1 0
4422 1183 25 26 1 0
4890 1467 26 32 1 0
1555 716 17 20 1 0
3549 1029 19 21 1 0
1154 2490 85 88 1 0
3375 1123 16 21 1 0
1428 1582 24 31 1 0
24 1214 19 21 1 0
4777 1854 35 44 1 0
1345 1142 16 20 1 0
343 419 16 17 1 0
3415 1255 16 21 1 0
4977 921 19 23 1 0
4354 1241 26 32 1 0
3442 1234 16 21 1 0
420 1227 20 22 1 0
4045 861 19 19 1 0
5137 1321 26 32 1 0
577 591 13 19 1 0
5163 841 17 20 1 0
2485 1591 26 30 1 0
669 474 16 17 1 0
4862 903 19 23 1 0
2195 753 21 19 1 0
2195 207 12 14 1 0
3337 1230 16 21 1 0
1479 678 17 20 1 0
2275 2589 53 67 1 0
376 2636 85 88 1 0
64 1204 20 22 1 0
4528 1164 25 26 1 0
1872 1070 21 24 1 0
948 1675 27 35 1 0
2882 1345 20 20 1 0
4183 1302 30 26 1 0
674 1449 21 27 1 0
1116 516 13 19 1 0
5255 873 17 20 1 0
1681 1412 24 28 1 0
2289 1200 17 20 1 0
5043 913 19 23 1 0
2942 1212 16 21 1 0
4365 1325 26 32 1 0
515 302 16 17 1 0
2907 624 12 14 1 0
1517 480 12 13 1 0
4293 2394 53 64 1 0
519 400 16 17 1 0
469 1202 20 22 1 0
3062 1268 16 21 1 0
1279 982 13 16 1 0
462 281 16 17 1 0
3679 1345 30 26 1 0
579 480 16 17 1 0
1667 1324 24 28 1 0
2074 972 21 25 1 0
1645 1460 24 28 1 0
3113 812 21 19 1 0
2856 851 21 19 1 0
1307 565 12 13 1 0
5047 1658 25 29 1 0
4286 920 19 19 1 0
4517 922 19 19 1 0
4829 1139 25 26 1 0
876 545 13 19 1 0
1154 494 13 19 1 0
495 310 16 17 1 0
782 654 13 19 1 0
198 1200 20 22 1 0
2350 1277 19 22 1 0
4612 1014 22 25 1 0
4646 1228 25 26 1 0
1029 1046 16 20 1 0
2532 856 21 19 1 0
1664 695 17 20 1 0
2660 905 15 16 1 0
2475 1320 19 22 1 0
510 1002 13 16 1 0
2156 912 15 16 1 0
1570 718 17 20 1 0
4882 1111 25 26 1 0
3362 854 21 19 1 0
5181 1083 25 26 1 0
1850 1432 24 28 1 0
915 1812 27 35 1 0
3022 1138 16 21 1 0
4895 852 17 20 1 0
569 394 16 17 1 0
4876 1673 25 29 1 0
3277 1216 16 21 1 0
2558 1023 21 25 1 0
3871 1273 15 21 1 0
1023 2673 85 88 1 0
4180 1073 25 26 1 0
5126 1227 25 30 1 0
4737 903 19 23 1 0
1065 1318 20 22 1 0
1018 408 16 17 1 0
309 1123 16 20 1 0
3078 1291 16 21 1 0
2922 875 15 20 1 0
3148 1048 19 21 1 0
4405 1376 26 32 1 0
2946 938 15 20 1 0
323 596 13 19 1 0
1066 415 16 17 1 0
3059 1706 32 46 1 0
3166 1121 16 21 1 0
4512 1901 35 44 1 0
1741 1422 24 28 1 0
2590 848 21 19 1 0
5283 1194 26 32 1 0
1789 1389 24 28 1 0
2455 824 21 19 1 0
2287 809 21 19 1 0
4562 940 22 25 1 0
2742 1359 20 20 1 0
2358 211 12 14 1 0
2045 1307 19 22 1 0
679 1009 13 16 1 0
3840 871 19 19 1 0
3679 1269 15 21 1 0
3464 1270 16 21 1 0
370 1923 27 35 1 0
4430 1148 25 26 1 0
4472 953 22 25 1 0
4311 1077 25 26 1 0
4628 1366 26 32 1 0
481 1012 13 16 1 0
4608 889 19 19 1 0
533 973 13 16 1 0
925 343 16 17 1 0
4315 908 19 19 1 0
885 2774 85 88 1 0
22 1122 18 21 1 0
334 486 16 17 1 0
214 585 13 19 1 0
4976 927 19 23 1 0
5226 993 19 23 1 0
2060 781 21 19 1 0
1322 420 12 13 1 0
2307 1324 19 22 1 0
3252 1237 16 21 1 0
3541 1264 15 21 1 0
645 861 13 20 1 0
4465 1022 22 25 1 0
5158 2524 38 61 1 0
3919 987 19 23 1 0
2763 376 12 14 1 0
2416 807 21 19 1 0
2863 1126 17 20 1 0
170 327 16 17 1 0
985 327 16 17 1 0
4877 1341 26 32 1 0
1961 762 21 19 1 0
3798 1303 30 26 1 0
3370 1036 19 21 1 0
4290 958 22 25 1 0
3038 1680 32 46 1 0
3153 1290 16 21 1 0
3003 874 15 20 1 0
944 495 13 19 1 0
1396 418 12 13 1 0
5142 1759 35 44 1 0
745 1820 27 35 1 0
2278 1101 17 20 1 0
4296 1510 25 29 1 0
3872 1270 15 21 1 0
2230 794 21 19 1 0
2553 1208 17 20 1 0
133 408 16 17 1 0
2032 1063 21 25 1 0
4625 862 19 19 1 0
3997 867 19 19 1 0
1985 477 12 14 1 0
1397 1441 24 28 1 0
2132 797 21 19 1 0
4647 1233 26 32 1 0
3075 1017 19 21 1 0
4843 913 19 23 1 0
2886 624 12 14 1 0
3263 1430 27 28 1 0
1718 1344 24 28 1 0
4999 886 17 20 1 0
1287 1001 13 16 1 0
3947 1222 15 21 1 0
4440 1029 25 26 1 0
2801 1002 21 25 1 0
371 1007 13 16 1 0
5139 925 19 23 1 0
4030 1252 15 21 1 0
1668 1430 24 28 1 0
2250 1311 19 22 1 0
876 484 16 17 1 0
1964 962 21 25 1 0
3104 970 19 21 1 0
3379 972 19 21 1 0
5092 1099 25 26 3 0
4133 981 22 25 1 0
1541 721 17 20 1 0
2373 803 21 19 1 0
1959 1098 21 25 1 0
3833 1290 15 21 1 0
970 567 13 19 1 0
935 304 16 17 1 0
4551 1458 26 32 1 0
1194 1587 24 31 1 0
982 810 13 20 1 0
4687 900 19 21 1 0
2113 820 21 19 1 0
4147 941 22 25 1 0
4384 1025 22 25 1 0
5082 849 17 20 1 0
5107 831 17 20 1 0
385 305 16 17 1 0
1052 916 13 16 1 0
391 445 16 17 1 0
4475 1239 26 32 1 0
1212 606 13 19 1 0
232 468 16 17 1 0
15 512 15 17 1 0
1987 857 21 19 1 0
3285 1069 19 21 1 0
5208 1053 25 26 1 0
1627 1100 24 26 1 0
5223 1574 25 29 1 0
4012 1222 15 21 1 0
3587 946 19 19 1 0
5223 1118 23 25 1 0
5145 812 17 20 1 0
3108 1266 16 21 1 0
1942 1265 19 22 1 0
4216 908 19 19 1 0
4938 863 17 20 1 0
2441 1372 19 22 1 0
4211 1281 26 32 1 0
245 1253 20 22 1 0
5106 874 17 20 1 0
2646 1347 19 22 1 0
4500 1000 22 25 1 0
2017 829 21 19 1 0
371 740 13 20 1 0
1021 1688 27 35 1 0
397 2455 85 88 1 0
2930 1118 17 20 1 0
1281 607 13 19 1 0
3535 1136 15 21 1 0
4424 1141 25 26 1 0
2261 844 21 19 1 0
4368 893 19 19 1 0
3477 843 21 19 1 0
3432 2444 59 69 1 0
3261 2402 53 67 1 0
2578 827 21 19 1 0
312 412 16 17 1 0
4215 1276 26 32 1 0
3290 1158 16 21 1 0
964 1885 27 35 1 0
2273 851 21 19 1 0
2076 1041 21 25 1 0
2990 1132 16 21 1 0
247 315 16 17 1 0
1355 417 12 13 1 0
3596 1096 19 23 1 0
1554 462 12 13 1 0
852 643 13 19 1 0
3362 888 15 20 1 0
3807 1244 15 21 1 0
619 1002 13 16 1 0
2914 937 15 20 1 0
467 311 16 17 1 0
2121 196 12 14 1 0
2954 864 21 19 1 0
2955 2398 53 67 1 0
2956 1159 16 21 1 0
1116 696 13 19 1 0
2410 1311 19 22 1 0
2722 1050 21 25 1 0
1207 461 16 17 1 0
3407 547 12 14 1 0
1895 1725 34 45 1 0
3596 1044 19 23 1 0
5013 1178 25 26 1 0
2882 868 21 19 1 0
330 409 16 17 1 0
634 1695 27 35 1 0
5284 762 17 20 1 0
1341 422 12 13 1 0
3389 1137 16 21 1 0
3582 1426 30 26 1 0
1042 669 13 19 1 0
3356 1163 16 21 1 0
2134 1694 34 45 1 0
3102 836 21 19 1 0
2412 1135 17 20 1 0
1606 686 17 20 1 0
4580 1204 25 26 1 0
215 524 13 19 1 0
3867 1216 15 21 1 0
3976 1281 15 21 1 0
3169 1219 16 21 1 0
4143 891 19 19 1 0
516 486 16 17 1 0
3029 1106 19 21 1 0
4734 906 19 23 1 0
4615 931 22 25 1 0
2754 980 21 25 1 0
4592 1391 26 32 1 0
1052 400 16 17 1 0
868 1351 20 25 1 0
3678 1064 19 23 1 0
3738 1061 19 23 1 0
5131 871 17 20 1 0
4635 921 19 19 1 0
3781 1723 30 37 1 0
943 1259 20 22 1 0
5219 906 17 20 1 0
5306 761 17 20 1 0
4300 893 19 19 1 0
855 1412 21 27 1 0
4189 1440 30 26 1 0
2260 1711 34 38 1 0
3150 1252 16 21 1 0
3089 817 21 19 1 0
3415 943 15 20 1 0
468 417 16 17 1 0
2154 809 21 19 1 0
938 1349 20 24 1 0
72 559 15 17 1 0
3831 1168 15 21 1 0
5247 801 17 20 1 0
4500 1270 26 32 1 0
4767 1252 26 32 1 0
567 1222 20 22 1 0
4537 1179 25 26 1 0
3914 1225 15 21 1 0
3792 1041 19 23 1 0
5251 1060 20 23 1 0
4741 1666 25 29 1 0
1184 589 13 19 1 0
4385 887 19 19 1 0
3163 1033 19 21 1 0
3574 848 19 19 1 0
294 797 13 20 1 0
2275 808 21 19 1 0
4954 1859 35 44 1 0
2269 1218 17 20 1 0
3741 1090 19 23 1 0
3467 1377 30 26 1 0
1544 446 12 13 1 0
635 1005 13 16 1 0
1824 1273 24 28 1 0
4051 1076 19 23 1 0
543 301 16 17 1 0
1345 468 12 13 1 0
243 407 16 17 1 0
690 950 13 16 1 0
3576 848 19 19 1 0
1362 1077 16 20 1 0
1831 1676 34 45 1 0
694 297 16 17 1 0
3602 1267 15 21 1 0
4196 1213 25 26 1 0
1195 507 13 19 1 0
863 492 13 19 1 0
2348 813 21 19 1 0
1304 423 12 13 1 0
4119 1402 30 26 1 0
5211 1740 35 44 1 0
4325 1098 25 26 1 0
15 1647 24 31 1 0
4315 1010 22 25 1 0
2618 2359 53 67 1 0
1596 1112 24 26 1 0
3310 1606 27 28 1 0
3150 833 21 19 1 0
747 992 13 16 1 0
2310 1069 21 25 1 0
4444 1374 26 32 1 0
1011 1118 16 20 1 0
2856 882 15 20 1 0
2505 1225 17 20 1 0
4870 1346 26 32 1 0
2250 208 12 14 1 0
1218 572 13 19 1 0
540 627 13 19 1 0
2192 878 15 16 1 0
4037 951 19 19 1 0
2958 842 21 19 1 0
794 292 16 17 1 0
3436 1148 16 21 1 0
3431 1248 16 21 1 0
2440 790 21 19 1 0
1594 1491 24 28 1 0
2148 198 12 14 1 0
4421 889 19 19 1 0
1490 2538 85 88 1 0
1021 302 16 17 1 0
3272 1050 19 21 1 0
1143 1118 16 20 1 0
5274 820 17 20 1 0
1117 544 13 19 1 0
1506 698 17 20 1 0
4215 1181 25 26 1 0
2592 1214 17 20 1 0
2482 2530 53 67 1 0
1142 1005 13 16 1 0
79 413 16 17 1 0
3310 1162 16 21 1 0
4421 884 19 19 1 0
1412 433 12 13 1 0
753 1205 20 22 1 0
628 1214 20 22 1 0
958 536 13 19 1 0
297 516 13 19 1 0
868 962 13 16 1 0
2642 855 21 19 1 0
5064 2420 38 61 1 0
3615 872 19 19 1 0
4464 1056 25 26 1 0
2354 1007 21 25 1 0
4918 1340 26 32 1 0
304 1221 20 22 1 0
4212 986 22 25 1 0
4189 878 19 19 1 0
3115 1179 16 21 1 0
3824 1761 30 37 1 0
2902 922 15 20 1 0
251 518 13 19 1 0
4407 900 19 19 1 0
3573 923 19 19 1 0
976 1354 21 27 1 0
1451 489 12 13 1 0
992 298 16 17 1 0
2402 1704 34 38 1 0
497 1003 13 16 1 0
2706 1341 20 20 1 0
2280 2429 53 67 1 0
1172 585 13 19 1 0
5224 973 19 23 1 0
739 394 16 17 1 0
2461 813 21 19 1 0
4747 1431 26 32 1 0
5168 897 17 20 1 0
5011 967 19 23 1 0
4823 902 19 23 1 0
3105 1101 19 21 1 0
5290 1321 26 32 1 0
2960 1138 16 21 1 0
4756 906 19 23 1 0
3061 1156 16 21 1 0
3125 1152 16 21 1 0
2566 996 21 25 1 0
5307 1242 26 32 1 0
2743 1245 17 20 1 0
3145 865 21 19 1 0
2778 937 15 20 1 0
3811 2413 59 69 1 0
3818 1415 30 26 1 0
3915 974 19 23 1 0
1696 1454 24 28 1 0
2214 1094 17 20 1 0
946 329 16 17 1 0
2079 1342 19 22 1 0
4806 1361 26 32 1 0
2294 1109 17 20 1 0
850 542 13 19 1 0
4894 1133 25 26 1 0
2321 1327 19 22 1 0
672 329 16 17 1 0
1375 1064 16 20 1 0
265 1406 21 27 1 0
5092 1097 25 26 1 0
5063 2208 38 61 1 0
777 1219 20 22 1 0
2712 961 21 25 1 0
2441 805 21 19 1 0
3330 1187 16 21 1 0
1070 1000 13 16 1 0
4901 843 17 20 1 0
4134 1061 21 24 1 0
4368 886 19 19 1 0
207 499 13 19 1 0
4984 856 17 20 1 0
3855 1311 30 26 1 0
5267 1250 26 32 1 0
1974 1327 19 22 1 0
4291 957 22 25 1 0
278 416 16 17 1 0
4343 1072 25 26 1 0
1452 1501 24 28 1 0
2386 2428 53 67 1 0
1838 944 20 23 1 0
1215 1342 24 28 1 0
1170 564 13 19 1 0
399 346 16 17 1 0
1644 1290 24 28 1 0
223 1216 20 22 1 0
2443 205 12 14 1 0
2370 203 12 14 1 0
12 1729 27 35 1 0
4564 949 22 25 1 0
1307 479 12 13 1 0
4188 930 19 19 1 0
2817 1171 17 20 1 0
1053 361 16 17 1 0
3089 910 15 20 1 0
3013 1464 27 28 1 0
4765 891 19 23 1 0
696 452 16 17 1 0
585 1214 20 22 1 0
992 534 13 19 1 0
4941 968 19 23 1 0
4983 1344 26 32 1 0
2782 1694 32 46 1 0
4765 884 19 23 1 0
668 315 16 17 1 0
1627 660 17 20 1 0
3490 859 21 19 1 0
1783 964 20 23 1 0
903 472 16 17 1 0
3301 1716 37 45 1 0
625 959 13 16 1 0
433 421 16 17 1 0
4317 1151 25 26 1 0
2049 975 21 25 1 0
1534 645 17 20 1 0
3168 1730 32 46 1 0
428 1783 27 35 1 0
4388 1024 22 25 1 0
258 1835 27 35 1 0
186 1412 21 27 1 0
4254 1012 22 25 1 0
130 1094 16 20 1 0
4335 1020 22 25 1 0
1242 980 13 16 1 0
296 412 16 17 1 0
3659 844 19 19 1 0
3575 918 19 19 1 0
2134 820 21 19 1 0
3168 840 21 19 1 0
3100 1213 16 21 1 0
984 378 16 17 1 0
3646 980 19 23 1 0
208 393 16 17 1 0
1092 1142 16 20 1 0
2517 817 21 19 1 0
3433 974 19 21 1 0
3890 1083 19 23 1 0
2344 1144 17 20 1 0
2396 1227 17 20 1 0
1352 594 12 13 1 0
3695 1694 30 37 1 0
2657 1352 19 22 1 0
5169 824 17 20 1 0
902 1141 16 20 1 0
4385 1180 25 26 1 0
4717 2288 38 61 1 0
4259 888 19 19 1 0
329 734 13 20 1 0
3424 874 15 20 1 0
2875 843 21 19 1 0
726 1410 21 27 1 0
3008 846 21 19 1 0
260 801 13 20 1 0
1164 602 13 19 1 0
1831 959 20 23 1 0
1330 1061 16 20 1 0
3501 936 15 20 1 0
3324 885 15 20 1 0
2012 1016 21 25 1 0
3000 1247 16 21 1 0
5290 926 19 23 1 0
3601 918 19 19 1 0
2487 1159 17 20 1 0
4954 2258 38 61 1 0
1837 1004 20 23 1 0
3661 868 19 19 1 0
2788 1340 20 20 1 0
780 815 13 20 1 0
1282 456 12 13 1 0
1372 414 12 13 1 0
3762 982 19 23 1 0
4663 1359 26 32 1 0
511 620 13 19 1 0
5235 1112 22 24 1 0
1727 1285 24 28 1 0
416 1143 16 20 1 0
2404 1254 19 22 1 0
3410 849 21 19 1 0
