9 1157 9 11 1 0
3211 895 14 7 1 0
3755 1320 9 11 1 0
408 554 14 7 1 0
1966 632 14 7 1 0
1067 1625 9 11 1 0
3582 1376 9 11 1 0
2714 839 14 7 1 0
558 369 7 9 1 0
921 447 7 9 1 0
799 359 7 9 1 0
832 2152 27 19 1 0
81 299 7 9 1 0
1391 887 14 7 1 0
1853 691 14 7 1 0
3828 1983 27 19 1 0
494 341 7 9 1 0
3681 1217 9 11 1 0
731 411 7 9 1 0
4156 1313 9 11 1 0
3093 1700 9 11 1 0
313 693 14 7 1 0
913 536 14 7 1 0
3444 1126 9 11 1 0
1017 591 14 7 1 0
4036 1797 27 19 1 0
267 318 7 9 1 0
3902 1984 27 19 1 0
537 468 7 9 1 0
2712 825 14 7 1 0
248 282 7 9 1 0
255 325 7 9 1 0
3767 1558 9 11 1 0
1838 907 14 7 1 0
2043 833 14 7 1 0
430 528 3 5 1 0
3181 1045 14 7 1 0
4223 1549 9 11 1 0
1108 979 14 7 1 0
3098 948 14 7 1 0
1264 564 14 7 1 0
1139 496 7 9 1 0
235 275 7 9 1 0
1304 602 14 7 1 0
1377 819 14 7 1 0
761 1265 9 11 1 0
728 1998 27 19 1 0
388 704 14 7 1 0
1666 871 14 7 1 0
929 533 3 5 1 0
133 276 7 9 1 0
3514 2191 27 19 1 0
115 972 14 7 1 0
3527 1314 9 11 1 0
3375 1207 9 11 1 0
1017 470 7 9 1 0
299 691 14 7 1 0
175 536 14 7 1 0
3090 933 14 7 1 0
2787 968 14 7 1 0
1005 617 14 7 1 0
3084 2075 27 19 1 0
189 284 7 9 1 0
347 332 7 9 1 0
2746 725 14 7 1 0
963 913 14 7 1 0
2242 2208 27 19 1 0
496 812 14 7 1 0
4188 1160 9 11 1 0
2764 815 14 7 1 0
1799 854 14 7 1 0
2083 722 14 7 1 0
1 983 14 7 1 0
3101 1101 14 7 1 0
681 471 7 9 1 0
1186 502 7 9 1 0
451 302 7 9 1 0
1292 492 7 9 1 0
855 2577 27 19 1 0
3515 1202 9 11 1 0
2240 2342 27 19 1 0
286 807 14 7 1 0
475 657 14 7 1 0
1881 369 7 9 1 0
508 494 7 9 1 0
286 433 7 9 1 0
1235 472 7 9 1 0
3786 1487 9 11 1 0
185 1564 9 11 1 0
348 416 7 9 1 0
1887 1358 9 11 1 0
607 408 7 9 1 0
3308 1011 14 7 1 0
154 1914 27 19 1 0
338 352 7 9 1 0
3203 2329 27 19 1 0
1438 554 14 7 1 0
129 687 14 7 1 0
2699 923 14 7 1 0
3344 1214 9 11 1 0
1454 592 14 7 1 0
1726 2362 27 19 1 0
666 404 7 9 1 0
1897 684 14 7 1 0
894 390 7 9 1 0
1053 549 14 7 1 0
352 306 7 9 1 0
1036 559 14 7 1 0
3813 1105 14 7 1 0
485 712 14 7 1 0
519 339 7 9 1 0
3326 1178 9 11 1 0
670 448 7 9 1 0
3543 1315 9 11 1 0
261 1455 9 11 1 0
374 1301 9 11 1 0
1360 2711 27 19 1 0
809 746 14 7 1 0
933 1103 14 7 1 0
3184 964 14 7 1 0
1867 2658 27 19 1 0
471 342 7 9 1 0
704 415 7 9 1 0
313 301 7 9 1 0
3904 2258 27 19 1 0
1761 2517 27 19 1 0
3442 1298 9 11 1 0
3723 1035 14 7 1 0
2096 674 14 7 1 0
2583 680 14 7 1 0
3098 816 14 7 1 0
712 740 14 7 1 0
3937 1187 9 11 1 0
849 501 7 9 1 0
3465 1165 9 11 1 0
1822 689 14 7 1 0
3269 1033 14 7 1 0
246 1721 9 11 1 0
662 394 7 9 1 0
3452 980 14 7 1 0
570 908 14 7 1 0
2998 2295 27 19 1 0
859 445 7 9 1 0
965 1496 9 11 1 0
1021 609 14 7 1 0
3288 1104 14 7 1 0
3667 1455 9 11 1 0
2679 1006 14 7 1 0
533 456 7 9 1 0
2846 1723 9 11 1 0
423 1509 9 11 1 0
697 704 14 7 1 0
536 813 14 7 1 0
3600 1352 9 11 1 0
2800 940 14 7 1 0
3467 2219 27 19 1 0
945 675 14 7 1 0
2251 1650 9 11 1 0
954 2004 27 19 1 0
2023 677 14 7 1 0
3631 1479 9 11 1 0
485 322 7 9 1 0
3442 1105 14 7 1 0
12 1373 9 11 1 0
3940 1147 9 11 1 0
4272 1433 9 11 1 0
1458 532 3 5 1 0
1075 1200 9 11 1 0
618 526 3 5 1 0
844 1942 27 19 1 0
665 1115 11 9 1 0
848 904 14 7 1 0
3155 1097 14 7 1 0
3113 999 14 7 1 0
3580 2183 27 19 1 0
780 494 7 9 1 0
63 676 14 7 1 0
2047 2586 27 19 1 0
1021 701 14 7 1 0
1362 600 14 7 1 0
4228 2441 27 19 1 0
3351 2082 27 19 1 0
4151 1189 9 11 1 0
1846 1660 9 11 1 0
4092 1675 9 11 1 0
2987 956 14 7 1 0
3551 1276 9 11 1 0
836 101 7 9 1 0
375 1441 9 11 1 0
476 355 7 9 1 0
1723 753 14 7 1 0
1329 2060 27 19 1 0
4132 1197 9 11 1 0
3903 1127 9 11 1 0
16 281 7 9 1 0
30 637 14 7 1 0
4265 1344 9 11 1 0
424 2592 27 19 1 0
2837 788 14 7 1 0
218 269 7 9 1 0
2835 876 14 7 1 0
854 2036 27 19 1 0
874 211 7 9 1 0
3001 1024 14 7 1 0
2041 797 14 7 1 0
2954 884 14 7 1 0
591 970 14 7 1 0
344 649 14 7 1 0
515 691 14 7 1 0
813 611 14 7 1 0
738 2146 27 19 1 0
1558 546 14 7 1 0
1370 414 7 9 1 0
953 409 7 9 1 0
3871 1825 27 19 1 0
135 911 14 7 1 0
175 950 14 7 1 0
370 849 14 7 1 0
837 470 7 9 1 0
886 208 7 9 1 0
1683 1071 14 7 1 0
569 825 14 7 1 0
4008 1530 9 11 1 0
273 678 14 7 1 0
906 2169 27 19 1 0
1475 379 7 9 1 0
1 746 14 7 1 0
3206 1139 9 11 1 0
1915 614 14 7 1 0
2616 1238 9 11 1 0
266 534 3 5 1 0
1055 1049 14 7 1 0
3837 1464 9 11 1 0
1257 519 3 5 1 0
179 411 7 9 1 0
4175 971 14 7 1 0
708 1901 27 19 1 0
288 2696 27 19 1 0
1231 2718 27 19 1 0
1739 1623 9 11 1 0
464 795 14 7 1 0
4017 1162 9 11 1 0
101 907 14 7 1 0
3126 951 14 7 1 0
3084 2345 27 19 1 0
3599 1510 9 11 1 0
3244 975 14 7 1 0
1264 1671 9 11 1 0
3449 1855 27 19 1 0
247 538 14 7 1 0
2244 2126 27 19 1 0
936 421 7 9 1 0
3635 1093 14 7 1 0
1963 2519 27 19 1 0
3170 802 14 7 1 0
4171 2037 27 19 1 0
1394 768 14 7 1 0
2047 723 14 7 1 0
2131 2359 27 19 1 0
2683 806 14 7 1 0
1411 1318 9 11 1 0
434 2154 27 19 1 0
2653 1253 9 11 1 0
15 1011 14 7 1 0
1452 647 14 7 1 0
4176 1649 9 11 1 0
216 293 7 9 1 0
1147 450 7 9 1 0
1230 745 14 7 1 0
846 788 14 7 1 0
2667 799 14 7 1 0
1507 395 7 9 1 0
3081 1052 14 7 1 0
1793 664 14 7 1 0
2438 2388 27 19 1 0
1168 582 14 7 1 0
864 2236 27 19 1 0
652 1361 9 11 1 0
756 965 14 7 1 0
4048 976 14 7 1 0
312 680 14 7 1 0
1527 771 14 7 1 0
637 559 14 7 1 0
202 431 7 9 1 0
2062 695 14 7 1 0
578 1682 9 11 1 0
3895 1482 9 11 1 0
2678 745 14 7 1 0
3066 1027 14 7 1 0
4248 1499 9 11 1 0
886 564 14 7 1 0
1859 2755 27 19 1 0
1224 1954 27 19 1 0
3170 1130 9 11 1 0
1002 770 14 7 1 0
3121 1132 9 11 1 0
2672 1912 27 19 1 0
3661 2254 27 19 1 0
2655 910 14 7 1 0
1764 783 14 7 1 0
2537 671 14 7 1 0
3622 2179 27 19 1 0
1310 518 3 5 1 0
290 297 7 9 1 0
881 1276 9 11 1 0
1214 910 14 7 1 0
1685 2265 27 19 1 0
3913 1405 9 11 1 0
1926 360 7 9 1 0
3876 2308 27 19 1 0
1483 2679 27 19 1 0
656 839 14 7 1 0
369 570 14 7 1 0
1194 782 14 7 1 0
1390 1836 27 19 1 0
2778 1017 14 7 1 0
1783 847 14 7 1 0
1813 360 7 9 1 0
97 2412 27 19 1 0
666 1190 9 11 1 0
2234 2291 27 19 1 0
1388 139 7 9 1 0
4192 1668 9 11 1 0
739 353 7 9 1 0
309 573 14 7 1 0
588 2025 27 19 1 0
616 1734 9 11 1 0
3783 1439 9 11 1 0
1056 581 14 7 1 0
2948 747 14 7 1 0
1368 540 14 7 1 0
3008 1088 14 7 1 0
1717 668 14 7 1 0
1307 490 7 9 1 0
328 1797 27 19 1 0
1130 1876 27 19 1 0
782 362 7 9 1 0
3711 1378 9 11 1 0
480 34 7 9 1 0
2614 869 14 7 1 0
1178 511 7 9 1 0
1419 576 14 7 1 0
1865 556 14 7 1 0
1357 432 7 9 1 0
610 383 7 9 1 0
668 613 14 7 1 0
2524 697 14 7 1 0
1609 1436 9 11 1 0
3647 1224 9 11 1 0
492 27 7 9 1 0
416 22 7 9 1 0
2627 744 14 7 1 0
24 408 7 9 1 0
68 1380 9 11 1 0
768 210 7 9 1 0
760 2004 27 19 1 0
1644 763 14 7 1 0
3716 1002 14 7 1 0
1616 853 14 7 1 0
3797 1505 9 11 1 0
2650 2394 27 19 1 0
1054 925 14 7 1 0
1115 462 7 9 1 0
1930 2486 27 19 1 0
3517 1175 9 11 1 0
1708 560 14 7 1 0
2885 1877 27 19 1 0
465 498 7 9 1 0
389 1196 9 11 1 0
4228 2616 27 19 1 0
1146 987 14 7 1 0
4078 1389 9 11 1 0
1087 490 7 9 1 0
2749 761 14 7 1 0
2697 858 14 7 1 0
3179 2748 27 19 1 0
2621 2268 27 19 1 0
297 872 14 7 1 0
1745 806 14 7 1 0
875 2809 27 19 1 0
2741 843 14 7 1 0
1273 1218 9 11 1 0
4116 961 14 7 1 0
3625 1055 14 7 1 0
3275 1207 9 11 1 0
3841 1223 9 11 1 0
3723 1226 9 11 1 0
431 950 14 7 1 0
2088 671 14 7 1 0
561 2229 27 19 1 0
3831 1540 9 11 1 0
3917 1287 9 11 1 0
1774 384 7 9 1 0
4132 1161 9 11 1 0
618 389 7 9 1 0
1660 558 14 7 1 0
2283 1669 9 11 1 0
372 310 7 9 1 0
2560 438 7 9 1 0
3826 1228 9 11 1 0
1367 810 14 7 1 0
1798 352 7 9 1 0
914 551 14 7 1 0
365 657 14 7 1 0
1145 553 14 7 1 0
1553 2558 27 19 1 0
1724 2254 27 19 1 0
1396 540 14 7 1 0
144 867 14 7 1 0
1884 868 14 7 1 0
815 911 14 7 1 0
233 933 14 7 1 0
1617 547 14 7 1 0
3484 1427 9 11 1 0
1253 1117 12 8 1 0
3261 1127 9 11 1 0
793 1844 27 19 1 0
181 871 14 7 1 0
3916 1332 9 11 1 0
2717 812 14 7 1 0
1367 136 7 9 1 0
3790 1240 9 11 1 0
1840 875 14 7 1 0
1245 576 14 7 1 0
1288 2119 27 19 1 0
2537 754 14 7 1 0
1650 778 14 7 1 0
160 308 7 9 1 0
272 940 14 7 1 0
157 823 14 7 1 0
1348 548 14 7 1 0
2969 827 14 7 1 0
567 300 7 9 1 0
3981 1919 27 19 1 0
896 405 7 9 1 0
636 638 14 7 1 0
1816 848 14 7 1 0
130 595 14 7 1 0
309 601 14 7 1 0
2001 754 14 7 1 0
3020 1111 6 10 1 0
1886 679 14 7 1 0
1204 2362 27 19 1 0
171 755 14 7 1 0
2905 1101 14 7 1 0
1305 1050 14 7 1 0
500 757 14 7 1 0
789 659 14 7 1 0
2656 808 14 7 1 0
1504 1222 9 11 1 0
1168 483 7 9 1 0
3934 2233 27 19 1 0
2034 715 14 7 1 0
127 542 14 7 1 0
1970 1307 9 11 1 0
679 1731 9 11 1 0
3619 1210 9 11 1 0
4001 1482 9 11 1 0
1275 767 14 7 1 0
1230 684 14 7 1 0
2936 741 14 7 1 0
899 642 14 7 1 0
96 1047 14 7 1 0
1461 923 14 7 1 0
1044 2793 27 19 1 0
2792 932 14 7 1 0
1926 676 14 7 1 0
203 943 14 7 1 0
2756 800 14 7 1 0
1492 576 14 7 1 0
2091 2227 27 19 1 0
896 553 14 7 1 0
220 724 14 7 1 0
504 1071 14 7 1 0
1653 667 14 7 1 0
2791 842 14 7 1 0
1327 1331 9 11 1 0
1396 407 7 9 1 0
2018 861 14 7 1 0
1830 2123 27 19 1 0
78 926 14 7 1 0
2726 735 14 7 1 0
1188 742 14 7 1 0
1596 670 14 7 1 0
3233 1091 14 7 1 0
460 636 14 7 1 0
1147 515 7 9 1 0
2928 882 14 7 1 0
374 1952 27 19 1 0
458 680 14 7 1 0
2868 746 14 7 1 0
211 793 14 7 1 0
362 819 14 7 1 0
3083 1026 14 7 1 0
3285 1485 9 11 1 0
1100 261 7 9 1 0
515 612 14 7 1 0
980 444 7 9 1 0
1455 803 14 7 1 0
1051 1253 9 11 1 0
283 2044 27 19 1 0
755 517 3 5 1 0
1136 559 14 7 1 0
1638 552 14 7 1 0
345 1696 9 11 1 0
1807 630 14 7 1 0
4191 1625 9 11 1 0
1287 899 14 7 1 0
888 449 7 9 1 0
142 627 14 7 1 0
1507 624 14 7 1 0
1479 767 14 7 1 0
624 1076 14 7 1 0
1570 1184 9 11 1 0
125 339 7 9 1 0
2858 809 14 7 1 0
3548 2593 27 19 1 0
512 356 7 9 1 0
3331 1058 14 7 1 0
2658 1062 14 7 1 0
1436 585 14 7 1 0
3949 1633 9 11 1 0
2023 2095 27 19 1 0
3451 2730 27 19 1 0
2604 767 14 7 1 0
4109 83 7 9 1 0
3114 950 14 7 1 0
1254 792 14 7 1 0
2520 702 14 7 1 0
447 832 14 7 1 0
3350 2555 27 19 1 0
3574 1386 9 11 1 0
2861 1152 9 11 1 0
522 476 7 9 1 0
3787 1202 9 11 1 0
3763 1104 14 7 1 0
1878 559 14 7 1 0
831 371 7 9 1 0
1392 809 14 7 1 0
371 704 14 7 1 0
539 2146 27 19 1 0
2602 1379 9 11 1 0
4104 1577 9 11 1 0
3336 2338 27 19 1 0
261 1394 9 11 1 0
3168 867 14 7 1 0
1845 580 14 7 1 0
1661 350 7 9 1 0
2651 976 14 7 1 0
823 1860 27 19 1 0
1517 774 14 7 1 0
4107 1897 27 19 1 0
648 808 14 7 1 0
2918 895 14 7 1 0
4261 1819 27 19 1 0
84 325 7 9 1 0
1914 641 14 7 1 0
2928 792 14 7 1 0
1983 2315 27 19 1 0
1909 552 14 7 1 0
1328 2810 27 19 1 0
1970 863 14 7 1 0
2524 674 14 7 1 0
2777 1484 9 11 1 0
218 363 7 9 1 0
543 786 14 7 1 0
1899 1255 9 11 1 0
297 372 7 9 1 0
356 712 14 7 1 0
1908 904 14 7 1 0
85 1971 27 19 1 0
3774 1300 9 11 1 0
176 463 7 9 1 0
1300 444 7 9 1 0
638 374 7 9 1 0
303 1927 27 19 1 0
2645 705 14 7 1 0
3827 2612 27 19 1 0
134 300 7 9 1 0
3068 1091 14 7 1 0
1241 694 14 7 1 0
281 601 14 7 1 0
16 510 7 9 1 0
1792 2067 27 19 1 0
1975 2191 27 19 1 0
160 553 14 7 1 0
4171 354 7 9 1 0
2826 1155 9 11 1 0
337 671 14 7 1 0
3084 946 14 7 1 0
1040 491 7 9 1 0
335 526 3 5 1 0
910 597 14 7 1 0
2081 1308 9 11 1 0
4143 1552 9 11 1 0
699 1139 9 11 1 0
295 613 14 7 1 0
3735 840 14 7 1 0
4021 2710 27 19 1 0
668 510 7 9 1 0
37 1369 9 11 1 0
1336 538 14 7 1 0
1380 141 7 9 1 0
773 1910 27 19 1 0
755 2713 27 19 1 0
283 2408 27 19 1 0
1979 795 14 7 1 0
2134 1765 22 17 1 0
116 874 14 7 1 0
3710 2792 27 19 1 0
267 487 7 9 1 0
1633 595 14 7 1 0
2916 1028 14 7 1 0
3976 966 14 7 1 0
2505 668 14 7 1 0
2685 2043 27 19 1 0
3939 1429 9 11 1 0
2565 719 14 7 1 0
745 918 14 7 1 0
2657 776 14 7 1 0
4189 1599 9 11 1 0
1111 521 3 5 1 0
3863 1480 9 11 1 0
2905 737 14 7 1 0
2571 835 14 7 1 0
1575 2166 27 19 1 0
1852 856 14 7 1 0
1607 603 14 7 1 0
82 370 7 9 1 0
606 582 14 7 1 0
3499 1195 9 11 1 0
359 500 7 9 1 0
238 296 7 9 1 0
1622 677 14 7 1 0
3775 1426 9 11 1 0
1839 648 14 7 1 0
2879 1010 14 7 1 0
584 1252 9 11 1 0
1698 2403 27 19 1 0
1543 2753 27 19 1 0
885 701 14 7 1 0
74 1240 9 11 1 0
3191 1047 14 7 1 0
3935 1616 9 11 1 0
594 632 14 7 1 0
848 459 7 9 1 0
603 1496 9 11 1 0
1755 1053 14 7 1 0
3239 1112 6 10 1 0
3673 1211 9 11 1 0
1700 689 14 7 1 0
579 641 14 7 1 0
558 460 7 9 1 0
1909 1271 9 11 1 0
1647 860 14 7 1 0
452 411 7 9 1 0
101 410 7 9 1 0
131 321 7 9 1 0
3785 1400 9 11 1 0
4225 2452 27 19 1 0
4083 1599 9 11 1 0
2892 2632 27 19 1 0
80 361 7 9 1 0
3488 1097 14 7 1 0
747 89 7 9 1 0
509 833 14 7 1 0
787 441 7 9 1 0
726 355 7 9 1 0
1275 626 14 7 1 0
3655 1670 9 11 1 0
1292 804 14 7 1 0
1348 680 14 7 1 0
1941 1441 9 11 1 0
384 642 14 7 1 0
1676 2422 27 19 1 0
3111 966 14 7 1 0
3064 908 14 7 1 0
1311 716 14 7 1 0
2159 2237 27 19 1 0
1341 1083 14 7 1 0
3173 825 14 7 1 0
428 1539 9 11 1 0
32 1393 9 11 1 0
896 468 7 9 1 0
1101 2648 27 19 1 0
2044 865 14 7 1 0
2554 909 14 7 1 0
1187 477 7 9 1 0
3542 1364 9 11 1 0
548 651 14 7 1 0
2708 736 14 7 1 0
1687 1212 9 11 1 0
1179 488 7 9 1 0
217 491 7 9 1 0
224 282 7 9 1 0
2961 1669 9 11 1 0
2893 1036 14 7 1 0
2740 801 14 7 1 0
148 350 7 9 1 0
346 699 14 7 1 0
1728 886 14 7 1 0
2548 875 14 7 1 0
1150 1580 9 11 1 0
643 1904 27 19 1 0
888 1227 9 11 1 0
1502 409 7 9 1 0
295 650 14 7 1 0
3065 1520 9 11 1 0
3233 990 14 7 1 0
794 613 14 7 1 0
859 381 7 9 1 0
3915 1489 9 11 1 0
3106 1057 14 7 1 0
1387 2152 27 19 1 0
8 604 14 7 1 0
1748 704 14 7 1 0
328 572 14 7 1 0
625 791 14 7 1 0
114 267 7 9 1 0
3963 1762 13 13 1 0
3282 1414 9 11 1 0
487 659 14 7 1 0
2151 2067 27 19 1 0
420 1015 14 7 1 0
537 508 7 9 1 0
804 455 7 9 1 0
3535 1481 9 11 1 0
3284 1128 9 11 1 0
3110 1152 9 11 1 0
2669 839 14 7 1 0
1864 819 14 7 1 0
45 843 14 7 1 0
4251 367 7 9 1 0
845 523 3 5 1 0
963 564 14 7 1 0
141 250 7 9 1 0
1795 2143 27 19 1 0
988 1872 27 19 1 0
1004 423 7 9 1 0
3863 1153 9 11 1 0
1450 463 7 9 1 0
3234 764 14 7 1 0
3904 1377 9 11 1 0
422 290 7 9 1 0
227 298 7 9 1 0
834 2669 27 19 1 0
3228 1145 9 11 1 0
655 1006 14 7 1 0
1516 911 14 7 1 0
2568 2276 27 19 1 0
1512 581 14 7 1 0
294 1660 9 11 1 0
1180 2377 27 19 1 0
1432 1972 27 19 1 0
504 1518 9 11 1 0
503 2610 27 19 1 0
3231 383 7 9 1 0
2358 1854 27 19 1 0
1318 129 7 9 1 0
1078 439 7 9 1 0
322 545 14 7 1 0
1323 743 14 7 1 0
3228 1004 14 7 1 0
1684 662 14 7 1 0
3712 2026 27 19 1 0
1554 2037 27 19 1 0
1122 716 14 7 1 0
1377 429 7 9 1 0
471 962 14 7 1 0
1000 2741 27 19 1 0
1210 577 14 7 1 0
430 23 7 9 1 0
12 422 3 5 1 0
1965 701 14 7 1 0
249 912 14 7 1 0
282 449 7 9 1 0
1685 615 14 7 1 0
2121 627 14 7 1 0
2096 2439 27 19 1 0
825 1935 27 19 1 0
1489 836 14 7 1 0
1269 761 14 7 1 0
30 842 14 7 1 0
3741 1238 9 11 1 0
3088 2722 27 19 1 0
3740 2197 27 19 1 0
2020 720 14 7 1 0
2693 708 14 7 1 0
3135 1034 14 7 1 0
455 328 7 9 1 0
2961 2565 27 19 1 0
82 897 14 7 1 0
2183 2362 27 19 1 0
1121 2365 27 19 1 0
114 350 7 9 1 0
458 765 14 7 1 0
531 411 7 9 1 0
514 2534 27 19 1 0
1967 681 14 7 1 0
1696 655 14 7 1 0
533 442 7 9 1 0
752 376 7 9 1 0
1560 1170 9 11 1 0
3088 986 14 7 1 0
720 2652 27 19 1 0
2738 911 14 7 1 0
1450 547 14 7 1 0
1286 130 7 9 1 0
1395 2755 27 19 1 0
3904 324 7 9 1 0
694 471 7 9 1 0
2538 2698 27 19 1 0
2169 1455 9 11 1 0
1341 657 14 7 1 0
870 1249 9 11 1 0
1450 408 7 9 1 0
1956 378 7 9 1 0
774 409 7 9 1 0
3700 834 14 7 1 0
2513 720 14 7 1 0
1783 359 7 9 1 0
663 2420 27 19 1 0
3046 2352 27 19 1 0
2983 1070 14 7 1 0
2687 790 14 7 1 0
681 595 14 7 1 0
1881 2076 27 19 1 0
16 924 14 7 1 0
265 628 14 7 1 0
1771 613 14 7 1 0
1872 636 14 7 1 0
711 401 7 9 1 0
1146 940 14 7 1 0
4109 2035 27 19 1 0
697 594 14 7 1 0
1291 782 14 7 1 0
4036 1138 9 11 1 0
190 398 7 9 1 0
1087 474 7 9 1 0
3806 1695 9 11 1 0
8 391 6 8 1 0
2535 1323 9 11 1 0
1297 523 3 5 1 0
1236 555 14 7 1 0
1851 1872 27 19 1 0
3994 1114 6 10 1 0
285 901 14 7 1 0
3100 1078 14 7 1 0
815 2348 27 19 1 0
4100 2383 27 19 1 0
152 1734 9 11 1 0
1451 824 14 7 1 0
574 1162 9 11 1 0
3712 1480 9 11 1 0
380 745 14 7 1 0
2230 1384 9 11 1 0
1528 582 14 7 1 0
2929 731 14 7 1 0
573 1327 9 11 1 0
3740 1449 9 11 1 0
2830 836 14 7 1 0
1928 651 14 7 1 0
706 1980 27 19 1 0
2084 2379 27 19 1 0
830 958 14 7 1 0
3709 2096 27 19 1 0
1323 531 3 5 1 0
901 1571 9 11 1 0
3420 975 14 7 1 0
1356 647 14 7 1 0
441 751 14 7 1 0
3954 1580 9 11 1 0
1680 1715 9 11 1 0
278 784 14 7 1 0
177 1012 14 7 1 0
3001 1073 14 7 1 0
1260 2366 27 19 1 0
581 466 7 9 1 0
724 1683 9 11 1 0
206 482 7 9 1 0
195 671 14 7 1 0
2870 2657 27 19 1 0
1733 865 14 7 1 0
1200 590 14 7 1 0
1983 576 14 7 1 0
2918 1470 9 11 1 0
3024 876 14 7 1 0
344 1203 9 11 1 0
1535 601 14 7 1 0
1452 628 14 7 1 0
221 498 7 9 1 0
3846 1309 9 11 1 0
1058 471 7 9 1 0
500 2192 27 19 1 0
2876 781 14 7 1 0
258 1475 9 11 1 0
294 2117 27 19 1 0
3714 1449 9 11 1 0
1761 800 14 7 1 0
414 2226 27 19 1 0
3383 1069 14 7 1 0
1157 558 14 7 1 0
730 838 14 7 1 0
1118 640 14 7 1 0
1243 2210 27 19 1 0
3684 1274 9 11 1 0
3813 1141 9 11 1 0
1781 1049 14 7 1 0
2592 964 14 7 1 0
2694 884 14 7 1 0
254 297 7 9 1 0
2939 837 14 7 1 0
1565 1978 27 19 1 0
1161 618 14 7 1 0
2693 760 14 7 1 0
843 418 7 9 1 0
33 371 7 9 1 0
1306 539 14 7 1 0
395 1574 9 11 1 0
3918 1431 9 11 1 0
2386 2616 27 19 1 0
3959 863 14 7 1 0
2792 808 14 7 1 0
1648 728 14 7 1 0
3014 2785 27 19 1 0
242 730 14 7 1 0
993 813 14 7 1 0
989 1816 27 19 1 0
1376 681 14 7 1 0
2011 915 14 7 1 0
363 1103 14 7 1 0
2923 866 14 7 1 0
821 1167 9 11 1 0
1623 717 14 7 1 0
450 458 7 9 1 0
1602 820 14 7 1 0
765 421 7 9 1 0
587 501 7 9 1 0
1713 791 14 7 1 0
4060 1170 9 11 1 0
24 361 7 9 1 0
453 542 14 7 1 0
682 768 14 7 1 0
114 654 14 7 1 0
3026 939 14 7 1 0
1655 2583 27 19 1 0
2571 700 14 7 1 0
4254 2326 27 19 1 0
1582 816 14 7 1 0
116 1392 9 11 1 0
2909 1055 14 7 1 0
4162 1923 27 19 1 0
2745 828 14 7 1 0
1332 512 7 9 1 0
725 864 14 7 1 0
3307 1539 9 11 1 0
429 834 14 7 1 0
3730 1319 9 11 1 0
1062 2726 27 19 1 0
4049 1880 27 19 1 0
755 1849 27 19 1 0
7 1972 27 19 1 0
5 449 6 8 1 0
1024 2094 27 19 1 0
376 1495 9 11 1 0
366 26 7 9 1 0
3541 1093 14 7 1 0
981 702 14 7 1 0
1619 660 14 7 1 0
3035 1286 9 11 1 0
2848 834 14 7 1 0
690 508 7 9 1 0
3722 823 14 7 1 0
4093 1275 9 11 1 0
2417 2217 27 19 1 0
1482 411 7 9 1 0
4054 893 14 7 1 0
2655 821 14 7 1 0
3405 1125 9 11 1 0
1614 625 14 7 1 0
4098 1184 9 11 1 0
2425 1370 9 11 1 0
2092 2514 27 19 1 0
1310 506 7 9 1 0
2850 2831 27 19 1 0
1400 139 7 9 1 0
2546 672 14 7 1 0
1491 745 14 7 1 0
1084 539 14 7 1 0
369 582 14 7 1 0
4052 2559 27 19 1 0
964 775 14 7 1 0
3146 934 14 7 1 0
4130 1570 9 11 1 0
475 414 7 9 1 0
730 692 14 7 1 0
1877 760 14 7 1 0
638 444 7 9 1 0
1061 436 7 9 1 0
288 749 14 7 1 0
2706 1009 14 7 1 0
4026 1285 9 11 1 0
969 489 7 9 1 0
3375 1172 9 11 1 0
997 2474 27 19 1 0
2960 762 14 7 1 0
1160 2693 27 19 1 0
2537 1275 9 11 1 0
399 1552 9 11 1 0
411 848 14 7 1 0
295 485 7 9 1 0
685 409 7 9 1 0
331 813 14 7 1 0
3060 1052 14 7 1 0
1415 621 14 7 1 0
984 463 7 9 1 0
534 317 7 9 1 0
3571 1044 14 7 1 0
1858 673 14 7 1 0
2014 686 14 7 1 0
2766 928 14 7 1 0
768 2312 27 19 1 0
3611 1235 9 11 1 0
589 1661 9 11 1 0
3815 1525 9 11 1 0
946 763 14 7 1 0
3105 1037 14 7 1 0
824 443 7 9 1 0
356 722 14 7 1 0
1175 474 7 9 1 0
1079 482 7 9 1 0
537 1684 9 11 1 0
3521 2678 27 19 1 0
3080 1131 9 11 1 0
88 661 14 7 1 0
1869 345 7 9 1 0
1868 1331 9 11 1 0
294 500 7 9 1 0
2596 2681 27 19 1 0
4127 1824 27 19 1 0
1054 523 3 5 1 0
717 788 14 7 1 0
990 418 7 9 1 0
1344 124 7 9 1 0
22 955 14 7 1 0
929 476 7 9 1 0
235 394 7 9 1 0
1370 1946 27 19 1 0
155 389 7 9 1 0
4009 1773 13 13 1 0
115 863 14 7 1 0
2662 782 14 7 1 0
423 2207 27 19 1 0
97 510 7 9 1 0
3261 766 14 7 1 0
4154 1977 27 19 1 0
3827 1433 9 11 1 0
2840 885 14 7 1 0
1634 381 7 9 1 0
466 370 7 9 1 0
3018 849 14 7 1 0
1827 701 14 7 1 0
2012 371 7 9 1 0
1465 760 14 7 1 0
3640 2054 27 19 1 0
938 1211 9 11 1 0
756 2166 27 19 1 0
2697 953 14 7 1 0
1879 884 14 7 1 0
25 265 7 9 1 0
4002 1323 9 11 1 0
486 520 3 5 1 0
3057 1011 14 7 1 0
3235 1165 9 11 1 0
3759 1128 9 11 1 0
4130 1222 9 11 1 0
2718 798 14 7 1 0
1674 631 14 7 1 0
1368 140 7 9 1 0
945 516 7 9 1 0
2726 1672 9 11 1 0
1561 615 14 7 1 0
3286 1428 9 11 1 0
3572 1479 9 11 1 0
1109 778 14 7 1 0
516 29 7 9 1 0
488 2031 27 19 1 0
48 531 3 5 1 0
375 820 14 7 1 0
2575 674 14 7 1 0
402 2703 27 19 1 0
3400 1216 9 11 1 0
1147 609 14 7 1 0
3892 1150 9 11 1 0
2572 978 14 7 1 0
2926 755 14 7 1 0
743 465 7 9 1 0
2880 2324 27 19 1 0
529 954 14 7 1 0
1303 648 14 7 1 0
799 1706 9 11 1 0
4091 2042 27 19 1 0
1790 754 14 7 1 0
2078 719 14 7 1 0
384 603 14 7 1 0
2750 806 14 7 1 0
3251 773 14 7 1 0
199 754 14 7 1 0
3987 1568 9 11 1 0
606 1942 27 19 1 0
3981 1432 9 11 1 0
969 533 3 5 1 0
1820 2078 27 19 1 0
2653 797 14 7 1 0
201 653 14 7 1 0
1127 458 7 9 1 0
1600 716 14 7 1 0
1471 2255 27 19 1 0
4022 1437 9 11 1 0
1096 468 7 9 1 0
734 1753 9 11 1 0
747 434 7 9 1 0
1328 524 3 5 1 0
3279 2674 27 19 1 0
3036 1095 14 7 1 0
2332 2250 27 19 1 0
2828 1022 14 7 1 0
3825 1200 9 11 1 0
3197 884 14 7 1 0
377 674 14 7 1 0
2907 756 14 7 1 0
1651 645 14 7 1 0
4198 1692 9 11 1 0
3225 1032 14 7 1 0
2589 675 14 7 1 0
2152 2592 27 19 1 0
1325 2265 27 19 1 0
1020 264 7 9 1 0
344 903 14 7 1 0
201 1148 9 11 1 0
445 811 14 7 1 0
767 396 7 9 1 0
812 510 7 9 1 0
657 1968 27 19 1 0
849 1140 9 11 1 0
1019 662 14 7 1 0
191 349 7 9 1 0
233 922 14 7 1 0
1284 1121 14 7 1 0
1006 1939 27 19 1 0
2044 604 14 7 1 0
347 737 14 7 1 0
3345 1254 9 11 1 0
724 748 14 7 1 0
2700 797 14 7 1 0
883 394 7 9 1 0
577 334 7 9 1 0
1204 542 14 7 1 0
3652 1318 9 11 1 0
363 558 14 7 1 0
3710 2585 27 19 1 0
615 621 14 7 1 0
1842 880 14 7 1 0
3040 1137 9 11 1 0
165 1467 9 11 1 0
3698 1428 9 11 1 0
63 643 14 7 1 0
659 509 7 9 1 0
1971 694 14 7 1 0
863 1183 9 11 1 0
267 421 7 9 1 0
335 546 14 7 1 0
648 408 7 9 1 0
3636 2114 27 19 1 0
804 2522 27 19 1 0
91 526 3 5 1 0
1387 481 7 9 1 0
1774 906 14 7 1 0
643 1610 9 11 1 0
324 299 7 9 1 0
2938 1117 6 10 1 0
1517 1299 9 11 1 0
1951 571 14 7 1 0
804 1361 9 11 1 0
2492 2197 27 19 1 0
2281 2769 27 19 1 0
245 504 7 9 1 0
748 1908 27 19 1 0
3876 1340 9 11 1 0
1195 1614 9 11 1 0
567 512 7 9 1 0
3130 968 14 7 1 0
1011 799 14 7 1 0
2966 871 14 7 1 0
2748 877 14 7 1 0
1940 2114 27 19 1 0
1422 592 14 7 1 0
4199 1497 9 11 1 0
3373 979 14 7 1 0
16 689 14 7 1 0
3469 1026 14 7 1 0
3999 1506 9 11 1 0
678 570 14 7 1 0
2553 658 14 7 1 0
3051 834 14 7 1 0
1795 570 14 7 1 0
436 287 7 9 1 0
3914 1940 27 19 1 0
1735 1070 14 7 1 0
2685 700 14 7 1 0
1765 379 7 9 1 0
729 584 14 7 1 0
2014 1898 27 19 1 0
862 463 7 9 1 0
1971 2265 27 19 1 0
1381 619 14 7 1 0
1698 565 14 7 1 0
73 614 14 7 1 0
868 567 14 7 1 0
1808 879 14 7 1 0
147 643 14 7 1 0
3180 1119 6 10 1 0
3123 793 14 7 1 0
2301 2156 27 19 1 0
3176 769 14 7 1 0
947 637 14 7 1 0
1678 2034 27 19 1 0
144 673 14 7 1 0
231 638 14 7 1 0
912 2430 27 19 1 0
756 364 7 9 1 0
4163 2781 27 19 1 0
1752 627 14 7 1 0
147 267 7 9 1 0
1185 1369 9 11 1 0
1479 827 14 7 1 0
829 544 14 7 1 0
3158 1150 9 11 1 0
967 740 14 7 1 0
2676 953 14 7 1 0
1447 1278 9 11 1 0
2655 723 14 7 1 0
3211 952 14 7 1 0
466 430 7 9 1 0
4041 1157 9 11 1 0
1603 2080 27 19 1 0
432 445 7 9 1 0
25 1059 14 7 1 0
3376 1427 9 11 1 0
3965 1778 13 13 1 0
114 1541 9 11 1 0
260 522 3 5 1 0
509 380 7 9 1 0
411 542 14 7 1 0
1127 1094 14 7 1 0
3478 1031 14 7 1 0
1865 1924 27 19 1 0
1644 358 7 9 1 0
2587 736 14 7 1 0
392 343 7 9 1 0
4214 2519 27 19 1 0
928 1839 27 19 1 0
3089 1462 9 11 1 0
2922 971 14 7 1 0
389 318 7 9 1 0
1582 735 14 7 1 0
4153 1157 9 11 1 0
737 1153 9 11 1 0
195 876 14 7 1 0
776 463 7 9 1 0
218 1547 9 11 1 0
1424 2386 27 19 1 0
97 244 7 9 1 0
108 228 7 9 1 0
768 1123 10 10 1 0
3825 1081 14 7 1 0
3401 1009 14 7 1 0
545 596 14 7 1 0
1869 903 14 7 1 0
963 593 14 7 1 0
382 788 14 7 1 0
4218 354 7 9 1 0
1478 569 14 7 1 0
3177 858 14 7 1 0
880 474 7 9 1 0
1269 407 7 9 1 0
1745 657 14 7 1 0
3960 1429 9 11 1 0
738 393 7 9 1 0
2673 1050 14 7 1 0
2649 992 14 7 1 0
2795 865 14 7 1 0
1353 572 14 7 1 0
3844 829 14 7 1 0
2590 860 14 7 1 0
3756 2693 27 19 1 0
1388 415 7 9 1 0
480 768 14 7 1 0
825 491 7 9 1 0
1504 839 14 7 1 0
74 784 14 7 1 0
15 712 14 7 1 0
265 391 7 9 1 0
3697 1086 14 7 1 0
139 582 14 7 1 0
967 1024 14 7 1 0
131 666 14 7 1 0
3453 1287 9 11 1 0
1407 451 7 9 1 0
200 401 7 9 1 0
750 564 14 7 1 0
1737 735 14 7 1 0
871 473 7 9 1 0
1599 1165 9 11 1 0
2060 2040 27 19 1 0
197 1452 9 11 1 0
3674 2083 27 19 1 0
163 871 14 7 1 0
2839 968 14 7 1 0
2133 1355 9 11 1 0
3576 1214 9 11 1 0
257 1895 27 19 1 0
411 507 7 9 1 0
1446 1077 14 7 1 0
1966 669 14 7 1 0
3846 864 14 7 1 0
2951 804 14 7 1 0
3406 2334 27 19 1 0
1327 673 14 7 1 0
954 610 14 7 1 0
3121 861 14 7 1 0
2851 865 14 7 1 0
96 349 7 9 1 0
266 1003 14 7 1 0
86 545 14 7 1 0
1961 641 14 7 1 0
2992 937 14 7 1 0
2585 704 14 7 1 0
1129 616 14 7 1 0
1549 353 7 9 1 0
1504 948 14 7 1 0
518 2732 27 19 1 0
1432 764 14 7 1 0
464 290 7 9 1 0
3020 1719 9 11 1 0
934 996 14 7 1 0
3690 2426 27 19 1 0
2552 848 14 7 1 0
1043 1137 9 11 1 0
334 1487 9 11 1 0
4233 1827 27 19 1 0
317 318 7 9 1 0
728 2512 27 19 1 0
170 642 14 7 1 0
1412 588 14 7 1 0
2913 917 14 7 1 0
340 784 14 7 1 0
1364 755 14 7 1 0
3890 1228 9 11 1 0
84 769 14 7 1 0
1724 606 14 7 1 0
2789 2307 27 19 1 0
1703 854 14 7 1 0
21 1344 9 11 1 0
3324 1029 14 7 1 0
1214 621 14 7 1 0
116 988 14 7 1 0
1183 1290 9 11 1 0
3154 1077 14 7 1 0
510 819 14 7 1 0
1152 1926 27 19 1 0
1523 359 7 9 1 0
4210 2270 27 19 1 0
3400 1450 9 11 1 0
737 1127 9 11 1 0
83 1395 9 11 1 0
3148 982 14 7 1 0
2189 2181 27 19 1 0
1373 653 14 7 1 0
1394 797 14 7 1 0
1242 459 7 9 1 0
806 945 14 7 1 0
313 764 14 7 1 0
807 675 14 7 1 0
3371 1259 9 11 1 0
1573 347 7 9 1 0
1177 641 14 7 1 0
184 439 7 9 1 0
3979 1468 9 11 1 0
1654 1192 9 11 1 0
715 1031 14 7 1 0
1981 933 14 7 1 0
3635 1401 9 11 1 0
82 513 7 9 1 0
716 2184 27 19 1 0
33 734 14 7 1 0
712 1313 9 11 1 0
1548 580 14 7 1 0
683 1927 27 19 1 0
3371 2338 27 19 1 0
976 551 14 7 1 0
4012 1708 9 11 1 0
3461 2466 27 19 1 0
1191 573 14 7 1 0
381 350 7 9 1 0
2770 835 14 7 1 0
750 797 14 7 1 0
2070 2148 27 19 1 0
221 628 14 7 1 0
3719 1392 9 11 1 0
696 1214 9 11 1 0
380 724 14 7 1 0
2519 729 14 7 1 0
1340 284 7 9 1 0
728 2064 27 19 1 0
320 608 14 7 1 0
3001 774 14 7 1 0
1195 451 7 9 1 0
3244 1480 9 11 1 0
2639 1241 9 11 1 0
310 332 7 9 1 0
534 336 7 9 1 0
509 958 14 7 1 0
1415 851 14 7 1 0
2654 1289 9 11 1 0
592 441 7 9 1 0
1619 1985 27 19 1 0
3390 1275 9 11 1 0
1921 613 14 7 1 0
3454 1144 9 11 1 0
1984 559 14 7 1 0
2019 622 14 7 1 0
1654 2691 27 19 1 0
930 1953 27 19 1 0
1370 2020 27 19 1 0
2761 766 14 7 1 0
1422 667 14 7 1 0
446 942 14 7 1 0
2711 747 14 7 1 0
4098 1870 27 19 1 0
3746 2637 27 19 1 0
1832 358 7 9 1 0
3146 761 14 7 1 0
1116 454 7 9 1 0
907 1657 9 11 1 0
1216 685 14 7 1 0
1516 2351 27 19 1 0
4134 1787 27 19 1 0
27 2804 27 19 1 0
572 770 14 7 1 0
1417 563 14 7 1 0
1623 358 7 9 1 0
1386 2203 27 19 1 0
3733 1860 27 19 1 0
1317 810 14 7 1 0
1109 503 7 9 1 0
1742 849 14 7 1 0
2713 802 14 7 1 0
620 755 14 7 1 0
678 451 7 9 1 0
195 551 14 7 1 0
1680 873 14 7 1 0
1394 935 14 7 1 0
497 591 14 7 1 0
4021 2379 27 19 1 0
3583 1177 9 11 1 0
1385 465 7 9 1 0
1829 2583 27 19 1 0
2934 774 14 7 1 0
2265 2171 27 19 1 0
1708 1535 9 11 1 0
1342 542 14 7 1 0
1206 701 14 7 1 0
1548 377 7 9 1 0
1765 682 14 7 1 0
167 407 7 9 1 0
546 810 14 7 1 0
883 1091 14 7 1 0
3631 1359 9 11 1 0
1067 528 3 5 1 0
814 657 14 7 1 0
666 890 14 7 1 0
2893 979 14 7 1 0
4132 1432 9 11 1 0
206 337 7 9 1 0
2911 723 14 7 1 0
146 734 14 7 1 0
24 873 14 7 1 0
3367 1602 9 11 1 0
622 328 7 9 1 0
352 829 14 7 1 0
3420 1242 9 11 1 0
516 432 7 9 1 0
2731 876 14 7 1 0
862 2426 27 19 1 0
818 2481 27 19 1 0
475 499 7 9 1 0
3977 1143 9 11 1 0
1074 259 7 9 1 0
321 416 7 9 1 0
1938 602 14 7 1 0
25 220 7 9 1 0
146 503 7 9 1 0
2731 895 14 7 1 0
2603 2375 27 19 1 0
1587 621 14 7 1 0
535 574 14 7 1 0
4082 1214 9 11 1 0
2572 2438 27 19 1 0
1668 783 14 7 1 0
1197 1663 9 11 1 0
65 287 7 9 1 0
3650 1367 9 11 1 0
1769 751 14 7 1 0
1084 1850 27 19 1 0
2073 1823 27 19 1 0
418 610 14 7 1 0
3139 2319 27 19 1 0
303 677 14 7 1 0
1874 700 14 7 1 0
4083 1135 9 11 1 0
752 415 7 9 1 0
177 548 14 7 1 0
3014 814 14 7 1 0
2894 729 14 7 1 0
213 448 7 9 1 0
565 347 7 9 1 0
634 1693 9 11 1 0
3780 1366 9 11 1 0
390 416 7 9 1 0
1529 538 14 7 1 0
3871 1564 9 11 1 0
179 372 7 9 1 0
882 215 7 9 1 0
927 645 14 7 1 0
2419 1615 9 11 1 0
335 2224 27 19 1 0
1721 566 14 7 1 0
1066 2380 27 19 1 0
2778 846 14 7 1 0
792 537 14 7 1 0
397 1522 9 11 1 0
1318 1930 27 19 1 0
1638 622 14 7 1 0
1466 591 14 7 1 0
143 569 14 7 1 0
1904 771 14 7 1 0
934 614 14 7 1 0
1792 2770 27 19 1 0
1919 935 14 7 1 0
1724 353 7 9 1 0
650 450 7 9 1 0
103 853 14 7 1 0
1240 744 14 7 1 0
824 1060 14 7 1 0
1808 1177 9 11 1 0
1947 565 14 7 1 0
65 1175 9 11 1 0
115 928 14 7 1 0
2861 972 14 7 1 0
1323 1154 9 11 1 0
2449 2474 27 19 1 0
4232 1157 9 11 1 0
382 410 7 9 1 0
3420 1166 9 11 1 0
4020 1128 9 11 1 0
1800 695 14 7 1 0
1403 407 7 9 1 0
4067 1816 27 19 1 0
1171 610 14 7 1 0
1849 360 7 9 1 0
399 823 14 7 1 0
0 850 14 7 1 0
2506 1789 27 19 1 0
1611 718 14 7 1 0
1440 492 7 9 1 0
1478 672 14 7 1 0
1793 786 14 7 1 0
780 2630 27 19 1 0
1387 2825 27 19 1 0
2048 364 7 9 1 0
252 579 14 7 1 0
468 1025 14 7 1 0
1089 260 7 9 1 0
30 249 7 9 1 0
533 701 14 7 1 0
688 1672 9 11 1 0
1266 723 14 7 1 0
1360 901 14 7 1 0
1956 1445 9 11 1 0
707 673 14 7 1 0
866 763 14 7 1 0
1852 838 14 7 1 0
826 206 7 9 1 0
177 1412 9 11 1 0
1566 794 14 7 1 0
680 2618 27 19 1 0
1953 717 14 7 1 0
808 435 7 9 1 0
1940 835 14 7 1 0
13 770 14 7 1 0
630 486 7 9 1 0
915 513 7 9 1 0
736 500 7 9 1 0
3982 1935 27 19 1 0
143 1559 9 11 1 0
4143 1280 9 11 1 0
983 618 14 7 1 0
3959 1344 9 11 1 0
4179 1429 9 11 1 0
1355 777 14 7 1 0
1482 1208 9 11 1 0
2733 1900 27 19 1 0
1526 412 7 9 1 0
560 516 7 9 1 0
3964 2039 27 19 1 0
3451 1233 9 11 1 0
1999 665 14 7 1 0
2779 945 14 7 1 0
1153 490 7 9 1 0
1324 489 7 9 1 0
1694 2482 27 19 1 0
589 458 7 9 1 0
200 815 14 7 1 0
398 534 3 5 1 0
2707 709 14 7 1 0
94 677 14 7 1 0
1104 2040 27 19 1 0
1821 619 14 7 1 0
705 611 14 7 1 0
1080 1525 9 11 1 0
1548 604 14 7 1 0
438 2650 27 19 1 0
4178 1199 9 11 1 0
1825 632 14 7 1 0
1936 2617 27 19 1 0
1510 1987 27 19 1 0
649 661 14 7 1 0
126 560 14 7 1 0
3751 810 14 7 1 0
3815 1723 9 11 1 0
3966 1635 9 11 1 0
1224 541 14 7 1 0
3603 1070 14 7 1 0
3154 849 14 7 1 0
3995 2471 27 19 1 0
1863 2563 27 19 1 0
414 1680 9 11 1 0
343 808 14 7 1 0
1532 377 7 9 1 0
1847 343 7 9 1 0
461 1051 14 7 1 0
201 895 14 7 1 0
1886 1435 9 11 1 0
1559 989 14 7 1 0
1911 380 7 9 1 0
3543 1334 9 11 1 0
1277 462 7 9 1 0
750 1706 9 11 1 0
1775 658 14 7 1 0
2459 1915 27 19 1 0
1466 540 14 7 1 0
2007 1452 9 11 1 0
28 1563 9 11 1 0
504 481 7 9 1 0
3724 1087 14 7 1 0
445 290 7 9 1 0
860 209 7 9 1 0
3662 2347 27 19 1 0
632 548 14 7 1 0
3160 910 14 7 1 0
1335 2329 27 19 1 0
4085 313 7 9 1 0
693 2334 27 19 1 0
298 581 14 7 1 0
3067 884 14 7 1 0
2120 2793 27 19 1 0
2611 685 14 7 1 0
1811 646 14 7 1 0
892 2641 27 19 1 0
3929 1637 9 11 1 0
377 18 7 9 1 0
3204 1061 14 7 1 0
905 708 14 7 1 0
1596 2009 27 19 1 0
2505 2284 27 19 1 0
504 535 14 7 1 0
325 2560 27 19 1 0
1743 1192 9 11 1 0
367 402 7 9 1 0
1414 786 14 7 1 0
854 535 14 7 1 0
332 1470 9 11 1 0
215 2408 27 19 1 0
2754 901 14 7 1 0
958 429 7 9 1 0
181 889 14 7 1 0
841 431 7 9 1 0
24 331 7 9 1 0
225 2508 27 19 1 0
3985 2739 27 19 1 0
134 535 14 7 1 0
1302 796 14 7 1 0
3678 2001 27 19 1 0
1027 2069 27 19 1 0
636 356 7 9 1 0
1787 674 14 7 1 0
2621 762 14 7 1 0
1829 672 14 7 1 0
3775 1324 9 11 1 0
214 998 14 7 1 0
2070 766 14 7 1 0
2696 795 14 7 1 0
139 454 7 9 1 0
1651 1128 9 11 1 0
4127 95 7 9 1 0
614 992 14 7 1 0
2205 1449 9 11 1 0
908 608 14 7 1 0
990 268 7 9 1 0
777 563 14 7 1 0
1586 371 7 9 1 0
482 394 7 9 1 0
630 421 7 9 1 0
2703 812 14 7 1 0
1306 1195 9 11 1 0
3794 832 14 7 1 0
3833 2651 27 19 1 0
828 485 7 9 1 0
1292 548 14 7 1 0
1576 550 14 7 1 0
2951 961 14 7 1 0
2621 1316 9 11 1 0
2956 1068 14 7 1 0
363 684 14 7 1 0
485 450 7 9 1 0
2013 1403 9 11 1 0
1122 571 14 7 1 0
2652 897 14 7 1 0
4279 2291 27 19 1 0
4011 1116 6 10 1 0
659 446 7 9 1 0
1946 594 14 7 1 0
3681 1357 9 11 1 0
550 1082 14 7 1 0
3575 2671 27 19 1 0
2733 940 14 7 1 0
2884 735 14 7 1 0
1969 559 14 7 1 0
3051 824 14 7 1 0
427 420 7 9 1 0
3303 1056 14 7 1 0
1863 2398 27 19 1 0
65 494 7 9 1 0
2054 751 14 7 1 0
332 335 7 9 1 0
754 386 7 9 1 0
2418 1393 9 11 1 0
1542 541 14 7 1 0
3804 1229 9 11 1 0
2822 869 14 7 1 0
835 421 7 9 1 0
1720 719 14 7 1 0
2675 1393 9 11 1 0
3878 2126 27 19 1 0
476 2221 27 19 1 0
780 776 14 7 1 0
146 1098 14 7 1 0
1236 659 14 7 1 0
1924 839 14 7 1 0
17 992 14 7 1 0
1113 2793 27 19 1 0
270 553 14 7 1 0
2669 679 14 7 1 0
3020 1030 14 7 1 0
3773 1075 14 7 1 0
982 673 14 7 1 0
1275 581 14 7 1 0
3835 1288 9 11 1 0
421 779 14 7 1 0
2830 1237 9 11 1 0
870 1870 27 19 1 0
357 333 7 9 1 0
179 314 7 9 1 0
326 460 7 9 1 0
25 277 7 9 1 0
1989 777 14 7 1 0
692 929 14 7 1 0
1128 638 14 7 1 0
2753 864 14 7 1 0
474 737 14 7 1 0
4064 1524 9 11 1 0
2929 764 14 7 1 0
419 562 14 7 1 0
1116 806 14 7 1 0
1598 612 14 7 1 0
493 1468 9 11 1 0
1673 355 7 9 1 0
1101 606 14 7 1 0
4018 1724 9 11 1 0
886 509 7 9 1 0
2636 738 14 7 1 0
1098 1004 14 7 1 0
850 391 7 9 1 0
351 1939 27 19 1 0
2743 2301 27 19 1 0
1844 618 14 7 1 0
3408 1036 14 7 1 0
3751 1078 14 7 1 0
3447 2684 27 19 1 0
1936 628 14 7 1 0
495 767 14 7 1 0
1931 925 14 7 1 0
547 2494 27 19 1 0
540 2177 27 19 1 0
242 2806 27 19 1 0
4015 1902 27 19 1 0
1490 1155 9 11 1 0
846 693 14 7 1 0
3052 938 14 7 1 0
2898 738 14 7 1 0
1453 1376 9 11 1 0
1980 361 7 9 1 0
679 2156 27 19 1 0
3344 2789 27 19 1 0
3423 1282 9 11 1 0
1369 559 14 7 1 0
1087 1230 9 11 1 0
3618 1400 9 11 1 0
2529 723 14 7 1 0
1893 827 14 7 1 0
1097 2486 27 19 1 0
3340 995 14 7 1 0
3014 985 14 7 1 0
2002 2141 27 19 1 0
1923 786 14 7 1 0
1245 118 7 9 1 0
2738 2376 27 19 1 0
185 809 14 7 1 0
3455 1812 27 19 1 0
2373 2748 27 19 1 0
526 658 14 7 1 0
136 703 14 7 1 0
3443 1031 14 7 1 0
212 714 14 7 1 0
1719 2189 27 19 1 0
833 620 14 7 1 0
2782 1893 27 19 1 0
4265 1556 9 11 1 0
81 1740 9 11 1 0
823 2049 27 19 1 0
3863 1100 14 7 1 0
325 2101 27 19 1 0
1297 596 14 7 1 0
1232 753 14 7 1 0
3088 1010 14 7 1 0
3387 1036 14 7 1 0
2555 1299 9 11 1 0
745 624 14 7 1 0
1108 640 14 7 1 0
1291 435 7 9 1 0
814 765 14 7 1 0
269 579 14 7 1 0
1268 667 14 7 1 0
2689 2295 27 19 1 0
3915 1607 9 11 1 0
684 796 14 7 1 0
1070 1519 9 11 1 0
613 1092 14 7 1 0
3895 1107 14 7 1 0
701 517 3 5 1 0
785 99 7 9 1 0
816 371 7 9 1 0
701 1122 11 9 1 0
1024 448 7 9 1 0
351 15 7 9 1 0
1468 1101 14 7 1 0
1653 352 7 9 1 0
1116 999 14 7 1 0
900 2208 27 19 1 0
2044 815 14 7 1 0
495 1258 9 11 1 0
1281 414 7 9 1 0
432 397 7 9 1 0
2015 898 14 7 1 0
3823 1410 9 11 1 0
3031 1122 6 10 1 0
1509 422 7 9 1 0
1392 1947 27 19 1 0
365 1829 27 19 1 0
961 758 14 7 1 0
3929 1986 27 19 1 0
1148 576 14 7 1 0
81 500 7 9 1 0
2619 700 14 7 1 0
162 1204 9 11 1 0
3799 1356 9 11 1 0
843 1718 9 11 1 0
204 1434 9 11 1 0
3868 1321 9 11 1 0
2918 2204 27 19 1 0
944 731 14 7 1 0
305 661 14 7 1 0
3886 1137 9 11 1 0
44 278 7 9 1 0
553 1587 9 11 1 0
723 444 7 9 1 0
160 480 7 9 1 0
1145 744 14 7 1 0
3886 1215 9 11 1 0
1014 428 7 9 1 0
465 567 14 7 1 0
1574 579 14 7 1 0
38 1480 9 11 1 0
3061 916 14 7 1 0
1175 2235 27 19 1 0
3546 1048 14 7 1 0
2060 680 14 7 1 0
2649 805 14 7 1 0
4284 1969 27 19 1 0
3179 1651 9 11 1 0
2758 1745 9 11 1 0
3041 974 14 7 1 0
1784 580 14 7 1 0
4136 2818 27 19 1 0
336 682 14 7 1 0
2074 670 14 7 1 0
612 1706 9 11 1 0
1602 2004 27 19 1 0
753 459 7 9 1 0
1390 2473 27 19 1 0
1141 749 14 7 1 0
8 2075 27 19 1 0
1892 604 14 7 1 0
581 305 7 9 1 0
788 1297 9 11 1 0
3454 1335 9 11 1 0
2721 848 14 7 1 0
4031 1889 27 19 1 0
766 691 14 7 1 0
788 1472 9 11 1 0
1571 1071 14 7 1 0
912 1191 9 11 1 0
1724 625 14 7 1 0
3484 1049 14 7 1 0
201 2138 27 19 1 0
2723 1364 9 11 1 0
2025 611 14 7 1 0
1947 371 7 9 1 0
613 342 7 9 1 0
2797 962 14 7 1 0
435 593 14 7 1 0
3513 1050 14 7 1 0
2035 609 14 7 1 0
326 586 14 7 1 0
831 595 14 7 1 0
995 515 7 9 1 0
4202 1478 9 11 1 0
624 339 7 9 1 0
1049 2665 27 19 1 0
3169 1071 14 7 1 0
2691 822 14 7 1 0
297 1876 27 19 1 0
416 319 7 9 1 0
458 33 7 9 1 0
1194 716 14 7 1 0
165 1481 9 11 1 0
2992 1822 27 19 1 0
1838 1203 9 11 1 0
1348 613 14 7 1 0
2853 747 14 7 1 0
369 1057 14 7 1 0
322 510 7 9 1 0
1230 765 14 7 1 0
65 248 7 9 1 0
3127 934 14 7 1 0
2585 1624 9 11 1 0
1205 440 7 9 1 0
1010 542 14 7 1 0
2847 952 14 7 1 0
3635 1292 9 11 1 0
484 480 7 9 1 0
1238 503 7 9 1 0
1164 680 14 7 1 0
844 205 7 9 1 0
625 401 7 9 1 0
1001 750 14 7 1 0
1006 1628 9 11 1 0
599 387 7 9 1 0
1490 2125 27 19 1 0
1991 2685 27 19 1 0
4016 329 7 9 1 0
1232 591 14 7 1 0
305 1014 14 7 1 0
1606 561 14 7 1 0
576 888 14 7 1 0
157 254 7 9 1 0
3780 1190 9 11 1 0
2746 1065 14 7 1 0
3383 1350 9 11 1 0
1485 1962 27 19 1 0
2384 2258 27 19 1 0
378 2365 27 19 1 0
777 932 14 7 1 0
4267 2019 27 19 1 0
641 483 7 9 1 0
745 491 7 9 1 0
1154 532 3 5 1 0
1655 1663 9 11 1 0
734 491 7 9 1 0
1233 2487 27 19 1 0
1446 605 14 7 1 0
4240 1166 9 11 1 0
922 927 14 7 1 0
177 253 7 9 1 0
3670 1372 9 11 1 0
1162 2003 27 19 1 0
3149 875 14 7 1 0
2382 1414 9 11 1 0
3882 1376 9 11 1 0
2709 2537 27 19 1 0
2605 1019 14 7 1 0
3162 822 14 7 1 0
1027 945 14 7 1 0
318 376 7 9 1 0
395 1481 9 11 1 0
3099 2124 27 19 1 0
272 602 14 7 1 0
952 2158 27 19 1 0
397 382 7 9 1 0
3964 1119 6 10 1 0
554 775 14 7 1 0
1375 1440 9 11 1 0
856 492 7 9 1 0
1096 446 7 9 1 0
268 836 14 7 1 0
1052 432 7 9 1 0
1955 606 14 7 1 0
1158 594 14 7 1 0
4139 1180 9 11 1 0
1341 139 7 9 1 0
3109 2643 27 19 1 0
1016 2589 27 19 1 0
550 978 14 7 1 0
4201 1612 9 11 1 0
467 325 7 9 1 0
1274 785 14 7 1 0
2104 1892 27 19 1 0
506 802 14 7 1 0
3732 1219 9 11 1 0
283 2079 27 19 1 0
105 777 14 7 1 0
786 372 7 9 1 0
1382 797 14 7 1 0
120 514 7 9 1 0
3771 1352 9 11 1 0
1783 2278 27 19 1 0
1382 555 14 7 1 0
1507 540 14 7 1 0
92 786 14 7 1 0
3637 1354 9 11 1 0
874 651 14 7 1 0
1610 687 14 7 1 0
1838 748 14 7 1 0
1226 460 7 9 1 0
2646 776 14 7 1 0
1597 363 7 9 1 0
923 470 7 9 1 0
2935 1509 9 11 1 0
305 595 14 7 1 0
684 1018 14 7 1 0
1755 575 14 7 1 0
249 1132 9 11 1 0
1712 815 14 7 1 0
332 738 14 7 1 0
4185 1263 9 11 1 0
215 317 7 9 1 0
246 1044 14 7 1 0
3672 1479 9 11 1 0
1116 509 7 9 1 0
3926 1387 9 11 1 0
2757 777 14 7 1 0
3996 879 14 7 1 0
1275 116 7 9 1 0
636 423 7 9 1 0
2045 577 14 7 1 0
897 450 7 9 1 0
4239 1226 9 11 1 0
4019 876 14 7 1 0
2955 904 14 7 1 0
2113 1424 9 11 1 0
352 1033 14 7 1 0
880 641 14 7 1 0
956 1208 9 11 1 0
3810 2404 27 19 1 0
877 452 7 9 1 0
598 356 7 9 1 0
51 585 14 7 1 0
3992 869 14 7 1 0
2317 2460 27 19 1 0
926 722 14 7 1 0
2097 609 14 7 1 0
523 1655 9 11 1 0
423 683 14 7 1 0
1421 547 14 7 1 0
3480 1305 9 11 1 0
1040 501 7 9 1 0
144 1584 9 11 1 0
990 438 7 9 1 0
1040 469 7 9 1 0
1335 1927 27 19 1 0
46 734 14 7 1 0
1365 619 14 7 1 0
487 544 14 7 1 0
651 1471 9 11 1 0
1154 632 14 7 1 0
1590 2130 27 19 1 0
3603 2195 27 19 1 0
515 542 14 7 1 0
1221 2557 27 19 1 0
561 546 14 7 1 0
915 223 7 9 1 0
3539 1202 9 11 1 0
3572 1302 9 11 1 0
1100 1157 9 11 1 0
20 1309 9 11 1 0
1930 1273 9 11 1 0
1260 1321 9 11 1 0
838 2330 27 19 1 0
333 442 7 9 1 0
574 353 7 9 1 0
440 510 7 9 1 0
542 1094 14 7 1 0
632 742 14 7 1 0
414 361 7 9 1 0
2553 2245 27 19 1 0
1865 788 14 7 1 0
411 309 7 9 1 0
1195 517 3 5 1 0
446 787 14 7 1 0
2547 684 14 7 1 0
2730 849 14 7 1 0
1538 629 14 7 1 0
3264 1670 9 11 1 0
1085 2002 27 19 1 0
766 1947 27 19 1 0
4022 1583 9 11 1 0
815 784 14 7 1 0
135 802 14 7 1 0
3856 1127 9 11 1 0
4245 1249 9 11 1 0
31 1446 9 11 1 0
1029 685 14 7 1 0
4101 1148 9 11 1 0
444 432 7 9 1 0
699 1515 9 11 1 0
3727 1053 14 7 1 0
104 922 14 7 1 0
3373 1157 9 11 1 0
4070 1431 9 11 1 0
1621 2534 27 19 1 0
1373 1073 14 7 1 0
1543 795 14 7 1 0
279 482 7 9 1 0
4030 1112 6 10 1 0
2641 722 14 7 1 0
3899 1456 9 11 1 0
3836 1389 9 11 1 0
1615 381 7 9 1 0
1263 1022 14 7 1 0
867 396 7 9 1 0
2295 1399 9 11 1 0
3920 1520 9 11 1 0
367 297 7 9 1 0
373 538 14 7 1 0
193 565 14 7 1 0
3173 1096 14 7 1 0
836 222 7 9 1 0
3433 2312 27 19 1 0
2014 559 14 7 1 0
1172 1243 9 11 1 0
3282 1990 27 19 1 0
2132 2192 27 19 1 0
3497 2215 27 19 1 0
870 777 14 7 1 0
648 473 7 9 1 0
3981 972 14 7 1 0
3915 1098 14 7 1 0
812 2242 27 19 1 0
1721 810 14 7 1 0
1723 1091 14 7 1 0
598 805 14 7 1 0
3046 872 14 7 1 0
1222 695 14 7 1 0
115 893 14 7 1 0
2524 660 14 7 1 0
730 1600 9 11 1 0
15 349 7 9 1 0
1876 601 14 7 1 0
4034 1861 27 19 1 0
3499 1209 9 11 1 0
3303 1727 9 11 1 0
1850 811 14 7 1 0
49 660 14 7 1 0
959 577 14 7 1 0
1083 616 14 7 1 0
1123 2752 27 19 1 0
4060 1848 27 19 1 0
1400 415 7 9 1 0
1345 1062 14 7 1 0
11 1266 9 11 1 0
698 401 7 9 1 0
1940 1328 9 11 1 0
3808 2002 27 19 1 0
3779 2766 27 19 1 0
1379 731 14 7 1 0
4283 1497 9 11 1 0
414 591 14 7 1 0
3887 1439 9 11 1 0
4027 1940 27 19 1 0
3894 1594 9 11 1 0
1244 626 14 7 1 0
3963 1534 9 11 1 0
889 729 14 7 1 0
219 324 7 9 1 0
1267 424 7 9 1 0
1256 1627 9 11 1 0
3472 1132 9 11 1 0
4057 1194 9 11 1 0
2673 817 14 7 1 0
3994 1918 27 19 1 0
3320 1091 14 7 1 0
9 955 14 7 1 0
1092 1705 9 11 1 0
811 570 14 7 1 0
1173 456 7 9 1 0
704 2314 27 19 1 0
888 611 14 7 1 0
280 1499 9 11 1 0
34 424 7 9 1 0
1953 1246 9 11 1 0
1707 835 14 7 1 0
3730 1480 9 11 1 0
3307 1199 9 11 1 0
1476 1310 9 11 1 0
1257 888 14 7 1 0
821 428 7 9 1 0
1194 419 7 9 1 0
1278 656 14 7 1 0
2880 970 14 7 1 0
377 660 14 7 1 0
2711 878 14 7 1 0
3402 1482 9 11 1 0
3074 1141 9 11 1 0
344 1333 9 11 1 0
348 535 14 7 1 0
263 1533 9 11 1 0
1252 2014 27 19 1 0
742 2078 27 19 1 0
505 1949 27 19 1 0
1694 1365 9 11 1 0
1538 2075 27 19 1 0
459 589 14 7 1 0
1499 1565 9 11 1 0
732 86 7 9 1 0
341 994 14 7 1 0
1299 926 14 7 1 0
3835 1133 9 11 1 0
800 97 7 9 1 0
3069 969 14 7 1 0
3644 1863 27 19 1 0
1468 530 3 5 1 0
269 808 14 7 1 0
978 2636 27 19 1 0
912 1526 9 11 1 0
432 847 14 7 1 0
3072 2801 27 19 1 0
477 829 14 7 1 0
773 2073 27 19 1 0
234 1014 14 7 1 0
3132 1122 6 10 1 0
1052 501 7 9 1 0
48 248 7 9 1 0
3978 882 14 7 1 0
168 981 14 7 1 0
1217 1019 14 7 1 0
954 565 14 7 1 0
4139 357 7 9 1 0
844 660 14 7 1 0
1913 603 14 7 1 0
3359 1173 9 11 1 0
2576 2487 27 19 1 0
2809 2356 27 19 1 0
314 553 14 7 1 0
565 1002 14 7 1 0
1777 2060 27 19 1 0
607 870 14 7 1 0
1843 631 14 7 1 0
242 408 7 9 1 0
3669 1028 14 7 1 0
1252 440 7 9 1 0
2341 2175 27 19 1 0
1386 663 14 7 1 0
1075 968 14 7 1 0
1432 665 14 7 1 0
585 627 14 7 1 0
3919 2191 27 19 1 0
989 1730 9 11 1 0
393 438 7 9 1 0
3729 1370 9 11 1 0
1727 563 14 7 1 0
3001 2542 27 19 1 0
582 595 14 7 1 0
2840 929 14 7 1 0
2004 1280 9 11 1 0
1282 481 7 9 1 0
844 758 14 7 1 0
1467 554 14 7 1 0
1271 2274 27 19 1 0
1632 1792 27 19 1 0
892 1011 14 7 1 0
1260 1034 14 7 1 0
2619 1050 14 7 1 0
2190 2477 27 19 1 0
1161 2481 27 19 1 0
2688 900 14 7 1 0
181 242 7 9 1 0
146 660 14 7 1 0
3566 2195 27 19 1 0
993 738 14 7 1 0
2234 1827 27 19 1 0
1184 461 7 9 1 0
1209 507 7 9 1 0
334 1841 27 19 1 0
723 611 14 7 1 0
2516 667 14 7 1 0
3797 2041 27 19 1 0
3822 1366 9 11 1 0
3314 1480 9 11 1 0
256 360 7 9 1 0
242 1576 9 11 1 0
1850 370 7 9 1 0
3301 2298 27 19 1 0
3954 2005 27 19 1 0
2888 1101 14 7 1 0
1031 538 14 7 1 0
1061 1810 27 19 1 0
1318 1065 14 7 1 0
2934 734 14 7 1 0
3777 2182 27 19 1 0
1410 667 14 7 1 0
867 387 7 9 1 0
241 1496 9 11 1 0
3864 2761 27 19 1 0
41 675 14 7 1 0
1939 798 14 7 1 0
3482 1270 9 11 1 0
1715 1763 13 13 1 0
1170 425 7 9 1 0
3019 1016 14 7 1 0
1721 698 14 7 1 0
1066 1836 27 19 1 0
2063 737 14 7 1 0
1721 831 14 7 1 0
625 461 7 9 1 0
3746 1623 9 11 1 0
3798 1280 9 11 1 0
277 1565 9 11 1 0
1809 601 14 7 1 0
276 1730 9 11 1 0
3544 1307 9 11 1 0
3385 1047 14 7 1 0
2705 794 14 7 1 0
1964 903 14 7 1 0
594 338 7 9 1 0
3840 2161 27 19 1 0
762 363 7 9 1 0
131 875 14 7 1 0
753 851 14 7 1 0
1954 626 14 7 1 0
1979 380 7 9 1 0
4184 2700 27 19 1 0
1012 500 7 9 1 0
2879 772 14 7 1 0
1495 602 14 7 1 0
2768 987 14 7 1 0
4117 2451 27 19 1 0
1513 2539 27 19 1 0
849 1745 9 11 1 0
1498 767 14 7 1 0
1343 2038 27 19 1 0
1036 660 14 7 1 0
384 390 7 9 1 0
267 367 7 9 1 0
664 472 7 9 1 0
51 802 14 7 1 0
1164 532 3 5 1 0
3763 1459 9 11 1 0
332 757 14 7 1 0
1393 2250 27 19 1 0
493 402 7 9 1 0
1007 573 14 7 1 0
2405 2142 27 19 1 0
1485 633 14 7 1 0
4038 1259 9 11 1 0
674 583 14 7 1 0
2053 822 14 7 1 0
3355 1193 9 11 1 0
1457 140 7 9 1 0
553 1603 9 11 1 0
1843 2231 27 19 1 0
3894 864 14 7 1 0
2566 834 14 7 1 0
2566 885 14 7 1 0
2036 819 14 7 1 0
3899 1201 9 11 1 0
220 544 14 7 1 0
193 495 7 9 1 0
1566 747 14 7 1 0
800 488 7 9 1 0
1008 490 7 9 1 0
1992 561 14 7 1 0
1858 1290 9 11 1 0
117 427 7 9 1 0
2764 885 14 7 1 0
1035 630 14 7 1 0
4278 2376 27 19 1 0
1424 1177 9 11 1 0
1778 733 14 7 1 0
554 862 14 7 1 0
1044 677 14 7 1 0
1423 403 7 9 1 0
3645 1483 9 11 1 0
1239 1302 9 11 1 0
2605 935 14 7 1 0
427 704 14 7 1 0
1709 881 14 7 1 0
514 318 7 9 1 0
3991 1253 9 11 1 0
1411 749 14 7 1 0
498 1077 14 7 1 0
778 2245 27 19 1 0
1221 418 7 9 1 0
548 463 7 9 1 0
4123 1145 9 11 1 0
3233 357 7 9 1 0
1703 613 14 7 1 0
1137 1170 9 11 1 0
1253 499 7 9 1 0
213 1111 12 8 1 0
1481 805 14 7 1 0
2049 701 14 7 1 0
1798 2717 27 19 1 0
4139 1867 27 19 1 0
1243 723 14 7 1 0
1156 460 7 9 1 0
486 580 14 7 1 0
2603 448 7 9 1 0
1603 351 7 9 1 0
1737 581 14 7 1 0
926 461 7 9 1 0
1377 484 7 9 1 0
2555 770 14 7 1 0
4055 1550 9 11 1 0
2565 1394 9 11 1 0
4219 1438 9 11 1 0
1517 548 14 7 1 0
4043 2221 27 19 1 0
781 2010 27 19 1 0
534 596 14 7 1 0
2993 845 14 7 1 0
2620 715 14 7 1 0
2531 771 14 7 1 0
232 679 14 7 1 0
2040 1459 9 11 1 0
1818 1265 9 11 1 0
1786 592 14 7 1 0
1044 438 7 9 1 0
1697 778 14 7 1 0
1175 444 7 9 1 0
425 1882 27 19 1 0
1870 657 14 7 1 0
921 426 7 9 1 0
1863 364 7 9 1 0
3330 2600 27 19 1 0
1632 354 7 9 1 0
3776 1272 9 11 1 0
3465 1302 9 11 1 0
488 603 14 7 1 0
1386 592 14 7 1 0
458 1490 9 11 1 0
2651 748 14 7 1 0
407 580 14 7 1 0
1395 614 14 7 1 0
1191 647 14 7 1 0
205 1952 27 19 1 0
316 348 7 9 1 0
318 1241 9 11 1 0
474 538 14 7 1 0
2941 2808 27 19 1 0
1155 996 14 7 1 0
887 764 14 7 1 0
455 503 7 9 1 0
296 338 7 9 1 0
1500 725 14 7 1 0
860 479 7 9 1 0
4227 362 7 9 1 0
909 525 3 5 1 0
3227 1706 9 11 1 0
2857 873 14 7 1 0
628 2037 27 19 1 0
43 558 14 7 1 0
1164 778 14 7 1 0
1753 582 14 7 1 0
906 464 7 9 1 0
35 1133 9 11 1 0
545 378 7 9 1 0
286 632 14 7 1 0
665 731 14 7 1 0
255 713 14 7 1 0
3868 2265 27 19 1 0
11 535 14 7 1 0
3672 861 14 7 1 0
1449 591 14 7 1 0
1122 1135 9 11 1 0
92 275 7 9 1 0
1872 2334 27 19 1 0
563 1999 27 19 1 0
3503 1002 14 7 1 0
336 2616 27 19 1 0
1780 871 14 7 1 0
3113 1106 14 7 1 0
900 1790 27 19 1 0
383 1647 9 11 1 0
3277 360 7 9 1 0
757 744 14 7 1 0
1669 616 14 7 1 0
1451 574 14 7 1 0
1974 639 14 7 1 0
3563 1428 9 11 1 0
262 273 7 9 1 0
3333 1233 9 11 1 0
3005 2500 27 19 1 0
3260 1075 14 7 1 0
2383 2039 27 19 1 0
3154 955 14 7 1 0
2835 757 14 7 1 0
706 571 14 7 1 0
3217 1133 9 11 1 0
1291 655 14 7 1 0
970 468 7 9 1 0
2023 532 14 7 1 0
259 433 7 9 1 0
3590 1428 9 11 1 0
1040 251 7 9 1 0
130 462 7 9 1 0
731 634 14 7 1 0
3479 1240 9 11 1 0
90 638 14 7 1 0
351 942 14 7 1 0
743 2026 27 19 1 0
585 402 7 9 1 0
1402 915 14 7 1 0
2430 2533 27 19 1 0
429 301 7 9 1 0
527 381 7 9 1 0
1407 431 7 9 1 0
1219 740 14 7 1 0
1040 724 14 7 1 0
2764 871 14 7 1 0
251 2101 27 19 1 0
2719 705 14 7 1 0
2902 847 14 7 1 0
2955 944 14 7 1 0
3056 2186 27 19 1 0
1721 1122 11 9 1 0
1806 1453 9 11 1 0
1445 450 7 9 1 0
791 519 3 5 1 0
1092 433 7 9 1 0
2660 789 14 7 1 0
7 1760 9 11 1 0
48 399 7 9 1 0
1663 772 14 7 1 0
4 893 14 7 1 0
2618 855 14 7 1 0
1112 473 7 9 1 0
32 299 7 9 1 0
617 481 7 9 1 0
1543 598 14 7 1 0
1195 1854 27 19 1 0
12 861 14 7 1 0
1552 1908 27 19 1 0
984 1794 27 19 1 0
3784 2001 27 19 1 0
3639 1156 9 11 1 0
3475 1784 18 15 1 0
1184 2034 27 19 1 0
1737 2040 27 19 1 0
376 1599 9 11 1 0
3770 829 14 7 1 0
577 1822 27 19 1 0
752 1830 27 19 1 0
1082 253 7 9 1 0
1251 422 7 9 1 0
774 363 7 9 1 0
1065 656 14 7 1 0
1118 1835 27 19 1 0
1856 875 14 7 1 0
12 830 14 7 1 0
760 382 7 9 1 0
3000 951 14 7 1 0
566 414 7 9 1 0
17 375 7 9 1 0
157 1452 9 11 1 0
129 772 14 7 1 0
3323 1649 9 11 1 0
1844 1265 9 11 1 0
2049 671 14 7 1 0
311 564 14 7 1 0
1259 929 14 7 1 0
695 375 7 9 1 0
1080 1969 27 19 1 0
4145 2047 27 19 1 0
720 584 14 7 1 0
247 1316 9 11 1 0
2884 1224 9 11 1 0
4136 1729 9 11 1 0
1838 867 14 7 1 0
2863 1074 14 7 1 0
105 1936 27 19 1 0
1915 884 14 7 1 0
787 1327 9 11 1 0
2279 2391 27 19 1 0
4127 1490 9 11 1 0
4190 1329 9 11 1 0
2100 691 14 7 1 0
3310 1427 9 11 1 0
3044 1060 14 7 1 0
236 441 7 9 1 0
2238 2606 27 19 1 0
3859 1429 9 11 1 0
1223 570 14 7 1 0
2569 862 14 7 1 0
3148 965 14 7 1 0
2972 780 14 7 1 0
851 886 14 7 1 0
1223 482 7 9 1 0
2114 681 14 7 1 0
1764 2819 27 19 1 0
310 490 7 9 1 0
2922 956 14 7 1 0
3594 1098 14 7 1 0
952 1771 18 15 1 0
1239 644 14 7 1 0
3036 1013 14 7 1 0
244 364 7 9 1 0
1384 2100 27 19 1 0
1175 2557 27 19 1 0
386 2813 27 19 1 0
4282 88 7 9 1 0
723 1732 9 11 1 0
1245 525 3 5 1 0
2077 683 14 7 1 0
1893 379 7 9 1 0
4281 1676 9 11 1 0
704 634 14 7 1 0
149 287 7 9 1 0
3651 1180 9 11 1 0
2680 855 14 7 1 0
1227 578 14 7 1 0
3070 948 14 7 1 0
2056 804 14 7 1 0
252 813 14 7 1 0
1313 608 14 7 1 0
1015 579 14 7 1 0
374 2255 27 19 1 0
925 2806 27 19 1 0
723 457 7 9 1 0
1670 1456 9 11 1 0
3361 983 14 7 1 0
2735 800 14 7 1 0
491 1562 9 11 1 0
685 558 14 7 1 0
280 325 7 9 1 0
73 1744 9 11 1 0
177 513 7 9 1 0
1058 2561 27 19 1 0
4173 133 7 9 1 0
3197 1108 14 7 1 0
3269 975 14 7 1 0
3873 2018 27 19 1 0
1223 595 14 7 1 0
693 611 14 7 1 0
1659 628 14 7 1 0
3851 850 14 7 1 0
1940 411 7 9 1 0
2358 1831 27 19 1 0
1322 788 14 7 1 0
4246 1917 27 19 1 0
1419 2186 27 19 1 0
832 458 7 9 1 0
1564 349 7 9 1 0
2664 702 14 7 1 0
2067 2244 27 19 1 0
4282 1721 9 11 1 0
326 912 14 7 1 0
0 1990 27 19 1 0
4014 1302 9 11 1 0
986 430 7 9 1 0
3969 1954 27 19 1 0
971 2684 27 19 1 0
1628 691 14 7 1 0
1269 465 7 9 1 0
3224 1626 9 11 1 0
1282 536 14 7 1 0
3005 1275 9 11 1 0
52 347 7 9 1 0
2008 666 14 7 1 0
414 397 7 9 1 0
1014 1817 27 19 1 0
599 375 7 9 1 0
2238 2144 27 19 1 0
3139 918 14 7 1 0
2053 687 14 7 1 0
2673 921 14 7 1 0
1803 915 14 7 1 0
876 559 14 7 1 0
1985 1290 9 11 1 0
1155 782 14 7 1 0
28 466 7 9 1 0
770 619 14 7 1 0
526 797 14 7 1 0
844 482 7 9 1 0
1234 569 14 7 1 0
814 693 14 7 1 0
858 2705 27 19 1 0
346 621 14 7 1 0
1751 727 14 7 1 0
479 2145 27 19 1 0
229 415 7 9 1 0
217 880 14 7 1 0
3892 1551 9 11 1 0
1127 444 7 9 1 0
3133 1168 9 11 1 0
1641 868 14 7 1 0
553 584 14 7 1 0
906 714 14 7 1 0
514 402 7 9 1 0
1883 2282 27 19 1 0
678 824 14 7 1 0
611 453 7 9 1 0
1221 789 14 7 1 0
2699 962 14 7 1 0
1066 501 7 9 1 0
2009 602 14 7 1 0
545 1050 14 7 1 0
3220 355 7 9 1 0
77 1335 9 11 1 0
3371 1058 14 7 1 0
881 857 14 7 1 0
1330 631 14 7 1 0
399 735 14 7 1 0
1182 425 7 9 1 0
3785 1251 9 11 1 0
1540 407 7 9 1 0
3904 2530 27 19 1 0
1761 716 14 7 1 0
1937 1299 9 11 1 0
1065 1555 9 11 1 0
1715 564 14 7 1 0
2878 1045 14 7 1 0
2591 705 14 7 1 0
282 2489 27 19 1 0
1627 2479 27 19 1 0
2569 1920 27 19 1 0
3670 1063 14 7 1 0
4032 1759 9 11 1 0
305 1099 14 7 1 0
2727 802 14 7 1 0
227 355 7 9 1 0
547 699 14 7 1 0
4027 1785 27 19 1 0
844 1179 9 11 1 0
3787 1335 9 11 1 0
1587 646 14 7 1 0
882 535 14 7 1 0
404 938 14 7 1 0
268 749 14 7 1 0
3447 2782 27 19 1 0
3922 870 14 7 1 0
1869 365 7 9 1 0
1497 1127 9 11 1 0
233 792 14 7 1 0
2737 943 14 7 1 0
1391 2423 27 19 1 0
915 419 7 9 1 0
3630 1280 9 11 1 0
462 302 7 9 1 0
752 1667 9 11 1 0
1053 488 7 9 1 0
282 652 14 7 1 0
3408 1246 9 11 1 0
1259 1780 22 17 1 0
2855 2337 27 19 1 0
3923 2387 27 19 1 0
2703 720 14 7 1 0
4244 2094 27 19 1 0
407 904 14 7 1 0
420 750 14 7 1 0
143 381 7 9 1 0
2511 674 14 7 1 0
1819 1732 9 11 1 0
2035 747 14 7 1 0
2637 1005 14 7 1 0
3763 2025 27 19 1 0
735 571 14 7 1 0
769 489 7 9 1 0
3573 2473 27 19 1 0
4049 1782 18 15 1 0
1874 2207 27 19 1 0
3425 1225 9 11 1 0
1033 1064 14 7 1 0
1933 751 14 7 1 0
1296 286 7 9 1 0
301 385 7 9 1 0
253 651 14 7 1 0
3005 813 14 7 1 0
1012 250 7 9 1 0
302 532 3 5 1 0
1080 1086 14 7 1 0
3646 1280 9 11 1 0
1695 686 14 7 1 0
3093 822 14 7 1 0
1940 857 14 7 1 0
1877 741 14 7 1 0
297 835 14 7 1 0
320 713 14 7 1 0
2106 1468 9 11 1 0
744 812 14 7 1 0
3866 1271 9 11 1 0
3468 1008 14 7 1 0
3134 1153 9 11 1 0
934 831 14 7 1 0
208 418 7 9 1 0
789 1479 9 11 1 0
527 1569 9 11 1 0
605 728 14 7 1 0
1200 1824 27 19 1 0
2025 2114 27 19 1 0
585 519 3 5 1 0
766 375 7 9 1 0
921 769 14 7 1 0
2475 2361 27 19 1 0
99 1748 9 11 1 0
4139 1752 9 11 1 0
65 841 14 7 1 0
2069 1446 9 11 1 0
411 716 14 7 1 0
444 1646 9 11 1 0
3192 2588 27 19 1 0
2961 785 14 7 1 0
1447 561 14 7 1 0
2048 2300 27 19 1 0
2091 2475 27 19 1 0
3631 1429 9 11 1 0
461 747 14 7 1 0
491 470 7 9 1 0
3197 1129 9 11 1 0
618 2538 27 19 1 0
1951 742 14 7 1 0
1534 655 14 7 1 0
3616 1075 14 7 1 0
378 454 7 9 1 0
1105 1783 22 17 1 0
2549 2530 27 19 1 0
31 1035 14 7 1 0
1292 513 7 9 1 0
3633 2140 27 19 1 0
3016 826 14 7 1 0
605 562 14 7 1 0
2487 2526 27 19 1 0
3953 1369 9 11 1 0
309 1485 9 11 1 0
2364 2315 27 19 1 0
850 994 14 7 1 0
1342 2622 27 19 1 0
940 456 7 9 1 0
1414 138 7 9 1 0
513 559 14 7 1 0
640 1215 9 11 1 0
1288 736 14 7 1 0
480 621 14 7 1 0
74 441 7 9 1 0
241 820 14 7 1 0
2063 652 14 7 1 0
1447 755 14 7 1 0
299 320 7 9 1 0
1494 826 14 7 1 0
1407 476 7 9 1 0
628 1674 9 11 1 0
1270 600 14 7 1 0
798 866 14 7 1 0
424 1048 14 7 1 0
859 507 7 9 1 0
1343 530 3 5 1 0
489 457 7 9 1 0
991 2184 27 19 1 0
3462 2243 27 19 1 0
650 458 7 9 1 0
3510 1339 9 11 1 0
2793 942 14 7 1 0
197 251 7 9 1 0
1359 552 14 7 1 0
2234 2252 27 19 1 0
301 296 7 9 1 0
68 699 14 7 1 0
1077 635 14 7 1 0
3940 1328 9 11 1 0
803 519 3 5 1 0
2726 821 14 7 1 0
3658 1433 9 11 1 0
1757 665 14 7 1 0
47 863 14 7 1 0
1481 2311 27 19 1 0
296 410 7 9 1 0
601 508 7 9 1 0
747 1984 27 19 1 0
1246 797 14 7 1 0
3530 1243 9 11 1 0
3137 2032 27 19 1 0
3554 1317 9 11 1 0
49 609 14 7 1 0
784 595 14 7 1 0
1320 562 14 7 1 0
368 722 14 7 1 0
3226 1065 14 7 1 0
153 406 7 9 1 0
4048 1366 9 11 1 0
3764 1480 9 11 1 0
1270 509 7 9 1 0
339 1638 9 11 1 0
3252 1169 9 11 1 0
3634 1024 14 7 1 0
693 439 7 9 1 0
1692 881 14 7 1 0
599 517 3 5 1 0
1990 634 14 7 1 0
1298 291 7 9 1 0
1830 2052 27 19 1 0
2148 1767 22 17 1 0
907 430 7 9 1 0
1709 1142 9 11 1 0
2027 2781 27 19 1 0
3278 2631 27 19 1 0
3768 2333 27 19 1 0
3822 1493 9 11 1 0
384 562 14 7 1 0
1645 750 14 7 1 0
1264 749 14 7 1 0
775 668 14 7 1 0
2010 625 14 7 1 0
2681 769 14 7 1 0
274 635 14 7 1 0
1753 1180 9 11 1 0
1391 822 14 7 1 0
883 973 14 7 1 0
1167 503 7 9 1 0
3462 1189 9 11 1 0
3008 923 14 7 1 0
35 543 14 7 1 0
135 780 14 7 1 0
3604 2835 27 19 1 0
1585 2429 27 19 1 0
150 366 7 9 1 0
761 1044 14 7 1 0
638 512 7 9 1 0
927 904 14 7 1 0
1317 543 14 7 1 0
774 640 14 7 1 0
68 756 14 7 1 0
993 1012 14 7 1 0
1023 978 14 7 1 0
1495 569 14 7 1 0
1445 2109 27 19 1 0
1991 1381 9 11 1 0
1564 598 14 7 1 0
1217 1107 14 7 1 0
3821 2389 27 19 1 0
1455 438 7 9 1 0
577 1102 14 7 1 0
554 403 7 9 1 0
3087 836 14 7 1 0
599 2235 27 19 1 0
1849 644 14 7 1 0
3321 2482 27 19 1 0
1860 632 14 7 1 0
126 422 7 9 1 0
398 634 14 7 1 0
1848 2074 27 19 1 0
1395 599 14 7 1 0
3948 1958 27 19 1 0
3321 2363 27 19 1 0
3452 1946 27 19 1 0
1553 574 14 7 1 0
1277 502 7 9 1 0
2673 1013 14 7 1 0
1532 2202 27 19 1 0
1827 1121 9 11 1 0
1178 926 14 7 1 0
246 879 14 7 1 0
370 525 3 5 1 0
2792 901 14 7 1 0
1072 501 7 9 1 0
1269 487 7 9 1 0
986 958 14 7 1 0
1761 601 14 7 1 0
2744 1014 14 7 1 0
4146 1368 9 11 1 0
2837 1741 9 11 1 0
3068 1115 6 10 1 0
405 808 14 7 1 0
1412 606 14 7 1 0
3191 1173 9 11 1 0
1690 2745 27 19 1 0
2379 2455 27 19 1 0
4153 2646 27 19 1 0
2811 1021 14 7 1 0
2570 2084 27 19 1 0
102 303 7 9 1 0
2 839 14 7 1 0
3005 835 14 7 1 0
903 2281 27 19 1 0
388 1733 9 11 1 0
4194 344 7 9 1 0
315 446 7 9 1 0
260 544 14 7 1 0
2292 2375 27 19 1 0
970 889 14 7 1 0
1055 567 14 7 1 0
811 2059 27 19 1 0
920 2732 27 19 1 0
529 34 7 9 1 0
132 253 7 9 1 0
566 606 14 7 1 0
1055 252 7 9 1 0
1500 1770 22 17 1 0
1999 2229 27 19 1 0
526 773 14 7 1 0
2632 794 14 7 1 0
443 1399 9 11 1 0
620 1559 9 11 1 0
1885 1322 9 11 1 0
2592 1443 9 11 1 0
53 469 7 9 1 0
3859 1450 9 11 1 0
1797 627 14 7 1 0
1858 1266 9 11 1 0
1802 1750 9 11 1 0
1245 911 14 7 1 0
889 493 7 9 1 0
936 491 7 9 1 0
2861 779 14 7 1 0
806 814 14 7 1 0
3119 982 14 7 1 0
3196 1194 9 11 1 0
3708 1341 9 11 1 0
2851 1030 14 7 1 0
469 530 3 5 1 0
2627 1401 9 11 1 0
363 448 7 9 1 0
2622 971 14 7 1 0
985 1123 11 9 1 0
4055 1133 9 11 1 0
1981 684 14 7 1 0
3668 1255 9 11 1 0
1357 1774 18 15 1 0
858 641 14 7 1 0
2577 722 14 7 1 0
4281 1619 9 11 1 0
736 471 7 9 1 0
170 501 7 9 1 0
2042 1430 9 11 1 0
752 600 14 7 1 0
1491 548 14 7 1 0
3549 2422 27 19 1 0
718 490 7 9 1 0
768 2569 27 19 1 0
2098 2142 27 19 1 0
221 810 14 7 1 0
2695 800 14 7 1 0
3354 1117 6 10 1 0
683 1854 27 19 1 0
2630 1031 14 7 1 0
801 2031 27 19 1 0
3142 950 14 7 1 0
999 454 7 9 1 0
930 432 7 9 1 0
1753 2076 27 19 1 0
1086 1171 9 11 1 0
2640 701 14 7 1 0
1042 2206 27 19 1 0
1074 774 14 7 1 0
3136 1055 14 7 1 0
850 1834 27 19 1 0
970 434 7 9 1 0
875 1435 9 11 1 0
524 2226 27 19 1 0
3782 821 14 7 1 0
2051 738 14 7 1 0
3904 2720 27 19 1 0
1503 1971 27 19 1 0
297 1250 9 11 1 0
15 466 7 9 1 0
934 2064 27 19 1 0
1230 1910 27 19 1 0
3391 1258 9 11 1 0
3009 799 14 7 1 0
708 455 7 9 1 0
1123 535 14 7 1 0
3246 2336 27 19 1 0
1381 716 14 7 1 0
1941 891 14 7 1 0
1036 517 3 5 1 0
1322 684 14 7 1 0
278 298 7 9 1 0
3534 1427 9 11 1 0
3209 1187 9 11 1 0
3978 1651 9 11 1 0
1951 683 14 7 1 0
190 475 7 9 1 0
378 2577 27 19 1 0
1894 912 14 7 1 0
1909 2540 27 19 1 0
2740 1428 9 11 1 0
93 951 14 7 1 0
1582 358 7 9 1 0
3810 1396 9 11 1 0
105 459 7 9 1 0
305 813 14 7 1 0
1800 2422 27 19 1 0
2587 767 14 7 1 0
1523 622 14 7 1 0
119 1002 14 7 1 0
113 946 14 7 1 0
2543 792 14 7 1 0
2550 754 14 7 1 0
687 459 7 9 1 0
3028 927 14 7 1 0
1524 642 14 7 1 0
28 1904 27 19 1 0
555 2684 27 19 1 0
402 490 7 9 1 0
2693 746 14 7 1 0
1030 1884 27 19 1 0
894 98 7 9 1 0
103 360 7 9 1 0
2015 641 14 7 1 0
222 655 14 7 1 0
1692 701 14 7 1 0
335 297 7 9 1 0
302 608 14 7 1 0
1546 622 14 7 1 0
738 1202 9 11 1 0
705 434 7 9 1 0
3478 1152 9 11 1 0
622 589 14 7 1 0
992 662 14 7 1 0
2018 810 14 7 1 0
3077 959 14 7 1 0
1496 109 7 9 1 0
1555 658 14 7 1 0
3824 852 14 7 1 0
997 1146 9 11 1 0
990 534 3 5 1 0
3023 816 14 7 1 0
1362 588 14 7 1 0
1513 592 14 7 1 0
1275 799 14 7 1 0
3209 1129 9 11 1 0
819 2033 27 19 1 0
2679 786 14 7 1 0
330 2339 27 19 1 0
311 517 3 5 1 0
176 904 14 7 1 0
284 513 7 9 1 0
1847 1348 9 11 1 0
80 1584 9 11 1 0
775 207 7 9 1 0
738 418 7 9 1 0
208 284 7 9 1 0
793 1928 27 19 1 0
2651 956 14 7 1 0
76 240 7 9 1 0
3578 1135 9 11 1 0
150 541 14 7 1 0
508 417 7 9 1 0
948 1273 9 11 1 0
2729 721 14 7 1 0
1858 1143 9 11 1 0
4082 903 14 7 1 0
78 262 7 9 1 0
752 2774 27 19 1 0
179 298 7 9 1 0
3045 992 14 7 1 0
3343 1703 9 11 1 0
3883 1309 9 11 1 0
3917 1358 9 11 1 0
4200 1989 27 19 1 0
645 584 14 7 1 0
485 422 7 9 1 0
2908 1001 14 7 1 0
1542 735 14 7 1 0
340 593 14 7 1 0
488 437 7 9 1 0
2844 984 14 7 1 0
3183 1802 27 19 1 0
1919 599 14 7 1 0
4254 1194 9 11 1 0
2816 930 14 7 1 0
1780 633 14 7 1 0
1347 522 3 5 1 0
1702 745 14 7 1 0
1329 1668 9 11 1 0
282 531 3 5 1 0
1334 139 7 9 1 0
67 570 14 7 1 0
2639 1378 9 11 1 0
843 383 7 9 1 0
624 602 14 7 1 0
3582 1328 9 11 1 0
1587 595 14 7 1 0
777 419 7 9 1 0
1137 581 14 7 1 0
2705 1387 9 11 1 0
153 317 7 9 1 0
2479 2622 27 19 1 0
1026 252 7 9 1 0
563 592 14 7 1 0
3455 1175 9 11 1 0
3243 960 14 7 1 0
1469 1595 9 11 1 0
897 217 7 9 1 0
3378 1480 9 11 1 0
745 872 14 7 1 0
1310 1888 27 19 1 0
2640 2301 27 19 1 0
984 1217 9 11 1 0
1375 1108 14 7 1 0
1574 614 14 7 1 0
1995 600 14 7 1 0
393 673 14 7 1 0
26 609 14 7 1 0
358 376 7 9 1 0
1429 613 14 7 1 0
1673 837 14 7 1 0
1559 715 14 7 1 0
1455 849 14 7 1 0
4161 1724 9 11 1 0
1954 2734 27 19 1 0
497 1797 27 19 1 0
1882 2022 27 19 1 0
1050 2342 27 19 1 0
1445 136 7 9 1 0
383 1077 14 7 1 0
960 381 7 9 1 0
340 316 7 9 1 0
2110 1341 9 11 1 0
2864 1765 18 15 1 0
4278 1541 9 11 1 0
604 423 7 9 1 0
2534 1940 27 19 1 0
1819 1084 14 7 1 0
735 2357 27 19 1 0
281 549 14 7 1 0
2986 916 14 7 1 0
1002 556 14 7 1 0
1034 642 14 7 1 0
829 1378 9 11 1 0
3731 1430 9 11 1 0
3852 2556 27 19 1 0
957 464 7 9 1 0
394 511 7 9 1 0
56 232 7 9 1 0
305 421 7 9 1 0
558 1221 9 11 1 0
1331 594 14 7 1 0
3765 1927 27 19 1 0
1889 1293 9 11 1 0
155 903 14 7 1 0
3537 2181 27 19 1 0
1304 132 7 9 1 0
3315 1187 9 11 1 0
1463 562 14 7 1 0
1483 106 7 9 1 0
934 237 7 9 1 0
1977 2118 27 19 1 0
635 1142 9 11 1 0
1981 894 14 7 1 0
1142 272 7 9 1 0
2750 1111 6 10 1 0
2723 761 14 7 1 0
584 820 14 7 1 0
2672 1261 9 11 1 0
499 307 7 9 1 0
1056 600 14 7 1 0
215 514 7 9 1 0
682 625 14 7 1 0
3597 1070 14 7 1 0
1710 686 14 7 1 0
508 2649 27 19 1 0
1963 2083 27 19 1 0
1295 2097 27 19 1 0
1405 816 14 7 1 0
66 393 7 9 1 0
579 380 7 9 1 0
1358 813 14 7 1 0
1339 2102 27 19 1 0
525 855 14 7 1 0
305 707 14 7 1 0
2168 1391 9 11 1 0
2745 812 14 7 1 0
377 280 7 9 1 0
643 796 14 7 1 0
1888 635 14 7 1 0
386 361 7 9 1 0
375 2750 27 19 1 0
1527 1071 14 7 1 0
1087 525 3 5 1 0
2896 995 14 7 1 0
2632 822 14 7 1 0
1944 2385 27 19 1 0
3674 1315 9 11 1 0
3545 1289 9 11 1 0
1290 409 7 9 1 0
768 2029 27 19 1 0
1576 847 14 7 1 0
2626 1000 14 7 1 0
386 2303 27 19 1 0
2016 2499 27 19 1 0
163 799 14 7 1 0
264 1122 12 8 1 0
4241 1765 13 13 1 0
1340 495 7 9 1 0
1137 1274 9 11 1 0
1328 140 7 9 1 0
936 584 14 7 1 0
3317 1366 9 11 1 0
1651 1091 14 7 1 0
864 1969 27 19 1 0
2513 701 14 7 1 0
1825 894 14 7 1 0
822 535 14 7 1 0
1580 2262 27 19 1 0
1062 794 14 7 1 0
1918 716 14 7 1 0
655 788 14 7 1 0
706 532 3 5 1 0
1037 476 7 9 1 0
2566 792 14 7 1 0
86 733 14 7 1 0
2799 835 14 7 1 0
1338 799 14 7 1 0
2674 832 14 7 1 0
2695 1048 14 7 1 0
2157 2148 27 19 1 0
1718 582 14 7 1 0
4085 1247 9 11 1 0
1658 1153 9 11 1 0
3867 1382 9 11 1 0
565 647 14 7 1 0
929 447 7 9 1 0
202 764 14 7 1 0
3603 2547 27 19 1 0
1638 632 14 7 1 0
367 861 14 7 1 0
4267 1911 27 19 1 0
3205 1216 9 11 1 0
1154 472 7 9 1 0
1891 551 14 7 1 0
2003 2375 27 19 1 0
532 716 14 7 1 0
2608 2566 27 19 1 0
1803 715 14 7 1 0
96 588 14 7 1 0
1940 703 14 7 1 0
390 1038 14 7 1 0
740 373 7 9 1 0
2948 781 14 7 1 0
1880 618 14 7 1 0
2900 1295 9 11 1 0
1258 831 14 7 1 0
3624 1251 9 11 1 0
681 732 14 7 1 0
3040 1035 14 7 1 0
3941 1505 9 11 1 0
335 851 14 7 1 0
3241 1279 9 11 1 0
1045 521 3 5 1 0
747 1870 27 19 1 0
2965 1009 14 7 1 0
2646 861 14 7 1 0
149 937 14 7 1 0
3368 1972 27 19 1 0
3779 1475 9 11 1 0
1106 562 14 7 1 0
2720 1133 9 11 1 0
1979 1237 9 11 1 0
2031 685 14 7 1 0
3116 1425 9 11 1 0
34 700 14 7 1 0
2086 2103 27 19 1 0
794 412 7 9 1 0
1882 325 7 9 1 0
3094 921 14 7 1 0
1110 441 7 9 1 0
1382 1368 9 11 1 0
869 1757 9 11 1 0
1063 551 14 7 1 0
3317 1221 9 11 1 0
1271 1897 27 19 1 0
1909 2118 27 19 1 0
3180 806 14 7 1 0
252 775 14 7 1 0
1055 639 14 7 1 0
769 439 7 9 1 0
1344 1233 9 11 1 0
1075 567 14 7 1 0
1183 1083 14 7 1 0
1948 768 14 7 1 0
1533 844 14 7 1 0
1311 924 14 7 1 0
1390 489 7 9 1 0
2818 1881 27 19 1 0
1669 693 14 7 1 0
3501 1285 9 11 1 0
3687 1431 9 11 1 0
562 737 14 7 1 0
639 401 7 9 1 0
2902 942 14 7 1 0
228 477 7 9 1 0
1067 449 7 9 1 0
1232 284 7 9 1 0
2922 1065 14 7 1 0
2015 1373 9 11 1 0
1046 533 3 5 1 0
1910 1089 14 7 1 0
1247 545 14 7 1 0
3194 2503 27 19 1 0
1290 2693 27 19 1 0
832 640 14 7 1 0
812 1560 9 11 1 0
715 1095 14 7 1 0
424 2268 27 19 1 0
3998 2656 27 19 1 0
658 638 14 7 1 0
1605 1068 14 7 1 0
4276 1235 9 11 1 0
904 1745 9 11 1 0
1576 638 14 7 1 0
4035 1735 9 11 1 0
2099 2122 27 19 1 0
32 624 14 7 1 0
1292 610 14 7 1 0
453 1198 9 11 1 0
1653 1067 14 7 1 0
398 595 14 7 1 0
1165 439 7 9 1 0
1868 674 14 7 1 0
943 2561 27 19 1 0
1085 445 7 9 1 0
4027 1567 9 11 1 0
2629 697 14 7 1 0
2833 813 14 7 1 0
357 1660 9 11 1 0
1434 1939 27 19 1 0
1328 582 14 7 1 0
244 704 14 7 1 0
3278 2338 27 19 1 0
3989 1686 9 11 1 0
330 677 14 7 1 0
2710 959 14 7 1 0
622 564 14 7 1 0
145 340 7 9 1 0
615 608 14 7 1 0
3500 1245 9 11 1 0
4205 1197 9 11 1 0
3982 2606 27 19 1 0
3927 326 7 9 1 0
1985 869 14 7 1 0
1672 745 14 7 1 0
792 1152 9 11 1 0
1133 512 7 9 1 0
510 510 7 9 1 0
2933 868 14 7 1 0
585 561 14 7 1 0
2876 1322 9 11 1 0
530 530 3 5 1 0
1987 746 14 7 1 0
623 818 14 7 1 0
2847 853 14 7 1 0
2025 658 14 7 1 0
737 365 7 9 1 0
1848 905 14 7 1 0
190 701 14 7 1 0
3312 1134 9 11 1 0
317 659 14 7 1 0
3990 336 7 9 1 0
2129 628 14 7 1 0
1976 840 14 7 1 0
3121 828 14 7 1 0
3723 1943 27 19 1 0
69 513 7 9 1 0
3147 1114 6 10 1 0
1169 631 14 7 1 0
361 1522 9 11 1 0
496 1549 9 11 1 0
900 2094 27 19 1 0
4103 1460 9 11 1 0
3985 1304 9 11 1 0
187 631 14 7 1 0
3007 963 14 7 1 0
68 866 14 7 1 0
1314 582 14 7 1 0
684 2465 27 19 1 0
1111 742 14 7 1 0
2121 1409 9 11 1 0
346 683 14 7 1 0
127 2361 27 19 1 0
278 617 14 7 1 0
2935 1834 27 19 1 0
2358 1914 27 19 1 0
2711 795 14 7 1 0
223 766 14 7 1 0
1506 610 14 7 1 0
1940 2682 27 19 1 0
279 707 14 7 1 0
3802 1455 9 11 1 0
564 632 14 7 1 0
4280 2599 27 19 1 0
240 310 7 9 1 0
996 423 7 9 1 0
1701 799 14 7 1 0
2885 748 14 7 1 0
3870 886 14 7 1 0
3953 329 7 9 1 0
225 684 14 7 1 0
3707 1303 9 11 1 0
3661 2102 27 19 1 0
2616 1923 27 19 1 0
994 928 14 7 1 0
269 2591 27 19 1 0
285 923 14 7 1 0
2617 1423 9 11 1 0
174 678 14 7 1 0
1661 1132 9 11 1 0
3328 977 14 7 1 0
121 439 7 9 1 0
194 468 7 9 1 0
3667 1386 9 11 1 0
1537 1414 9 11 1 0
1527 397 7 9 1 0
2565 853 14 7 1 0
3605 1302 9 11 1 0
3509 1320 9 11 1 0
1254 469 7 9 1 0
532 549 14 7 1 0
4152 1498 9 11 1 0
1342 706 14 7 1 0
3863 1178 9 11 1 0
794 503 7 9 1 0
570 473 7 9 1 0
426 474 7 9 1 0
557 500 7 9 1 0
923 1858 27 19 1 0
2553 883 14 7 1 0
2600 995 14 7 1 0
3300 1066 14 7 1 0
900 497 7 9 1 0
2986 1436 9 11 1 0
60 328 7 9 1 0
1961 918 14 7 1 0
1779 1139 9 11 1 0
79 850 14 7 1 0
720 500 7 9 1 0
453 370 7 9 1 0
580 2220 27 19 1 0
743 606 14 7 1 0
1932 1414 9 11 1 0
796 559 14 7 1 0
1195 618 14 7 1 0
1360 489 7 9 1 0
1672 1958 27 19 1 0
311 725 14 7 1 0
3474 2287 27 19 1 0
1089 571 14 7 1 0
1190 271 7 9 1 0
3202 994 14 7 1 0
1365 452 7 9 1 0
1320 295 7 9 1 0
2888 874 14 7 1 0
145 464 7 9 1 0
2655 694 14 7 1 0
1964 650 14 7 1 0
305 638 14 7 1 0
1203 719 14 7 1 0
2118 2683 27 19 1 0
2304 2254 27 19 1 0
3262 1184 9 11 1 0
1951 1263 9 11 1 0
55 250 7 9 1 0
951 2033 27 19 1 0
66 984 14 7 1 0
822 2190 27 19 1 0
3450 1005 14 7 1 0
3689 1393 9 11 1 0
780 1825 27 19 1 0
3199 2694 27 19 1 0
1019 2302 27 19 1 0
1052 450 7 9 1 0
2758 974 14 7 1 0
3401 1471 9 11 1 0
775 391 7 9 1 0
675 384 7 9 1 0
2632 972 14 7 1 0
2223 2428 27 19 1 0
1558 632 14 7 1 0
1734 1657 9 11 1 0
2738 965 14 7 1 0
3597 2791 27 19 1 0
3680 1098 14 7 1 0
3720 2048 27 19 1 0
3482 1007 14 7 1 0
853 847 14 7 1 0
1075 1566 9 11 1 0
1692 383 7 9 1 0
3060 1019 14 7 1 0
755 551 14 7 1 0
387 527 3 5 1 0
3398 1101 14 7 1 0
562 1144 9 11 1 0
3495 2401 27 19 1 0
1132 446 7 9 1 0
1743 615 14 7 1 0
675 366 7 9 1 0
1393 577 14 7 1 0
957 650 14 7 1 0
189 309 7 9 1 0
332 1522 9 11 1 0
3751 1431 9 11 1 0
2564 922 14 7 1 0
876 387 7 9 1 0
1951 1320 9 11 1 0
3111 1420 9 11 1 0
1648 2353 27 19 1 0
1908 829 14 7 1 0
499 512 7 9 1 0
215 905 14 7 1 0
4112 1432 9 11 1 0
1025 480 7 9 1 0
584 2549 27 19 1 0
4265 376 7 9 1 0
3491 1620 9 11 1 0
572 2580 27 19 1 0
497 774 14 7 1 0
4280 2199 27 19 1 0
215 408 7 9 1 0
961 507 7 9 1 0
4148 1472 9 11 1 0
2883 916 14 7 1 0
4122 1305 9 11 1 0
4016 2511 27 19 1 0
75 739 14 7 1 0
1630 645 14 7 1 0
2021 688 14 7 1 0
2998 1290 9 11 1 0
3104 938 14 7 1 0
3565 1594 9 11 1 0
1980 614 14 7 1 0
1196 638 14 7 1 0
1041 778 14 7 1 0
2922 2607 27 19 1 0
1375 579 14 7 1 0
3327 2084 27 19 1 0
246 592 14 7 1 0
3250 368 7 9 1 0
706 901 14 7 1 0
2934 939 14 7 1 0
2058 609 14 7 1 0
2547 726 14 7 1 0
1203 425 7 9 1 0
1898 2179 27 19 1 0
604 2506 27 19 1 0
671 405 7 9 1 0
1758 2719 27 19 1 0
1826 756 14 7 1 0
4220 1187 9 11 1 0
3868 1996 27 19 1 0
2710 1023 14 7 1 0
313 862 14 7 1 0
2204 2147 27 19 1 0
2479 2314 27 19 1 0
192 584 14 7 1 0
796 1752 9 11 1 0
768 506 7 9 1 0
1689 637 14 7 1 0
761 462 7 9 1 0
992 611 14 7 1 0
448 857 14 7 1 0
441 1580 9 11 1 0
191 435 7 9 1 0
639 712 14 7 1 0
1389 566 14 7 1 0
554 548 14 7 1 0
3527 1268 9 11 1 0
2696 1279 9 11 1 0
371 391 7 9 1 0
3042 949 14 7 1 0
2070 808 14 7 1 0
1837 372 7 9 1 0
3618 1241 9 11 1 0
365 1987 27 19 1 0
900 671 14 7 1 0
2086 747 14 7 1 0
90 881 14 7 1 0
1161 641 14 7 1 0
1984 2814 27 19 1 0
1908 726 14 7 1 0
4158 2542 27 19 1 0
3715 1428 9 11 1 0
1085 456 7 9 1 0
68 319 7 9 1 0
1720 1292 9 11 1 0
1369 799 14 7 1 0
2787 747 14 7 1 0
1344 2216 27 19 1 0
1962 886 14 7 1 0
2399 2130 27 19 1 0
3776 321 7 9 1 0
3111 885 14 7 1 0
332 17 7 9 1 0
427 376 7 9 1 0
886 1125 9 11 1 0
3200 951 14 7 1 0
1428 570 14 7 1 0
101 333 7 9 1 0
475 296 7 9 1 0
2646 937 14 7 1 0
1541 2522 27 19 1 0
937 466 7 9 1 0
1777 714 14 7 1 0
3803 1428 9 11 1 0
3099 1115 6 10 1 0
1062 459 7 9 1 0
3285 1176 9 11 1 0
1206 1009 14 7 1 0
3869 2331 27 19 1 0
809 367 7 9 1 0
1726 2151 27 19 1 0
2078 697 14 7 1 0
152 613 14 7 1 0
302 1747 9 11 1 0
200 1474 9 11 1 0
1126 728 14 7 1 0
1654 699 14 7 1 0
1035 573 14 7 1 0
1218 1785 27 19 1 0
1288 563 14 7 1 0
404 336 7 9 1 0
3273 1052 14 7 1 0
1671 2091 27 19 1 0
842 680 14 7 1 0
1236 2651 27 19 1 0
3852 1413 9 11 1 0
3970 1671 9 11 1 0
2697 1751 9 11 1 0
4169 1291 9 11 1 0
2438 2275 27 19 1 0
517 1879 27 19 1 0
2610 717 14 7 1 0
615 370 7 9 1 0
1396 1997 27 19 1 0
901 1609 9 11 1 0
3666 1428 9 11 1 0
2245 1894 27 19 1 0
190 728 14 7 1 0
1437 2326 27 19 1 0
789 2109 27 19 1 0
1236 776 14 7 1 0
3521 1013 14 7 1 0
2149 2289 27 19 1 0
119 746 14 7 1 0
2708 1030 14 7 1 0
637 1314 9 11 1 0
571 429 7 9 1 0
180 2028 27 19 1 0
1246 2164 27 19 1 0
633 391 7 9 1 0
1936 376 7 9 1 0
1792 360 7 9 1 0
2704 2436 27 19 1 0
2845 910 14 7 1 0
586 1592 9 11 1 0
515 767 14 7 1 0
4197 2406 27 19 1 0
1866 719 14 7 1 0
1966 773 14 7 1 0
3530 2276 27 19 1 0
2588 938 14 7 1 0
40 985 14 7 1 0
430 670 14 7 1 0
429 457 7 9 1 0
3872 848 14 7 1 0
2876 792 14 7 1 0
662 1083 14 7 1 0
3120 846 14 7 1 0
1148 864 14 7 1 0
2950 2341 27 19 1 0
166 891 14 7 1 0
160 528 3 5 1 0
1871 380 7 9 1 0
740 688 14 7 1 0
645 427 7 9 1 0
1601 1248 9 11 1 0
4034 344 7 9 1 0
1224 519 3 5 1 0
402 707 14 7 1 0
932 561 14 7 1 0
1210 735 14 7 1 0
1483 368 7 9 1 0
2104 622 14 7 1 0
1504 655 14 7 1 0
884 895 14 7 1 0
1774 889 14 7 1 0
2047 1413 9 11 1 0
407 292 7 9 1 0
1846 374 7 9 1 0
920 1155 9 11 1 0
1430 827 14 7 1 0
3259 363 7 9 1 0
324 832 14 7 1 0
1688 562 14 7 1 0
3842 1483 9 11 1 0
2000 364 7 9 1 0
1229 669 14 7 1 0
1719 2559 27 19 1 0
1484 568 14 7 1 0
1101 1057 14 7 1 0
504 571 14 7 1 0
890 1194 9 11 1 0
449 362 7 9 1 0
1618 874 14 7 1 0
2632 811 14 7 1 0
3510 1236 9 11 1 0
665 530 3 5 1 0
24 765 14 7 1 0
1496 2803 27 19 1 0
1947 629 14 7 1 0
666 457 7 9 1 0
1274 438 7 9 1 0
1138 462 7 9 1 0
3924 2036 27 19 1 0
594 474 7 9 1 0
2809 1080 14 7 1 0
1196 433 7 9 1 0
191 1057 14 7 1 0
2660 753 14 7 1 0
799 714 14 7 1 0
942 435 7 9 1 0
3188 1079 14 7 1 0
1583 573 14 7 1 0
209 666 14 7 1 0
359 1567 9 11 1 0
1931 1241 9 11 1 0
1347 790 14 7 1 0
1004 595 14 7 1 0
548 475 7 9 1 0
2616 741 14 7 1 0
1770 137 7 9 1 0
868 603 14 7 1 0
791 884 14 7 1 0
3736 2034 27 19 1 0
47 963 14 7 1 0
3643 1416 9 11 1 0
