536 220 12 14 1 0
118 257 14 21 1 0
546 291 18 22 1 0
629 196 13 15 1 0
472 244 12 14 1 0
892 260 5 6 1 0
660 233 12 14 2 0
726 250 21 21 1 0
485 251 5 6 1 0
538 229 12 14 1 0
588 306 23 31 1 0
160 266 26 32 1 0
775 244 10 12 1 0
517 299 35 51 1 0
536 195 13 15 1 0
578 261 21 21 1 0
604 232 12 14 1 0
408 230 12 14 1 0
766 288 21 21 1 0
559 236 12 14 1 0
213 245 18 27 1 0
640 257 21 21 1 0
514 227 12 14 2 0
576 225 12 14 2 0
655 238 12 14 2 0
422 295 35 51 1 0
743 195 13 15 1 0
424 224 12 14 2 0
530 225 12 14 1 0
239 216 5 6 1 0
122 226 8 13 1 0
356 272 18 27 1 0
809 278 14 17 1 0
656 197 13 15 1 0
298 241 12 14 1 0
369 230 12 14 1 0
680 269 21 21 1 0
672 239 5 6 1 0
866 269 10 12 1 0
821 273 14 17 1 0
215 273 18 27 1 0
751 240 5 6 1 0
435 221 12 14 1 0
204 231 8 13 1 0
272 438 35 51 1 0
616 233 12 14 1 0
375 407 35 51 1 0
616 290 23 31 1 0
281 273 18 27 1 0
384 239 12 14 1 0
661 254 21 21 1 0
618 246 12 14 1 0
166 231 8 13 1 0
684 208 13 15 1 0
833 250 10 12 2 0
275 227 12 14 1 0
744 295 21 21 1 0
333 257 18 27 1 0
251 318 35 51 1 0
697 292 23 31 1 0
707 248 21 21 1 0
827 250 10 12 2 0
335 229 12 14 2 0
698 241 21 21 1 0
182 253 18 27 1 0
560 224 12 14 1 0
807 255 10 12 1 0
193 279 26 32 1 0
462 261 18 22 1 0
496 229 12 14 1 0
339 241 12 14 1 0
461 221 12 14 1 0
591 247 21 21 1 0
582 237 12 14 1 0
434 249 5 6 1 0
332 222 12 14 2 0
676 254 21 21 1 0
192 231 8 13 1 0
305 230 12 14 1 0
65 229 8 13 1 0
471 229 12 14 1 0
575 231 12 14 2 0
763 256 21 21 1 0
514 218 12 14 1 0
532 242 12 14 1 0
373 220 12 14 1 0
790 258 10 12 1 0
654 306 23 31 1 0
642 230 12 14 1 0
502 361 35 51 1 0
708 206 13 15 1 0
606 256 21 21 1 0
479 221 12 14 1 0
606 196 13 15 1 0
411 261 18 22 1 0
226 232 8 13 1 0
879 262 10 12 1 0
262 231 12 14 1 0
286 235 12 14 1 0
283 252 18 27 1 0
511 246 12 14 1 0
485 229 12 14 1 0
628 277 21 21 1 0
260 245 12 14 1 0
145 232 8 13 1 0
390 250 5 6 1 0
565 196 13 15 1 0
83 236 8 13 1 0
593 227 12 14 1 0
244 252 18 27 1 0
331 312 35 51 1 0
568 247 21 21 1 0
658 273 21 21 1 0
544 264 18 22 1 0
454 241 12 14 1 0
376 234 12 14 1 0
452 231 12 14 1 0
636 242 12 14 1 0
417 244 12 14 1 0
395 230 12 14 1 0
741 246 21 21 1 0
719 237 5 6 1 0
520 224 12 14 2 0
586 193 13 15 1 0
718 266 21 21 1 0
420 228 12 14 2 0
105 244 8 13 1 0
313 229 12 14 1 0
780 260 10 12 1 0
