593 218 19 22 1 0
424 289 18 23 1 0
214 152 20 22 1 0
222 185 20 22 1 0
537 180 20 22 1 0
94 16 18 19 1 0
57 84 18 19 1 0
547 217 18 23 1 0
31 74 18 19 1 0
58 191 20 22 1 0
381 301 18 23 1 0
559 33 18 19 1 0
582 356 18 23 1 0
326 208 18 23 1 0
356 317 18 23 1 0
316 287 18 23 1 0
68 341 18 23 1 0
173 6 18 19 1 0
494 187 20 22 1 0
278 203 18 23 1 0
50 262 18 23 1 0
36 332 18 23 1 0
411 184 20 22 1 0
359 210 18 23 1 0
305 144 20 22 1 0
491 155 20 22 1 0
155 153 20 22 1 0
337 327 18 23 1 0
110 181 20 22 1 0
106 159 20 22 1 0
63 232 18 23 1 0
202 10 18 19 1 0
389 148 20 22 1 0
591 325 18 22 1 0
22 160 20 22 1 0
270 148 20 22 1 0
67 170 20 22 1 0
442 160 20 22 1 0
315 40 18 19 1 0
234 261 18 23 1 0
530 267 18 23 1 0
340 144 20 22 1 0
533 146 20 22 1 0
266 14 18 19 1 0
219 291 18 23 1 0
369 3 18 19 1 0
152 288 18 23 1 0
489 220 18 23 1 0
581 186 20 22 1 0
166 291 18 23 1 0
356 288 18 23 1 0
455 180 20 22 1 0
109 340 18 23 1 0
445 311 18 23 1 0
433 113 20 22 1 0
