785 316 17 22 1 0
661 314 13 15 1 0
880 287 17 22 1 0
319 357 37 40 1 0
894 262 15 18 1 0
804 253 13 15 1 0
855 302 17 22 1 0
514 312 13 15 1 0
348 411 36 50 1 0
829 321 17 22 1 0
379 424 36 50 1 0
762 264 13 15 1 0
692 272 13 15 1 0
696 563 54 70 1 0
422 388 36 50 1 0
864 355 30 37 1 0
621 316 13 15 1 0
758 271 13 15 1 0
831 270 13 15 1 0
595 292 13 15 1 0
206 498 59 64 1 0
433 334 18 20 1 0
621 281 13 15 1 0
166 384 37 40 1 0
396 329 18 20 1 0
35 416 42 46 1 0
708 280 13 15 1 0
668 290 13 15 1 0
212 387 37 40 1 0
289 386 37 40 1 0
805 269 13 15 1 0
704 265 13 15 1 0
627 287 13 15 1 0
798 302 17 22 1 0
651 283 13 15 1 0
589 312 13 15 1 0
607 290 13 15 1 0
542 427 36 50 1 0
808 356 30 37 1 0
681 283 13 15 1 0
555 292 13 15 1 0
52 476 42 46 1 0
198 389 37 40 1 0
682 317 13 15 1 0
286 363 37 40 1 0
769 261 13 15 1 0
571 349 19 27 1 0
702 299 13 15 1 0
553 357 19 27 1 0
671 265 13 15 1 0
755 281 13 15 1 0
738 281 13 15 1 0
117 369 37 40 1 0
800 273 17 22 1 0
766 286 13 15 1 0
749 290 13 15 1 0
642 284 13 15 1 0
571 296 13 15 1 0
752 268 13 15 1 0
483 425 36 50 1 0
801 282 17 22 1 0
657 292 13 15 1 0
767 470 54 70 1 0
441 504 36 50 1 0
715 266 13 15 1 0
747 259 13 15 1 0
613 390 19 27 1 0
835 262 13 15 1 0
884 270 13 15 1 0
820 258 13 15 1 0
871 293 17 22 1 0
739 271 13 15 1 0
485 324 18 20 1 0
568 314 13 15 1 0
263 382 37 40 1 0
691 260 13 15 1 0
613 285 13 15 1 0
161 513 59 64 1 0
783 260 13 15 1 0
438 392 36 50 1 0
169 402 37 40 1 0
671 276 13 15 1 0
635 278 13 15 1 0
475 327 18 20 1 0
633 318 13 15 1 0
721 274 13 15 1 0
705 356 30 37 1 0
856 260 13 15 1 0
599 338 19 27 1 0
794 263 13 15 1 0
449 366 22 27 1 0
380 647 70 93 1 0
517 351 19 27 1 0
876 267 13 15 1 0
776 268 13 15 1 0
502 471 36 50 1 0
697 262 13 15 1 0
819 281 17 22 1 0
661 266 13 15 1 0
780 294 17 22 1 0
534 320 13 15 1 0
496 319 18 20 1 0
