200 197 34 33 1 0
255 195 34 33 1 0
268 338 33 34 1 0
324 4 35 33 1 1
936 53 45 42 1 0
846 225 30 36 1 0
488 344 30 36 1 0
568 630 33 42 1 1
757 40 45 42 1 0
748 321 30 36 1 0
559 372 36 43 1 0
697 362 30 36 1 0
338 109 35 33 1 0
245 116 35 33 2 1
205 623 33 42 1 0
378 435 33 42 1 0
306 143 35 33 1 1
487 556 33 42 1 0
119 591 33 42 1 0
69 518 33 42 1 0
701 314 30 36 1 0
648 235 30 36 1 0
361 505 33 42 1 0
120 155 35 33 1 1
448 544 33 42 1 0
927 394 36 43 1 0
612 372 36 43 1 0
339 328 33 34 1 0
390 233 33 34 1 0
389 173 35 33 1 0
176 39 35 33 1 1
479 309 33 34 1 0
599 289 30 36 1 0
899 18 45 42 1 0
759 264 30 36 1 0
92 435 33 42 2 0
807 422 36 43 1 0
277 584 33 42 1 0
370 90 35 33 1 0
111 101 35 33 1 1
113 6 35 33 1 1
398 530 33 42 1 0
21 623 33 42 1 0
101 174 35 33 1 1
881 499 36 43 1 1
466 293 33 34 1 0
517 612 33 42 1 1
255 245 33 34 1 0
934 199 30 36 1 0
596 503 36 43 1 0
797 637 36 43 1 1
97 493 33 42 1 0
331 514 33 42 1 0
207 552 33 42 1 0
907 236 30 36 1 0
630 392 36 43 1 0
76 131 35 33 1 1
87 634 33 42 1 0
327 542 33 42 1 0
893 635 36 43 1 1
236 10 35 33 1 1
178 192 35 33 1 0
194 459 33 42 1 0
949 223 30 36 1 0
832 492 36 43 1 0
476 17 45 42 2 1
783 512 36 43 1 0
477 374 33 34 1 0
227 485 33 42 1 0
598 133 30 36 1 0
716 593 36 43 1 1
520 384 33 34 1 0
506 316 30 36 1 0
340 409 33 34 1 0
786 244 30 36 1 0
744 103 45 42 2 0
821 390 36 43 1 0
696 438 36 43 1 0
297 445 33 42 1 0
595 348 30 36 1 0
161 639 33 42 1 0
368 10 35 33 1 1
473 179 35 33 1 0
609 12 45 42 2 1
230 225 33 34 1 0
495 598 33 42 1 1
474 140 45 42 1 0
419 138 35 33 1 0
816 321 30 36 1 0
854 52 45 42 1 0
923 270 30 36 1 0
897 275 30 36 1 0
136 440 33 42 1 0
157 606 33 42 1 0
291 526 33 42 1 0
872 326 30 36 1 0
730 213 30 36 1 0
451 129 35 33 1 0
271 101 35 33 1 1
634 517 36 43 1 0
448 475 33 42 1 0
176 107 35 33 1 1
754 369 33 39 1 0
167 510 33 42 1 0
736 292 30 36 1 0
214 456 33 42 1 0
578 452 36 43 1 0
311 192 35 33 1 0
263 141 35 33 1 1
826 284 30 36 1 0
265 370 33 34 1 0
236 53 35 33 1 1
627 68 45 42 1 0
405 106 35 33 1 0
456 16 45 42 2 1
948 309 30 36 1 0
958 362 33 39 2 0
386 116 35 33 1 0
231 120 35 33 2 1
425 476 33 42 1 0
626 27 45 42 2 0
543 17 45 42 1 1
778 205 30 36 1 0
376 523 33 42 1 0
245 537 33 42 1 0
446 633 33 42 1 1
417 355 33 34 1 0
124 77 35 33 2 1
709 474 36 43 1 0
815 607 36 43 1 1
440 111 35 33 1 0
646 350 30 36 1 0
480 101 45 42 2 0
937 568 36 43 1 1
301 39 35 33 1 1
188 374 33 34 1 0
711 31 45 42 1 0
359 156 35 33 1 0
769 620 36 43 1 1
287 408 33 34 1 0
103 570 33 42 1 0
347 26 35 33 1 1
652 627 36 43 1 1
48 434 33 42 2 0
388 392 33 34 1 0
662 342 30 36 1 0
592 411 36 43 1 0
800 472 36 43 1 0
82 427 33 34 2 0
831 68 45 42 1 0
787 295 30 36 1 0
277 185 35 33 1 0
147 250 33 34 1 0
66 48 35 33 1 1
497 106 45 42 2 0
616 237 30 36 1 0
388 45 35 33 1 1
261 49 35 33 1 1
113 510 33 42 1 0
690 200 30 36 1 0
531 426 36 43 1 0
751 458 36 43 1 0
61 208 33 34 1 1
61 580 33 42 1 0
516 159 30 36 1 0
88 78 35 33 1 1
509 30 45 42 1 1
109 193 35 33 1 1
601 640 34 42 1 1
641 43 45 42 2 0
305 93 35 33 1 1
201 158 35 33 1 0
291 14 35 33 1 1
307 571 33 42 1 0
552 109 45 42 1 0
9 77 35 33 1 1
167 168 35 33 1 0
665 552 36 43 1 0
368 354 33 34 1 0
336 137 35 33 1 0
509 438 33 42 1 0
916 364 31 37 1 0
656 16 45 42 1 0
161 388 33 34 1 0
578 244 30 36 1 0
216 589 33 42 1 0
55 416 33 34 2 0
20 412 33 38 1 0
556 579 36 43 1 1
100 411 33 34 2 0
864 247 30 36 1 0
409 58 35 33 1 1
65 280 33 34 1 0
66 169 35 33 1 1
902 412 36 43 1 0
197 505 33 42 1 0
117 413 33 34 2 0
229 398 33 34 1 0
763 553 36 43 1 0
840 520 36 43 1 0
633 552 36 43 1 0
824 575 36 43 1 1
33 264 33 34 1 0
510 513 33 42 1 0
267 637 33 42 1 0
163 4 35 33 1 1
435 319 33 34 1 0
557 435 36 43 1 0
667 466 36 43 1 0
682 76 45 42 1 0
75 541 33 42 1 0
958 342 30 36 2 0
176 284 33 34 1 0
104 230 33 34 2 0
122 128 35 33 1 1
14 545 33 42 1 0
153 65 35 33 1 1
530 343 30 36 1 0
924 511 36 43 1 1
588 67 45 42 1 0
725 386 36 43 1 0
448 81 35 33 1 0
650 273 30 36 1 0
89 522 33 42 1 0
310 339 33 34 1 0
205 365 33 34 1 0
114 69 35 33 2 1
798 48 45 42 1 0
725 96 45 42 2 0
225 183 35 33 1 0
86 234 33 34 2 0
380 611 33 42 1 0
353 478 33 42 1 0
