9 241 15 19 1 0
524 179 8 10 1 0
511 229 15 19 1 0
410 170 8 10 1 0
119 183 10 11 1 0
622 223 15 19 1 0
216 244 19 24 1 0
131 230 19 24 1 0
589 179 8 10 1 0
453 175 8 10 1 0
268 148 6 8 1 0
334 161 6 8 1 0
426 171 8 10 1 0
289 149 6 8 1 0
92 179 10 11 1 0
162 204 14 15 1 0
156 191 10 11 1 0
262 154 6 8 1 0
369 183 12 13 1 0
255 214 14 15 1 0
276 149 6 8 1 0
168 256 19 24 1 0
291 203 10 11 1 0
206 178 10 11 1 0
412 229 15 19 1 0
460 231 15 19 1 0
200 225 19 24 1 0
338 204 22 23 1 0
571 168 8 10 1 0
438 170 8 10 1 0
103 206 14 15 1 0
578 185 8 10 1 0
186 173 10 11 1 0
130 212 14 15 1 0
479 176 8 10 1 0
375 222 15 19 1 0
273 168 10 11 1 0
493 228 15 19 1 0
289 166 6 8 1 0
550 176 8 10 1 0
600 218 15 19 1 0
636 189 8 10 1 0
214 173 10 11 1 0
502 174 8 10 1 0
564 228 15 19 1 0
92 239 19 24 1 0
180 209 14 15 1 0
58 179 10 11 1 0
