741 407 21 26 1 0
902 176 21 26 1 0
376 418 21 26 1 0
29 1119 25 27 1 0
919 1034 25 27 1 0
300 752 25 27 1 0
306 892 25 27 1 0
918 278 21 26 1 0
720 130 21 26 1 0
43 1148 25 27 1 0
288 393 21 26 1 0
905 766 25 27 1 0
93 705 25 27 1 0
1152 1148 25 27 1 0
729 342 21 26 1 0
221 92 21 26 1 0
1037 337 21 26 1 0
9 390 21 26 1 0
604 1115 25 27 1 0
692 381 21 26 1 0
885 910 25 27 1 0
471 351 21 26 1 0
222 671 25 27 1 0
201 1060 25 27 1 0
1073 775 25 27 1 0
396 913 25 27 1 0
78 788 25 27 1 0
66 952 25 27 1 0
424 356 21 26 1 0
704 471 21 26 1 0
172 641 25 27 2 0
723 605 25 27 2 0
270 505 21 26 1 0
1073 12 21 26 1 0
480 56 21 26 1 0
171 88 21 26 1 0
37 209 21 26 1 0
740 1183 25 27 1 0
168 1053 25 27 1 0
997 79 21 26 1 0
378 247 21 26 1 0
695 673 25 27 1 0
675 550 21 26 1 0
629 96 21 26 1 0
489 250 21 26 1 0
972 561 21 26 1 0
996 673 25 27 1 0
738 1050 25 27 1 0
120 615 25 27 1 0
95 1145 25 27 1 0
943 342 21 26 1 0
219 285 21 26 1 0
1118 500 21 26 1 0
1079 543 21 26 1 0
442 257 21 26 1 0
1046 422 21 26 1 0
723 601 25 27 2 0
566 1168 25 27 1 0
14 1043 25 27 1 0
301 267 21 26 1 0
176 630 25 27 2 0
350 904 25 27 1 0
2 789 25 27 1 0
1139 642 25 27 1 0
944 319 21 26 1 0
490 321 21 26 1 0
860 957 25 27 1 0
1051 808 25 27 1 0
1097 698 25 27 1 0
164 697 25 27 1 0
739 696 25 27 1 0
93 839 25 27 1 0
948 872 25 27 2 0
25 240 21 26 1 0
369 707 25 27 1 0
1070 519 21 26 1 0
1021 420 21 26 1 0
216 346 21 26 1 0
239 907 25 27 1 0
452 574 25 27 1 0
924 991 25 27 1 0
503 1170 25 27 1 0
1009 1125 25 27 1 0
1165 778 25 27 1 0
140 27 21 26 1 0
645 176 21 26 1 0
1123 332 21 26 1 0
1113 204 21 26 1 0
886 721 25 27 1 0
669 423 21 26 1 0
1097 868 25 27 1 0
653 1112 25 27 1 0
1007 727 25 27 1 0
951 516 21 26 1 0
1006 345 21 26 1 0
351 736 25 27 1 0
54 1001 25 27 1 0
402 594 25 27 1 0
1065 1053 25 27 1 0
495 1034 25 27 1 0
92 2 21 26 1 0
856 501 21 26 1 0
160 27 21 26 1 0
1120 233 21 26 1 0
187 139 21 26 1 0
134 804 25 27 1 0
207 21 21 26 1 0
1078 613 25 27 1 0
964 64 21 26 1 0
421 1016 25 27 1 0
182 961 25 27 1 0
866 400 21 26 1 0
609 613 25 27 1 0
859 282 21 26 1 0
313 413 21 26 1 0
537 463 21 26 1 0
218 214 21 26 1 0
335 612 25 27 1 0
942 148 21 26 1 0
1154 273 21 26 1 0
995 229 21 26 1 0
159 925 25 27 1 0
1016 65 21 26 1 0
813 899 25 27 1 0
689 938 25 27 1 0
628 888 25 27 1 0
1127 1104 25 27 1 0
1128 79 21 26 1 0
723 911 25 27 1 0
1148 693 25 27 1 0
1007 194 21 26 2 0
856 623 25 27 1 0
145 403 21 26 1 0
434 1079 25 27 1 0
568 87 21 26 1 0
978 596 25 27 1 0
446 89 21 26 1 0
1082 360 21 26 1 0
117 657 25 27 1 0
18 531 24 26 1 0
962 487 21 26 1 0
141 543 21 26 1 0
833 429 21 26 1 0
558 609 25 27 1 0
691 654 25 27 1 0
1061 386 21 26 1 0
141 481 21 26 1 0
1172 569 21 26 1 0
37 643 25 27 1 0
343 640 25 27 1 0
134 322 21 26 1 0
665 343 21 26 1 0
513 249 21 26 1 0
185 1165 25 27 1 0
1194 301 21 26 1 0
582 806 25 27 1 0
785 1070 25 27 1 0
959 639 25 27 1 0
333 176 21 26 1 0
1008 778 25 27 1 0
997 504 21 26 1 0
434 865 25 27 1 0
267 275 21 26 1 0
794 987 25 27 1 0
924 703 25 27 1 0
640 66 21 26 1 0
255 239 21 26 1 0
765 538 21 26 1 0
432 906 25 27 1 0
84 138 21 26 1 0
669 496 21 26 1 0
693 297 21 26 1 0
114 183 21 26 1 0
586 899 25 27 1 0
308 73 21 26 1 0
903 116 21 26 1 0
977 996 25 27 2 0
367 394 21 26 1 0
880 574 25 27 1 0
557 632 25 27 1 0
881 308 21 26 1 0
842 59 21 26 1 0
513 171 21 26 1 0
480 1005 25 27 1 0
610 1141 25 27 2 0
820 372 21 26 1 0
290 1036 25 27 1 0
779 563 21 26 1 0
485 398 21 26 1 0
407 948 25 27 1 0
1021 869 25 27 1 0
1016 1103 25 27 1 0
46 64 21 26 1 0
1195 1105 25 27 1 0
611 653 25 27 1 0
631 743 25 27 1 0
915 750 25 27 1 0
45 724 25 27 1 0
569 454 21 26 1 0
266 312 21 26 1 0
555 861 25 27 1 0
648 973 25 27 1 0
585 75 21 26 1 0
41 783 25 27 1 0
825 142 21 26 1 0
805 1127 25 27 1 0
904 1142 25 27 1 0
1143 803 25 27 1 0
867 687 25 27 1 0
415 507 21 26 1 0
898 531 21 26 1 0
236 419 21 26 1 0
507 854 25 27 1 0
992 288 21 26 1 0
203 411 21 26 1 0
745 1107 25 27 1 0
1124 981 25 27 1 0
689 106 21 26 1 0
560 400 21 26 1 0
857 372 21 26 1 0
1011 140 21 26 1 0
947 909 25 27 1 0
17 414 21 26 1 0
773 301 21 26 1 0
1141 18 21 26 1 0
158 895 25 27 1 0
895 806 25 27 1 0
787 415 21 26 1 0
205 635 25 27 1 0
901 1116 25 27 1 0
502 114 21 26 1 0
1112 649 25 27 1 0
499 1079 25 27 1 0
530 721 25 27 2 0
322 1111 25 27 1 0
778 1149 25 27 1 0
873 244 21 26 1 0
834 731 25 27 1 0
1067 201 21 26 1 0
648 144 21 26 1 0
327 1144 25 27 1 0
865 95 21 26 1 0
194 381 21 26 1 0
1001 106 21 26 1 0
284 681 25 27 1 0
450 546 21 26 1 0
267 746 25 27 1 0
251 377 21 26 1 0
1137 844 25 27 1 0
285 358 21 26 1 0
574 587 25 27 1 0
255 87 21 26 1 0
506 905 25 27 1 0
564 209 21 26 1 0
512 12 21 26 1 0
1072 48 21 26 1 0
886 156 21 26 1 0
9 1156 25 27 1 0
53 266 21 26 1 0
80 16 21 26 1 0
613 256 21 26 1 0
82 73 21 26 1 0
165 982 25 27 1 0
949 31 21 26 1 0
986 965 25 27 1 0
454 193 21 26 1 0
200 497 21 26 1 0
847 36 21 26 1 0
602 354 21 26 2 0
66 228 21 26 1 0
1067 89 21 26 1 0
762 382 21 26 1 0
996 9 21 26 1 0
149 1062 25 27 1 0
926 471 21 26 1 0
581 236 21 26 1 0
402 94 21 26 1 0
1107 573 25 27 1 0
770 941 25 27 1 0
1106 179 21 26 1 0
732 868 25 27 1 0
1187 1086 25 27 1 0
121 340 21 26 1 0
1194 139 21 26 1 0
1036 546 21 26 1 0
647 636 25 27 1 0
548 134 21 26 1 0
500 674 25 27 1 0
1150 509 21 26 1 0
1159 906 25 27 1 0
981 414 21 26 1 0
351 115 21 26 1 0
1047 700 25 27 1 0
874 877 25 27 1 0
1031 769 25 27 1 0
792 241 21 26 1 0
707 6 21 26 1 0
368 1071 25 27 1 0
465 1120 25 27 1 0
835 1079 25 27 1 0
972 543 21 26 1 0
242 624 25 27 1 0
119 59 21 26 1 0
195 1104 25 27 1 0
1128 306 21 26 1 0
724 427 21 26 1 0
150 293 21 26 1 0
119 258 21 26 1 0
583 724 25 27 1 0
1126 568 21 26 1 0
62 480 21 26 1 0
433 214 21 26 1 0
344 22 21 26 1 0
190 57 21 26 1 0
812 30 21 26 1 0
366 1173 25 27 1 0
466 765 25 27 1 0
1094 893 25 27 1 0
312 344 21 26 1 0
1187 663 25 27 1 0
1180 401 21 26 1 0
819 273 21 26 1 0
462 807 25 27 1 0
375 873 25 27 1 0
49 869 25 27 1 0
730 835 25 27 1 0
357 211 21 26 1 0
725 495 21 26 1 0
705 1161 25 27 1 0
1135 934 25 27 1 0
478 856 25 27 1 0
596 1143 25 27 2 0
832 813 25 27 1 0
941 925 25 27 1 0
1050 1008 25 27 1 0
39 607 25 27 2 0
783 758 25 27 1 0
528 423 21 26 1 0
219 536 21 26 1 0
188 922 25 27 1 0
543 49 21 26 1 0
35 181 21 26 1 0
624 851 25 27 1 0
1105 1079 25 27 1 0
51 910 25 27 1 0
1029 908 25 27 1 0
160 213 21 26 1 0
258 655 25 27 1 0
720 82 21 26 1 0
1168 689 25 27 1 0
967 805 25 27 1 0
266 961 25 27 1 0
378 532 21 26 1 0
1099 742 25 27 1 0
840 509 21 26 1 0
973 187 21 26 1 0
42 596 25 27 2 0
414 7 21 26 1 0
832 314 21 26 1 0
300 48 21 26 1 0
521 118 21 26 1 0
679 12 21 26 1 0
1 574 24 26 1 0
465 411 21 26 1 0
281 13 21 26 1 0
426 834 25 27 1 0
590 669 25 27 1 0
1040 277 21 26 1 0
154 318 21 26 1 0
786 185 21 26 1 0
218 962 25 27 1 0
120 1144 25 27 1 0
1126 152 21 26 1 0
293 976 25 27 1 0
451 121 21 26 1 0
820 777 25 27 1 0
976 1001 25 27 2 0
554 371 21 26 1 0
217 255 21 26 1 0
985 1103 25 27 1 0
1167 882 25 27 1 0
414 49 21 26 1 0
554 1103 25 27 1 0
789 486 21 26 1 0
649 213 21 26 1 0
685 696 25 27 1 0
338 594 25 27 1 0
733 544 21 26 1 0
382 1105 25 27 1 0
686 1011 25 27 1 0
672 801 25 27 1 0
633 471 21 26 1 0
1139 55 21 26 1 0
855 846 25 27 1 0
412 213 21 26 1 0
1179 1143 25 27 1 0
1175 485 21 26 1 0
1136 473 21 26 1 0
442 592 25 27 1 0
100 739 25 27 1 0
444 716 25 27 1 0
359 838 25 27 1 0
2 145 21 26 1 0
745 675 25 27 1 0
239 398 21 26 1 0
45 423 21 26 1 0
609 23 21 26 1 0
555 956 25 27 1 0
1066 228 21 26 1 0
1137 735 25 27 1 0
335 311 21 26 1 0
522 338 21 26 1 0
799 97 21 26 1 0
318 703 25 27 1 0
936 1149 25 27 1 0
318 263 21 26 1 0
571 23 21 26 1 0
536 558 21 26 1 0
463 965 25 27 1 0
1174 535 21 26 1 0
983 1045 25 27 1 0
1091 258 21 26 1 0
899 13 21 26 1 0
938 864 25 27 2 0
257 872 25 27 1 0
784 904 25 27 1 0
866 479 21 26 1 0
1190 18 21 26 1 0
143 1101 25 27 1 0
1148 720 25 27 1 0
1062 152 21 26 1 0
438 1149 25 27 1 0
25 342 21 26 1 0
67 291 21 26 1 0
466 937 25 27 1 0
984 803 25 27 1 0
823 217 21 26 1 0
765 344 21 26 1 0
840 646 25 27 1 0
531 258 21 26 1 0
114 426 21 26 1 0
832 1041 25 27 1 0
52 1111 25 27 1 0
744 1125 25 27 1 0
816 714 25 27 1 0
570 1064 25 27 1 0
654 104 21 26 1 0
509 370 21 26 1 0
489 1130 25 27 1 0
258 48 21 26 1 0
492 728 25 27 1 0
497 140 21 26 1 0
900 424 21 26 1 0
218 162 21 26 1 0
598 496 21 26 2 0
521 381 21 26 1 0
782 726 25 27 1 0
408 142 21 26 1 0
605 503 21 26 2 0
513 210 21 26 1 0
169 669 25 27 1 0
386 1131 25 27 1 0
225 831 25 27 1 0
81 1157 25 27 1 0
883 220 21 26 1 0
926 235 21 26 1 0
278 130 21 26 1 0
303 369 21 26 1 0
408 762 25 27 1 0
512 575 25 27 1 0
525 762 25 27 1 0
688 253 21 26 1 0
309 1158 25 27 1 0
62 616 25 27 1 0
1007 389 21 26 1 0
574 173 21 26 1 0
1092 1107 25 27 1 0
748 635 25 27 1 0
1022 832 25 27 1 0
350 757 25 27 1 0
716 27 21 26 1 0
678 164 21 26 1 0
690 1120 25 27 1 0
170 523 21 26 1 0
438 424 21 26 1 0
609 933 25 27 1 0
433 658 25 27 1 0
29 955 25 27 1 0
611 431 21 26 1 0
311 556 21 26 1 0
601 1139 25 27 2 0
1055 874 25 27 1 0
349 1127 25 27 1 0
776 645 25 27 1 0
1124 422 21 26 1 0
470 5 21 26 1 0
1095 1149 25 27 1 0
911 516 21 26 1 0
139 964 25 27 1 0
21 366 21 26 1 0
582 752 25 27 1 0
73 358 21 26 1 0
55 672 25 27 1 0
724 210 21 26 1 0
1101 130 21 26 1 0
1188 457 21 26 1 0
538 727 25 27 2 0
1115 376 21 26 1 0
489 594 25 27 1 0
320 682 25 27 1 0
641 294 21 26 1 0
1007 210 21 26 2 0
689 839 25 27 1 0
488 494 21 26 1 0
415 168 21 26 1 0
618 1062 25 27 1 0
644 881 25 27 1 0
1195 353 21 26 1 0
654 534 21 26 1 0
763 1150 25 27 1 0
71 332 21 26 1 0
506 426 21 26 1 0
459 240 21 26 1 0
163 742 25 27 1 0
984 635 25 27 1 0
621 375 21 26 1 0
963 1081 25 27 1 0
387 802 25 27 1 0
397 1027 25 27 1 0
436 309 21 26 1 0
34 832 25 27 1 0
161 1147 25 27 1 0
1093 666 25 27 1 0
282 431 21 26 1 0
250 1142 25 27 1 0
169 830 25 27 1 0
876 84 21 26 1 0
1069 1137 25 27 1 0
500 818 25 27 1 0
372 365 21 26 1 0
680 1051 25 27 1 0
740 66 21 26 1 0
1177 260 21 26 1 0
117 877 25 27 1 0
307 530 21 26 1 0
161 163 21 26 1 0
284 1094 25 27 1 0
560 296 21 26 1 0
788 446 21 26 1 0
439 471 21 26 1 0
770 58 21 26 1 0
756 808 25 27 1 0
356 578 25 27 1 0
358 467 21 26 1 0
890 34 21 26 1 0
144 767 25 27 1 0
317 808 25 27 1 0
370 77 21 26 1 0
639 802 25 27 1 0
537 1006 25 27 1 0
747 182 21 26 1 0
845 269 21 26 1 0
1027 726 25 27 1 0
858 1137 25 27 1 0
747 100 21 26 1 0
635 697 25 27 1 0
1152 177 21 26 1 0
294 849 25 27 1 0
430 688 25 27 1 0
277 726 25 27 1 0
1164 1052 25 27 1 0
123 401 21 26 1 0
284 192 21 26 1 0
368 330 21 26 1 0
101 968 25 27 1 0
693 726 25 27 1 0
559 929 25 27 1 0
830 355 21 26 1 0
329 483 21 26 1 0
1040 565 21 26 1 0
628 213 21 26 1 0
769 247 21 26 1 0
325 948 25 27 1 0
954 219 21 26 1 0
1029 234 21 26 1 0
917 635 25 27 1 0
458 169 21 26 1 0
593 997 25 27 1 0
692 960 25 27 1 0
365 962 25 27 1 0
211 1143 25 27 1 0
933 611 25 27 1 0
956 419 21 26 1 0
1181 50 21 26 1 0
1153 384 21 26 1 0
946 687 25 27 1 0
937 79 21 26 1 0
177 439 21 26 1 0
650 444 21 26 1 0
710 759 25 27 1 0
379 665 25 27 1 0
194 803 25 27 1 0
4 175 21 26 1 0
1165 207 21 26 1 0
1032 1140 25 27 1 0
1035 483 21 26 1 0
595 350 21 26 2 0
1088 819 25 27 1 0
210 867 25 27 1 0
1045 630 25 27 1 0
560 1040 25 27 1 0
766 874 25 27 1 0
651 250 21 26 1 0
328 90 21 26 1 0
646 620 25 27 1 0
954 830 25 27 1 0
850 186 21 26 1 0
639 20 21 26 1 0
75 540 21 26 1 0
481 644 25 27 1 0
175 264 21 26 1 0
764 12 21 26 1 0
23 17 21 26 1 0
217 722 25 27 1 0
249 536 21 26 1 0
848 550 21 26 1 0
1051 104 21 26 1 0
869 443 21 26 1 0
948 567 21 26 1 0
751 995 25 27 1 0
1128 1018 25 27 1 0
217 473 21 26 1 0
1110 285 21 26 1 0
135 140 21 26 1 0
1094 479 21 26 1 0
895 977 25 27 1 0
1151 127 21 26 1 0
237 318 21 26 1 0
