435 103 0 1 1 0
716 108 0 1 1 0
449 102 0 1 1 0
548 116 5 3 1 0
686 95 0 1 1 0
674 109 11 12 1 0
59 177 16 13 1 0
611 123 11 12 1 0
337 107 0 1 1 0
292 167 18 24 1 0
749 119 11 12 3 0
421 99 0 1 1 0
236 107 7 7 1 0
419 92 0 1 1 0
704 97 0 1 1 0
598 103 0 1 1 0
507 122 6 10 1 0
453 223 28 32 1 0
613 101 0 1 1 0
18 292 35 40 1 0
638 114 11 12 1 0
542 189 24 27 1 0
440 124 6 10 1 0
468 124 6 10 1 0
580 120 11 12 1 0
584 106 0 1 1 0
705 108 0 1 1 0
727 101 0 1 1 0
456 97 0 1 1 0
654 100 0 1 1 0
483 104 0 1 1 0
720 216 28 32 1 0
386 144 18 24 1 0
673 97 0 1 1 0
575 134 11 12 1 0
96 105 7 7 1 0
637 175 18 24 1 0
266 109 7 7 1 0
126 114 7 7 1 0
727 108 0 1 1 0
205 174 16 13 1 0
537 235 25 42 1 0
639 241 28 32 1 0
711 101 0 1 1 0
281 110 7 7 1 0
620 107 0 1 1 0
741 99 0 1 1 0
131 230 25 25 1 0
345 152 18 24 1 0
735 107 0 1 1 0
360 107 0 1 1 0
387 107 0 1 1 0
439 109 0 1 1 0
699 101 0 1 1 0
608 112 11 12 1 0
626 114 11 12 1 0
620 117 11 12 1 0
531 166 18 24 1 0
440 90 0 1 1 0
641 100 0 1 1 0
566 134 11 12 1 0
317 158 18 24 1 0
687 116 11 12 1 0
613 136 11 12 1 0
744 102 0 1 1 0
568 126 11 12 1 0
474 149 18 24 1 0
441 107 0 1 1 0
629 122 11 12 1 0
394 89 0 1 1 0
648 106 0 1 1 0
147 117 7 7 1 0
606 151 18 24 1 0
619 143 18 24 1 0
251 108 7 7 1 0
606 104 0 1 1 0
522 208 28 32 1 0
666 98 0 1 1 0
577 107 0 1 1 0
410 137 12 14 1 0
631 100 0 1 1 0
646 118 11 12 1 0
176 177 16 13 1 0
444 98 0 1 1 0
636 109 11 12 1 0
475 98 0 1 1 0
690 234 28 32 1 0
686 100 0 1 1 0
592 107 0 1 1 0
521 137 12 14 1 0
119 186 20 27 1 0
694 110 11 12 1 0
623 129 11 12 1 0
410 102 0 1 1 0
261 225 28 32 1 0
526 113 0 1 1 0
403 103 0 1 1 0
464 107 0 1 1 0
311 265 34 46 1 0
408 144 18 24 3 0
648 128 11 12 1 0
595 167 18 24 1 0
348 102 0 1 1 0
585 103 0 1 1 0
469 98 0 1 1 0
394 95 0 1 1 0
660 107 0 1 1 0
515 112 0 1 1 0
379 188 36 34 1 0
691 159 18 24 1 0
431 137 12 14 1 0
743 119 11 12 3 0
696 97 0 1 1 0
588 116 11 12 1 0
471 107 0 1 1 0
587 129 11 12 1 0
665 117 11 12 1 0
745 108 0 1 1 0
592 114 11 12 1 0
485 109 0 1 1 0
661 165 18 24 1 0
324 171 18 24 1 0
493 100 0 1 1 0
450 191 28 32 1 0
222 111 7 7 1 0
511 160 18 24 1 0
501 96 0 1 1 0
698 122 11 12 1 0
450 172 18 24 1 0
569 117 11 12 1 0
182 104 7 7 1 0
303 190 24 27 1 0
212 109 7 7 1 0
684 136 11 12 1 0
667 124 11 12 1 0
189 115 7 7 1 0
750 111 11 12 1 0
711 121 11 12 1 0
498 109 0 1 1 0
546 141 18 24 1 0
681 104 0 1 1 0
493 110 0 1 1 0
566 143 18 24 1 0
