238 176 20 24 1 0
29 144 16 20 1 0
368 163 16 18 1 0
42 97 15 22 1 0
76 60 16 18 1 0
91 181 16 20 1 0
174 41 14 17 1 0
51 164 16 20 1 0
249 41 14 17 1 0
278 91 16 18 1 0
285 30 14 17 1 0
394 183 18 22 1 0
413 229 12 17 1 0
183 132 15 22 1 0
101 29 14 17 1 0
55 95 16 18 1 0
82 35 14 17 1 0
48 67 16 18 1 0
13 225 16 20 1 0
301 69 16 18 1 0
152 131 15 22 1 0
10 171 16 20 1 0
149 111 15 22 1 0
157 101 15 22 1 0
5 201 16 20 1 0
54 58 16 18 1 0
327 98 15 22 1 0
24 56 16 18 1 0
307 47 16 18 1 0
73 138 15 22 1 0
56 28 14 17 1 0
271 26 14 17 1 0
178 204 16 20 1 0
218 10 14 17 1 0
258 95 16 18 1 0
131 210 16 20 1 0
450 46 16 18 1 0
407 112 15 22 1 0
283 115 15 22 1 0
213 92 16 18 1 0
247 134 15 22 1 0
160 188 16 20 1 0
462 161 16 18 1 0
451 260 30 27 1 0
17 185 16 20 1 0
413 97 15 22 1 0
362 61 16 18 1 0
171 53 16 18 1 0
181 15 14 17 1 0
246 116 15 22 1 0
455 191 18 22 1 0
450 21 14 17 1 0
162 29 14 17 1 0
89 204 16 20 1 0
100 3 12 14 1 0
413 160 16 18 1 0
130 51 16 18 1 0
143 32 14 17 1 0
259 69 16 18 1 0
50 265 23 27 1 0
434 85 16 18 1 0
422 150 16 18 1 0
116 94 16 18 1 0
294 48 16 18 1 0
315 63 16 18 1 0
6 119 15 22 1 0
445 167 16 18 1 0
441 193 18 22 1 0
259 16 14 17 1 0
483 170 16 18 1 0
3 42 14 17 1 0
275 57 16 18 1 0
193 235 16 20 1 0
264 132 15 22 1 0
319 211 18 22 1 0
291 137 15 22 1 0
303 103 15 22 1 0
388 52 16 18 1 0
418 30 14 17 1 0
194 36 14 17 1 0
171 179 16 20 1 0
69 26 14 17 1 0
449 122 15 22 1 0
60 6 14 17 1 0
69 92 16 18 1 0
465 121 15 22 1 0
226 160 19 20 1 0
212 131 15 22 1 0
153 58 16 18 1 0
10 33 14 17 1 0
112 135 15 22 1 0
47 139 15 22 1 0
42 215 16 20 1 0
355 191 18 22 1 0
383 130 15 22 1 0
131 133 15 22 1 0
362 44 14 17 1 0
391 159 16 18 1 0
52 45 14 17 1 0
335 119 15 22 1 0
420 64 16 18 1 0
149 88 16 18 1 0
182 67 16 18 1 0
370 89 16 18 1 0
57 197 16 20 1 0
390 108 15 22 1 0
422 49 16 18 1 0
301 20 14 17 1 0
87 20 14 17 1 0
227 54 16 18 1 0
127 11 14 17 1 0
347 130 15 22 1 0
122 78 16 18 1 0
278 146 19 20 1 0
434 119 15 22 1 0
296 186 18 22 1 0
187 47 16 18 1 0
372 113 15 22 1 0
290 77 16 18 1 0
35 42 14 17 1 0
128 265 23 27 1 0
211 108 15 22 1 0
115 187 16 20 1 0
110 157 16 20 1 0
144 166 16 20 1 0
392 18 14 17 1 0
458 96 16 18 1 0
232 31 14 17 1 0
238 145 19 20 1 0
98 81 16 18 1 0
121 26 14 17 1 0
322 185 18 22 1 0
