874 456 22 26 1 0
1042 250 6 8 1 0
263 335 9 11 1 0
970 249 6 8 1 0
605 464 37 47 1 0
544 390 18 23 1 0
557 383 15 19 1 0
650 389 18 23 1 0
614 376 15 19 1 0
760 241 6 8 1 0
477 390 18 23 1 0
652 371 15 19 1 0
868 240 6 8 1 0
259 351 9 11 1 0
484 371 15 19 1 0
900 374 12 16 1 0
917 370 12 16 1 0
834 240 6 8 1 0
981 252 6 8 1 0
827 128 4 4 1 0
950 504 33 35 1 0
232 371 13 16 1 0
280 331 9 11 1 0
205 444 35 45 1 0
544 376 15 19 1 0
513 134 4 4 1 0
496 546 135 170 1 0
776 399 18 23 1 0
485 222 6 8 1 0
212 492 35 45 1 0
703 238 6 8 1 0
667 321 8 11 1 0
347 430 35 45 1 0
784 432 18 23 1 0
589 231 6 8 1 0
781 235 6 8 1 0
744 237 6 8 1 0
619 417 18 23 1 0
466 352 15 19 1 0
970 238 6 8 1 0
638 391 18 23 1 0
851 447 22 26 3 0
886 334 10 13 1 0
532 234 6 8 1 0
824 391 18 23 1 0
803 464 37 47 1 0
547 223 6 8 1 0
718 134 4 4 1 0
469 231 6 8 1 0
951 446 22 26 3 0
430 224 6 8 1 0
794 293 10 13 1 0
492 389 18 23 1 0
669 349 15 19 1 0
1016 250 6 8 1 0
592 307 8 11 1 0
1091 456 22 26 1 0
411 224 6 8 1 0
783 327 10 13 1 0
574 315 8 11 1 0
605 233 6 8 1 0
498 138 4 4 1 0
656 409 18 23 1 0
685 396 18 23 1 0
479 442 35 45 1 0
1058 249 6 8 1 0
280 235 6 8 1 0
904 225 6 8 1 0
928 295 10 13 1 0
915 292 10 13 1 0
820 381 15 19 1 0
589 435 35 45 1 0
456 363 15 19 1 0
504 421 18 23 1 0
634 437 35 45 1 0
562 232 6 8 1 0
623 391 18 23 1 0
788 128 4 4 1 0
577 417 18 23 1 0
564 304 8 11 1 0
1091 247 6 8 1 0
304 233 6 8 1 0
547 405 18 23 1 0
590 388 18 23 1 0
878 362 12 16 1 0
823 249 6 8 1 0
266 366 13 16 1 0
770 241 6 8 1 0
432 134 4 4 1 0
583 137 4 4 1 0
795 450 19 23 1 0
849 419 18 23 1 0
332 231 6 8 1 0
835 307 10 13 1 0
691 411 18 23 1 0
796 222 6 8 1 0
614 230 6 8 1 0
255 234 6 8 1 0
722 394 18 23 1 0
649 316 8 11 1 0
380 223 6 8 1 0
955 469 22 26 1 0
480 133 4 4 1 0
869 221 6 8 1 0
808 418 18 23 1 0
711 217 6 8 1 0
766 500 37 47 1 0
912 381 12 16 1 0
640 362 15 19 1 0
820 237 6 8 1 0
565 380 15 19 1 0
574 221 6 8 1 0
241 456 35 45 1 0
259 399 13 16 1 0
938 245 6 8 1 0
698 132 4 4 1 0
430 345 8 11 1 0
694 316 8 11 1 0
970 533 125 126 1 0
776 295 10 13 1 0
1007 242 6 8 1 0
735 461 37 47 1 0
526 311 8 11 1 0
763 410 18 23 1 0
1077 251 6 8 1 0
631 232 6 8 1 0
239 398 13 16 1 0
625 316 8 11 1 0
781 219 6 8 1 0
986 455 22 26 1 0
692 289 8 11 1 0
696 436 35 45 1 0
898 241 6 8 1 0
251 417 13 16 1 0
800 235 6 8 1 0
873 293 10 13 1 0
397 220 6 8 1 0
441 372 15 19 1 0
769 319 10 13 1 0
462 140 4 4 1 0
907 422 22 26 1 0
213 401 13 16 1 0
109 364 173 157 1 0
843 449 22 26 3 0
499 371 15 19 1 0
912 304 10 13 1 0
447 226 6 8 1 0
234 349 9 11 1 0
1030 246 6 8 1 0
459 329 8 11 1 0
359 398 16 21 1 0
535 137 4 4 1 0
635 417 18 23 1 0
1089 239 6 8 1 0
246 336 9 11 1 0
190 479 35 45 1 0
807 390 18 23 1 0
813 320 10 13 1 0
715 240 6 8 1 0
451 392 15 19 1 0
558 455 35 45 1 0
743 324 8 11 1 0
947 434 22 26 3 0
558 320 8 11 1 0
726 245 6 8 1 0
436 448 35 45 1 0
295 356 9 11 1 0
608 355 15 19 1 0
884 239 6 8 1 0
412 487 39 49 1 0
999 251 6 8 1 0
889 310 10 13 1 0
834 383 12 16 1 0
246 346 9 11 1 0
915 246 6 8 1 0
233 329 9 11 1 0
292 488 39 49 1 0
847 237 6 8 1 0
869 388 18 23 1 0
508 226 6 8 1 0
843 290 10 13 1 0
958 246 6 8 1 0
510 305 8 11 1 0
