2133 1395 17 19 1 0
1779 1334 17 19 1 1
1039 1362 17 19 1 0
1193 1318 17 19 1 1
1731 1325 17 19 1 1
1049 1639 54 65 1 0
1767 1380 17 19 1 0
435 1352 17 19 1 1
2016 1498 54 65 1 0
1985 1356 17 19 1 0
809 1370 17 19 1 0
606 1341 17 19 1 1
1589 1337 17 19 1 1
1412 1322 17 19 1 1
1418 1330 17 19 1 1
1735 1401 17 19 1 0
907 1357 17 19 1 0
1376 1316 17 19 1 1
119 1368 17 19 1 0
1348 1364 17 19 1 0
1078 1372 17 19 1 0
886 1360 17 19 1 0
1047 1494 54 65 1 0
1540 1354 17 19 1 1
1009 1368 17 19 1 0
765 1434 54 65 1 0
354 1336 17 19 1 1
1503 1331 17 19 1 1
1681 1325 17 19 1 1
2068 1363 17 19 1 0
1784 1361 17 19 1 0
2136 1347 17 19 1 1
892 1343 17 19 1 1
1549 1380 17 19 1 0
1975 1545 54 65 1 0
743 1350 17 19 1 1
1800 1341 17 19 1 1
520 1373 17 19 1 0
540 1328 17 19 1 1
829 1356 17 19 1 0
1049 1377 17 19 1 0
1237 1496 54 65 1 0
1099 1365 17 19 1 0
1569 1372 17 19 1 0
533 1278 17 19 1 1
1532 1334 17 19 1 1
21 1356 17 19 1 0
322 1325 17 19 1 1
2095 1342 17 19 1 1
1599 1332 17 19 1 1
2479 1388 17 19 1 0
2125 1357 17 19 1 0
2405 1329 17 19 1 1
1333 1386 17 19 1 0
53 1573 27 34 1 0
2159 1394 17 19 1 0
1088 1462 54 65 1 0
1921 1385 17 19 1 0
1072 1420 28 49 1 0
1797 1363 17 19 1 0
2097 1643 54 65 1 0
1698 1382 17 19 1 0
59 1461 27 34 1 0
773 1339 17 19 1 1
1762 1366 17 19 1 0
1651 1326 17 19 1 1
106 1339 17 19 1 1
652 1347 17 19 1 1
1021 1456 54 65 1 0
1832 1327 17 19 1 1
1676 1372 17 19 1 0
2034 1334 17 19 1 1
2198 1520 54 65 1 0
1886 1331 17 19 1 1
1799 1417 17 19 1 0
1215 1552 54 65 1 0
2204 1411 17 19 1 0
657 1335 17 19 1 1
721 1366 17 19 1 0
921 1359 17 19 1 0
2275 1396 17 19 1 0
831 1502 54 65 1 0
1953 1334 17 19 1 1
2146 1461 54 65 1 0
1705 1452 54 65 1 0
445 1627 54 65 1 0
1447 1347 17 19 1 1
597 1362 17 19 1 0
1530 1340 17 19 1 1
1746 1328 17 19 1 1
1353 1353 17 19 1 1
114 1352 17 19 1 1
1316 1364 17 19 1 0
89 1353 17 19 1 1
2470 1499 54 65 1 0
2493 1344 17 19 1 1
689 1345 17 19 1 1
1315 1541 54 65 1 0
2226 1365 17 19 1 0
1980 1376 17 19 1 0
1381 1622 54 65 1 0
229 1357 17 19 1 0
1501 1366 17 19 1 0
1796 1376 17 19 1 0
2128 1337 17 19 1 1
815 1379 17 19 1 0
2218 1331 17 19 1 1
757 1340 17 19 1 1
2156 1421 28 49 1 0
320 1394 17 19 1 0
931 1366 17 19 1 0
593 1399 17 19 1 0
1413 1345 17 19 1 1
1337 1320 17 19 1 1
1598 1322 17 19 1 1
705 1336 17 19 1 1
761 1358 17 19 1 0
2265 1627 54 65 1 0
1797 1329 17 19 1 1
2241 1341 17 19 1 1
1932 1347 17 19 1 1
2008 1383 17 19 1 0
1446 1322 17 19 1 1
448 1483 54 65 1 0
1187 1636 54 65 1 0
1405 1359 17 19 1 0
202 1366 17 19 1 0
43 1350 17 19 1 1
317 1307 17 19 1 1
1390 1331 17 19 1 1
1633 1373 17 19 1 0
1734 1461 54 65 1 0
782 1360 17 19 1 0
1245 1350 17 19 1 1
1802 1355 17 19 1 1
2105 1336 17 19 1 1
1494 1327 17 19 1 1
629 1345 17 19 1 1
242 1383 17 19 1 0
501 1436 54 65 1 0
1066 1393 17 19 1 0
1783 1377 17 19 1 0
1513 1336 17 19 1 1
756 1399 17 19 1 0
365 1531 54 65 1 0
715 1356 17 19 1 0
1379 1332 17 19 1 1
157 1614 27 34 1 0
426 1544 54 65 1 0
2424 1333 17 19 1 1
1659 1338 17 19 1 1
2447 1534 54 65 1 0
1687 1559 54 65 1 0
1466 1340 17 19 1 1
1628 1354 17 19 1 1
651 1357 17 19 1 0
342 1343 17 19 1 1
249 1342 17 19 1 1
1505 1345 17 19 1 1
92 1598 27 34 1 0
2200 1379 17 19 1 0
2179 1327 17 19 1 1
2376 1339 17 19 1 1
330 1375 17 19 1 0
1894 1356 17 19 1 0
1448 1340 17 19 1 1
360 1498 54 65 1 0
1529 1360 17 19 1 0
248 1357 17 19 1 0
1424 1391 17 19 1 0
1696 1368 17 19 1 0
179 1472 27 34 1 0
365 1615 54 65 1 0
353 1319 17 19 1 1
1020 1340 17 19 1 1
510 1383 17 19 1 0
798 1443 54 65 1 0
1397 1333 17 19 1 1
1954 1400 17 19 1 0
2398 1619 54 65 1 0
745 1451 54 65 1 0
1754 1332 17 19 1 1
1694 1330 17 19 1 1
1996 1427 28 49 1 0
1835 1329 17 19 1 1
1858 1346 17 19 1 1
1339 1425 28 49 1 0
2064 1505 54 65 1 0
1765 1350 17 19 1 1
355 1364 17 19 1 0
1735 1326 17 19 1 1
1711 1383 17 19 1 0
1761 1477 54 65 1 0
303 1359 17 19 1 0
1190 1370 17 19 1 0
1911 1339 17 19 1 1
1471 1319 17 19 1 1
1834 1408 17 19 1 0
2074 1379 17 19 1 0
814 1336 17 19 1 1
871 1345 17 19 1 1
2037 1354 17 19 1 1
1047 1402 17 19 1 0
1720 1334 17 19 1 1
1005 1588 54 65 1 0
898 1375 17 19 1 0
1674 1324 17 19 1 1
401 1351 17 19 1 1
1103 1382 17 19 1 0
1787 1402 17 19 1 0
1302 1330 17 19 1 1
1712 1347 17 19 1 1
567 1374 17 19 1 0
1386 1372 17 19 1 0
1696 1326 17 19 1 1
2421 1479 54 65 1 0
197 1410 17 19 1 0
1557 1391 17 19 1 0
478 1403 17 19 1 0
26 1398 17 19 1 0
971 1472 54 65 1 0
1681 1386 17 19 1 0
2258 1343 17 19 1 1
545 1400 17 19 1 0
335 1451 54 65 1 0
1774 1328 17 19 1 1
1111 1455 54 65 1 0
2451 1418 17 19 1 0
248 1325 17 19 1 1
1057 1377 17 19 1 0
2000 1361 17 19 1 0
997 1406 17 19 1 0
1474 1422 28 49 1 0
1663 1346 17 19 1 1
1425 1373 17 19 1 0
1860 1331 17 19 1 1
2477 1423 28 49 1 0
1934 1366 17 19 1 0
2321 1463 54 65 1 0
896 1360 17 19 1 0
1894 1634 54 65 1 0
1766 1338 17 19 1 1
1420 1352 17 19 1 1
1735 1351 17 19 1 1
688 1366 17 19 1 0
1923 1356 17 19 1 0
683 1340 17 19 1 1
860 1390 17 19 1 0
1705 1388 17 19 1 0
1895 1379 17 19 1 0
1325 1363 17 19 1 0
1094 1409 17 19 1 0
1726 1656 54 65 1 0
793 1372 17 19 1 0
1194 1410 17 19 1 0
331 1337 17 19 1 1
1829 1335 17 19 1 1
56 1402 17 19 1 0
151 1471 27 34 1 0
304 1341 17 19 1 1
668 1574 54 65 1 0
675 1356 17 19 1 0
1655 1343 17 19 1 1
651 1491 54 65 1 0
393 1368 17 19 1 0
114 1456 27 34 1 0
2153 1352 17 19 1 1
1207 1369 17 19 1 0
370 1326 17 19 1 1
1439 1316 17 19 1 1
1077 1344 17 19 1 1
2305 1380 17 19 1 0
489 1450 54 65 1 0
1826 1469 54 65 1 0
342 1325 17 19 1 1
2427 1360 17 19 1 0
1140 1492 54 65 1 0
1308 1391 17 19 1 0
846 1348 17 19 1 1
1715 1332 17 19 1 1
1749 1344 17 19 1 1
439 1373 17 19 1 0
1578 1453 54 65 1 0
2072 1366 17 19 1 0
436 1513 54 65 1 0
996 1348 17 19 1 1
1779 1367 17 19 1 0
231 1336 17 19 1 1
621 1324 17 19 1 1
617 1379 17 19 1 0
787 1350 17 19 1 1
1058 1346 17 19 1 1
1549 1482 54 65 1 0
1485 1347 17 19 1 1
2126 1513 54 65 1 0
1422 1324 17 19 1 1
819 1346 17 19 1 1
607 1322 17 19 1 1
540 1379 17 19 1 0
2366 1408 17 19 1 0
1699 1330 17 19 1 1
1512 1339 17 19 1 1
1756 1408 17 19 1 0
1932 1326 17 19 1 1
1976 1329 17 19 1 1
2025 1342 17 19 1 1
2435 1349 17 19 1 1
2239 1399 17 19 1 0
882 1418 17 19 1 0
260 1453 27 34 1 0
723 1526 54 65 1 0
924 1374 17 19 1 0
1681 1350 17 19 1 1
1997 1325 17 19 1 1
1489 1355 17 19 1 1
1526 1419 28 49 1 0
1496 1438 54 65 1 0
568 1402 17 19 1 0
2450 1388 17 19 1 0
2001 1399 17 19 1 0
1638 1332 17 19 1 1
1728 1612 54 65 1 0
436 1462 54 65 1 0
1457 1324 17 19 1 1
223 1383 17 19 1 0
773 1368 17 19 1 0
1492 1348 17 19 1 1
1867 1390 17 19 1 0
850 1424 28 49 1 0
1793 1460 54 65 1 0
2489 1360 17 19 1 0
1769 1329 17 19 1 1
1811 1328 17 19 1 1
741 1367 17 19 1 0
1315 1476 54 65 1 0
1624 1323 17 19 1 1
405 1344 17 19 1 1
1369 1342 17 19 1 1
491 1412 17 19 1 0
1985 1444 54 65 1 0
671 1342 17 19 1 1
1178 1341 17 19 1 1
1367 1387 17 19 1 0
1297 1350 17 19 1 1
2269 1359 17 19 1 0
1507 1335 17 19 1 1
1473 1352 17 19 1 1
1850 1332 17 19 1 1
1556 1367 17 19 1 0
543 1352 17 19 1 1
974 1414 17 19 1 0
1605 1393 17 19 1 0
1290 1377 17 19 1 0
379 1370 17 19 1 0
2318 1394 17 19 1 0
1153 1447 54 65 1 0
436 1395 17 19 1 0
1364 1375 17 19 1 0
2419 1349 17 19 1 1
1936 1499 54 65 1 0
2236 1429 28 49 1 0
2020 1330 17 19 1 1
909 1466 54 65 1 0
1720 1368 17 19 1 0
857 1350 17 19 1 1
1177 1405 17 19 1 0
1284 1320 17 19 1 1
1473 1361 17 19 1 0
1653 1461 54 65 1 0
1866 1359 17 19 1 0
860 1340 17 19 1 1
476 1345 17 19 1 1
813 1556 54 65 1 0
939 1382 17 19 1 0
1830 1360 17 19 1 0
1265 1440 54 65 1 0
980 1360 17 19 1 0
125 1332 17 19 1 1
792 1406 17 19 1 0
459 1432 28 49 1 0
1760 1372 17 19 1 0
1829 1384 17 19 1 0
961 1347 17 19 1 1
2033 1384 17 19 1 0
1790 1334 17 19 1 1
1421 1457 54 65 1 0
1758 1329 17 19 1 1
518 1658 54 65 1 0
1736 1488 54 65 1 0
1362 1362 17 19 1 0
2061 1362 17 19 1 0
1183 1527 54 65 1 0
2443 1375 17 19 1 0
2360 1361 17 19 1 0
968 1366 17 19 1 0
1627 1347 17 19 1 1
1430 1341 17 19 1 1
666 1444 54 65 1 0
177 1407 17 19 1 0
1735 1519 54 65 1 0
2490 1448 54 65 1 0
883 1391 17 19 1 0
230 1465 27 34 1 0
645 1366 17 19 1 0
1513 1347 17 19 1 1
996 1359 17 19 1 0
1970 1341 17 19 1 1
1807 1369 17 19 1 0
1952 1422 28 49 1 0
2388 1532 54 65 1 0
589 1546 54 65 1 0
157 1372 17 19 1 0
2369 1347 17 19 1 1
264 1342 17 19 1 1
2248 1361 17 19 1 0
823 1637 54 65 1 0
1391 1344 17 19 1 1
2022 1360 17 19 1 0
415 1381 17 19 1 0
2387 1344 17 19 1 1
796 1458 54 65 1 0
1683 1357 17 19 1 0
1597 1429 28 49 1 0
705 1386 17 19 1 0
2058 1343 17 19 1 1
2106 1398 17 19 1 0
2358 1335 17 19 1 1
2305 1360 17 19 1 0
1328 1372 17 19 1 0
260 1356 17 19 1 0
1299 1363 17 19 1 0
1226 1453 54 65 1 0
2337 1330 17 19 1 1
2392 1328 17 19 1 1
738 1354 17 19 1 1
191 1522 27 34 1 0
262 1642 27 34 1 0
1405 1316 17 19 1 1
2364 1440 54 65 1 0
1408 1509 54 65 1 0
1024 1396 17 19 1 0
1904 1358 17 19 1 0
63 1332 17 19 1 1
2310 1342 17 19 1 1
1664 1325 17 19 1 1
1590 1359 17 19 1 0
2399 1346 17 19 1 1
880 1342 17 19 1 1
2472 1351 17 19 1 1
1776 1418 17 19 1 0
2437 1333 17 19 1 1
695 1361 17 19 1 0
2394 1395 17 19 1 0
514 1405 17 19 1 0
1961 1379 17 19 1 0
1839 1335 17 19 1 1
831 1365 17 19 1 0
2308 1511 54 65 1 0
815 1355 17 19 1 1
1148 1330 17 19 1 1
79 1389 17 19 1 0
1720 1377 17 19 1 0
1943 1385 17 19 1 0
2116 1362 17 19 1 0
1869 1343 17 19 1 1
516 1347 17 19 1 1
65 1354 17 19 1 1
810 1363 17 19 1 0
1239 1339 17 19 1 1
2345 1339 17 19 1 1
1849 1423 28 49 1 0
2142 1327 17 19 1 1
2489 1335 17 19 1 1
1273 1376 17 19 1 0
335 1351 17 19 1 1
1444 1381 17 19 1 0
1475 1582 54 65 1 0
52 1563 27 34 1 0
701 1368 17 19 1 0
1672 1356 17 19 1 0
1649 1397 17 19 1 0
1399 1427 28 49 1 0
1731 1352 17 19 1 1
720 1428 28 49 1 0
2187 1364 17 19 1 0
827 1407 17 19 1 0
834 1348 17 19 1 1
669 1371 17 19 1 0
1263 1471 54 65 1 0
2043 1332 17 19 1 1
1322 1348 17 19 1 1
1754 1384 17 19 1 0
208 1349 17 19 1 1
1853 1350 17 19 1 1
1733 1372 17 19 1 0
727 1345 17 19 1 1
1236 1407 17 19 1 0
1432 1321 17 19 1 1
1752 1369 17 19 1 0
1678 1435 54 65 1 0
308 1479 28 49 1 0
750 1629 54 65 1 0
1480 1327 17 19 1 1
1315 1581 54 65 1 0
1679 1333 17 19 1 1
2071 1438 54 65 1 0
2485 1553 54 65 1 0
2451 1355 17 19 1 1
2348 1474 54 65 1 0
1741 1343 17 19 1 1
982 1351 17 19 1 1
1706 1347 17 19 1 1
1753 1344 17 19 1 1
1088 1379 17 19 1 0
1644 1358 17 19 1 0
316 1345 17 19 1 1
220 1552 27 34 1 0
221 1416 17 19 1 0
836 1372 17 19 1 0
423 1356 17 19 1 0
683 1376 17 19 1 0
2199 1347 17 19 1 1
148 1339 17 19 1 1
758 1364 17 19 1 0
1685 1336 17 19 1 1
1464 1350 17 19 1 1
2322 1330 17 19 1 1
2050 1546 54 65 1 0
2333 1342 17 19 1 1
842 1360 17 19 1 0
1667 1337 17 19 1 1
1819 1340 17 19 1 1
509 1482 54 65 1 0
1638 1346 17 19 1 1
2365 1395 17 19 1 0
2227 1382 17 19 1 0
1600 1359 17 19 1 0
920 1428 28 49 1 0
360 1328 17 19 1 1
2451 1335 17 19 1 1
1701 1337 17 19 1 1
1805 1574 54 65 1 0
1609 1335 17 19 1 1
2080 1333 17 19 1 1
2030 1599 54 65 1 0
1763 1326 17 19 1 1
2478 1333 17 19 1 1
1809 1356 17 19 1 0
754 1355 17 19 1 1
2240 1371 17 19 1 0
1509 1331 17 19 1 1
1661 1393 17 19 1 0
2231 1351 17 19 1 1
1378 1356 17 19 1 0
1449 1330 17 19 1 1
1928 1459 54 65 1 0
1428 1347 17 19 1 1
2335 1426 28 49 1 0
337 1395 17 19 1 0
369 1350 17 19 1 1
2291 1357 17 19 1 0
882 1378 17 19 1 0
2278 1443 54 65 1 0
210 1335 17 19 1 1
2072 1353 17 19 1 1
1668 1330 17 19 1 1
1619 1360 17 19 1 0
579 1340 17 19 1 1
1381 1344 17 19 1 1
2159 1327 17 19 1 1
2331 1353 17 19 1 1
954 1354 17 19 1 1
2081 1410 17 19 1 0
2045 1344 17 19 1 1
2116 1350 17 19 1 1
647 1430 28 49 1 0
2338 1369 17 19 1 0
683 1474 54 65 1 0
1849 1615 54 65 1 0
954 1370 17 19 1 0
1991 1337 17 19 1 1
1129 1426 28 49 1 0
952 1401 17 19 1 0
2025 1368 17 19 1 0
373 1454 54 65 1 0
1917 1429 28 49 1 0
