377 273 34 40 1 1
1531 287 34 48 1 0
520 442 88 107 1 0
1231 215 30 28 1 1
1482 214 35 38 1 1
2061 510 62 74 1 0
1134 212 30 28 1 1
1411 269 34 48 1 0
730 259 34 40 1 1
321 256 47 64 1 1
138 464 41 52 1 0
826 294 35 46 1 1
447 266 34 40 2 1
1180 223 30 28 1 1
700 284 42 58 1 0
845 376 49 72 1 0
969 446 62 74 1 0
1222 281 34 48 1 0
1347 217 35 38 1 1
413 231 34 40 1 1
475 265 34 40 2 1
1704 332 38 42 1 0
1478 455 73 101 1 0
1822 512 62 74 1 0
1749 233 35 38 1 0
156 298 47 64 2 0
475 242 34 40 2 1
1134 256 35 46 1 1
500 305 42 58 1 0
1066 428 62 74 1 0
1772 391 38 42 1 0
600 311 42 58 1 0
750 248 34 40 1 1
1250 268 34 48 1 0
792 286 35 46 1 0
927 382 49 72 1 0
108 247 26 34 1 1
240 260 47 64 1 1
1213 360 34 48 1 0
1618 428 28 37 1 0
1024 238 30 28 1 1
1301 236 35 38 1 1
254 289 47 64 1 1
1382 262 35 38 1 0
1623 245 35 38 1 1
912 340 49 72 1 0
1106 226 30 28 1 1
1914 668 122 174 1 0
1358 255 35 38 1 1
994 293 35 46 1 1
1379 209 35 38 1 1
1194 261 35 46 1 1
349 446 88 107 1 0
596 390 44 65 1 0
50 230 26 34 1 1
1086 346 35 46 1 0
1202 311 34 48 1 0
854 275 35 46 2 1
880 374 49 72 1 0
1437 359 34 48 1 0
1992 445 62 74 1 0
178 295 47 64 2 1
1433 228 35 38 1 1
390 245 34 40 1 1
1274 220 35 38 1 1
478 369 45 64 1 0
657 243 34 40 1 1
960 294 35 46 1 1
753 306 34 40 1 0
1024 289 35 46 1 1
887 261 35 46 1 1
838 275 35 46 2 1
1129 364 34 48 1 0
1709 243 35 38 1 0
531 224 34 40 1 1
288 546 88 107 1 0
431 327 42 58 1 0
758 274 35 46 1 0
1411 478 73 101 1 0
8 350 27 55 1 0
1045 278 35 46 1 0
443 284 42 58 2 0
1583 257 35 38 1 1
1540 235 35 38 1 1
35 319 26 34 1 0
1488 266 35 38 1 0
672 429 44 65 1 0
579 236 34 40 1 1
345 310 47 64 1 0
