143 159 7 8 1 0
558 155 7 8 1 0
772 165 7 8 1 0
1693 189 10 11 1 0
1016 214 10 11 1 0
881 254 8 10 1 0
628 178 7 8 1 0
734 248 8 10 1 0
965 192 10 11 1 0
798 133 7 8 1 0
391 189 7 8 1 0
1375 200 10 11 1 0
999 160 10 11 1 0
1232 154 10 11 1 0
865 176 7 8 1 0
1383 175 10 11 1 0
1275 146 10 11 1 0
771 174 7 8 1 0
842 146 7 8 1 0
501 187 7 8 1 0
855 231 8 10 1 0
492 310 16 20 1 0
356 205 8 10 1 0
883 298 16 20 1 0
277 249 8 10 1 0
954 190 10 11 1 0
1324 188 10 11 1 0
1037 245 10 11 1 0
1419 205 10 11 1 0
953 174 10 11 1 0
1680 176 10 11 1 0
619 825 153 180 1 0
1353 192 10 11 1 0
678 193 7 8 1 0
794 143 7 8 1 0
616 181 7 8 1 0
1901 206 9 10 1 0
936 188 10 11 1 0
635 228 8 10 1 0
805 165 7 8 1 0
446 484 44 46 1 0
650 272 16 20 1 0
192 221 8 10 1 0
701 179 7 8 1 0
830 226 8 10 1 0
824 170 7 8 1 0
693 164 7 8 1 0
804 143 7 8 1 0
465 177 7 8 1 0
338 185 7 8 1 0
235 187 7 8 1 0
873 236 8 10 1 0
1909 550 26 30 1 0
798 144 7 8 1 0
1866 195 8 9 1 0
1324 222 16 17 1 0
853 155 7 8 1 0
1476 234 16 17 1 0
509 233 8 10 1 0
1477 689 78 90 1 0
693 149 7 8 1 0
749 171 7 8 1 0
838 187 7 8 1 0
542 165 7 8 1 0
1378 265 16 17 1 0
1472 168 10 11 1 0
926 200 8 10 1 0
190 157 7 8 1 0
978 184 10 11 1 0
832 150 7 8 1 0
223 157 7 8 1 0
787 160 7 8 1 0
1646 166 10 11 1 0
688 430 44 46 1 0
1449 165 10 11 1 0
578 197 8 10 1 0
335 168 7 8 1 0
650 256 8 10 1 0
1171 171 10 11 1 0
1522 215 6 7 1 0
356 168 7 8 1 0
1604 167 10 11 1 0
652 155 7 8 1 0
1657 208 10 11 1 0
1884 205 9 10 1 0
284 190 7 8 1 0
695 257 8 10 1 0
741 170 7 8 1 0
950 621 78 90 1 0
412 173 7 8 1 0
1609 1063 78 90 1 0
625 156 7 8 1 0
1023 192 10 11 1 0
1177 198 10 11 1 0
1393 189 10 11 1 0
666 271 16 20 1 0
1080 239 10 11 1 0
752 157 7 8 1 0
505 170 7 8 1 0
758 178 7 8 1 0
1498 197 10 11 1 0
114 162 7 8 1 0
252 170 7 8 1 0
650 179 7 8 1 0
214 191 7 8 1 0
363 463 44 46 1 0
501 223 8 10 1 0
1638 223 16 17 1 0
1742 191 10 11 1 0
1220 226 16 17 1 0
1043 199 10 11 1 0
1062 185 10 11 1 0
1084 134 10 11 1 0
1793 196 6 7 1 0
1780 184 6 7 1 0
1367 542 31 35 1 0
1301 232 16 17 1 0
1396 150 10 11 1 0
893 153 7 8 1 0
997 355 16 20 1 0
625 202 8 10 1 0
813 145 7 8 1 0
1289 444 16 17 1 0
362 414 44 46 1 0
746 144 7 8 1 0
785 293 16 20 1 0
817 164 7 8 1 0
1090 181 10 11 1 0
731 308 16 20 1 0
1086 226 10 11 1 0
1170 207 10 11 1 0
656 233 8 10 1 0
637 199 8 10 1 0
1557 240 16 17 1 0
1252 211 10 11 1 0
1242 213 6 7 1 0
1702 210 10 11 1 0
903 171 7 8 1 0
713 147 7 8 1 0
1235 251 16 17 1 0
822 152 7 8 1 0
819 226 8 10 1 0
304 282 16 20 1 0
344 278 16 20 1 0
290 153 7 8 1 0
1202 192 10 11 1 0
994 203 10 11 1 0
260 154 7 8 1 0
1156 221 16 17 1 0
727 156 7 8 1 0
590 158 7 8 1 0
691 180 7 8 1 0
1501 258 16 17 1 0
679 152 7 8 1 0
667 170 7 8 1 0
161 157 7 8 1 0
862 167 7 8 1 0
444 199 8 10 1 0
405 173 7 8 1 0
177 229 8 10 1 0
843 241 8 10 1 0
261 198 8 10 1 0
1168 249 16 17 1 0
1453 209 10 11 1 0
741 235 8 10 1 0
1640 174 10 11 1 0
191 188 7 8 1 0
1709 189 10 11 1 0
1044 149 10 11 1 0
842 174 7 8 1 0
661 245 8 10 1 0
372 175 7 8 1 0
1825 193 6 7 1 0
1839 206 8 9 1 0
1763 272 16 17 1 0
891 186 7 8 1 0
1547 176 10 11 1 0
197 174 7 8 1 0
481 422 44 46 1 0
704 170 7 8 1 0
1066 200 10 11 1 0
329 340 16 20 1 0
978 216 10 11 1 0
940 157 10 11 1 0
362 313 16 20 1 0
862 139 7 8 1 0
884 236 8 10 1 0
1122 151 10 11 1 0
391 176 7 8 1 0
399 164 7 8 1 0
607 149 7 8 1 0
723 179 7 8 1 0
294 216 8 10 1 0
241 165 7 8 1 0
1532 160 10 11 1 0
546 204 8 10 1 0
394 265 8 10 1 0
725 167 7 8 1 0
528 174 7 8 1 0
1330 246 16 17 1 0
1269 216 6 7 1 0
746 194 7 8 1 0
1338 191 10 11 1 0
1109 178 10 11 1 0
1296 218 6 7 1 0
331 475 44 46 1 0
594 164 7 8 1 0
734 180 7 8 1 0
1244 203 10 11 1 0
874 166 7 8 1 0
1503 216 6 7 1 0
290 540 110 107 1 0
857 149 7 8 1 0
933 362 16 20 1 0
1345 217 6 7 1 0
265 187 7 8 1 0
282 215 8 10 1 0
507 152 7 8 1 0
358 192 7 8 1 0
1463 191 10 11 1 0
1145 180 10 11 1 0
1242 712 78 90 1 0
1171 224 16 17 1 0
1326 168 10 11 1 0
1557 214 6 7 1 0
1706 515 47 53 1 0
1669 191 10 11 1 0
889 192 7 8 1 0
696 243 8 10 1 0
736 145 7 8 1 0
957 150 10 11 1 0
501 239 8 10 1 0
364 167 7 8 1 0
855 171 7 8 1 0
843 485 44 46 1 0
1407 205 10 11 1 0
477 183 7 8 1 0
432 181 7 8 1 0
1605 200 10 11 1 0
1214 190 10 11 1 0
377 765 153 180 1 0
827 256 8 10 1 0
1441 146 10 11 1 0
1275 239 16 17 1 0
1108 191 10 11 1 0
655 146 7 8 1 0
443 261 8 10 1 0
1536 196 10 11 1 0
773 139 7 8 1 0
885 145 7 8 1 0
493 169 7 8 1 0
254 223 8 10 1 0
626 151 7 8 1 0
538 148 7 8 1 0
956 182 10 11 1 0
1588 227 16 17 1 0
733 152 7 8 1 0
890 140 7 8 1 0
728 161 7 8 1 0
898 204 8 10 1 0
1743 209 10 11 1 0
1639 207 10 11 1 0
997 192 10 11 1 0
1465 161 10 11 1 0
293 183 7 8 1 0
1536 180 10 11 1 0
754 144 7 8 1 0
1266 185 10 11 1 0
625 443 44 46 1 0
1444 195 10 11 1 0
1464 215 6 7 1 0
1093 195 10 11 1 0
1135 190 10 11 1 0
880 177 7 8 1 0
953 321 16 20 1 0
543 227 8 10 1 0
1052 236 10 11 1 0
278 229 8 10 1 0
417 183 7 8 1 0
908 259 8 10 1 0
356 320 16 20 1 0
1757 595 78 90 1 0
1914 621 78 90 1 0
327 242 8 10 1 0
1163 176 10 11 1 0
1422 193 10 11 1 0
602 172 7 8 1 0
328 202 8 10 1 0
748 247 8 10 1 0
795 160 7 8 1 0
1645 183 10 11 1 0
516 224 8 10 1 0
910 209 8 10 1 0
613 162 7 8 1 0
1095 160 10 11 1 0
