706 102 12 13 1 0
649 36 12 13 1 0
106 115 12 16 1 0
304 69 12 13 1 0
622 261 17 18 1 0
434 117 13 17 1 0
150 209 13 17 1 0
259 307 17 18 1 0
342 187 13 17 1 0
445 268 17 18 1 0
522 46 12 13 1 0
730 310 17 18 1 0
145 153 13 17 1 0
356 97 12 13 1 0
404 51 12 13 1 0
630 169 13 17 1 0
713 66 12 13 1 0
570 309 17 18 1 0
748 201 13 17 1 0
151 13 12 13 1 0
72 116 12 16 1 0
544 171 13 17 1 0
506 157 13 17 1 0
316 205 13 17 1 0
431 81 12 13 1 0
226 136 13 17 1 0
343 110 12 15 1 0
372 77 12 13 1 0
609 53 12 13 1 0
280 306 17 18 1 0
18 147 13 17 1 0
278 158 13 17 1 0
193 60 12 13 1 0
360 152 13 17 1 0
457 100 12 13 1 0
712 208 13 17 1 0
402 253 17 18 1 0
732 92 12 13 1 0
404 169 13 17 1 0
515 29 12 13 1 0
306 185 13 17 1 0
321 300 17 18 1 0
308 105 12 13 1 0
120 46 12 13 1 0
278 23 12 13 1 0
563 47 12 13 1 0
702 301 17 18 1 0
262 278 17 18 1 0
610 272 17 18 1 0
714 289 17 18 1 0
263 104 12 13 1 0
153 46 12 13 1 0
682 252 17 18 1 0
370 202 13 17 1 0
267 217 13 17 1 0
698 174 13 17 1 0
23 267 17 18 1 0
562 250 17 18 1 0
226 190 13 17 1 0
616 129 13 17 1 0
216 60 12 13 1 0
580 91 12 13 1 0
362 112 12 15 1 0
448 30 12 13 1 0
71 87 12 13 1 0
631 269 17 18 1 0
358 12 12 13 1 0
378 315 17 18 1 0
682 78 12 13 1 0
705 35 12 13 1 0
170 124 13 17 1 0
290 393 17 18 1 0
601 77 12 13 1 0
179 265 17 18 1 0
46 179 13 17 1 0
60 18 12 13 1 0
110 139 13 17 1 0
467 213 13 17 1 0
377 267 17 18 1 0
524 173 13 17 1 0
552 226 13 17 1 0
385 35 12 13 1 0
126 26 12 13 1 0
744 34 12 13 1 0
420 36 12 13 1 0
383 146 13 17 1 0
739 20 12 13 1 0
78 164 13 17 1 0
187 23 12 13 1 0
479 91 12 13 1 0
6 9 12 13 1 0
372 168 13 17 1 0
570 140 13 17 1 0
427 149 13 17 1 0
486 308 17 18 1 0
647 65 12 13 1 0
519 124 13 17 1 0
749 184 13 17 1 0
729 120 13 17 1 0
680 50 12 13 1 0
478 151 13 17 1 0
208 165 13 17 1 0
715 15 12 13 1 0
260 32 12 13 1 0
201 126 13 17 1 0
452 308 17 18 1 0
124 112 13 17 1 0
488 164 13 17 1 0
728 222 13 17 1 0
637 18 12 13 1 0
153 29 12 13 1 0
460 63 12 13 1 0
751 284 17 18 1 0
15 222 15 17 1 0
231 7 12 13 1 0
554 88 12 13 1 0
631 35 12 13 1 0
183 71 12 13 1 0
756 40 12 13 1 0
48 264 17 18 1 0
488 53 12 13 1 0
358 35 12 13 1 0
240 205 13 17 1 0
206 7 12 13 1 0
539 135 13 17 1 0
505 104 12 13 1 0
656 77 12 13 1 0
694 271 17 18 1 0
626 81 12 13 1 0
587 190 13 17 1 0
225 27 12 13 1 0
496 164 13 17 1 0
417 147 13 17 1 0
557 24 12 13 1 0
233 23 12 13 1 0
414 285 17 18 1 0
376 122 13 17 1 0
733 106 12 13 1 0
223 229 13 17 1 0
541 25 12 13 1 0
625 154 13 17 1 0
43 1 12 13 1 0
141 138 13 17 1 0
440 97 12 13 1 0
220 199 13 17 1 0
64 37 12 13 1 0
764 102 12 15 1 0
119 16 12 13 1 0
148 58 12 13 1 0
290 32 12 13 1 0
731 284 17 18 1 0
757 199 13 17 1 0
590 158 13 17 1 0
193 159 13 17 1 0
220 48 12 13 1 0
585 46 12 13 1 0
178 239 13 17 1 0
147 115 13 17 1 0
764 223 13 17 1 0
254 63 12 13 1 0
745 141 13 17 1 0
752 63 12 13 1 0
109 49 12 13 1 0
705 161 13 17 1 0
689 39 12 13 1 0
96 244 17 18 1 0
502 226 13 17 1 0
521 13 12 13 1 0
378 2 12 13 1 0
479 102 12 13 1 0
200 25 12 13 1 0
314 314 17 18 1 0
669 301 17 18 1 0
483 214 13 17 1 0
11 22 12 13 1 0
670 71 12 13 1 0
401 316 17 18 1 0
606 315 17 18 1 0
356 244 17 18 1 0
145 179 13 17 1 0
595 137 13 17 1 0
183 8 12 13 1 0
567 201 13 17 1 0
335 301 17 18 1 0
91 7 12 13 1 0
293 16 12 13 1 0
451 155 13 17 1 0
400 112 12 15 1 0
340 53 12 13 1 0
104 156 13 17 1 0
126 303 17 18 1 0
386 87 12 13 1 0
179 156 13 17 1 0
204 145 13 17 1 0
521 232 13 17 1 0
478 31 12 13 1 0
665 17 12 13 1 0
384 390 17 18 1 0
77 281 17 18 1 0
219 324 17 18 1 0
452 287 17 18 1 0
177 297 17 18 1 0
172 313 17 18 1 0
510 62 12 13 1 0
746 308 17 18 1 0
649 116 12 15 1 0
170 144 13 17 1 0
656 200 13 17 1 0
124 333 17 18 1 0
62 251 17 18 1 0
411 121 13 17 1 0
45 158 13 17 1 0
644 184 13 17 1 0
550 303 17 18 1 0
182 43 12 13 1 0
428 296 17 18 1 0
8 330 17 18 1 0
542 60 12 13 1 0
570 25 12 13 1 0
675 129 13 17 1 0
258 170 13 17 1 0
728 49 12 13 1 0
598 39 12 13 1 0
352 141 13 17 1 0
102 201 13 17 1 0
228 301 17 18 1 0
624 319 17 18 1 0
757 122 13 17 1 0
498 297 17 18 1 0
557 8 12 13 1 0
281 98 12 13 1 0
663 169 13 17 1 0
231 89 12 13 1 0
164 186 13 17 1 0
444 291 17 18 1 0
316 38 12 13 1 0
437 172 13 17 1 0
690 115 12 14 1 0
502 124 13 17 1 0
414 65 12 13 1 0
246 166 13 17 1 0
697 24 12 13 1 0
375 92 12 13 1 0
318 267 17 18 1 0
454 17 12 13 1 0
7 109 12 15 1 0
140 262 17 18 1 0
56 153 13 17 1 0
521 310 17 18 1 0
330 27 12 13 1 0
303 6 12 13 1 0
108 172 13 17 1 0
482 301 17 18 1 0
284 74 12 13 1 0
432 48 12 13 1 0
440 148 13 17 1 0
56 200 13 17 1 0
28 191 13 17 1 0
595 201 13 17 1 0
63 74 12 13 1 0
6 129 12 15 1 0
706 188 13 17 1 0
290 194 13 17 1 0
625 105 12 13 1 0
95 276 17 18 1 0
327 284 17 18 1 0
97 22 12 13 1 0
719 38 12 13 1 0
100 43 12 13 1 0
271 4 12 13 1 0
764 86 12 15 1 0
141 126 13 17 1 0
289 267 17 18 1 0
638 115 12 16 1 0
95 111 12 15 1 0
687 209 13 17 1 0
629 62 12 13 1 0
218 307 17 18 1 0
345 93 12 13 1 0
329 132 13 17 1 0
228 290 17 18 1 0
409 19 12 13 1 0
233 152 13 17 1 0
20 17 12 13 1 0
323 91 12 13 1 0
514 93 12 13 1 0
520 65 12 13 1 0
572 64 12 13 1 0
658 243 15 17 1 0
80 310 17 18 1 0
560 118 13 17 1 0
29 146 13 17 1 0
309 20 12 13 1 0
627 243 15 17 1 0
595 237 13 17 1 0
60 278 17 18 1 0
608 76 12 13 1 0
664 111 12 13 1 0
105 262 17 18 1 0
251 49 12 13 1 0
5 143 13 17 1 0
738 162 13 17 1 0
251 204 13 17 1 0
