6 569 8 10 1 1
710 771 6 8 1 1
475 697 8 8 1 1
1243 862 6 6 1 1
1025 706 5 6 1 1
1177 759 6 6 1 1
857 632 5 6 1 1
864 681 5 6 1 1
428 835 8 8 1 1
922 610 5 6 1 1
548 759 8 8 1 1
56 759 8 11 1 1
895 839 6 8 1 1
1297 827 6 6 1 1
1977 415 4 6 1 1
1121 631 5 6 1 1
1059 646 5 6 1 1
2074 745 7 10 1 1
722 749 6 8 1 1
258 674 8 10 1 1
2135 396 4 6 1 1
352 712 8 8 1 1
2035 595 5 5 1 1
2154 639 5 5 1 1
1919 581 5 5 1 1
1934 847 7 10 1 1
859 666 5 6 1 1
168 601 8 10 1 1
960 860 6 8 1 1
1881 769 7 10 1 1
1607 757 7 10 1 1
1937 696 7 10 1 1
1690 771 7 10 1 1
1335 686 5 6 1 1
812 596 5 6 1 1
943 574 5 6 1 1
1073 775 6 6 1 1
1313 788 6 6 1 1
389 822 8 8 1 1
1357 771 6 6 1 1
829 782 6 8 1 1
1096 736 6 6 1 1
856 771 6 8 1 1
1776 605 5 5 1 1
1253 692 5 6 1 1
1891 773 7 10 1 1
935 589 5 6 1 1
688 759 6 8 1 1
1793 709 7 10 1 1
2029 756 7 10 1 1
98 637 8 10 1 1
933 770 6 8 1 1
760 738 6 8 1 1
1858 661 5 5 1 1
857 615 5 6 1 1
1735 801 7 10 1 1
2007 832 7 10 1 1
473 856 8 8 1 1
1058 641 5 6 1 1
1920 801 7 10 1 1
1300 684 5 6 1 1
677 798 6 8 1 1
1316 676 5 6 1 1
1208 830 6 6 1 1
2127 856 7 10 1 1
1134 838 6 6 1 1
1915 763 7 10 1 1
316 771 8 11 1 1
1259 781 6 6 1 1
522 833 8 8 1 1
1871 854 7 10 1 1
2051 668 5 5 1 1
1393 655 5 6 1 1
1881 825 7 10 1 1
2099 809 7 10 1 1
1772 750 7 10 1 1
2161 752 7 10 1 0
974 594 5 6 1 1
693 817 6 8 1 1
1911 773 7 10 1 1
1871 866 7 10 1 1
1016 807 6 8 1 1
1222 663 5 6 1 1
857 643 5 6 1 1
251 890 8 11 1 1
181 617 8 10 1 1
242 818 8 11 1 1
2089 627 5 5 1 1
1266 682 5 6 1 1
1105 580 5 6 1 1
1657 771 7 10 1 1
1055 659 5 6 1 1
927 699 5 6 1 1
132 706 8 11 1 1
1715 717 7 10 1 1
1644 743 7 10 1 1
203 664 8 10 1 1
1169 579 5 6 1 1
1159 680 5 6 1 1
2104 861 7 10 1 1
2044 709 7 10 1 1
2055 741 7 10 1 1
1903 848 7 10 1 1
630 863 8 8 1 1
400 864 8 8 1 1
1217 699 5 6 1 1
2016 377 4 6 1 1
1826 800 7 10 1 1
1768 590 5 5 1 1
266 608 8 10 1 1
196 825 8 11 1 1
1162 777 6 6 1 1
1010 847 6 8 1 1
94 649 8 10 1 1
985 661 5 6 1 1
570 1645 278 388 3 0
8 761 8 11 1 1
1022 772 6 8 1 1
180 617 8 10 1 1
2168 765 7 10 1 0
2032 605 5 5 1 1
1316 806 6 6 1 1
1161 692 5 6 1 1
1427 756 6 6 1 1
2047 793 7 10 1 1
1125 725 6 6 1 1
1950 766 7 10 1 1
843 610 5 6 1 1
1970 703 7 10 1 1
2089 255 4 6 1 1
1783 777 7 10 1 1
575 585 5 6 1 1
153 656 8 10 1 1
1969 591 5 5 1 1
2056 609 5 5 1 1
2081 740 7 10 1 1
2076 777 7 10 1 1
834 773 6 8 1 1
1077 781 6 6 1 1
771 511 5 6 1 1
14 617 8 10 1 1
669 589 5 6 1 1
1321 767 6 6 1 1
1020 666 5 6 1 1
1822 806 7 10 1 1
1255 716 6 6 1 1
1401 691 5 6 1 1
1882 824 7 10 1 1
25 727 8 10 1 1
12 689 8 10 1 1
2043 376 4 6 1 1
783 698 5 6 1 1
237 633 8 10 1 1
1978 734 7 10 1 1
64 775 8 11 1 1
1101 600 5 6 1 1
1679 749 7 10 1 1
1944 836 7 10 1 1
1052 837 6 6 1 1
2043 630 5 5 1 1
79 682 8 10 1 1
2121 814 7 10 1 1
1146 778 6 6 1 1
1017 699 5 6 1 1
178 625 8 10 1 1
1004 793 6 8 1 1
1988 731 7 10 1 1
1990 836 7 10 1 1
2078 737 7 10 1 1
25 652 8 10 1 1
1970 824 7 10 1 1
1380 816 6 6 1 1
1422 679 5 6 1 1
1321 575 5 6 1 1
689 570 5 6 1 1
1085 819 6 6 1 1
1229 721 6 6 1 1
1034 779 6 8 1 1
1773 711 7 10 1 1
2091 694 6 7 1 1
500 999 22 24 1 1
1906 824 7 10 1 1
1492 759 6 9 1 1
5 829 8 11 1 1
1772 620 5 5 1 1
934 868 6 8 1 1
1318 677 5 6 1 1
1075 737 6 6 1 1
2007 807 7 10 1 1
2077 576 5 5 1 1
1119 710 6 6 1 1
964 599 5 6 1 1
1218 789 6 6 1 1
657 855 6 8 1 1
1902 626 5 5 1 1
286 632 8 10 1 1
1679 678 5 5 1 1
1739 816 7 10 3 1
1764 757 7 10 1 1
672 808 6 8 1 1
918 684 5 6 1 1
1978 766 7 10 1 1
1941 683 5 5 1 1
1111 651 5 6 1 1
2166 604 5 5 1 0
812 854 6 8 1 1
794 622 5 6 1 1
1939 625 5 5 1 1
1961 740 7 10 1 1
1196 693 5 6 1 1
2094 699 7 10 1 1
2021 625 5 5 1 1
1174 648 5 6 1 1
230 564 8 10 1 1
1237 795 6 6 1 1
1134 809 6 6 1 1
1078 659 5 6 1 1
2121 421 4 6 1 1
129 783 8 11 1 1
32 768 8 11 1 1
4 788 8 11 1 1
1393 685 5 6 1 1
1876 718 7 10 1 1
1042 754 6 8 1 1
1956 615 5 5 1 1
1256 779 6 6 1 1
1040 695 5 6 1 1
871 752 6 8 1 1
1273 848 6 6 1 1
681 744 6 8 1 1
767 656 5 6 1 1
1305 862 6 6 1 1
1233 647 5 6 1 1
74 748 8 11 1 1
1959 763 7 10 1 1
1230 612 5 6 1 1
72 690 8 10 1 1
817 893 6 8 1 1
1916 616 5 5 1 1
39 577 8 10 1 1
1940 567 5 5 1 1
1058 735 6 7 1 1
729 771 6 8 1 1
1385 703 6 6 1 1
1125 674 5 6 1 1
873 876 6 8 1 1
990 791 6 8 1 1
2168 775 7 10 1 0
912 798 6 8 1 1
1954 639 5 5 1 1
2138 289 4 6 1 1
1959 809 7 10 1 1
893 756 6 8 1 1
968 817 6 8 1 1
1256 775 6 6 1 1
805 839 6 8 1 1
896 836 6 8 1 1
1493 776 6 9 1 1
1854 786 7 10 1 1
2170 283 4 6 1 0
367 759 8 8 1 1
1858 841 7 10 1 1
1955 576 5 5 1 1
2048 807 7 10 1 1
1977 786 7 10 1 1
2114 732 7 10 1 1
121 585 8 10 1 1
1400 661 5 6 1 1
2011 651 5 5 1 1
1312 832 6 6 1 1
1925 835 7 10 1 1
2164 794 7 10 1 0
1309 620 5 6 1 1
1918 481 4 6 1 1
2104 625 5 5 1 1
1761 800 7 10 1 1
905 552 5 6 1 1
1263 629 5 6 1 1
1764 743 7 10 1 1
942 637 5 6 1 1
1787 737 7 10 1 1
1986 424 4 6 1 1
2089 573 5 5 1 1
2147 846 7 10 1 1
1041 750 6 8 1 1
376 835 8 8 1 1
1093 675 5 6 1 1
1415 718 6 6 1 1
1720 760 7 10 1 1
2096 625 5 5 1 1
1813 756 7 10 1 1
890 640 5 6 1 1
1830 799 7 10 1 1
928 843 6 8 1 1
824 836 6 8 1 1
235 710 8 11 1 1
2060 584 5 5 1 1
196 600 8 10 1 1
1127 817 6 6 1 1
2012 775 7 10 1 1
188 723 8 11 1 1
2091 793 7 10 1 1
1782 791 7 10 1 1
1134 658 5 6 1 1
1947 606 5 5 1 1
1140 615 5 6 1 1
206 635 8 10 1 1
713 857 6 8 1 1
1778 755 7 10 1 1
618 829 8 8 1 1
2020 841 7 10 1 1
101 771 8 11 1 1
960 658 5 6 1 1
1206 635 5 6 1 1
1219 902 9 10 1 1
1939 765 7 10 1 1
1112 788 6 6 1 1
1815 751 7 10 1 1
1999 597 5 5 1 1
661 713 7 8 1 1
2004 658 5 5 1 1
4 634 8 10 1 1
1941 813 7 10 1 1
522 707 8 8 1 1
1848 597 5 5 1 1
2151 589 5 5 1 1
1864 811 7 10 1 1
1075 605 5 6 1 1
1646 801 7 10 1 1
1092 773 6 6 1 1
1233 750 6 6 1 1
1244 725 6 6 1 1
1247 619 5 6 1 1
711 727 6 8 1 1
2015 412 4 6 1 1
2032 572 5 5 1 1
1367 700 6 6 1 1
982 829 6 8 1 1
549 809 8 8 1 1
291 887 8 11 1 1
1820 806 7 10 1 1
1895 564 5 5 1 1
1254 620 5 6 1 1
1960 602 5 5 1 1
770 670 5 6 1 1
1875 629 5 5 1 1
654 598 5 6 1 1
1182 579 5 6 1 1
1679 688 5 5 1 1
1932 581 5 5 1 1
1801 614 5 5 1 1
1173 698 5 6 1 1
1923 805 7 10 1 1
1114 744 6 6 1 1
795 775 6 8 1 1
1918 696 7 10 1 1
1062 868 6 7 1 1
741 792 6 8 1 1
967 794 6 8 1 1
1862 834 7 10 1 1
2073 669 5 5 1 1
1018 774 6 8 1 1
2145 752 7 10 1 1
1882 487 4 6 1 1
2042 384 4 6 1 1
1058 809 6 6 1 1
407 736 8 8 1 1
1029 850 6 8 1 1
737 631 5 6 1 1
122 707 8 11 1 1
1310 593 5 6 1 1
1278 770 6 6 1 1
1935 665 5 5 1 1
863 663 5 6 1 1
1687 800 7 10 1 1
461 851 8 8 1 1
2103 754 7 10 1 1
2049 444 4 6 1 1
969 809 6 8 1 1
1851 854 7 10 1 1
7 862 8 11 1 1
23 688 8 10 1 1
1328 789 6 6 1 1
2137 623 5 5 1 1
2052 674 5 5 1 1
759 731 6 8 1 1
2060 646 5 5 1 1
1178 776 6 6 1 1
2023 667 5 5 1 1
733 572 5 6 1 1
661 848 6 8 1 1
27 865 8 11 1 1
262 713 8 11 1 1
2174 800 7 10 1 0
1329 634 5 6 1 1
1774 771 7 10 1 1
971 756 6 8 1 1
1153 617 5 6 1 1
1610 778 7 10 1 1
1962 858 7 10 1 1
2172 599 5 5 1 0
102 631 8 10 1 1
1208 754 6 6 1 1
1257 746 6 6 1 1
668 615 5 6 1 1
1104 846 6 6 1 1
1310 651 5 6 1 1
1041 653 5 6 1 1
935 762 6 8 1 1
1036 662 5 6 1 1
1993 637 5 5 1 1
808 619 5 6 1 1
1633 694 7 10 1 1
905 775 6 8 1 1
931 599 5 6 1 1
2143 726 7 10 1 1
351 889 8 8 1 1
2068 762 7 10 1 1
803 838 6 8 1 1
806 747 6 8 1 1
834 713 5 7 1 1
1959 789 7 10 1 1
1238 666 5 6 1 1
594 823 8 8 1 1
149 625 8 10 1 1
1984 597 5 5 1 1
2129 661 5 5 1 1
766 631 5 6 1 1
2120 681 5 5 1 1
1966 814 7 10 1 1
23 796 8 11 1 1
981 862 6 8 1 1
874 836 6 8 1 1
1351 822 6 6 1 1
633 765 8 8 1 1
751 868 6 8 1 1
2163 833 7 10 1 0
1045 757 6 8 1 1
237 838 8 11 1 1
1901 671 5 5 1 1
1347 741 6 6 1 1
1571 741 7 10 1 1
2102 742 7 10 1 1
331 668 8 10 1 1
2151 766 7 10 1 1
768 598 5 6 1 1
1875 574 5 5 1 1
670 725 6 8 1 1
1915 575 5 5 1 1
1265 633 5 6 1 1
1287 849 6 6 1 1
1175 756 6 6 1 1
133 699 8 11 1 1
246 881 8 11 1 1
1769 813 7 10 1 1
685 839 6 8 1 1
137 655 8 10 1 1
818 623 5 6 1 1
798 601 5 6 1 1
83 594 8 10 1 1
1177 641 5 6 1 1
762 615 5 6 1 1
1788 786 7 10 1 1
1811 794 7 10 1 1
235 613 8 10 1 1
880 616 5 6 1 1
177 762 8 11 1 1
899 654 5 6 1 1
101 606 8 10 1 1
1545 769 7 10 1 1
1089 856 6 6 1 1
1723 761 7 10 1 1
1426 795 6 6 1 1
207 647 8 10 1 1
2116 616 5 5 1 1
2129 858 7 10 1 1
57 592 8 10 1 1
1837 583 5 5 1 1
1065 704 6 6 1 1
2041 736 7 10 1 1
1797 729 7 10 1 1
995 721 5 7 1 1
1263 720 6 6 1 1
1192 837 6 6 1 1
897 732 6 8 1 1
59 757 8 11 1 1
1191 672 5 6 1 1
870 801 6 8 1 1
957 657 5 6 1 1
1656 676 5 6 1 1
871 573 5 6 1 1
95 702 8 11 1 1
62 712 8 11 1 1
1113 634 5 6 1 1
873 800 6 8 1 1
96 640 8 10 1 1
2054 774 7 10 1 1
1293 656 5 6 1 1
1737 816 7 10 3 1
1374 860 6 6 1 1
2123 690 5 6 1 1
603 809 8 8 1 1
348 742 8 8 1 1
187 748 8 11 1 1
1952 834 7 10 1 1
2026 386 4 6 1 1
1482 763 6 9 1 1
1666 685 6 7 1 1
1174 589 5 6 1 1
1255 709 6 6 1 1
1231 756 6 6 1 1
751 613 5 6 1 1
2152 783 7 10 1 1
1011 638 5 6 1 1
1260 847 6 6 1 1
716 605 5 6 1 1
1854 581 5 5 1 1
1968 677 5 5 1 1
1253 792 6 6 1 1
1089 709 6 6 1 1
362 733 8 8 1 1
1728 776 7 10 1 1
12 725 8 10 1 1
252 1168 38 52 3 1
2162 638 5 5 1 0
106 610 8 10 1 1
2058 835 7 10 1 1
1704 647 5 5 1 1
962 584 5 6 1 1
701 839 6 8 1 1
1923 846 7 10 1 1
1675 812 7 10 1 1
1697 657 5 5 1 1
132 739 8 11 1 1
67 594 8 10 1 1
168 612 8 10 1 1
55 618 8 10 1 1
1766 725 7 10 1 1
102 607 8 10 1 1
521 759 8 8 1 1
2032 662 5 5 1 1
1974 827 7 10 1 1
1265 746 6 6 1 1
1855 760 7 10 1 1
2013 845 7 10 1 1
699 828 6 8 1 1
365 867 8 8 1 1
2075 667 5 5 1 1
788 805 6 8 1 1
694 768 6 8 1 1
1988 833 7 10 1 1
864 650 5 6 1 1
1946 752 7 10 1 1
917 804 6 8 1 1
1781 586 5 5 1 1
878 580 5 6 1 1
448 876 8 8 1 1
1917 700 7 10 1 1
1270 782 6 6 1 1
929 700 5 6 1 1
2173 775 7 10 1 0
1121 756 6 6 1 1
2134 607 5 5 1 1
1028 787 6 8 1 1
2021 705 7 10 1 1
1636 738 7 10 1 1
1259 796 6 6 1 1
2067 613 5 5 1 1
1987 696 7 10 1 1
1381 846 6 6 1 1
178 724 8 11 1 1
1990 739 7 10 1 1
1053 579 5 6 1 1
2115 300 4 6 1 1
2133 240 4 6 1 1
1760 773 7 10 1 1
889 668 5 6 1 1
1930 753 7 10 1 1
1331 647 5 6 1 1
2075 830 7 10 1 1
2164 851 7 10 1 0
37 847 8 11 1 1
206 780 8 11 1 1
2078 669 5 5 1 1
664 580 5 6 1 1
32 595 8 10 1 1
2067 577 5 5 1 1
43 571 8 10 1 1
2137 616 5 5 1 1
2053 573 5 5 1 1
153 604 8 10 1 1
697 580 5 6 1 1
234 626 8 10 1 1
2068 296 4 6 1 1
2076 381 4 6 1 1
2105 253 4 6 1 1
520 686 8 8 1 1
1954 566 5 5 1 1
1813 570 5 5 1 1
1949 664 5 5 1 1
1851 773 7 10 1 1
950 751 6 8 1 1
779 696 5 6 1 1
999 584 5 6 1 1
46 697 8 10 1 1
1054 764 6 7 1 1
995 859 6 8 1 1
2101 583 5 5 1 1
1697 797 7 10 1 1
707 792 6 8 1 1
701 749 6 8 1 1
1804 802 7 10 1 1
2090 617 5 5 1 1
2165 824 7 10 1 0
1224 590 5 6 1 1
1238 603 5 6 1 1
644 811 8 8 1 1
81 800 8 11 1 1
654 790 6 8 1 1
947 624 5 6 1 1
1584 853 7 10 1 1
171 646 8 10 1 1
244 730 8 11 1 1
505 686 8 8 1 1
691 723 6 8 1 1
1177 599 5 6 1 1
1996 671 5 5 1 1
1269 752 6 6 1 1
1952 811 7 10 1 1
1671 784 7 10 1 1
2141 281 4 6 1 1
693 856 6 8 1 1
1087 812 6 6 1 1
2052 382 4 6 1 1
950 642 5 6 1 1
380 689 8 8 1 1
2102 378 4 6 1 1
1089 837 6 6 1 1
1209 771 6 6 1 1
748 636 5 6 1 1
20 880 8 11 1 1
1881 832 7 10 1 1
1052 749 6 7 1 1
1811 773 7 10 1 1
1983 729 7 10 1 1
1942 851 7 10 1 1
1709 763 7 10 1 1
987 625 5 6 1 1
1870 752 7 10 1 1
652 831 8 8 1 1
71 668 8 10 1 1
2166 573 5 5 1 0
920 641 5 6 1 1
119 612 8 10 1 1
1021 783 6 8 1 1
1119 646 5 6 1 1
846 816 6 8 1 1
809 844 6 8 1 1
865 777 6 8 1 1
2165 609 5 5 1 0
1060 883 6 7 1 1
2021 796 7 10 1 1
1802 737 7 10 1 1
87 688 8 10 1 1
75 1509 38 52 1 0
2000 858 7 10 1 1
1282 776 6 6 1 1
889 731 6 8 1 1
1634 669 6 8 1 1
895 795 6 8 1 1
1221 635 5 6 1 1
2001 607 5 5 1 1
953 761 6 8 1 1
1729 709 7 10 1 1
1289 783 6 6 1 1
950 849 6 8 1 1
886 675 5 6 1 1
2028 717 7 10 1 1
1945 789 7 10 1 1
117 707 8 11 1 1
1881 807 7 10 1 1
152 556 8 10 1 1
1003 640 5 6 1 1
1783 804 7 10 1 1
973 510 5 6 1 1
1070 756 6 6 1 1
875 830 6 8 1 1
204 662 8 10 1 1
1385 733 6 6 1 1
891 829 6 8 1 1
693 741 6 8 1 1
892 732 6 8 1 1
33 787 8 11 1 1
1108 632 5 6 1 1
2106 772 7 10 1 1
1301 648 5 6 1 1
1208 795 6 6 1 1
1009 618 5 6 1 1
986 671 5 6 1 1
1321 807 6 6 1 1
2144 740 7 10 1 1
1037 723 5 6 1 1
72 1511 38 52 1 0
1295 586 5 6 1 1
521 819 8 8 1 1
2046 861 7 10 1 1
1032 616 5 6 1 1
119 700 8 11 1 1
2066 584 5 5 1 1
1276 600 5 6 1 1
601 869 8 8 1 1
725 740 6 8 1 1
2005 628 5 5 1 1
104 731 8 11 1 1
1315 747 6 6 1 1
96 653 8 10 1 1
2038 845 7 10 1 1
2149 732 7 10 1 1
463 708 8 8 1 1
2125 308 4 6 1 1
1273 777 6 6 1 1
1958 844 7 10 1 1
1580 748 7 10 1 1
1109 602 5 6 1 1
804 856 6 8 1 1
1096 579 5 6 1 1
1669 736 7 10 1 1
1322 788 6 6 1 1
2164 843 7 10 1 0
789 737 6 8 1 1
165 700 8 11 1 1
38 755 8 11 1 1
1903 786 7 10 1 1
919 882 6 8 1 1
910 605 5 6 1 1
1825 636 5 5 1 1
1951 591 5 5 1 1
735 602 5 6 1 1
425 764 8 8 1 1
719 599 5 6 1 1
1980 910 11 15 1 1
1286 643 5 6 1 1
1958 582 5 5 1 1
1773 731 7 10 1 1
1064 756 6 6 1 1
2145 574 5 5 1 1
2129 644 5 5 1 1
874 1537 27 44 1 0
1796 786 7 10 1 1
273 779 8 11 1 1
838 833 6 8 1 1
857 876 6 8 1 1
1137 828 6 6 1 1
683 786 6 8 1 1
403 708 8 8 1 1
1150 853 6 6 1 1
161 704 8 11 1 1
809 576 5 6 1 1
680 845 6 8 1 1
1936 744 7 10 1 1
743 864 6 8 1 1
1498 769 6 9 1 1
2059 839 7 10 1 1
53 595 8 10 1 1
132 566 8 10 1 1
1207 844 6 6 1 1
2111 668 5 5 1 1
112 609 8 10 1 1
2113 765 7 10 1 1
2104 311 4 6 1 1
1837 810 7 10 1 1
952 607 5 6 1 1
1931 850 7 10 1 1
950 768 6 8 1 1
2173 708 6 8 1 0
770 610 5 6 1 1
1056 627 5 6 1 1
857 693 5 6 1 1
1900 752 7 10 1 1
890 772 6 8 1 1
1571 712 7 10 1 1
956 640 5 6 1 1
1682 777 7 10 1 1
920 680 5 6 1 1
125 624 8 10 1 1
833 826 6 8 1 1
1238 592 5 6 1 1
1882 672 5 5 1 1
1064 793 6 6 1 1
1016 616 5 6 1 1
1864 677 5 5 1 1
2168 810 7 10 1 0
2088 579 5 5 1 1
196 720 8 11 1 1
50 858 8 11 1 1
2022 320 4 6 1 1
379 825 8 8 1 1
1400 689 5 6 1 1
1403 743 6 6 1 1
840 844 6 8 1 1
2117 731 7 10 1 1
2003 414 4 6 1 1
2064 383 4 6 1 1
40 762 8 11 1 1
770 659 5 6 1 1
1999 767 7 10 1 1
1902 889 11 15 1 1
728 833 6 8 1 1
2090 584 5 5 1 1
1992 583 5 5 1 1
1957 481 4 6 1 1
2150 597 5 5 1 1
1134 806 6 6 1 1
1804 599 5 5 1 1
1184 829 6 6 1 1
2112 840 7 10 1 1
1873 602 5 5 1 1
2027 789 7 10 1 1
1341 745 6 6 1 1
805 687 5 6 1 1
181 853 8 11 1 1
202 820 8 11 1 1
1898 747 7 10 1 1
319 779 8 11 1 1
1076 771 6 6 1 1
1297 633 5 6 1 1
872 853 6 8 1 1
2153 761 7 10 1 1
1127 574 5 6 1 1
1746 791 7 10 1 1
1300 863 6 6 1 1
841 738 6 8 1 1
687 755 6 8 1 1
1384 663 5 6 1 1
895 715 5 7 1 1
1529 763 7 10 1 1
986 643 5 6 1 1
537 562 5 6 1 1
2082 676 5 5 1 1
1073 626 5 6 1 1
1562 750 7 10 1 1
455 814 8 8 1 1
1161 641 5 6 1 1
96 579 8 10 1 1
935 804 6 8 1 1
250 772 8 11 1 1
80 759 8 11 1 1
2121 605 5 5 1 1
1074 773 6 6 1 1
1430 1454 221 313 1 0
1088 574 5 6 1 1
1901 697 7 10 1 1
1015 858 6 8 1 1
1299 621 5 6 1 1
985 770 6 8 1 1
1958 408 4 6 1 1
985 646 5 6 1 1
1125 645 5 6 1 1
1927 808 7 10 1 1
229 683 8 10 1 1
1643 712 7 10 1 1
1097 727 6 6 1 1
1163 614 5 6 1 1
1908 719 7 10 1 1
1530 775 7 10 1 1
1964 675 5 5 1 1
1395 761 6 6 1 1
181 681 8 10 1 1
228 691 8 10 1 1
1226 827 6 6 1 1
2009 734 7 10 1 1
1284 806 6 6 1 1
146 841 8 11 1 1
709 816 6 8 1 1
1101 772 6 6 1 1
960 638 5 6 1 1
1139 652 5 6 1 1
1109 727 6 6 1 1
862 845 6 8 1 1
2104 631 5 5 1 1
915 732 6 8 1 1
1716 731 7 10 1 1
711 874 6 8 1 1
1147 749 6 6 1 1
57 662 8 10 1 1
2033 590 5 5 1 1
1892 835 7 10 1 1
929 817 6 8 1 1
1970 427 4 6 1 1
39 737 8 11 1 1
1222 800 6 6 1 1
946 723 5 7 1 1
1852 750 7 10 1 1
497 866 8 8 1 1
2022 623 5 5 1 1
162 665 8 10 1 1
1502 753 7 10 1 1
1981 751 7 10 1 1
1281 623 5 6 1 1
1617 739 7 10 1 1
590 845 8 8 1 1
1572 777 7 10 1 1
2048 683 5 5 1 1
1164 762 6 6 1 1
1137 810 6 6 1 1
899 745 6 8 1 1
543 849 8 8 1 1
1877 567 5 5 1 1
650 832 8 8 1 1
2092 829 7 10 1 1
1951 764 7 10 1 1
1421 740 6 6 1 1
1293 754 6 6 1 1
2150 466 4 6 1 1
220 760 8 11 1 1
1167 657 5 6 1 1
983 754 6 8 1 1
214 708 8 11 1 1
730 719 6 8 1 1
1832 808 7 10 1 1
2027 571 5 5 1 1
1711 711 7 10 1 1
2090 644 5 5 1 1
223 765 8 11 1 1
927 705 5 6 1 1
1115 613 5 6 1 1
1907 846 7 10 1 1
1534 741 7 10 1 1
1175 700 6 6 1 1
2054 375 4 6 1 1
200 667 8 10 1 1
166 588 8 10 1 1
1869 688 5 5 1 1
2115 748 7 10 1 1
1849 678 5 5 1 1
1681 778 7 10 1 1
1001 672 5 6 1 1
936 794 6 8 1 1
1720 631 5 5 1 1
4 619 8 10 1 1
1869 736 7 10 1 1
1399 761 6 6 1 1
1996 658 5 5 1 1
2004 722 7 10 1 1
921 745 6 8 1 1
1150 707 6 6 1 1
1398 794 6 6 1 1
196 864 8 11 1 1
2006 821 7 10 1 1
1038 600 5 6 1 1
397 835 8 8 1 1
2121 634 5 5 1 1
1990 570 5 5 1 1
577 865 8 8 1 1
549 869 8 8 1 1
1892 612 5 5 1 1
1318 590 5 6 1 1
755 844 6 8 1 1
1267 627 5 6 1 1
1399 798 6 6 1 1
1112 676 5 6 1 1
8 864 8 11 1 1
1204 815 6 6 1 1
428 732 8 8 1 1
130 736 8 11 1 1
1058 779 6 6 1 1
2157 828 7 10 1 1
1846 574 5 5 1 1
1915 765 7 10 1 1
1243 843 6 6 1 1
824 731 6 8 1 1
179 727 8 11 1 1
821 676 5 6 1 1
1617 726 7 10 1 1
1267 639 5 6 1 1
332 821 8 11 1 1
217 617 8 10 1 1
771 626 5 6 1 1
77 723 8 11 1 1
392 868 8 8 1 1
650 717 6 8 1 1
2059 693 5 6 1 1
1070 603 5 6 1 1
362 864 8 8 1 1
860 753 6 8 1 1
1798 725 7 10 1 1
78 664 8 10 1 1
1929 829 7 10 1 1
1381 771 6 6 1 1
183 839 8 11 1 1
2050 667 5 5 1 1
1165 616 5 6 1 1
1855 625 5 5 1 1
570 576 5 6 1 1
775 753 6 8 1 1
851 695 5 6 1 1
2147 681 5 5 1 1
1370 688 5 6 1 1
977 814 6 8 1 1
1280 746 6 6 1 1
1880 840 7 10 1 1
2022 438 4 6 1 1
672 722 6 8 1 1
1847 492 4 5 1 1
101 749 8 11 1 1
1886 569 5 5 1 1
1862 811 7 10 1 1
1235 786 6 6 1 1
2141 638 5 5 1 1
558 833 8 8 1 1
1736 660 5 5 1 1
179 702 8 11 1 1
1987 783 7 10 1 1
126 796 8 11 1 1
152 632 8 10 1 1
56 620 8 10 1 1
1823 615 5 5 1 1
1922 740 7 10 1 1
561 737 8 8 1 1
1687 757 7 10 1 1
1976 658 5 5 1 1
822 639 5 6 1 1
751 842 6 8 1 1
779 831 6 8 1 1
957 628 5 6 1 1
1027 757 6 8 1 1
1313 579 5 6 1 1
1329 850 6 6 1 1
14 613 8 10 1 1
1967 696 7 10 1 1
478 830 8 8 1 1
921 765 6 8 1 1
1099 867 6 6 1 1
959 842 6 8 1 1
1957 859 7 10 1 1
944 639 5 6 1 1
1636 768 7 10 1 1
50 798 8 11 1 1
1135 836 6 6 1 1
1808 574 5 5 1 1
2153 591 5 5 1 1
2127 835 7 10 1 1
1420 711 6 6 1 1
2057 619 5 5 1 1
2150 295 4 6 1 1
305 866 8 11 1 1
1883 740 7 10 1 1
1880 624 5 5 1 1
857 648 5 6 1 1
938 613 5 6 1 1
1777 805 7 10 1 1
831 755 6 8 1 1
1312 648 5 6 1 1
1127 770 6 6 1 1
1083 882 6 6 1 1
474 722 8 8 1 1
1403 756 6 6 1 1
669 781 6 8 1 1
204 595 8 10 1 1
233 618 8 10 1 1
542 824 8 8 1 1
1676 729 7 10 1 1
959 647 5 6 1 1
2053 630 5 5 1 1
1366 770 6 6 1 1
1160 829 6 6 1 1
1769 685 5 5 1 1
48 860 8 11 1 1
2036 829 7 10 1 1
1870 714 7 10 1 1
1392 742 6 6 1 1
1938 428 4 6 1 1
3 672 8 10 1 1
129 675 8 10 1 1
2015 856 7 10 1 1
1250 615 5 6 1 1
1946 633 5 5 1 1
1703 762 7 10 1 1
1210 675 5 6 1 1
891 765 6 8 1 1
1064 590 5 6 1 1
939 867 6 8 1 1
1562 729 7 10 1 1
1826 566 5 5 1 1
226 586 8 10 1 1
1262 679 5 6 1 1
1624 721 7 10 1 1
2018 702 7 10 1 1
150 718 8 11 1 1
700 812 6 8 1 1
1086 632 5 6 1 1
20 756 8 11 1 1
179 658 8 10 1 1
2070 630 5 5 1 1
1301 740 6 6 1 1
73 658 8 10 1 1
1258 766 6 6 1 1
1075 636 5 6 1 1
793 706 5 6 1 1
670 740 6 8 1 1
2010 632 5 5 1 1
1874 860 7 10 1 1
612 816 8 8 1 1
1809 586 5 5 1 1
1748 641 5 5 1 1
203 717 8 11 1 1
1203 733 6 6 1 1
99 821 8 11 1 1
1880 752 7 10 1 1
1423 778 6 6 1 1
1961 786 7 10 1 1
796 770 6 8 1 1
1174 793 6 6 1 1
1944 599 5 5 1 1
249 827 8 11 1 1
1984 611 5 5 1 1
721 834 6 8 1 1
938 696 5 6 1 1
883 692 5 6 1 1
1547 741 7 10 1 1
1096 805 6 6 1 1
206 708 8 11 1 1
536 698 8 8 1 1
1490 769 6 9 1 1
208 753 8 11 1 1
2049 316 4 6 1 1
2094 295 4 6 1 1
792 619 5 6 1 1
159 654 8 10 1 1
216 636 8 10 1 1
2156 824 7 10 1 1
1912 570 5 5 1 1
2038 723 7 10 1 1
665 744 6 8 1 1
2171 746 7 10 1 0
1820 597 5 5 1 1
2115 597 5 5 1 1
1309 745 6 6 1 1
1217 748 6 6 1 1
1345 745 6 6 1 1
850 674 5 6 1 1
906 879 6 8 1 1
23 695 8 10 1 1
2103 690 5 6 1 1
1365 698 5 6 1 1
1832 560 5 5 1 1
211 839 8 11 1 1
76 771 8 11 1 1
1145 743 6 6 1 1
267 761 8 11 1 1
891 623 5 6 1 1
1687 659 5 5 1 1
130 679 8 10 1 1
1998 854 7 10 1 1
93 737 8 11 1 1
1864 760 7 10 1 1
2020 600 5 5 1 1
757 775 6 8 1 1
2126 787 7 10 1 1
1910 684 5 5 1 1
2135 634 5 5 1 1
1168 614 5 6 1 1
2059 273 4 6 1 1
1774 795 7 10 1 1
861 667 5 6 1 1
1973 450 4 6 1 1
826 809 6 8 1 1
415 740 8 8 1 1
1070 639 5 6 1 1
2088 839 7 10 1 1
300 745 8 11 1 1
167 717 8 11 1 1
1133 726 6 6 1 1
1607 750 7 10 1 1
1072 664 5 6 1 1
225 825 8 11 1 1
2039 617 5 5 1 1
1733 732 7 10 1 1
670 786 6 8 1 1
1358 688 5 6 1 1
141 628 8 10 1 1
1934 766 7 10 1 1
83 674 8 10 1 1
130 765 8 11 1 1
538 738 8 8 1 1
2133 699 7 10 1 1
1986 390 4 6 1 1
563 708 8 8 1 1
1805 780 7 10 1 1
334 846 8 10 1 1
809 579 5 6 1 1
2159 618 5 5 1 0
960 836 6 8 1 1
1826 692 6 8 1 1
662 820 6 8 1 1
1283 661 5 6 1 1
1645 802 7 10 1 1
842 572 5 6 1 1
1146 759 6 6 1 1
798 658 5 6 1 1
1076 726 6 6 1 1
1328 711 6 6 1 1
1304 786 6 6 1 1
1270 673 5 6 1 1
651 839 8 8 1 1
1848 583 5 5 1 1
1149 752 6 6 1 1
1064 821 6 6 1 1
1079 607 5 6 1 1
1235 629 5 6 1 1
1795 793 7 10 1 1
317 659 8 10 1 1
2031 726 7 10 1 1
1658 743 7 10 1 1
17 588 8 10 1 1
2032 831 7 10 1 1
1142 638 5 6 1 1
180 662 8 10 1 1
2028 616 5 5 1 1
1241 799 6 6 1 1
1875 819 7 10 1 1
235 702 8 11 1 1
847 736 6 8 1 1
911 642 5 6 1 1
2006 799 7 10 1 1
363 769 8 8 1 1
1983 651 5 5 1 1
726 786 6 8 1 1
1178 836 6 6 1 1
845 763 6 8 1 1
1769 604 5 5 1 1
78 736 8 11 1 1
329 663 8 10 1 1
1963 826 7 10 1 1
2139 631 5 5 1 1
1407 775 6 6 1 1
416 889 8 8 1 1
2174 641 5 5 1 0
1639 679 6 8 1 1
147 620 8 10 1 1
1183 737 6 6 1 1
2016 708 7 10 1 1
1112 620 5 6 1 1
2150 783 7 10 1 1
2017 615 5 5 1 1
1804 721 7 10 1 1
2072 567 5 5 1 1
1752 800 7 10 1 1
1194 766 6 6 1 1
507 851 8 8 1 1
1033 603 5 6 1 1
113 739 8 11 1 1
2012 586 5 5 1 1
822 640 5 6 1 1
439 692 8 8 1 1
1868 593 5 5 1 1
1072 835 6 6 1 1
1855 825 7 10 1 1
1946 727 7 10 1 1
713 718 6 8 1 1
2006 797 7 10 1 1
2153 660 5 5 1 1
295 756 8 11 1 1
1916 719 7 10 1 1
1188 843 6 6 1 1
1753 781 7 10 1 1
2000 843 7 10 1 1
2117 641 5 5 1 1
1795 602 5 5 1 1
149 731 8 11 1 1
1201 862 6 6 1 1
1916 568 5 5 1 1
2045 392 4 6 1 1
1108 604 5 6 1 1
2150 444 4 6 1 1
1246 693 5 6 1 1
1170 671 5 6 1 1
1649 769 7 10 1 1
724 648 5 6 1 1
946 705 5 6 1 1
1363 695 5 6 1 1
2066 618 5 5 1 1
1194 749 6 6 1 1
1271 810 6 6 1 1
710 776 6 8 1 1
1134 846 6 6 1 1
1 680 8 10 1 1
2168 725 7 10 1 0
869 750 6 8 1 1
1887 753 7 10 1 1
2084 619 5 5 1 1
752 596 5 6 1 1
35 667 8 10 1 1
1046 640 5 6 1 1
2111 799 7 10 1 1
858 688 5 6 1 1
270 658 8 10 1 1
1904 853 7 10 1 1
905 698 5 6 1 1
1905 614 5 5 1 1
1194 723 6 6 1 1
876 699 5 6 1 1
307 840 8 11 1 1
772 772 6 8 1 1
1001 746 6 8 1 1
1258 736 6 6 1 1
1345 668 5 6 1 1
1895 640 5 5 1 1
1381 777 6 6 1 1
767 707 5 6 1 1
748 606 5 6 1 1
1158 588 5 6 1 1
1113 576 5 6 1 1
1804 800 7 10 1 1
1958 818 7 10 1 1
905 756 6 8 1 1
1813 822 7 10 1 1
1237 731 6 6 1 1
1239 831 6 6 1 1
1122 800 6 6 1 1
89 720 8 11 1 1
933 717 5 7 1 1
1972 756 7 10 1 1
1998 581 5 5 1 1
733 623 5 6 1 1
1691 686 5 5 1 1
980 650 5 6 1 1
2061 818 7 10 1 1
1134 865 6 6 1 1
759 822 6 8 1 1
90 581 8 10 1 1
1785 753 7 10 1 1
780 683 5 6 1 1
2118 587 5 5 1 1
1937 650 5 5 1 1
2087 857 7 10 1 1
971 733 6 8 1 1
1112 651 5 6 1 1
1961 792 7 10 1 1
1286 853 6 6 1 1
973 610 5 6 1 1
361 779 8 8 1 1
699 596 5 6 1 1
1729 812 7 10 1 1
1265 786 6 6 1 1
2023 417 4 6 1 1
1960 567 5 5 1 1
1329 649 5 6 1 1
435 708 8 8 1 1
1874 724 7 10 1 1
922 810 6 8 1 1
830 663 5 6 1 1
1389 718 6 6 1 1
2125 687 5 5 1 1
40 624 8 10 1 1
1023 799 6 8 1 1
934 688 5 6 1 1
1269 691 5 6 1 1
1853 618 5 5 1 1
1734 723 7 10 1 1
1209 732 6 6 1 1
737 727 6 8 1 1
983 838 6 8 1 1
1712 670 5 5 1 1
1943 705 7 10 1 1
748 817 6 8 1 1
846 813 6 8 1 1
1258 724 6 6 1 1
243 732 8 11 1 1
768 615 5 6 1 1
267 717 8 11 1 1
1977 635 5 5 1 1
1820 763 7 10 1 1
1240 763 6 6 1 1
101 565 8 10 1 1
1807 809 7 10 1 1
966 761 6 8 1 1
93 605 8 10 1 1
1183 726 6 6 1 1
1065 819 6 6 1 1
2082 700 7 10 1 1
1600 756 7 10 1 1
559 773 8 8 1 1
1625 733 7 10 1 1
1664 736 7 10 1 1
2112 631 5 5 1 1
1584 744 7 10 1 1
2097 623 5 5 1 1
95 798 8 11 1 1
905 817 6 8 1 1
833 852 6 8 1 1
2042 736 7 10 1 1
144 792 8 11 1 1
1280 624 5 6 1 1
1914 604 5 5 1 1
2139 837 7 10 1 1
771 794 6 8 1 1
1207 733 6 6 1 1
2028 682 5 5 1 1
203 689 8 10 1 1
1998 570 5 5 1 1
911 597 5 6 1 1
741 809 6 8 1 1
959 838 6 8 1 1
1872 799 7 10 1 1
1708 771 7 10 1 1
2152 844 7 10 1 1
1697 723 7 10 1 1
1299 610 5 6 1 1
899 643 5 6 1 1
23 606 8 10 1 1
13 561 8 10 1 1
2065 425 4 6 1 1
766 574 5 6 1 1
1835 764 7 10 1 1
547 889 8 8 1 1
2080 601 5 5 1 1
1325 764 6 6 1 1
2106 800 7 10 1 1
900 737 6 8 1 1
64 668 8 10 1 1
1083 819 6 6 1 1
1059 608 5 6 1 1
233 870 8 11 1 1
976 634 5 6 1 1
2099 574 5 5 1 1
1823 656 5 5 1 1
1098 625 5 6 1 1
2160 628 5 5 1 0
926 813 6 8 1 1
1636 791 7 10 1 1
739 751 6 8 1 1
265 678 8 10 1 1
275 641 8 10 1 1
1384 685 5 6 1 1
144 755 8 11 1 1
831 829 6 8 1 1
64 694 8 10 1 1
889 860 6 8 1 1
932 617 5 6 1 1
1703 783 7 10 1 1
1238 712 6 6 1 1
1028 587 5 6 1 1
719 570 5 6 1 1
1094 583 5 6 1 1
950 634 5 6 1 1
1029 603 5 6 1 1
1916 732 7 10 1 1
159 862 8 11 1 1
1990 585 5 5 1 1
2005 396 4 6 1 1
831 713 5 7 1 1
1000 879 6 8 1 1
2094 450 4 6 1 1
1238 620 5 6 1 1
690 813 6 8 1 1
1746 792 7 10 1 1
57 888 8 11 1 1
1412 800 6 6 1 1
561 748 8 8 1 1
664 792 6 8 1 1
2052 766 7 10 1 1
1662 801 7 10 1 1
955 617 5 6 1 1
1217 740 6 6 1 1
794 593 5 6 1 1
1935 761 7 10 1 1
1590 691 7 10 1 1
1946 831 7 10 1 1
861 733 6 8 1 1
722 864 6 8 1 1
784 608 5 6 1 1
1875 666 5 5 1 1
1165 766 6 6 1 1
1928 817 7 10 1 1
2105 634 5 5 1 1
1687 789 7 10 1 1
54 604 8 10 1 1
839 587 5 6 1 1
1992 752 7 10 1 1
1797 718 7 10 1 1
1653 769 7 10 1 1
1606 716 7 10 1 1
175 707 8 11 1 1
2163 777 7 10 1 0
928 660 5 6 1 1
653 836 8 8 1 1
993 786 6 8 1 1
218 716 8 11 1 1
1731 765 7 10 1 1
2083 815 7 10 1 1
1065 728 6 6 1 1
777 812 6 8 1 1
835 647 5 6 1 1
920 674 5 6 1 1
1244 683 5 6 1 1
809 637 5 6 1 1
840 709 5 6 1 1
105 557 8 10 1 1
56 651 8 10 1 1
1866 591 5 5 1 1
1929 817 7 10 1 1
1002 674 5 6 1 1
832 602 5 6 1 1
1300 709 6 6 1 1
946 828 6 8 1 1
695 796 6 8 1 1
1055 664 5 6 1 1
708 600 5 6 1 1
1198 581 5 6 1 1
2051 713 7 10 1 1
852 727 6 8 1 1
1832 789 7 10 1 1
923 754 6 8 1 1
1041 707 5 6 1 1
1269 772 6 6 1 1
1190 602 5 6 1 1
1420 838 6 6 1 1
101 577 8 10 1 1
1912 799 7 10 1 1
1359 830 6 6 1 1
508 698 8 8 1 1
1773 799 7 10 1 1
2160 372 4 6 1 0
1321 642 5 6 1 1
1956 856 7 10 1 1
1992 722 7 10 1 1
946 818 6 8 1 1
840 738 6 8 1 1
938 810 6 8 1 1
1242 829 6 6 1 1
40 643 8 10 1 1
1315 679 5 6 1 1
2031 703 7 10 1 1
948 627 5 6 1 1
787 837 6 8 1 1
1083 675 5 6 1 1
1018 781 6 8 1 1
2041 794 7 10 1 1
706 819 6 8 1 1
1310 755 6 6 1 1
878 736 6 8 1 1
794 877 6 8 1 1
725 571 5 6 1 1
225 872 8 11 1 1
1248 809 6 6 1 1
1318 716 6 6 1 1
1896 607 5 5 1 1
1111 675 5 6 1 1
1051 797 6 7 1 1
18 710 8 10 1 1
1971 479 4 6 1 1
886 580 5 6 1 1
1138 818 6 6 1 1
1202 624 5 6 1 1
888 789 6 8 1 1
1721 725 7 10 1 1
880 730 6 8 1 1
407 835 8 8 1 1
176 758 8 11 1 1
2033 378 4 6 1 1
1322 601 5 6 1 1
852 843 6 8 1 1
1292 806 6 6 1 1
1823 808 7 10 1 1
824 825 6 8 1 1
2077 832 7 10 1 1
2137 698 7 10 1 1
2139 528 4 6 1 1
1683 723 7 10 1 1
849 752 6 8 1 1
1667 699 7 10 1 1
928 736 6 8 1 1
1832 716 7 10 1 1
1150 580 5 6 1 1
1875 850 7 10 1 1
1225 653 5 6 1 1
1275 650 5 6 1 1
611 850 8 8 1 1
1326 660 5 6 1 1
1043 689 5 6 1 1
1676 709 7 10 1 1
218 668 8 10 1 1
845 857 6 8 1 1
739 853 6 8 1 1
87 575 8 10 1 1
2074 577 5 5 1 1
1607 689 7 10 1 1
1243 656 5 6 1 1
1205 740 6 6 1 1
804 586 5 6 1 1
915 844 6 8 1 1
2172 614 5 5 1 0
982 825 6 8 1 1
874 741 6 8 1 1
935 666 5 6 1 1
1110 619 5 6 1 1
2104 850 7 10 1 1
1947 853 7 10 1 1
1562 741 7 10 1 1
485 824 8 8 1 1
2047 584 5 5 1 1
2015 394 4 6 1 1
1608 774 7 10 1 1
1739 784 7 10 1 1
1198 801 6 6 1 1
1996 721 7 10 1 1
2151 794 7 10 1 1
1018 782 6 8 1 1
1267 699 5 6 1 1
2113 375 4 6 1 1
1036 659 5 6 1 1
1956 605 5 5 1 1
2019 825 7 10 1 1
2124 659 5 5 1 1
2144 721 7 10 1 1
2127 376 4 6 1 1
1896 673 5 5 1 1
903 684 5 6 1 1
1358 692 5 6 1 1
502 831 8 8 1 1
1115 659 5 6 1 1
1305 765 6 6 1 1
116 730 8 11 1 1
693 635 5 6 1 1
2155 878 12 12 1 1
88 709 8 11 1 1
1992 760 7 10 1 1
995 642 5 6 1 1
1198 679 5 6 1 1
291 688 8 10 1 1
1100 797 6 6 1 1
2119 684 5 5 1 1
1930 844 7 10 1 1
1854 857 7 10 1 1
1947 426 4 6 1 1
1257 669 5 6 1 1
95 648 8 10 1 1
1781 618 5 5 1 1
56 580 8 10 1 1
2028 758 7 10 1 1
723 632 5 6 1 1
1145 598 5 6 1 1
1428 718 6 6 1 1
888 610 5 6 1 1
485 733 8 8 1 1
1674 748 7 10 1 1
569 1645 278 388 3 0
1079 755 6 6 1 1
762 478 5 6 1 1
1077 755 6 6 1 1
1002 582 5 6 1 1
813 844 6 8 1 1
2042 595 5 5 1 1
800 723 5 7 1 1
1307 849 6 6 1 1
977 553 5 6 1 1
819 595 5 6 1 1
1983 823 7 10 1 1
710 756 6 8 1 1
1315 649 5 6 1 1
876 1538 27 44 1 0
1278 775 6 6 1 1
1988 588 5 5 1 1
39 699 8 11 1 1
1640 777 7 10 1 1
1432 677 5 6 1 1
825 838 6 8 1 1
980 1630 97 116 1 0
743 819 6 8 1 1
694 616 5 6 1 1
1994 730 7 10 1 1
685 618 5 6 1 1
793 800 6 8 1 1
2081 595 5 5 1 1
874 858 6 8 1 1
2154 612 5 5 1 1
2058 626 5 5 1 1
1982 406 4 6 1 1
722 816 6 8 1 1
1872 686 5 5 1 1
698 801 6 8 1 1
2053 593 5 5 1 1
795 715 5 7 1 1
1018 835 6 8 1 1
1554 778 7 10 1 1
1261 633 5 6 1 1
2076 647 5 5 1 1
866 696 5 6 1 1
1519 748 7 10 1 1
751 735 6 8 1 1
2075 613 5 5 1 1
157 589 8 10 1 1
1826 796 7 10 1 1
1997 589 5 5 1 1
968 880 6 8 1 1
1114 598 5 6 1 1
982 579 5 6 1 1
917 757 6 8 1 1
1802 792 7 10 1 1
635 848 8 8 1 1
1938 682 5 5 1 1
2138 662 5 5 1 1
820 851 6 8 1 1
1944 674 5 5 1 1
1963 620 5 5 1 1
657 767 6 8 1 1
1982 833 7 10 1 1
2084 807 7 10 1 1
1683 734 7 10 1 1
1664 661 5 5 1 1
1804 710 7 10 1 1
476 710 8 8 1 1
1079 756 6 6 1 1
1353 830 6 6 1 1
1737 750 7 10 1 1
1311 637 5 6 1 1
1154 660 5 6 1 1
244 695 8 10 1 1
2013 815 7 10 1 1
661 850 6 8 1 1
895 635 5 6 1 1
742 731 6 8 1 1
1297 624 5 6 1 1
451 710 8 8 1 1
1964 589 5 5 1 1
1558 765 7 10 1 1
1982 820 7 10 1 1
1217 639 5 6 1 1
1044 646 5 6 1 1
2073 782 7 10 1 1
1022 864 6 8 1 1
155 578 8 10 1 1
159 603 8 10 1 1
104 871 8 11 1 1
777 857 6 8 1 1
351 837 8 8 1 1
972 781 6 8 1 1
1312 803 6 6 1 1
2138 686 5 5 1 1
1854 571 5 5 1 1
1637 748 7 10 1 1
1752 738 7 10 1 1
1985 837 7 10 1 1
1289 713 6 6 1 1
13 601 8 10 1 1
406 678 8 8 1 1
1999 610 5 5 1 1
225 712 8 11 1 1
2067 590 5 5 1 1
209 688 8 10 1 1
1148 791 6 6 1 1
134 633 8 10 1 1
1177 848 6 6 1 1
931 665 5 6 1 1
1563 740 7 10 1 1
1050 858 6 7 1 1
2162 762 7 10 1 0
1825 765 7 10 1 1
1231 713 6 6 1 1
755 720 5 7 1 1
1071 639 5 6 1 1
2060 639 5 5 1 1
1419 773 6 6 1 1
1261 755 6 6 1 1
1061 595 5 6 1 1
1236 693 5 6 1 1
1952 720 7 10 1 1
665 751 6 8 1 1
874 579 5 6 1 1
43 683 8 10 1 1
1106 639 5 6 1 1
779 636 5 6 1 1
669 588 5 6 1 1
777 589 5 6 1 1
1150 706 6 6 1 1
1045 574 5 6 1 1
1763 807 7 10 1 1
1937 446 4 6 1 1
1999 580 5 5 1 1
1141 745 6 6 1 1
1743 749 7 10 1 1
1899 610 5 5 1 1
881 855 6 8 1 1
1137 625 5 6 1 1
1240 839 6 6 1 1
119 694 8 10 1 1
91 768 8 11 1 1
1035 729 6 8 1 1
1302 755 6 6 1 1
1828 723 7 10 1 1
2004 751 7 10 1 1
972 644 5 6 1 1
2149 690 6 7 1 1
1927 675 5 5 1 1
1958 759 7 10 1 1
1249 729 6 6 1 1
1087 773 6 6 1 1
2005 378 4 6 1 1
767 716 5 7 1 1
1830 781 7 10 1 1
900 776 6 8 1 1
238 703 8 11 1 1
1053 851 6 7 1 1
160 630 8 10 1 1
1346 686 5 6 1 1
1397 767 6 6 1 1
1403 718 6 6 1 1
1994 667 5 5 1 1
1274 620 5 6 1 1
1095 717 6 6 1 1
833 637 5 6 1 1
1937 481 4 6 1 1
1967 667 5 5 1 1
1546 745 7 10 1 1
176 766 8 11 1 1
1992 581 5 5 1 1
798 759 6 8 1 1
1009 612 5 6 1 1
424 792 8 8 1 1
1014 837 6 8 1 1
215 651 8 10 1 1
854 648 5 6 1 1
943 783 6 8 1 1
2123 767 7 10 1 1
1946 687 5 5 1 1
435 730 8 8 1 1
1674 654 5 5 1 1
1649 735 7 10 1 1
7 567 8 10 1 1
1841 764 7 10 1 1
1634 765 7 10 1 1
876 863 6 8 1 1
1922 703 7 10 1 1
1245 620 5 6 1 1
2068 858 7 10 1 1
912 608 5 6 1 1
62 615 8 10 1 1
2034 418 4 6 1 1
1363 791 6 6 1 1
57 578 8 10 1 1
1877 597 5 5 1 1
1894 818 7 10 1 1
62 726 8 11 1 1
864 663 5 6 1 1
37 762 8 11 1 1
644 823 8 8 1 1
1904 858 7 10 1 1
1902 456 4 6 1 1
1285 694 5 6 1 1
2075 415 4 6 1 1
2163 425 4 6 1 0
1327 744 6 6 1 1
1866 613 5 5 1 1
1624 712 7 10 1 1
1996 477 4 6 1 1
114 603 8 10 1 1
1019 756 6 8 1 1
2054 817 7 10 1 1
1815 849 7 10 1 1
2069 689 5 5 1 1
875 721 5 7 1 1
1873 656 5 5 1 1
1812 753 7 10 1 1
1428 713 6 6 1 1
457 843 8 8 1 1
914 859 6 8 1 1
1953 649 5 5 1 1
1262 827 6 6 1 1
210 562 8 10 1 1
999 703 5 6 1 1
2060 656 5 5 1 1
698 859 6 8 1 1
1116 789 6 6 1 1
2145 669 5 5 1 1
1979 678 5 5 1 1
942 636 5 6 1 1
2075 734 7 10 1 1
1250 825 6 6 1 1
1164 798 6 6 1 1
1068 701 6 6 1 1
2052 814 7 10 1 1
140 603 8 10 1 1
856 791 6 8 1 1
902 687 5 6 1 1
2108 606 5 5 1 1
973 618 5 6 1 1
2060 847 7 10 1 1
776 803 6 8 1 1
142 700 8 11 1 1
1414 768 6 6 1 1
1037 850 6 8 1 1
251 1168 38 52 3 1
501 808 8 8 1 1
770 616 5 6 1 1
1376 687 5 6 1 1
1397 709 6 6 1 1
1970 408 4 6 1 1
1228 746 6 6 1 1
1210 798 6 6 1 1
795 598 5 6 1 1
1711 665 5 5 1 1
635 881 8 8 1 1
1039 859 6 8 1 1
1373 802 6 6 1 1
1882 634 5 5 1 1
1859 788 7 10 1 1
1893 861 7 10 1 1
667 735 6 8 1 1
1073 791 6 6 1 1
2062 641 5 5 1 1
1949 444 4 6 1 1
962 691 5 6 1 1
954 610 5 6 1 1
1118 676 5 6 1 1
2163 473 4 6 1 0
1527 755 7 10 1 1
1036 742 6 8 1 1
2157 850 7 10 1 1
730 747 6 8 1 1
291 775 8 11 1 1
1043 578 5 6 1 1
669 577 5 6 1 1
250 736 8 11 1 1
2155 610 5 5 1 1
1812 769 7 10 1 1
932 854 6 8 1 1
1744 930 11 15 1 1
1715 721 7 10 1 1
1444 1047 22 24 1 1
2093 703 7 10 1 1
1350 782 6 6 1 1
682 795 6 8 1 1
2025 756 7 10 1 1
1209 636 5 6 1 1
1974 598 5 5 1 1
245 683 8 10 1 1
1825 583 5 5 1 1
86 602 8 10 1 1
1875 756 7 10 1 1
172 685 8 10 1 1
1009 617 5 6 1 1
669 604 5 6 1 1
1869 739 7 10 1 1
573 561 5 6 1 1
835 640 5 6 1 1
1751 601 5 5 1 1
1108 671 5 6 1 1
1052 584 5 6 1 1
2121 438 4 6 1 1
1936 625 5 5 1 1
1401 808 6 6 1 1
1146 815 6 6 1 1
103 654 8 10 1 1
1303 577 5 6 1 1
680 707 6 8 1 1
1365 728 6 6 1 1
911 551 5 6 1 1
1235 598 5 6 1 1
946 814 6 8 1 1
1286 717 6 6 1 1
445 768 8 8 1 1
2014 628 5 5 1 1
1978 746 7 10 1 1
768 593 5 6 1 1
1868 655 5 5 1 1
1018 631 5 6 1 1
2170 621 5 5 1 0
866 763 6 8 1 1
654 569 5 6 1 1
741 629 5 6 1 1
221 860 8 11 1 1
196 576 8 10 1 1
250 765 8 11 1 1
1212 618 5 6 1 1
292 818 8 11 1 1
1176 744 6 6 1 1
2007 773 7 10 1 1
1031 707 5 6 1 1
70 844 8 11 1 1
1364 758 6 6 1 1
769 763 6 8 1 1
2126 718 7 10 1 1
214 847 8 11 1 1
784 668 5 6 1 1
1305 689 5 6 1 1
1510 750 7 10 1 1
732 852 6 8 1 1
1045 782 6 8 1 1
2027 599 5 5 1 1
1811 607 5 5 1 1
738 833 6 8 1 1
1349 781 6 6 1 1
1277 586 5 6 1 1
134 689 8 10 1 1
103 787 8 11 1 1
1304 816 6 6 1 1
2073 638 5 5 1 1
936 651 5 6 1 1
1891 608 5 5 1 1
1863 566 5 5 1 1
1253 583 5 6 1 1
1758 738 7 10 1 1
1937 675 5 5 1 1
2028 678 5 5 1 1
700 758 6 8 1 1
723 738 6 8 1 1
832 667 5 6 1 1
1234 844 6 6 1 1
52 695 8 10 1 1
2004 628 5 5 1 1
1850 785 7 10 1 1
1910 609 5 5 1 1
1582 760 7 10 1 1
460 763 8 8 1 1
655 568 5 6 1 1
1435 801 6 6 1 1
2012 420 4 6 1 1
947 715 5 6 1 1
1287 602 5 6 1 1
1955 717 7 10 1 1
1765 759 7 10 1 1
1870 659 5 5 1 1
689 825 6 8 1 1
244 630 8 10 1 1
2009 712 7 10 1 1
2062 810 7 10 1 1
1717 792 7 10 1 1
282 827 8 11 1 1
1948 799 7 10 1 1
244 728 8 11 1 1
826 592 5 6 1 1
1041 680 5 6 1 1
956 659 5 6 1 1
993 855 6 8 1 1
811 747 6 8 1 1
762 625 5 6 1 1
1095 621 5 6 1 1
119 714 8 11 1 1
96 631 8 10 1 1
1872 624 5 5 1 1
1228 731 6 6 1 1
2009 747 7 10 1 1
787 604 5 6 1 1
2154 748 7 10 1 1
2160 637 5 5 1 0
284 763 8 11 1 1
2075 788 7 10 1 1
925 607 5 6 1 1
1991 414 4 6 1 1
793 816 6 8 1 1
810 800 6 8 1 1
1165 860 6 6 1 1
1372 761 6 6 1 1
2079 596 5 5 1 1
2066 768 7 10 1 1
2002 628 5 5 1 1
1625 739 7 10 1 1
1078 757 6 6 1 1
238 655 8 10 1 1
930 785 6 8 1 1
40 708 8 11 1 1
1330 781 6 6 1 1
2140 374 4 6 1 1
902 642 5 6 1 1
1252 626 5 6 1 1
1350 798 6 6 1 1
1189 705 6 6 1 1
674 638 5 6 1 1
714 870 6 8 1 1
1145 616 5 6 1 1
102 770 8 11 1 1
934 754 6 8 1 1
711 733 6 8 1 1
741 579 5 6 1 1
200 646 8 10 1 1
847 818 6 8 1 1
318 743 8 11 1 1
1536 745 7 10 1 1
204 619 8 10 1 1
1077 586 5 6 1 1
1747 715 7 10 1 1
563 826 8 8 1 1
533 727 8 8 1 1
855 577 5 6 1 1
1621 796 7 10 1 1
379 767 8 8 1 1
1271 834 6 6 1 1
1 845 8 11 1 1
1233 671 5 6 1 1
1879 666 5 5 1 1
1297 667 5 6 1 1
1101 594 5 6 1 1
849 712 5 6 1 1
2036 308 4 6 1 1
984 585 5 6 1 1
1372 661 5 6 1 1
2062 583 5 5 1 1
2032 789 7 10 1 1
1512 772 7 10 1 1
749 770 6 8 1 1
1964 568 5 5 1 1
890 805 6 8 1 1
1571 844 7 10 1 1
2143 589 5 5 1 1
1591 777 7 10 1 1
721 736 6 8 1 1
1173 728 6 6 1 1
818 615 5 6 1 1
168 686 8 10 1 1
1350 670 5 6 1 1
1843 563 5 5 1 1
1248 702 6 6 1 1
751 833 6 8 1 1
440 769 8 8 1 1
1337 828 6 6 1 1
754 799 6 8 1 1
1890 765 7 10 1 1
918 657 5 6 1 1
795 732 6 8 1 1
1269 711 6 6 1 1
1025 805 6 8 1 1
663 871 6 8 1 1
2144 576 5 5 1 1
1329 653 5 6 1 1
775 731 6 8 1 1
1098 578 5 6 1 1
1383 661 5 6 1 1
2113 738 7 10 1 1
2153 691 6 7 1 1
1876 835 7 10 1 1
879 850 6 8 1 1
595 829 8 8 1 1
1284 865 6 6 1 1
1115 838 6 6 1 1
1382 749 6 6 1 1
1622 723 7 10 1 1
149 767 8 11 1 1
1015 797 6 8 1 1
2084 719 7 10 1 1
1155 740 6 6 1 1
157 579 8 10 1 1
1251 594 5 6 1 1
1017 648 5 6 1 1
1152 720 6 6 1 1
2146 573 5 5 1 1
1998 405 4 6 1 1
2129 282 4 6 1 1
2118 824 7 10 1 1
1923 568 5 5 1 1
1338 814 6 6 1 1
225 569 8 10 1 1
1011 843 6 8 1 1
1951 646 5 5 1 1
453 847 8 8 1 1
1145 779 6 6 1 1
772 685 5 6 1 1
919 655 5 6 1 1
1390 772 6 6 1 1
754 741 6 8 1 1
1977 866 7 10 1 1
66 628 8 10 1 1
1104 650 5 6 1 1
1986 622 5 5 1 1
1986 467 4 6 1 1
158 593 8 10 1 1
129 664 8 10 1 1
1709 727 7 10 1 1
885 537 5 6 1 1
1239 750 6 6 1 1
660 647 5 6 1 1
2092 641 5 5 1 1
1108 666 5 6 1 1
111 599 8 10 1 1
1872 702 7 10 1 1
954 774 6 8 1 1
10 641 8 10 1 1
1576 751 7 10 1 1
278 748 8 11 1 1
952 734 6 8 1 1
1177 610 5 6 1 1
1061 603 5 6 1 1
2150 578 5 5 1 1
1664 795 7 10 1 1
2062 702 7 10 1 1
802 579 5 6 1 1
1747 733 7 10 1 1
1344 685 5 6 1 1
635 877 8 8 1 1
2027 401 4 6 1 1
2105 829 7 10 1 1
236 569 8 10 1 1
1642 720 7 10 1 1
2066 719 7 10 1 1
1215 763 6 6 1 1
1015 722 6 8 1 1
1245 617 5 6 1 1
984 782 6 8 1 1
2031 712 7 10 1 1
1804 749 7 10 1 1
1781 779 7 10 1 1
1952 741 7 10 1 1
1170 863 6 6 1 1
1952 774 7 10 1 1
864 835 6 8 1 1
1929 633 5 5 1 1
1891 664 5 5 1 1
880 640 5 6 1 1
957 619 5 6 1 1
2118 614 5 5 1 1
1214 629 5 6 1 1
2033 694 6 7 1 1
808 778 6 8 1 1
2138 815 7 10 1 1
92 754 8 11 1 1
762 623 5 6 1 1
780 707 5 6 1 1
885 838 6 8 1 1
2002 465 4 6 1 1
1178 732 6 6 1 1
257 709 8 11 1 1
58 731 8 11 1 1
1184 589 5 6 1 1
983 693 5 6 1 1
1189 859 6 6 1 1
2054 426 4 6 1 1
595 779 8 8 1 1
1133 617 5 6 1 1
951 749 6 8 1 1
1113 836 6 6 1 1
1221 778 6 6 1 1
1125 610 5 6 1 1
1025 864 6 8 1 1
1976 726 7 10 1 1
1788 584 5 5 1 1
1194 696 5 6 1 1
1042 601 5 6 1 1
1274 849 6 6 1 1
926 836 6 8 1 1
844 637 5 6 1 1
1262 703 6 6 1 1
1958 426 4 6 1 1
1013 747 6 8 1 1
1287 624 5 6 1 1
1004 610 5 6 1 1
977 854 6 8 1 1
1360 771 6 6 1 1
760 850 6 8 1 1
2063 306 4 6 1 1
1316 679 5 6 1 1
707 649 5 6 1 1
486 813 8 8 1 1
572 827 8 8 1 1
687 737 6 8 1 1
708 826 6 8 1 1
1571 700 7 10 1 1
1736 610 5 5 1 1
2049 858 7 10 1 1
1338 785 6 6 1 1
1026 601 5 6 1 1
125 753 8 11 1 1
123 767 8 11 1 1
657 587 5 6 1 1
1914 649 5 5 1 1
231 682 8 10 1 1
2106 666 5 5 1 1
2105 812 7 10 1 1
536 739 8 8 1 1
55 634 8 10 1 1
221 821 8 11 1 1
739 757 6 8 1 1
2010 314 4 6 1 1
1319 689 5 6 1 1
65 764 8 11 1 1
1290 629 5 6 1 1
123 821 8 11 1 1
1358 806 6 6 1 1
930 577 5 6 1 1
1192 651 5 6 1 1
78 580 8 10 1 1
1055 834 6 6 1 1
1340 844 6 6 1 1
1864 783 7 10 1 1
1991 597 5 5 1 1
787 824 6 8 1 1
1967 679 5 5 1 1
1272 716 6 6 1 1
864 857 6 8 1 1
1113 598 5 6 1 1
308 852 8 11 1 1
2124 700 7 10 1 1
2092 577 5 5 1 1
1087 793 6 6 1 1
1689 654 5 5 1 1
2008 404 4 6 1 1
649 622 5 6 1 1
1864 683 5 5 1 1
605 583 5 6 1 1
1991 569 5 5 1 1
1851 717 7 10 1 1
1353 782 6 6 1 1
2062 679 5 5 1 1
277 844 8 11 1 1
1343 699 5 6 1 1
2158 857 7 10 1 0
80 882 8 11 1 1
1879 775 7 10 1 1
1858 802 7 10 1 1
2130 466 4 6 1 1
2036 575 5 5 1 1
1062 528 5 6 1 1
1174 683 5 6 1 1
2083 787 7 10 1 1
1385 782 6 6 1 1
72 724 8 11 1 1
776 848 6 8 1 1
154 590 8 10 1 1
1117 748 6 6 1 1
2132 830 7 10 1 1
1635 802 7 10 1 1
815 663 5 6 1 1
1449 781 6 6 1 1
2021 730 7 10 1 1
1637 725 7 10 1 1
2109 584 5 5 1 1
1148 664 5 6 1 1
1749 765 7 10 1 1
1209 671 5 6 1 1
225 614 8 10 1 1
1931 600 5 5 1 1
1257 705 6 6 1 1
1869 831 7 10 1 1
1174 803 6 6 1 1
871 753 6 8 1 1
319 889 8 11 1 1
1624 804 7 10 1 1
545 788 8 8 1 1
2086 371 4 6 1 1
1224 834 6 6 1 1
1973 398 4 6 1 1
2026 311 4 6 1 1
1855 574 5 5 1 1
770 741 6 8 1 1
37 757 8 11 1 1
1805 809 7 10 1 1
348 759 8 8 1 1
1020 674 5 6 1 1
1907 747 7 10 1 1
2138 816 7 10 1 1
2165 754 7 10 1 0
1351 679 5 6 1 1
2132 447 4 6 1 1
2097 459 4 6 1 1
2010 627 5 5 1 1
2042 617 5 5 1 1
1618 688 7 10 1 1
2039 664 5 5 1 1
1848 647 5 5 1 1
719 804 6 8 1 1
1719 788 7 10 1 1
732 775 6 8 1 1
202 723 8 11 1 1
2124 585 5 5 1 1
1117 753 6 6 1 1
1772 720 7 10 1 1
1289 590 5 6 1 1
2066 315 4 6 1 1
2102 721 7 10 1 1
269 588 8 10 1 1
2157 815 7 10 1 1
224 741 8 11 1 1
832 627 5 6 1 1
2090 847 7 10 1 1
519 729 8 8 1 1
261 639 8 10 1 1
1291 685 5 6 1 1
892 818 6 8 1 1
122 575 8 10 1 1
2141 656 5 5 1 1
311 759 8 11 1 1
2166 614 5 5 1 0
1170 616 5 6 1 1
1990 602 5 5 1 1
1216 846 6 6 1 1
928 763 6 8 1 1
1853 598 5 5 1 1
1057 820 6 6 1 1
1113 726 6 6 1 1
430 821 8 8 1 1
668 649 5 6 1 1
2034 392 4 6 1 1
12 594 8 10 1 1
2116 687 5 5 1 1
975 746 6 8 1 1
785 850 6 8 1 1
1261 687 5 6 1 1
902 618 5 6 1 1
2015 814 7 10 1 1
1804 714 7 10 1 1
1363 810 6 6 1 1
878 546 5 6 1 1
1073 850 6 6 1 1
1372 793 6 6 1 1
676 843 6 8 1 1
2052 731 7 10 1 1
2058 603 5 5 1 1
2157 654 5 5 1 1
2103 783 7 10 1 1
2070 703 7 10 1 1
46 780 8 11 1 1
401 747 8 8 1 1
1991 397 4 6 1 1
998 759 6 8 1 1
734 598 5 6 1 1
838 675 5 6 1 1
766 777 6 8 1 1
634 730 8 8 1 1
2035 719 7 10 1 1
216 746 8 11 1 1
858 657 5 6 1 1
103 737 8 11 1 1
817 688 5 6 1 1
711 615 5 6 1 1
1085 609 5 6 1 1
681 855 6 8 1 1
1908 707 7 10 1 1
454 824 8 8 1 1
1259 788 6 6 1 1
837 619 5 6 1 1
809 627 5 6 1 1
68 571 8 10 1 1
1882 677 5 5 1 1
1047 680 5 6 1 1
608 876 8 8 1 1
840 695 5 6 1 1
1184 683 5 6 1 1
1980 723 7 10 1 1
1840 800 7 10 1 1
1917 603 5 5 1 1
2080 312 4 6 1 1
1221 764 6 6 1 1
1836 744 7 10 1 1
114 736 8 11 1 1
1085 603 5 6 1 1
1278 743 6 6 1 1
1296 770 6 6 1 1
973 579 5 6 1 1
1106 792 6 6 1 1
2157 810 7 10 1 1
1930 668 5 5 1 1
1988 787 7 10 1 1
2042 300 4 6 1 1
2011 612 5 5 1 1
1142 641 5 6 1 1
1062 543 5 6 1 1
1217 625 5 6 1 1
249 840 8 11 1 1
860 754 6 8 1 1
1017 850 6 8 1 1
2025 731 7 10 1 1
2163 836 7 10 1 0
681 748 6 8 1 1
1721 808 7 10 1 1
1188 598 5 6 1 1
737 849 6 8 1 1
2108 743 7 10 1 1
1891 765 7 10 1 1
973 795 6 8 1 1
1163 838 6 6 1 1
921 731 6 8 1 1
919 690 5 6 1 1
48 766 8 11 1 1
2003 633 5 5 1 1
2086 269 4 6 1 1
202 637 8 10 1 1
911 779 6 8 1 1
486 835 8 8 1 1
1761 795 7 10 1 1
1344 774 6 6 1 1
2068 373 4 6 1 1
1099 656 5 6 1 1
767 833 6 8 1 1
2163 598 5 5 1 0
1942 785 7 10 1 1
1017 829 6 8 1 1
1146 716 6 6 1 1
1957 663 5 5 1 1
1358 799 6 6 1 1
662 825 6 8 1 1
831 688 5 6 1 1
993 635 5 6 1 1
737 825 6 8 1 1
2049 569 5 5 1 1
691 871 6 8 1 1
97 661 8 10 1 1
1728 747 7 10 1 1
2137 306 4 6 1 1
897 740 6 8 1 1
2061 851 7 10 1 1
882 798 6 8 1 1
1943 585 5 5 1 1
2095 830 7 10 1 1
973 733 6 8 1 1
2169 692 5 6 1 0
808 602 5 6 1 1
1248 576 5 6 1 1
2115 779 7 10 1 1
783 744 6 8 1 1
1722 712 7 10 1 1
1213 673 5 6 1 1
1655 713 7 10 1 1
934 783 6 8 1 1
983 603 5 6 1 1
252 652 8 10 1 1
1841 697 7 10 1 1
813 650 5 6 1 1
1177 620 5 6 1 1
1957 658 5 5 1 1
1117 692 5 6 1 1
1209 603 5 6 1 1
2095 598 5 5 1 1
1915 811 7 10 1 1
819 684 5 6 1 1
1699 745 7 10 1 1
883 748 6 8 1 1
435 814 8 8 1 1
147 727 8 11 1 1
566 843 8 8 1 1
1852 692 5 5 1 1
1888 625 5 5 1 1
1287 852 6 6 1 1
242 745 8 11 1 1
1097 828 6 6 1 1
838 612 5 6 1 1
223 671 8 10 1 1
24 695 8 10 1 1
906 576 5 6 1 1
1329 689 5 6 1 1
1807 758 7 10 1 1
937 600 5 6 1 1
2042 649 5 5 1 1
636 836 8 8 1 1
752 787 6 8 1 1
1364 741 6 6 1 1
248 749 8 11 1 1
1324 722 6 6 1 1
796 606 5 6 1 1
2040 580 5 5 1 1
836 716 5 7 1 1
1443 835 6 6 1 1
881 652 5 6 1 1
1621 747 7 10 1 1
1174 764 6 6 1 1
687 775 6 8 1 1
1979 572 5 5 1 1
1967 469 4 6 1 1
421 863 8 8 1 1
1730 686 5 5 1 1
888 681 5 6 1 1
1922 781 7 10 1 1
1282 767 6 6 1 1
820 703 5 6 1 1
744 570 5 6 1 1
1232 591 5 6 1 1
1164 632 5 6 1 1
1255 858 6 6 1 1
1293 688 5 6 1 1
1084 767 6 6 1 1
1160 781 6 6 1 1
1573 777 7 10 1 1
930 737 6 8 1 1
303 648 8 10 1 1
1132 607 5 6 1 1
1303 779 6 6 1 1
1024 623 5 6 1 1
2038 640 5 5 1 1
788 855 6 8 1 1
428 714 8 8 1 1
2147 582 5 5 1 1
1376 740 6 6 1 1
2008 854 7 10 1 1
244 780 8 11 1 1
798 616 5 6 1 1
1071 623 5 6 1 1
92 706 8 11 1 1
1409 662 5 6 1 1
1066 597 5 6 1 1
240 857 8 11 1 1
2039 568 5 5 1 1
2124 576 5 5 1 1
682 649 5 6 1 1
196 650 8 10 1 1
361 674 8 9 1 1
1889 754 7 10 1 1
2025 810 7 10 1 1
870 579 5 6 1 1
649 571 5 6 1 1
233 643 8 10 1 1
1265 804 6 6 1 1
686 518 5 6 1 1
1901 662 5 5 1 1
1191 594 5 6 1 1
646 743 8 8 1 1
1288 853 6 6 1 1
1967 817 7 10 1 1
1072 825 6 6 1 1
979 630 5 6 1 1
2000 567 5 5 1 1
125 862 8 11 1 1
377 677 8 8 1 1
82 868 8 11 1 1
1947 777 7 10 1 1
2069 737 7 10 1 1
776 760 6 8 1 1
1928 845 7 10 1 1
765 630 5 6 1 1
1407 756 6 6 1 1
2116 667 5 5 1 1
1762 815 7 10 1 1
1862 583 5 5 1 1
1117 586 5 6 1 1
1167 697 5 6 1 1
1272 605 5 6 1 1
2129 291 4 6 1 1
2042 835 7 10 1 1
762 842 6 8 1 1
2150 649 5 5 1 1
1175 569 5 6 1 1
1312 621 5 6 1 1
2020 680 5 5 1 1
1447 857 6 6 1 1
1879 860 7 10 1 1
1818 715 7 10 1 1
1646 778 7 10 1 1
2041 596 5 5 1 1
769 745 6 8 1 1
2112 718 7 10 1 1
1033 812 6 8 1 1
1929 791 7 10 1 1
1873 712 7 10 1 1
1726 751 7 10 1 1
1186 756 6 6 1 1
904 722 5 7 1 1
1201 844 6 6 1 1
1024 579 5 6 1 1
2043 740 7 10 1 1
1965 581 5 5 1 1
1815 721 7 10 1 1
2009 847 7 10 1 1
100 586 8 10 1 1
1024 760 6 8 1 1
1980 709 7 10 1 1
2131 702 7 10 1 1
2042 571 5 5 1 1
841 810 6 8 1 1
