403 459 15 19 1 0
285 148 12 18 1 0
669 116 12 18 1 0
184 373 13 17 1 0
277 30 13 16 1 0
332 95 12 18 1 0
543 276 12 17 1 0
9 357 13 17 1 0
453 448 15 19 1 0
260 62 13 16 1 0
221 63 13 16 1 0
722 343 13 19 1 0
517 27 13 16 1 0
323 55 13 16 1 0
653 153 12 18 1 0
113 14 13 16 1 0
19 431 15 19 1 0
44 72 13 16 1 0
523 460 15 19 1 0
369 157 12 18 1 0
86 19 13 16 1 0
128 43 13 16 1 0
498 398 13 17 1 0
637 370 13 17 1 0
13 217 12 17 1 0
84 118 12 18 1 0
298 361 13 17 1 0
474 138 12 18 1 0
717 280 13 19 1 0
93 265 12 17 1 0
57 434 15 19 1 0
228 131 12 18 1 0
554 74 13 16 1 0
168 49 13 16 1 0
294 92 13 16 1 0
288 103 12 18 1 0
143 10 13 16 1 0
577 115 12 18 1 0
96 226 12 17 1 0
608 464 15 19 1 0
639 87 13 16 1 0
39 262 12 17 1 0
504 286 12 17 1 0
20 377 13 17 1 0
178 143 12 18 1 0
317 334 13 17 1 0
8 241 12 17 1 0
128 72 13 16 1 0
451 86 13 16 1 0
588 167 12 18 1 0
38 178 12 18 1 0
19 129 12 18 1 0
39 55 13 16 1 0
489 137 12 18 1 0
275 219 12 17 1 0
103 199 12 17 1 0
384 337 13 17 1 0
70 448 15 19 1 0
451 141 12 18 1 0
173 89 13 16 1 0
512 222 12 17 1 0
21 24 13 16 1 0
186 101 12 18 1 0
133 270 12 17 1 0
203 262 12 17 1 0
125 163 12 18 1 0
523 100 12 18 1 0
532 189 12 17 1 0
590 135 12 18 1 0
188 334 13 17 1 0
295 29 13 16 1 0
54 394 13 17 1 0
194 395 13 17 1 0
546 125 12 18 1 0
701 277 12 17 1 0
159 281 12 17 1 0
123 256 12 17 1 0
10 149 12 18 1 0
199 20 13 16 1 0
476 58 13 16 1 0
198 244 12 17 1 0
450 296 13 17 1 0
121 303 13 17 1 0
136 97 12 18 1 0
80 167 12 18 1 0
6 91 13 16 1 0
373 12 13 16 1 0
340 449 15 19 1 0
363 47 13 16 1 0
24 284 12 17 1 0
291 64 13 16 1 0
325 11 13 16 1 0
17 239 12 17 1 0
215 107 12 18 1 0
108 460 15 19 1 0
640 270 12 17 1 0
27 318 13 17 1 0
573 155 12 18 1 0
250 14 13 16 1 0
569 208 12 17 1 0
115 139 12 18 1 0
534 145 12 18 1 0
242 103 12 18 1 0
340 130 12 18 1 0
151 231 12 17 1 0
431 112 12 18 1 0
58 25 13 16 1 0
225 18 13 16 1 0
636 342 13 17 1 0
287 471 15 19 1 0
450 12 13 16 1 0
682 457 15 19 1 0
402 422 15 19 1 0
151 354 13 17 1 0
673 246 12 17 1 0
407 94 12 18 1 0
488 183 12 18 1 0
62 306 13 17 1 0
243 340 13 17 1 0
60 190 12 17 1 0
232 389 13 17 1 0
700 322 13 17 1 0
161 45 13 16 1 0
584 92 13 16 1 0
581 236 12 17 1 0
381 90 13 16 1 0
87 68 13 16 1 0
261 127 12 18 1 0
331 163 12 18 1 0
69 208 12 17 1 0
171 240 12 17 1 0
54 105 12 18 1 0
554 191 12 17 1 0
235 189 12 17 1 0
598 260 12 17 1 0
140 182 12 18 1 0
401 128 12 18 1 0
102 95 12 18 1 0
420 165 12 18 1 0
383 467 15 19 1 0
68 3 13 16 1 0
69 138 12 18 1 0
240 177 12 18 1 0
572 416 13 17 1 0
203 126 12 18 1 0
30 339 13 17 1 0
557 3 13 16 1 0
65 243 12 17 1 0
496 251 12 17 1 0
30 119 12 18 1 0
661 177 12 18 1 0
176 304 13 17 1 0
636 436 15 19 1 0
266 73 13 16 1 0
626 65 13 16 1 0
575 442 15 19 1 0
707 155 12 18 1 0
238 362 13 17 1 0
587 2 13 19 1 0
48 373 13 17 1 0
624 194 12 17 1 0
205 282 12 17 1 0
298 135 12 18 1 0
330 37 13 16 1 0
162 131 12 18 1 0
194 168 12 18 1 0
185 214 12 17 1 0
665 377 13 17 1 0
223 464 15 19 1 0
479 110 12 18 1 0
155 476 15 19 1 0
664 105 12 18 1 0
712 173 12 18 1 0
513 85 13 16 1 0
218 312 13 17 1 0
460 116 12 18 1 0
406 69 13 16 1 0
