584 238 15 17 1 0
77 270 21 30 1 0
487 230 15 17 1 0
388 170 5 6 1 0
137 153 16 18 1 0
176 243 15 17 1 0
257 163 7 7 1 0
248 294 21 30 1 0
330 295 21 30 1 0
465 225 15 17 2 0
277 173 7 7 1 0
379 178 5 6 1 0
319 224 15 17 2 0
375 245 15 17 1 0
564 242 15 17 1 0
177 158 16 18 1 0
369 262 15 17 1 0
104 293 21 30 1 0
293 174 7 7 1 0
568 290 26 32 1 0
230 310 21 30 1 0
107 157 16 18 2 0
339 173 7 7 1 0
152 170 16 18 1 0
579 251 15 17 1 0
201 310 21 30 1 0
289 225 15 17 1 0
454 234 15 17 1 0
348 178 7 7 1 0
521 182 5 6 1 1
126 152 16 18 1 0
352 244 15 17 1 0
346 167 7 7 1 0
459 172 5 6 1 0
105 164 16 18 2 0
213 156 16 18 1 0
202 268 21 30 1 0
46 484 53 62 1 0
14 273 21 30 1 0
439 181 5 6 1 0
196 151 16 18 1 0
451 175 5 6 1 0
493 182 5 6 1 1
394 166 5 6 1 0
486 241 15 17 2 0
408 171 5 6 1 0
271 258 15 17 1 0
44 288 21 30 1 0
467 189 5 6 1 1
295 157 7 7 1 0
382 172 5 6 1 0
455 265 26 32 2 0
27 159 16 18 1 0
67 244 15 17 1 0
193 227 15 17 1 0
270 150 7 7 1 0
247 169 16 18 1 0
225 349 21 30 1 0
419 258 15 17 1 0
454 221 15 17 1 0
68 166 16 18 1 0
211 227 15 17 1 0
483 222 15 17 1 0
230 166 16 18 1 0
309 175 7 7 1 0
380 186 5 6 1 0
361 182 7 7 1 0
482 188 5 6 1 1
303 172 7 7 1 0
507 220 15 17 2 0
498 180 5 6 1 1
313 224 15 17 2 0
407 236 15 17 2 0
277 160 7 7 1 0
236 236 15 17 1 0
474 295 26 32 1 0
368 238 15 17 1 0
645 254 15 17 1 0
523 240 15 17 1 0
145 244 15 17 1 0
605 274 26 32 1 0
451 183 5 6 1 0
407 254 15 17 1 0
312 212 15 17 1 0
281 246 15 17 1 0
127 327 21 30 1 0
447 316 26 32 1 0
240 251 15 17 1 0
74 386 53 62 1 0
437 241 15 17 1 0
120 176 16 18 1 0
441 271 26 32 1 0
417 223 15 17 1 0
262 149 7 7 1 0
484 256 15 17 1 0
117 291 21 30 1 0
509 238 15 17 2 0
360 234 15 17 1 0
178 169 16 18 1 0
601 250 15 17 1 0
505 246 15 17 1 0
754 168 46 52 1 0
389 296 21 30 1 0
185 280 21 30 1 0
173 328 21 30 1 0
526 356 26 32 1 0
2 156 16 18 1 0
255 238 15 17 1 0
323 169 7 7 1 0
315 257 15 17 1 0
164 166 16 18 1 0
727 206 46 52 1 0
33 270 21 30 1 0
527 193 5 6 1 0
321 179 7 7 1 0
46 165 16 18 1 0
513 188 5 6 1 1
568 262 15 17 1 0
91 142 16 18 1 0
152 149 16 18 2 0
334 167 7 7 1 0
533 254 15 17 1 0
94 119 16 18 1 0
467 274 26 32 2 0
472 225 15 17 2 0
347 256 15 17 1 0
549 236 15 17 1 0
92 156 16 18 2 0
431 178 5 6 1 0
261 464 53 62 1 0
82 286 21 30 1 0
443 177 5 6 1 0
410 189 5 6 1 0
372 179 5 6 1 0
414 178 5 6 1 0
579 262 15 17 1 0
441 250 15 17 1 0
166 264 15 17 1 0
783 227 79 82 1 0
265 173 7 7 1 0
83 158 16 18 2 0
327 239 15 17 2 0
304 313 21 30 1 0
396 174 5 6 1 0
189 245 15 17 1 0
362 218 15 17 1 0
345 292 21 30 1 0
393 249 15 17 1 0
558 272 26 32 1 0
333 231 15 17 2 0
507 229 15 17 2 0
270 159 7 7 1 0
401 181 5 6 1 0
296 220 15 17 1 0
192 164 16 18 1 0
335 222 15 17 2 0
382 264 15 17 1 0
211 170 16 18 1 0
375 232 15 17 1 0
466 248 15 17 1 0
194 357 21 30 1 0
307 167 7 7 1 0
273 221 15 17 1 0
319 238 15 17 2 0
348 216 15 17 1 0
353 169 7 7 1 0
286 159 7 7 1 0
452 257 15 17 2 0
405 275 21 30 1 0
203 164 16 18 1 0
408 227 15 17 2 0
52 149 16 18 1 0
475 253 15 17 1 0
479 243 15 17 2 0
517 221 15 17 1 0
426 241 15 17 1 0
504 269 26 32 1 0
152 157 16 18 2 0
264 334 21 30 1 0
539 211 15 17 1 0
273 305 21 30 1 0
437 225 15 17 1 0
387 229 15 17 1 0
539 239 15 17 1 0
294 237 15 17 1 0
572 229 15 17 1 0
141 170 16 18 1 0
382 210 12 14 1 0
305 246 15 17 1 0
