1410 1113 45 44 1 0
511 1109 45 44 1 0
124 1061 33 35 1 0
1616 1080 33 35 1 0
289 1068 33 35 1 0
477 1087 33 35 1 0
885 1019 23 26 1 0
1538 1043 28 30 1 0
1034 1276 88 87 1 0
801 1119 45 44 1 0
184 1126 45 44 1 0
1027 1163 46 51 1 0
747 1030 23 26 1 0
688 1049 30 32 1 0
1809 1023 23 26 1 0
1294 1068 33 35 1 0
986 1172 46 51 1 0
719 1061 33 35 1 0
1400 1038 23 26 1 0
1613 1140 45 44 1 0
1826 1137 45 44 1 0
843 1157 46 51 1 0
332 1131 45 44 1 0
1372 1036 23 26 1 0
683 1088 33 35 1 0
666 1067 33 35 1 0
1673 1018 23 26 1 0
84 1098 33 35 1 0
95 1289 88 87 1 0
912 1052 33 35 1 0
75 1180 46 51 1 0
550 1035 23 26 1 0
926 1084 33 35 1 0
772 1142 45 44 1 0
1276 1053 33 35 1 0
366 1031 23 26 1 0
1486 1030 23 26 1 0
1737 1109 45 44 1 0
706 1221 89 92 1 0
945 1028 23 26 1 0
403 1094 33 35 1 0
1608 1052 33 35 1 0
1830 1095 33 35 1 0
1709 1142 45 44 1 0
221 1074 33 35 1 0
96 1059 33 35 1 0
965 1075 33 35 1 0
1606 1037 23 26 1 0
1791 1115 45 44 1 0
871 1098 33 35 1 0
1443 1093 33 35 1 0
701 1118 45 44 1 0
639 1033 23 26 1 0
1633 1107 45 44 1 0
1436 1063 33 35 1 0
420 1055 33 35 1 0
604 1126 45 44 1 0
117 1184 46 51 1 0
578 1050 33 35 1 0
548 1086 33 35 1 0
316 1099 33 35 1 0
503 1036 23 26 1 0
1341 1058 33 35 1 0
1455 1034 23 26 1 0
978 1116 45 44 1 0
1170 1028 23 26 1 0
329 1278 88 87 1 0
252 1050 33 35 1 0
848 1046 28 30 1 0
990 1027 23 26 1 0
970 1094 33 35 1 0
1542 1112 45 44 1 0
1458 1050 33 35 1 0
69 1230 89 92 1 0
272 1062 33 35 1 0
215 1199 46 51 1 0
1380 1109 45 44 1 0
772 1041 30 32 1 0
686 1287 88 87 1 0
1931 1107 39 41 1 0
195 1038 23 26 1 0
477 1036 23 26 1 0
535 1162 46 51 1 0
1943 1157 46 51 1 0
1598 1184 46 51 1 0
1133 1042 30 32 1 0
1951 1088 39 41 1 0
1424 1077 33 35 1 0
699 1034 23 26 1 0
11 1127 36 39 1 0
405 1194 46 51 1 0
512 1074 33 35 1 0
1784 1193 46 51 1 0
1700 1038 23 26 1 0
500 1156 46 51 1 0
1297 1039 23 26 1 0
1044 1032 23 26 1 0
1840 1224 89 92 1 0
923 1063 33 35 1 0
1465 1012 23 26 1 0
539 1206 46 51 1 0
380 1111 45 44 1 0
1508 1020 23 26 1 0
513 1064 33 35 1 0
1758 1148 46 51 1 0
1589 1022 23 26 1 0
1355 1015 23 26 1 0
204 1052 33 35 1 0
1685 1061 33 35 1 0
752 1209 89 92 1 0
570 1107 45 44 1 0
301 1185 46 51 1 0
1923 1032 36 37 1 0
674 1177 46 51 1 0
385 1033 23 26 1 0
1567 1065 33 35 1 0
1845 1067 33 35 1 0
1198 1120 45 44 1 0
1180 1040 23 26 1 0
64 1066 33 35 1 0
500 913 12 12 1 0
111 1043 33 35 1 0
674 1123 45 44 1 0
1009 1123 45 44 1 0
1741 1084 33 35 1 0
1635 1042 28 30 1 0
1024 1034 23 26 1 0
1875 1285 88 87 1 0
1388 1223 89 92 1 0
833 1029 23 26 1 0
170 1082 33 35 1 0
720 1262 88 87 1 0
934 1116 45 44 1 0
1456 1159 46 51 1 0
162 1246 89 92 1 0
1165 1113 45 44 1 0
1397 1023 23 26 1 0
1117 1084 33 35 1 0
1880 1045 30 32 1 0
1261 1092 33 35 1 0
1041 1039 23 26 1 0
1578 1129 45 44 1 0
135 1091 33 35 1 0
1939 1047 39 41 1 0
1409 1019 23 26 1 0
237 1109 45 44 1 0
1915 1069 36 37 1 0
574 1033 23 26 1 0
894 1228 89 92 1 0
246 1150 46 51 1 0
408 1264 88 87 1 0
777 1020 23 26 1 0
1084 1063 33 35 1 0
771 1291 88 87 1 0
1386 1026 23 26 1 0
1527 1020 23 26 1 0
782 1102 33 35 1 0
1674 1096 33 35 1 0
1478 1047 28 30 1 0
547 1062 33 35 1 0
1704 1073 33 35 1 0
578 1254 89 92 1 0
78 1038 33 35 1 0
818 1055 33 35 1 0
461 1052 33 35 1 0
837 1091 33 35 1 0
1942 1282 88 87 1 0
1626 1056 33 35 1 0
884 1160 46 51 1 0
1675 1130 45 44 1 0
1585 1046 28 30 1 0
430 1135 45 44 1 0
606 1084 33 35 1 0
581 1078 33 35 1 0
299 1226 89 92 1 0
1232 1038 23 26 1 0
1902 1206 46 51 1 0
1134 1290 88 87 1 0
858 1064 33 35 1 0
1863 1084 33 35 1 0
1667 1171 46 51 1 0
1386 1064 33 35 1 0
832 1284 88 87 1 0
45 1109 45 44 1 0
150 1067 33 35 1 0
1653 1068 33 35 1 0
598 1169 46 51 1 0
1071 1045 25 28 1 0
756 1073 33 35 1 0
9 1254 56 58 1 0
1209 1054 33 35 1 0
1004 1027 23 26 1 0
1626 1205 46 51 1 0
1866 1177 46 51 1 0
129 1139 45 44 1 0
164 1044 30 32 1 0
1317 1086 33 35 1 0
606 1049 28 30 1 0
1747 1040 23 26 1 0
1240 1056 33 35 1 0
443 1094 33 35 1 0
1659 1046 28 30 1 0
1519 1083 33 35 1 0
1242 1022 23 26 1 0
20 1080 33 35 1 0
1425 1035 23 26 1 0
739 1049 28 30 1 0
1902 1087 33 35 1 0
182 1056 33 35 1 0
1612 1018 23 26 1 0
1476 1116 45 44 1 0
1876 1127 45 44 1 0
1578 1090 33 35 1 0
720 1094 33 35 1 0
901 1098 33 35 1 0
946 1055 33 35 1 0
1826 1044 30 32 1 0
1440 1024 23 26 1 0
1788 1042 30 32 1 0
1411 1046 25 28 1 0
788 1201 46 51 1 0
398 1163 46 51 1 0
1486 1070 33 35 1 0
1427 1052 33 35 1 0
1547 1213 89 92 1 0
