219 82 22 23 1 0
600 217 22 30 1 0
5 66 17 19 1 0
87 111 22 23 1 0
180 44 16 18 1 0
329 96 22 23 1 0
205 155 22 23 1 0
13 231 22 30 1 0
257 115 22 23 1 0
338 8 16 18 1 0
143 28 16 18 1 0
331 72 16 18 1 0
448 242 22 30 1 0
163 96 22 23 1 0
440 224 22 30 1 0
340 127 22 23 1 0
191 4 16 18 1 0
130 179 22 30 1 0
341 224 22 30 1 0
159 185 22 30 1 0
581 135 22 23 1 0
491 137 22 23 1 0
199 137 22 23 1 0
67 48 16 18 1 0
296 12 16 18 1 0
274 70 16 18 1 0
500 32 16 18 1 0
365 257 22 30 1 0
67 29 16 18 1 0
175 270 28 34 1 0
195 286 28 34 1 0
605 55 16 18 1 0
481 210 22 30 1 0
621 27 16 18 1 0
410 4 16 18 1 0
57 47 16 18 1 0
157 46 16 18 1 0
487 269 28 34 1 0
104 113 22 23 1 0
500 120 22 23 1 0
163 162 22 23 1 0
34 181 22 30 1 0
544 137 22 23 1 0
564 44 16 18 1 0
447 49 16 18 1 0
455 185 22 30 1 0
287 97 22 23 1 0
6 174 22 26 1 0
379 59 16 18 1 0
363 6 16 18 1 0
280 164 22 23 1 0
182 79 22 23 1 0
197 16 16 18 1 0
508 132 22 23 1 0
375 139 22 23 1 0
216 65 16 18 1 0
26 312 28 34 1 0
309 3 16 18 1 0
88 12 16 18 1 0
149 61 16 18 1 0
110 195 22 30 1 0
122 32 16 18 1 0
560 88 22 23 1 0
571 292 28 34 1 0
84 161 22 23 1 0
58 190 22 30 1 0
473 116 22 23 1 0
84 182 22 30 1 0
71 5 16 18 1 0
177 71 16 18 1 0
243 262 28 34 1 0
12 9 16 18 1 0
303 16 16 18 1 0
200 78 22 23 1 0
437 15 16 18 1 0
58 256 22 30 1 0
3 115 22 23 1 0
122 9 16 18 1 0
292 123 22 23 1 0
212 247 22 30 1 0
515 146 22 23 1 0
141 125 22 23 1 0
229 229 22 30 1 0
106 170 22 30 1 0
50 83 22 23 1 0
558 117 22 23 1 0
566 143 22 23 1 0
281 198 22 30 1 0
345 22 16 18 1 0
201 31 16 18 1 0
132 232 22 30 1 0
294 300 28 34 1 0
544 301 28 34 1 0
74 132 22 23 1 0
599 183 22 30 1 0
478 172 22 30 1 0
244 83 22 23 1 0
446 2 16 18 1 0
421 269 28 34 1 0
328 188 22 30 1 0
197 64 16 18 1 0
343 89 22 23 1 0
277 25 16 18 1 0
216 43 16 18 1 0
578 251 22 30 1 0
354 78 22 23 1 0
91 200 22 30 1 0
307 155 22 23 1 0
281 146 22 23 1 0
147 110 22 23 1 0
169 110 22 23 1 0
546 206 22 30 1 0
411 112 22 23 1 0
130 48 16 18 1 0
215 125 22 23 1 0
154 4 16 18 1 0
608 195 22 30 1 0
512 201 22 30 1 0
202 94 22 23 1 0
535 12 16 18 1 0
101 3 16 18 1 0
20 34 16 18 1 0
332 159 22 23 1 0
468 135 22 23 1 0
380 192 22 30 1 0
376 83 22 23 1 0
136 71 16 18 1 0
399 118 22 23 1 0
443 190 22 30 1 0
413 44 16 18 1 0
93 267 28 34 1 0
362 96 22 23 1 0
229 12 16 18 1 0
117 121 22 23 1 0
150 223 22 30 1 0
323 215 22 30 1 0
446 161 22 23 1 0
50 214 22 30 1 0
572 74 17 19 1 0
177 227 22 30 1 0
474 89 22 23 1 0
206 55 16 18 1 0
387 156 22 23 1 0
346 48 16 18 1 0
602 84 22 23 1 0
372 114 22 23 1 0
53 52 16 18 1 0
437 36 16 18 1 0
555 21 16 18 1 0
49 27 16 18 1 0
216 179 22 30 1 0
28 213 22 30 1 0
607 163 22 28 1 0
512 19 16 18 1 0
620 246 23 31 1 0
431 182 22 30 1 0
107 52 16 18 1 0
492 99 22 23 1 0
249 19 16 18 1 0
179 8 16 18 1 0
427 219 22 30 1 0
312 33 16 18 1 0
347 113 22 23 1 0
436 111 22 23 1 0
23 10 16 18 1 0
309 84 22 23 1 0
226 58 16 18 1 0
254 32 16 18 1 0
169 20 16 18 1 0
459 12 16 18 1 0
618 106 22 23 1 0
177 59 16 18 1 0
264 41 16 18 1 0
353 8 16 18 1 0
375 294 28 34 1 0
266 129 22 23 1 0
293 30 16 18 1 0
626 95 19 20 1 0
555 70 16 18 1 0
416 172 22 30 1 0
119 266 28 34 1 0
12 192 22 26 1 0
611 288 28 34 1 0
282 218 22 30 1 0
556 57 16 18 1 0
188 125 22 23 1 0
86 74 17 19 1 0
63 12 16 18 1 0
313 10 16 18 1 0
214 4 16 18 1 0
497 195 22 30 1 0
101 14 16 18 1 0
165 145 22 23 1 0
622 57 16 18 1 0
262 232 22 30 1 0
482 76 22 23 1 0
323 162 22 23 1 0
592 101 22 23 1 0
274 6 16 18 1 0
337 260 22 30 1 0
252 60 16 18 1 0
577 15 16 18 1 0
89 131 22 23 1 0
295 189 22 30 1 0
328 47 16 18 1 0
276 260 22 30 1 0
557 254 22 30 1 0
349 152 22 23 1 0
539 2 16 18 1 0
79 237 22 30 1 0
511 101 22 23 1 0
187 110 22 23 1 0
363 192 22 30 1 0
231 209 22 30 1 0
393 97 22 23 1 0
187 25 16 18 1 0
400 264 28 34 1 0
244 4 16 18 1 0
329 311 28 34 1 0
363 216 22 30 1 0
395 173 22 30 1 0
436 91 22 23 1 0
568 24 16 18 1 0
109 234 22 30 1 0
368 45 16 18 1 0
453 40 16 18 1 0
96 311 28 34 1 0
253 155 22 23 1 0
402 8 16 18 1 0
201 40 16 18 1 0
488 312 28 34 1 0
579 170 22 30 1 0
101 94 22 23 1 0
411 81 22 23 1 0
319 111 22 23 1 0
178 13 16 18 1 0
131 206 22 30 1 0
362 129 22 23 1 0
503 47 16 18 1 0
68 119 22 23 1 0
249 216 22 30 1 0
352 139 22 23 1 0
294 126 22 23 1 0
209 232 22 30 1 0
602 145 22 23 1 0
421 61 16 18 1 0
242 72 16 18 1 0
77 71 16 18 1 0
77 40 16 18 1 0
522 131 22 23 1 0
205 195 22 30 1 0
488 20 16 18 1 0
32 126 22 23 1 0
521 269 28 34 1 0
620 135 22 23 1 0
388 121 22 23 1 0
579 190 22 30 1 0
111 22 16 18 1 0
303 46 16 18 1 0
457 88 22 23 1 0
532 112 22 23 1 0
542 68 16 18 1 0
447 25 16 18 1 0
440 205 22 30 1 0
461 54 16 18 1 0
127 22 16 18 1 0
51 156 22 23 1 0
495 156 22 23 1 0
51 15 16 18 1 0
287 9 16 18 1 0
6 25 16 18 1 0
529 36 16 18 1 0
501 66 16 18 1 0
620 179 22 26 1 0
433 231 22 30 1 0
68 172 22 30 1 0
280 17 16 18 1 0
439 68 16 18 1 0
464 146 22 23 1 0
62 73 19 20 1 0
451 63 16 18 1 0
250 10 16 18 1 0
587 159 22 23 1 0
480 20 16 18 1 0
222 285 28 34 1 0
415 190 22 30 1 0
179 182 22 30 1 0
206 11 16 18 1 0
296 259 22 30 1 0
388 233 22 30 1 0
21 148 22 23 1 0
116 137 22 23 1 0
217 127 22 23 1 0
87 59 16 18 1 0
392 199 22 30 1 0
210 111 22 23 1 0
411 29 16 18 1 0
601 127 22 23 1 0
235 28 16 18 1 0
306 241 22 30 1 0
556 34 16 18 1 0
488 65 16 18 1 0
499 9 16 18 1 0
156 30 16 18 1 0
567 222 22 30 1 0
142 290 28 34 1 0
393 17 16 18 1 0
599 228 22 30 1 0
50 37 16 18 1 0
217 33 16 18 1 0
151 74 19 20 1 0
204 89 22 23 1 0
421 16 16 18 1 0
242 46 16 18 1 0
261 88 22 23 1 0
544 103 22 23 1 0
542 48 16 18 1 0
464 298 28 34 1 0
357 24 16 18 1 0
259 8 16 18 1 0
418 314 28 34 1 0
552 175 22 30 1 0
167 201 22 30 1 0
482 48 16 18 1 0
180 140 22 23 1 0
3 139 22 24 1 0
387 73 20 21 1 0
138 90 22 23 1 0
257 81 22 23 1 0
290 67 16 18 1 0
229 167 22 30 1 0
2 36 16 18 1 0
62 97 22 23 1 0
16 159 22 23 1 0
530 77 22 23 1 0
5 89 19 20 1 0
263 177 22 30 1 0
