3774 1176 26 22 1 0
1810 1438 29 37 1 0
3429 871 8 10 1 1
1141 1218 29 37 1 0
4247 1066 26 22 1 1
1022 904 16 19 1 1
2260 1038 13 20 1 1
291 864 16 19 1 1
3537 705 6 8 1 1
933 823 16 19 1 1
482 1393 29 37 1 0
4615 745 11 12 1 1
981 977 12 18 1 1
3523 940 8 10 1 1
3693 701 6 8 1 1
4767 734 11 12 1 1
2327 1001 13 20 1 1
1942 932 16 19 2 1
1601 919 16 19 1 1
1865 863 16 19 2 1
872 944 16 19 1 1
4813 1134 26 22 1 0
5374 1129 26 22 1 0
413 963 12 18 1 1
4506 918 11 12 1 1
4369 858 11 12 1 1
1391 1271 29 37 1 0
2097 939 16 19 2 1
4711 729 11 12 2 1
2131 1074 12 18 1 1
3407 907 8 10 1 1
3067 919 8 10 1 1
344 887 16 19 2 1
3461 850 8 10 1 1
2992 860 8 10 1 1
4903 968 26 22 1 1
2416 1120 13 20 1 1
2030 857 16 19 1 1
2326 968 8 10 1 1
860 833 16 19 1 1
875 817 16 19 1 1
3020 965 8 10 1 1
1559 1403 29 37 1 0
2493 1109 13 20 1 1
28 860 16 19 1 1
1009 834 16 19 1 1
650 1460 29 37 1 0
1398 898 16 19 1 1
4943 1406 41 47 1 0
2252 916 16 19 1 1
619 919 16 19 1 1
4601 917 11 12 1 1
1425 894 16 19 1 1
201 1182 29 37 1 0
2486 1148 13 20 1 0
1903 907 16 19 1 1
4136 895 11 12 1 1
2234 936 8 10 1 1
5524 1225 41 47 1 0
3102 980 8 10 1 1
3514 866 8 10 1 1
4107 839 11 12 1 1
2623 1466 41 47 1 0
2919 1394 41 47 1 0
1007 817 16 19 1 1
1845 951 16 19 1 1
153 943 16 19 1 1
3291 902 8 10 1 1
4167 919 11 12 1 1
4751 792 11 12 1 1
2037 883 16 19 2 1
1096 824 16 19 2 1
1419 988 12 18 1 1
3084 880 8 10 1 1
741 903 16 19 1 1
1318 873 16 19 1 1
4007 677 6 8 1 1
239 889 16 19 1 1
1413 833 16 19 1 1
3117 913 8 10 1 1
4660 840 11 12 1 1
1220 1054 12 18 1 1
2102 930 16 19 1 1
4504 762 11 12 1 1
2533 990 8 10 1 1
4015 910 11 12 1 1
3497 706 6 8 1 1
4431 1050 26 22 1 1
4224 1456 41 47 1 0
4924 1507 41 47 1 0
757 937 16 19 1 1
3215 732 6 8 1 1
2147 927 16 19 1 1
2086 879 16 19 2 1
3351 1107 13 20 1 1
4613 814 11 12 1 1
2107 1143 12 18 1 0
4083 991 26 22 1 1
4225 829 11 12 1 1
1961 1058 12 18 1 1
3837 1160 26 22 1 0
2719 1082 13 20 1 1
3131 737 6 8 1 1
3265 1014 13 20 1 1
3104 878 8 10 1 1
1530 931 16 19 2 1
2371 1580 38 44 1 0
2168 888 16 19 2 1
1403 881 16 19 1 1
4659 729 11 12 1 1
5009 1291 41 47 1 0
447 865 16 19 1 1
3063 883 8 10 1 1
3473 883 8 10 1 1
3275 952 8 10 1 1
1069 848 16 19 1 1
1096 1013 12 18 1 1
3723 1334 41 47 1 0
3732 859 8 10 1 1
1624 981 12 18 1 1
2127 891 16 19 2 1
4177 860 11 12 1 1
4827 935 11 12 1 1
947 1284 29 37 1 0
2393 893 16 19 2 1
2303 1013 13 20 1 1
3984 846 8 10 1 1
4146 875 11 12 1 1
4406 790 11 12 1 1
780 869 16 19 1 1
4638 854 11 12 1 1
1972 923 16 19 2 1
179 928 16 19 1 1
379 1007 12 18 1 1
2223 1488 29 37 1 0
2357 1116 13 20 1 1
3228 913 8 10 1 1
4656 748 11 12 1 1
161 1388 29 37 1 0
2440 1017 13 20 1 1
2041 890 16 19 2 1
3086 1471 41 47 1 0
3107 1418 41 47 1 0
1502 941 16 19 2 1
4865 947 11 12 1 1
3517 702 6 8 1 1
3708 694 6 8 1 1
4676 998 26 22 1 1
2564 911 8 10 1 1
4664 1105 26 22 1 1
3251 855 8 10 1 1
947 918 16 19 1 1
3280 852 8 10 1 1
2382 940 8 10 1 1
878 922 16 19 1 1
4651 820 11 12 1 1
3598 713 6 8 1 1
2141 1012 12 18 1 1
3340 1165 13 20 1 0
2688 944 8 10 1 1
402 1118 12 18 1 1
3995 812 8 10 1 1
5062 951 11 12 1 1
4788 785 11 12 1 1
1345 872 16 19 1 1
2708 1007 13 20 1 1
4211 847 11 12 1 1
3005 884 8 10 1 1
3125 1343 41 47 1 0
2444 1419 41 47 1 0
3528 848 8 10 1 1
4772 754 11 12 1 1
1555 1084 12 18 1 1
2163 868 16 19 1 1
4996 1590 41 47 1 0
4270 1022 26 22 1 1
3381 907 8 10 1 1
4442 1378 41 47 1 0
2949 875 8 10 1 1
3090 746 6 8 1 1
5026 1035 26 22 1 1
2048 989 12 18 1 1
4967 777 11 12 1 1
1955 884 16 19 1 1
4041 825 11 12 1 1
2088 963 12 18 2 1
2979 927 8 10 1 1
2917 899 8 10 1 1
3284 970 13 20 1 1
1664 848 16 19 1 1
4719 933 11 12 1 1
4593 741 11 12 1 1
2392 871 16 19 2 1
4201 916 11 12 1 1
3838 697 6 8 1 1
876 835 16 19 1 1
3182 989 13 20 1 1
1343 893 16 19 2 1
1304 987 12 18 2 1
2206 1228 29 37 1 0
285 1071 12 18 1 1
3395 718 6 8 1 1
303 835 16 19 1 1
1164 942 16 19 1 1
2268 1109 13 20 1 1
920 879 16 19 1 1
4678 781 11 12 1 1
1700 1355 29 37 1 0
3112 872 8 10 1 1
4689 926 11 12 1 1
2215 877 16 19 1 1
4759 780 11 12 1 1
3907 808 8 10 1 1
1839 904 16 19 2 1
1619 840 16 19 1 1
2903 895 8 10 1 1
2241 1051 11 17 1 1
3181 730 6 8 1 1
3110 752 6 8 1 1
3055 899 8 10 1 1
3869 879 8 10 1 1
2273 903 16 19 2 1
1265 1530 29 37 1 0
3434 1517 41 47 1 0
2933 1144 13 20 1 0
3369 926 8 10 1 1
3781 696 6 8 1 1
4908 1067 26 22 1 1
813 1028 12 18 1 1
2273 1472 29 37 1 0
4254 808 11 12 1 1
1882 1015 12 18 1 1
3051 1220 41 47 2 0
3065 995 8 10 1 1
1143 841 16 19 2 1
4459 749 11 12 1 1
2449 969 8 10 1 1
3114 950 8 10 1 1
191 865 16 19 1 1
4884 1058 26 22 1 1
1321 832 16 19 2 1
2971 860 8 10 1 1
1359 832 16 19 2 1
3192 862 8 10 1 1
4282 1303 41 47 1 0
3041 950 8 10 1 1
4632 1005 26 22 1 1
4643 822 11 12 1 1
1540 1353 29 37 1 0
1459 893 16 19 1 1
886 949 16 19 1 1
2633 1240 41 47 1 0
5393 1490 41 47 1 0
2365 882 16 19 2 1
3216 1108 13 20 1 1
3124 883 8 10 1 1
3129 916 8 10 1 1
900 1065 12 18 1 1
222 1033 12 18 1 1
3607 1094 26 22 1 1
2038 934 16 19 1 1
547 1041 12 18 1 1
432 885 16 19 2 1
3343 725 6 8 1 1
3783 862 8 10 1 1
3531 713 6 8 1 1
4740 806 11 12 1 1
3370 942 8 10 1 1
2183 952 16 19 1 1
4093 1280 41 47 1 0
3365 883 8 10 1 1
1272 1328 29 37 1 0
2465 1079 13 20 1 1
1063 964 12 18 1 1
2286 899 16 19 2 1
3669 922 8 10 1 1
606 1460 29 37 1 0
2990 931 8 10 1 1
1143 905 16 19 1 1
3897 883 8 10 1 1
1447 986 12 18 1 1
2608 928 8 10 1 1
4508 827 11 12 1 1
2387 900 16 19 2 1
885 827 16 19 2 1
3751 1216 29 28 1 0
2073 886 16 19 1 1
4278 1142 26 22 1 0
4969 841 11 12 1 1
4868 1108 26 22 1 1
3831 884 8 10 1 1
3702 1251 41 47 1 0
3305 893 8 10 1 1
3871 862 8 10 1 1
3113 889 8 10 1 1
248 877 16 19 1 1
4821 770 11 12 1 1
3685 707 6 8 1 1
4714 769 11 12 1 1
1470 862 16 19 2 1
1429 867 16 19 1 1
2085 861 16 19 1 1
247 860 16 19 1 1
4414 862 11 12 2 1
5080 1157 26 22 1 0
2332 1075 13 20 1 1
2263 1003 8 10 1 1
5185 957 11 12 1 1
1482 1074 12 18 1 1
902 1324 29 37 1 0
4814 847 11 12 1 1
2225 994 8 10 2 1
2981 871 8 10 1 1
2735 1009 13 20 2 1
3556 958 8 10 1 1
4815 1067 26 22 1 1
2282 991 8 10 1 1
2101 1010 12 18 1 1
3903 1146 26 22 1 0
2196 915 16 19 2 1
728 845 16 19 1 1
257 902 16 19 1 1
3753 846 8 10 1 1
4771 855 11 12 1 1
623 883 16 19 1 1
1436 845 16 19 1 1
4051 1025 26 22 1 1
1907 927 16 19 1 1
4790 733 11 12 1 1
42 896 16 19 1 1
1454 905 16 19 1 1
3097 958 8 10 1 1
163 920 16 19 1 1
2020 963 12 18 1 1
733 818 16 19 1 1
1942 1455 29 37 1 0
2880 1362 41 47 1 0
2423 954 8 10 1 1
4269 1198 26 22 1 0
1595 868 16 19 1 1
2010 857 16 19 1 1
3136 904 8 10 1 1
337 1010 12 18 1 1
3734 840 8 10 1 1
4679 813 11 12 1 1
4652 869 11 12 1 1
2200 885 16 19 1 1
2563 920 8 10 1 1
1294 1051 12 18 1 1
4370 1250 41 47 1 0
2435 923 16 19 1 1
582 1237 29 37 1 0
3184 899 8 10 1 1
2366 882 16 19 2 1
1194 857 16 19 1 1
3488 916 8 10 1 1
4741 1018 26 22 1 1
4057 861 11 12 1 1
3286 893 8 10 1 1
2563 930 8 10 1 1
4180 1558 41 47 1 0
3681 843 8 10 1 1
4882 1284 41 47 1 0
5268 1593 41 47 1 0
404 828 16 19 1 1
4186 958 11 12 1 1
3320 1177 13 20 1 0
3161 933 8 10 1 1
4965 1355 41 47 1 0
2590 1095 13 20 1 1
3076 868 8 10 1 1
3275 878 8 10 1 1
3663 849 8 10 1 1
3215 738 6 8 1 1
2244 1201 29 37 1 0
3114 1004 13 20 1 1
4203 882 11 12 1 1
4931 776 11 12 1 1
873 1055 12 18 1 1
2290 964 8 10 1 1
3175 875 8 10 1 1
4657 781 11 12 1 1
3255 864 8 10 1 1
3817 856 8 10 1 1
2961 887 8 10 1 1
816 1231 29 37 1 0
4690 991 26 22 1 1
1297 1330 29 37 1 0
3496 712 6 8 1 1
2624 921 8 10 1 1
1143 980 12 18 1 1
3636 854 8 10 1 1
3702 1007 26 22 1 1
3648 888 8 10 1 1
2736 1009 13 20 2 1
3252 944 8 10 1 1
731 993 12 18 1 1
3678 1339 41 47 1 0
796 1247 29 37 1 0
1706 949 16 19 1 1
4868 1015 26 22 1 1
3022 1077 13 20 1 1
2378 906 16 19 1 1
84 932 16 19 1 1
4620 1081 26 22 1 1
4937 833 11 12 1 1
1081 952 16 19 1 1
5197 1032 26 22 1 1
97 863 16 19 1 1
3663 1590 41 47 1 0
3214 1024 13 20 1 1
980 1020 12 18 1 1
394 831 16 19 1 1
784 1392 29 37 1 0
1004 1101 12 18 1 1
849 833 16 19 1 1
3144 923 8 10 1 1
280 876 16 19 1 1
4882 779 11 12 1 1
3012 975 8 10 1 1
4031 838 11 12 1 1
466 1051 12 18 1 1
1589 856 16 19 1 1
3754 865 8 10 1 1
235 1120 12 18 1 1
3478 927 8 10 1 1
592 1267 29 37 1 0
891 822 16 19 2 1
3071 1350 41 47 1 0
2415 968 8 10 1 1
2294 876 16 19 1 1
5091 913 11 12 1 1
3317 945 8 10 1 1
1736 1474 29 37 1 0
997 1536 29 37 1 0
4618 790 11 12 1 1
3287 733 6 8 1 1
2124 992 12 18 1 1
5454 1362 41 47 1 0
201 1354 29 37 1 0
4602 1304 41 47 1 0
4376 774 11 12 1 1
3277 1169 13 20 1 0
3381 1292 41 47 1 0
4369 1158 26 22 1 0
1356 847 16 19 1 1
4316 1409 41 47 1 0
5483 1129 26 22 1 0
2903 928 8 10 1 1
3701 695 6 8 1 1
3088 918 8 10 1 1
746 1083 12 18 1 1
4144 1045 26 22 1 1
3969 1129 26 22 1 0
4868 780 11 12 1 1
5412 1092 26 22 1 1
3780 839 8 10 1 1
3362 1421 41 47 1 0
1248 991 12 18 1 1
4546 790 11 12 1 1
5277 1489 41 47 1 0
1379 832 16 19 1 1
3086 903 8 10 1 1
3157 858 8 10 1 1
4377 886 11 12 1 1
3036 866 8 10 1 1
1521 875 16 19 1 1
1123 917 16 19 2 1
2420 921 16 19 2 1
3489 881 8 10 1 1
3230 863 8 10 1 1
2940 876 8 10 1 1
3145 964 8 10 1 1
3404 857 8 10 1 1
3725 997 26 22 1 1
1701 966 12 18 1 1
3388 856 8 10 1 1
1554 1246 29 37 1 0
3060 927 8 10 1 1
4229 984 26 22 1 1
2381 1462 29 37 1 0
5306 940 11 12 1 1
1222 894 16 19 1 1
2138 922 16 19 2 1
4016 1262 41 47 1 0
4136 827 11 12 1 1
1301 843 16 19 1 1
2344 961 8 10 1 1
480 1082 12 18 1 1
972 914 16 19 1 1
3213 1387 41 47 1 0
1921 898 16 19 1 1
4520 755 11 12 1 1
2400 882 16 19 1 1
1512 1095 12 18 1 1
20 1199 16 22 1 0
2253 954 8 10 1 1
3473 1351 41 47 1 0
3336 940 8 10 1 1
453 855 16 19 1 1
4491 746 11 12 1 1
4488 1396 41 47 1 0
3749 1483 41 47 1 0
4668 1046 26 22 1 1
369 833 16 19 1 1
1892 1274 29 37 1 0
3901 867 8 10 1 1
2626 952 8 10 1 1
319 835 16 19 1 1
4705 925 11 12 1 1
2067 1010 12 18 1 1
1668 955 12 18 1 1
1849 1167 12 18 1 0
3073 1017 13 20 1 1
4472 770 11 12 1 1
4395 1525 41 47 1 0
3428 857 8 10 1 1
2991 944 8 10 1 1
3494 989 26 22 1 1
1109 982 12 18 1 1
1097 1370 29 37 1 0
1969 858 16 19 1 1
4641 745 11 12 1 1
2898 1476 41 47 1 0
4292 1044 26 22 1 1
4757 961 26 22 1 1
4721 863 11 12 1 1
4351 1588 41 47 1 0
3656 846 8 10 1 1
3405 716 6 8 1 1
96 995 12 18 1 1
4143 912 11 12 1 1
3286 1096 13 20 1 1
334 820 16 19 1 1
4109 876 11 12 1 1
1882 977 12 18 1 1
4455 1140 26 22 1 0
2280 928 16 19 1 1
1805 1059 12 18 1 1
2225 958 8 10 1 1
161 1495 29 37 1 0
3914 1047 26 22 1 1
3120 741 6 8 1 1
1450 888 16 19 1 1
4873 774 11 12 1 1
1849 1026 12 18 1 1
552 866 16 19 1 1
2334 899 16 19 1 1
4894 868 11 12 1 1
4417 969 26 22 1 1
3193 877 8 10 1 1
1865 1069 12 18 1 1
2368 907 16 19 1 1
1134 992 12 18 1 1
99 1229 29 37 1 0
2106 1026 12 18 1 1
2789 1190 13 20 1 0
1687 1068 12 18 1 1
2224 994 8 10 2 1
4761 906 11 12 1 1
3750 889 8 10 1 1
2610 1165 13 20 1 0
1863 985 12 18 1 1
4807 1258 41 47 1 0
1272 877 16 19 2 1
1498 871 16 19 2 1
2065 970 12 18 2 1
2034 893 16 19 2 1
3058 1244 41 47 2 0
3848 863 8 10 1 1
437 810 16 19 1 1
1317 1279 29 37 1 0
4441 1438 41 47 1 0
2711 1281 41 47 1 0
5331 998 26 22 1 1
1218 871 16 19 1 1
3954 690 6 8 1 1
2009 1135 12 18 1 0
336 943 16 19 1 1
2457 924 16 19 1 1
2526 1148 13 20 1 0
3337 872 8 10 1 1
2892 904 8 10 1 1
3367 720 6 8 1 1
3873 1317 41 47 1 0
3092 898 8 10 1 1
128 858 16 19 1 1
1352 865 16 19 2 1
4597 768 11 12 1 1
1132 948 16 19 1 1
4762 1080 26 22 1 1
3771 833 8 10 1 1
3535 853 8 10 1 1
838 1196 29 37 1 0
2556 1133 13 20 1 0
803 1141 12 18 1 0
3069 870 8 10 1 1
2378 1103 13 20 1 1
2896 896 8 10 1 1
765 897 16 19 1 1
3041 880 8 10 1 1
3439 927 8 10 1 1
4497 1009 26 22 1 1
4902 882 11 12 1 1
1367 877 16 19 1 1
4527 736 11 12 1 1
4563 723 11 12 1 1
1412 967 12 18 1 1
1852 1126 12 18 1 0
3850 838 8 10 1 1
5211 859 11 12 1 1
4502 850 11 12 1 1
1702 851 16 19 1 1
3286 866 8 10 1 1
2245 938 8 10 1 1
5239 1250 41 47 1 0
3324 910 8 10 1 1
2536 933 8 10 1 1
4040 846 11 12 1 1
3075 954 8 10 1 1
2202 925 16 19 2 1
5099 992 26 22 1 1
4220 861 11 12 1 1
4272 937 11 12 1 1
4088 1571 41 47 1 0
1323 1059 12 18 1 1
1770 985 12 18 1 1
1397 1210 29 37 1 0
5487 1073 26 22 1 1
4004 899 8 10 1 1
4772 1222 41 47 1 0
480 1512 29 37 1 0
638 1201 29 37 1 0
4254 1007 26 22 1 1
2995 898 8 10 1 1
3516 1347 41 47 1 0
2907 933 8 10 1 1
2081 1035 12 18 1 1
3237 1242 41 47 1 0
2426 915 16 19 2 1
4316 892 11 12 1 1
3557 1504 41 47 1 0
4692 1329 41 47 1 0
3420 951 8 10 1 1
3952 950 8 10 1 1
4615 772 11 12 1 1
3347 858 8 10 1 1
236 1099 12 18 1 1
3359 859 8 10 1 1
4525 785 11 12 1 1
4569 824 11 12 1 1
1992 1166 12 18 1 0
3225 731 6 8 1 1
4564 973 26 22 1 1
3719 1092 26 22 1 1
4026 670 6 8 1 1
1025 1001 12 18 1 1
2348 909 16 19 1 1
2313 871 16 19 2 1
3125 903 8 10 1 1
4140 1144 26 22 1 0
2075 993 12 18 1 1
1840 904 16 19 2 1
4622 736 11 12 1 1
2217 1356 29 37 1 0
237 937 16 19 1 1
5407 985 26 22 1 1
1393 848 16 19 1 1
3465 709 6 8 1 1
5132 1260 41 47 1 0
2201 949 16 19 1 1
3202 735 6 8 1 1
871 1112 12 18 1 1
461 827 16 19 1 1
4323 942 11 12 1 1
2659 995 8 10 1 1
1263 1053 12 18 1 1
3913 858 8 10 1 1
4885 1580 41 47 2 0
1664 930 16 19 2 1
4067 848 11 12 1 1
3890 857 8 10 1 1
3193 739 6 8 1 1
3878 949 8 10 1 1
3035 1027 13 20 1 1
2822 1155 13 20 1 0
1320 1344 29 37 1 0
2570 1176 13 20 1 0
4609 776 11 12 1 1
3968 883 8 10 1 1
2309 940 8 10 1 1
2326 869 16 19 1 1
2185 888 16 19 2 1
3490 970 26 22 1 1
1702 1032 12 18 1 1
2283 1039 13 20 1 1
1074 831 16 19 1 1
3257 1052 13 20 1 1
5520 987 26 22 1 1
2270 1157 21 28 1 0
2070 967 12 18 2 1
1919 974 12 18 1 1
2433 963 8 10 1 1
2290 905 16 19 2 1
3268 851 8 10 1 1
3598 700 6 8 1 1
4447 891 11 12 1 1
4039 1002 26 22 1 1
2504 1573 41 47 1 0
4008 847 8 10 1 1
4319 1263 41 47 1 0
1048 1084 12 18 1 1
56 981 12 18 1 1
3193 870 8 10 1 1
3187 735 6 8 1 1
2094 864 16 19 1 1
3855 683 6 8 1 1
4353 1019 26 22 1 1
2659 972 8 10 1 1
4084 834 11 12 1 1
1426 1337 29 37 1 0
4407 960 26 22 1 1
1434 971 12 18 1 1
3062 869 8 10 1 1
3115 933 8 10 1 1
4101 1079 26 22 1 1
4442 762 11 12 2 1
2942 1231 41 47 2 0
2990 847 8 10 1 1
3779 971 26 22 1 1
3272 991 13 20 1 1
3459 709 6 8 1 1
241 1018 12 18 1 1
2522 942 8 10 1 1
4965 792 11 12 1 1
4286 756 11 12 1 1
2969 877 8 10 1 1
4879 920 11 12 1 1
3141 1035 13 20 1 1
41 935 16 19 1 1
3302 865 8 10 1 1
2115 924 16 19 2 1
3204 923 8 10 1 1
558 851 16 19 1 1
4952 794 11 12 1 1
2552 934 8 10 1 1
4587 776 11 12 1 1
3265 730 6 8 1 1
3250 993 13 20 1 1
3343 884 8 10 1 1
3135 857 8 10 1 1
767 820 16 19 1 1
5468 973 26 22 1 1
3127 870 8 10 1 1
1422 877 16 19 1 1
3416 862 8 10 1 1
3083 741 6 8 1 1
4560 1100 26 22 1 1
2694 1108 13 20 1 1
4288 825 11 12 1 1
4667 894 11 12 1 1
5556 912 11 12 1 1
2039 1340 29 37 1 0
3857 971 26 22 1 1
444 817 16 19 1 1
3936 1027 26 22 1 1
5233 1119 26 22 1 1
4479 787 11 12 2 1
5441 1263 41 47 2 0
3257 872 8 10 1 1
777 972 12 18 1 1
3098 738 6 8 1 1
2128 1190 29 37 1 0
2133 1352 29 37 1 0
2047 967 12 18 1 1
4593 914 11 12 1 1
4165 1217 29 28 1 0
2873 1286 41 47 2 0
3535 864 8 10 1 1
2304 1126 13 20 1 0
868 907 16 19 1 1
437 877 16 19 2 1
163 1045 12 18 1 1
2996 1120 13 20 1 1
4020 1220 41 47 1 0
2416 1550 41 47 1 0
1670 868 16 19 1 1
4180 839 11 12 1 1
559 1552 29 37 1 0
2088 998 12 18 1 1
2853 1516 41 47 1 0
1290 1357 29 37 1 0
746 1487 29 37 1 0
4282 811 11 12 1 1
2895 933 8 10 1 1
4094 833 11 12 1 1
4479 843 11 12 1 1
1640 1562 29 37 1 0
2261 919 16 19 2 1
4707 1450 41 47 1 0
3100 1151 13 20 1 0
5275 1294 41 47 1 0
56 899 16 19 1 1
4726 727 11 12 2 1
1677 993 12 18 1 1
3774 1006 26 22 1 1
3109 931 8 10 1 1
2173 1496 29 37 1 0
3482 904 8 10 1 1
860 1562 29 37 1 0
3315 871 8 10 1 1
914 858 16 19 1 1
3140 1071 13 20 1 1
1685 1017 12 18 1 1
1067 1384 29 37 1 0
4391 790 11 12 1 1
4036 1372 41 47 1 0
3868 990 26 22 1 1
3758 707 6 8 1 1
3120 858 8 10 1 1
3897 1211 26 22 1 0
2244 875 16 19 1 1
3629 933 8 10 1 1
1387 963 12 18 2 1
2148 912 16 19 2 1
4295 868 11 12 1 1
1792 1218 29 37 1 0
4613 1093 26 22 1 1
4965 821 11 12 1 1
4937 778 11 12 1 1
1500 931 16 19 2 1
3581 910 8 10 1 1
4286 764 11 12 1 1
5513 967 26 22 1 1
1107 885 16 19 1 1
2266 975 8 10 2 1
1599 1509 29 37 1 0
1277 870 16 19 2 1
1925 1346 29 37 1 0
3367 895 8 10 1 1
2611 968 8 10 1 1
4916 914 11 12 1 1
2218 941 16 19 1 1
3186 858 8 10 1 1
4217 835 11 12 1 1
2878 934 8 10 1 1
2307 877 16 19 2 1
289 1050 12 18 1 1
3139 858 8 10 1 1
1987 905 16 19 1 1
3809 882 8 10 1 1
4545 818 11 12 1 1
2277 890 16 19 2 1
3582 1183 26 22 1 0
2088 916 16 19 2 1
2342 977 8 10 1 1
4640 870 11 12 1 1
4170 844 11 12 1 1
2042 861 16 19 2 1
1669 1062 12 18 1 1
2873 919 8 10 1 1
891 861 16 19 1 1
3125 896 8 10 1 1
4796 1312 41 47 1 0
1632 944 16 19 1 1
3856 848 8 10 1 1
3890 828 8 10 1 1
3159 1336 41 47 1 0
5320 1245 41 47 1 0
2911 952 8 10 1 1
2265 910 16 19 2 1
4566 1486 41 47 1 0
5354 1183 26 22 1 0
1706 1418 29 37 1 0
2729 1568 41 47 1 0
3804 1144 26 22 1 0
5161 1176 26 22 1 0
3455 907 8 10 1 1
4059 1099 26 22 1 1
1235 1252 29 37 1 0
4534 765 11 12 1 1
3006 854 8 10 1 1
653 840 16 19 1 1
5376 1032 26 22 1 1
2537 964 8 10 2 1
4912 815 11 12 1 1
3577 886 8 10 1 1
4640 727 11 12 1 1
3867 1031 26 22 1 1
1502 987 12 18 1 1
535 856 16 19 1 1
5219 1437 41 47 1 0
4577 781 11 12 1 1
4420 791 11 12 1 1
1135 875 16 19 1 1
2170 938 16 19 1 1
4428 868 11 12 1 1
4574 725 11 12 1 1
173 1270 29 37 1 0
3624 847 8 10 1 1
2318 1049 13 20 1 1
1591 939 16 19 1 1
4483 1138 26 22 1 0
2404 965 8 10 1 1
534 833 16 19 1 1
31 1104 12 18 1 1
3028 863 8 10 1 1
4142 843 11 12 1 1
1109 1237 29 37 1 0
5282 943 11 12 1 1
4628 991 26 22 1 1
2640 1058 13 20 1 1
3308 847 8 10 1 1
3051 981 8 10 1 1
2025 898 16 19 1 1
3462 900 8 10 1 1
4421 901 11 12 1 1
1978 881 16 19 1 1
3087 980 8 10 1 1
3470 870 8 10 1 1
3386 1012 26 22 1 1
3016 1131 13 20 1 0
2189 880 16 19 2 1
3228 870 8 10 1 1
502 849 16 19 1 1
5567 1429 41 47 1 0
2998 920 8 10 1 1
1319 889 16 19 1 1
5433 965 26 22 1 1
4698 822 11 12 1 1
2209 890 16 19 2 1
3124 1299 41 47 1 0
4545 1137 26 22 1 0
2988 879 8 10 1 1
3168 893 8 10 1 1
3559 1102 26 22 1 1
3402 863 8 10 1 1
1599 1012 12 18 1 1
1336 865 16 19 2 1
4380 965 26 22 1 1
4928 817 11 12 1 1
2017 931 16 19 1 1
1497 953 12 18 1 1
5584 1096 26 22 1 1
1239 932 16 19 2 1
1881 923 16 19 1 1
926 940 16 19 2 1
825 865 16 19 1 1
3154 744 6 8 1 1
3578 859 8 10 1 1
3512 711 6 8 1 1
366 1055 12 18 1 1
3141 877 8 10 1 1
4421 1166 26 22 1 0
2613 913 8 10 1 1
149 1188 29 37 1 0
1868 1217 29 37 1 0
3816 1012 26 22 1 1
3261 889 8 10 1 1
2744 964 8 10 1 1
3622 1164 26 22 1 0
758 882 16 19 1 1
2514 1084 13 20 1 1
1021 824 16 19 1 1
3168 938 8 10 1 1
2246 894 16 19 1 1
3206 858 8 10 1 1
3143 1169 13 20 1 0
2789 1522 41 47 1 0
343 887 16 19 2 1
4865 817 11 12 1 1
2482 1478 41 47 1 0
2355 944 8 10 1 1
2988 926 8 10 1 1
3740 694 6 8 1 1
2213 907 16 19 2 1
678 1094 12 18 1 1
4638 755 11 12 1 1
1374 1572 29 37 1 0
4077 1015 26 22 1 1
1156 882 16 19 1 1
1281 842 16 19 2 1
471 826 16 19 2 1
3722 885 8 10 1 1
2203 1408 29 37 1 0
4716 731 11 12 2 1
2511 1252 41 47 1 0
1180 1085 12 18 1 1
707 822 16 19 1 1
184 1452 29 37 1 0
4817 1392 41 47 2 0
3553 1038 26 22 1 1
2691 1212 13 20 1 0
5020 819 11 12 1 1
4271 844 11 12 1 1
2338 1547 29 37 1 0
4545 1408 41 47 1 0
1482 907 16 19 1 1
5360 969 26 22 1 1
641 885 16 19 1 1
3080 964 8 10 1 1
2444 935 8 10 1 1
2677 1337 41 47 1 0
5381 1108 26 22 1 1
3580 993 26 22 1 1
954 950 16 19 2 1
1482 838 16 19 1 1
4744 915 11 12 1 1
2969 940 8 10 1 1
373 1521 29 37 1 0
925 846 16 19 1 1
1782 944 16 19 1 1
3244 734 6 8 1 1
2670 994 8 10 1 1
719 913 16 19 1 1
1986 892 16 19 1 1
2954 885 8 10 1 1
4641 1026 26 22 1 1
2416 870 16 19 1 1
4759 731 11 12 1 1
2347 1207 29 37 1 0
1037 883 16 19 1 1
5333 1115 26 22 1 1
1575 1038 12 18 1 1
1409 909 16 19 1 1
1863 932 16 19 1 1
4940 817 11 12 1 1
1332 881 16 19 1 1
4813 1541 41 47 1 0
117 1180 29 37 1 0
4493 757 11 12 1 1
4426 1268 41 47 1 0
4103 1099 26 22 1 1
2368 872 16 19 2 1
1657 1367 29 37 1 0
3203 868 8 10 1 1
3951 886 8 10 1 1
3029 940 8 10 1 1
3169 885 8 10 1 1
1155 828 16 19 2 1
808 928 16 19 1 1
2390 964 8 10 1 1
267 846 16 19 1 1
1626 1209 29 37 1 0
3250 921 8 10 1 1
3831 684 6 8 1 1
4584 826 11 12 1 1
2240 955 8 10 1 1
2162 1411 29 37 1 0
4782 1457 41 47 2 0
3908 694 6 8 1 1
2454 944 8 10 1 1
2587 959 8 10 1 1
4528 820 11 12 1 1
1642 915 16 19 1 1
1607 1373 29 37 1 0
4902 777 11 12 1 1
2279 1260 29 37 1 0
3740 960 26 22 1 1
3239 939 8 10 1 1
3503 854 8 10 1 1
676 833 16 19 1 1
3776 1295 41 47 1 0
2030 881 16 19 2 1
795 827 16 19 1 1
688 898 16 19 1 1
2224 950 8 10 1 1
3758 968 26 22 1 1
3357 1048 13 20 1 1
3735 870 8 10 1 1
2466 958 8 10 1 1
3237 882 8 10 1 1
1971 1206 29 37 1 0
459 962 12 18 1 1
3930 872 8 10 1 1
1866 915 16 19 1 1
4279 1537 41 47 1 0
774 836 16 19 1 1
4647 736 11 12 1 1
2412 1008 13 20 1 1
1810 872 16 19 1 1
4713 810 11 12 1 1
2012 970 12 18 1 1
2543 918 8 10 1 1
4486 737 11 12 1 1
4250 881 11 12 1 1
4434 890 11 12 1 1
3685 858 8 10 1 1
3031 882 8 10 1 1
231 1511 29 37 1 0
2170 950 16 19 1 1
1827 881 16 19 1 1
1155 859 16 19 1 1
2485 1537 41 47 1 0
683 841 16 19 1 1
4343 876 11 12 1 1
995 893 16 19 1 1
4723 817 11 12 1 1
1087 981 12 18 1 1
4909 789 11 12 1 1
5551 1310 41 47 1 0
4533 1340 41 47 1 0
1913 912 16 19 1 1
4088 1070 26 22 1 1
4703 947 11 12 1 1
3775 904 8 10 1 1
3884 921 8 10 1 1
3183 863 8 10 1 1
93 1005 12 18 1 1
3057 895 8 10 1 1
3885 894 8 10 1 1
452 1096 12 18 1 1
4410 1445 41 47 1 0
1242 866 16 19 1 1
2277 1081 13 20 1 1
3056 864 8 10 1 1
4808 752 11 12 1 1
3907 958 8 10 1 1
723 829 16 19 1 1
3311 939 8 10 1 1
388 1434 29 37 1 0
753 1118 12 18 1 1
5369 945 11 12 1 1
1346 995 12 18 1 1
3002 862 8 10 1 1
4620 767 11 12 1 1
1079 970 12 18 1 1
4207 819 11 12 1 1
4946 968 26 22 1 1
1147 828 16 19 2 1
1843 863 16 19 1 1
525 1193 29 37 1 0
3940 863 8 10 1 1
3021 1190 13 20 1 0
3407 882 8 10 1 1
5596 1031 26 22 1 1
5439 929 11 12 1 1
2127 909 16 19 1 1
4705 729 11 12 2 1
3115 963 8 10 1 1
892 1538 29 37 1 0
533 1432 29 37 1 0
287 838 16 19 1 1
2995 972 8 10 1 1
2368 965 8 10 1 1
3503 1035 26 22 1 1
858 957 12 18 1 1
496 879 16 19 1 1
3581 838 8 10 1 1
3612 706 6 8 1 1
1940 942 16 19 2 1
2466 945 8 10 1 1
2366 1002 13 20 1 1
3037 752 6 8 1 1
4047 836 11 12 1 1
3280 875 8 10 1 1
80 1044 12 18 1 1
973 1061 12 18 1 1
3002 874 8 10 1 1
1337 948 16 19 1 1
1554 897 16 19 2 1
2104 885 16 19 1 1
5177 1164 26 22 1 0
4273 860 11 12 1 1
867 867 16 19 1 1
5400 1061 26 22 1 1
4548 762 11 12 1 1
5379 848 11 12 1 1
4233 927 11 12 1 1
2108 875 16 19 1 1
1280 842 16 19 2 1
3905 829 8 10 1 1
1177 1044 12 18 1 1
3721 844 8 10 1 1
2470 993 8 10 1 1
3712 708 6 8 1 1
4914 935 11 12 1 1
4601 1055 26 22 2 1
1161 893 16 19 1 1
4677 725 11 12 1 1
5237 1360 41 47 1 0
1095 1083 12 18 1 1
1233 860 16 19 1 1
2177 913 16 19 2 1
4540 1590 41 47 1 0
5430 1198 26 22 1 0
3926 941 8 10 1 1
2999 852 8 10 1 1
4514 937 11 12 1 1
469 818 16 19 2 1
3177 1220 41 47 1 0
1972 951 16 19 1 1
3151 992 8 10 1 1
2060 863 16 19 1 1
2351 883 16 19 1 1
3861 1046 26 22 1 1
4620 864 11 12 1 1
3791 1592 41 47 1 0
2148 862 16 19 1 1
3198 878 8 10 1 1
3406 1057 26 22 1 1
2983 857 8 10 1 1
1879 1124 12 18 1 0
4172 853 11 12 1 1
4735 730 11 12 1 1
3725 698 6 8 1 1
3989 1028 26 22 1 1
3375 856 8 10 1 1
1908 1137 12 18 1 0
1087 859 16 19 1 1
2447 995 8 10 1 1
960 940 16 19 1 1
3015 880 8 10 1 1
4811 782 11 12 1 1
2218 923 16 19 1 1
3342 853 8 10 1 1
4682 831 11 12 1 1
5341 935 11 12 1 1
4385 843 11 12 1 1
826 1338 29 37 1 0
5340 851 11 12 1 1
3144 933 8 10 1 1
465 862 16 19 1 1
3917 914 8 10 1 1
2562 947 8 10 1 1
4706 841 11 12 1 1
1498 861 16 19 2 1
5582 965 26 22 1 1
1037 947 16 19 1 1
1811 957 12 18 1 1
587 967 12 18 1 1
4278 828 11 12 1 1
1266 989 12 18 1 1
1957 864 16 19 2 1
2971 843 8 10 1 1
3245 897 8 10 1 1
3015 905 8 10 1 1
2096 1209 29 37 1 0
3395 895 8 10 1 1
2605 1498 41 47 1 0
4787 819 11 12 1 1
4248 947 11 12 1 1
4414 857 11 12 2 1
4146 827 11 12 1 1
2918 1332 41 47 1 0
4480 780 11 12 2 1
3462 718 6 8 1 1
1987 874 16 19 1 1
2155 879 16 19 1 1
4432 814 11 12 1 1
3156 903 8 10 1 1
3593 1099 26 22 1 1
4120 848 11 12 1 1
3695 876 8 10 1 1
337 833 16 19 2 1
1022 851 16 19 1 1
2514 911 16 19 1 1
4896 942 11 12 1 1
5208 1079 26 22 1 1
1379 901 16 19 1 1
2159 896 16 19 2 1
2003 1060 12 18 1 1
2945 1321 41 47 1 0
4212 997 26 22 1 1
1400 1093 12 18 1 1
2376 868 16 19 2 1
1162 840 16 19 1 1
3858 807 8 10 1 1
4313 865 11 12 1 1
5009 954 11 12 1 1
3216 890 8 10 1 1
4126 1232 41 47 1 0
4048 669 6 8 1 1
4453 814 11 12 1 1
4681 759 11 12 1 1
3582 1363 41 47 2 0
5564 1000 26 22 1 1
5537 968 26 22 1 1
4482 824 11 12 1 1
2240 998 8 10 1 1
2384 1077 13 20 1 1
389 865 16 19 1 1
5006 1027 26 22 1 1
4416 935 11 12 1 1
3669 703 6 8 1 1
1283 1242 29 37 1 0
4800 1391 41 47 2 0
1105 946 16 19 1 1
3234 965 13 20 1 1
3850 875 8 10 1 1
1443 1168 12 18 1 0
1492 884 16 19 1 1
4682 1076 26 22 1 1
5055 995 26 22 1 1
3096 871 8 10 1 1
1932 1397 29 37 1 0
1874 862 16 19 2 1
928 1426 29 37 1 0
5197 890 11 12 1 1
2203 925 16 19 2 1
2580 914 8 10 1 1
4774 773 11 12 1 1
2584 921 8 10 1 1
2096 939 16 19 2 1
3759 1054 26 22 1 1
4124 853 11 12 1 1
3278 725 6 8 1 1
2432 1310 41 47 1 0
4386 760 11 12 2 1
3991 854 8 10 1 1
417 1557 29 37 1 0
800 968 12 18 1 1
1915 947 16 19 1 1
4849 1328 41 47 1 0
3248 877 8 10 1 1
3521 1215 26 22 1 0
4582 727 11 12 1 1
4727 753 11 12 1 1
3402 1262 41 47 1 0
628 1419 29 37 1 0
5292 840 11 12 1 1
1320 826 16 19 2 1
3733 691 6 8 1 1
4620 836 11 12 1 1
3570 1069 26 22 1 1
2955 1244 41 47 2 0
3207 885 8 10 1 1
2114 865 16 19 1 1
1337 865 16 19 2 1
953 950 16 19 2 1
1282 861 16 19 1 1
3235 1070 13 20 1 1
3524 709 6 8 1 1
3707 977 26 22 1 1
1848 1009 12 18 1 1
2995 886 8 10 1 1
4246 830 11 12 1 1
2034 975 12 18 1 1
1138 827 16 19 2 1
4299 974 26 22 1 1
4205 1192 26 22 1 0
1253 1123 12 18 1 0
2575 933 8 10 1 1
3945 689 6 8 1 1
3446 960 26 22 1 1
1671 936 16 19 2 1
3906 985 26 22 1 1
3218 901 8 10 1 1
4776 1433 41 47 2 0
5009 794 11 12 1 1
1386 941 16 19 1 1
2262 886 16 19 2 1
3110 893 8 10 1 1
963 1353 29 37 1 0
48 842 16 19 1 1
2127 897 16 19 2 1
4064 864 11 12 1 1
5370 1392 41 47 1 0
2232 919 16 19 2 1
4083 937 11 12 1 1
4744 727 11 12 1 1
3191 1016 13 20 1 1
5138 844 11 12 1 1
885 869 16 19 1 1
4766 824 11 12 1 1
3925 833 8 10 1 1
3228 741 6 8 1 1
2183 920 16 19 2 1
2280 1199 29 37 1 0
3745 925 8 10 1 1
4383 767 11 12 1 1
4304 856 11 12 1 1
5080 1111 26 22 1 1
1760 946 16 19 1 1
3587 873 8 10 1 1
4593 1196 26 22 1 0
2082 876 16 19 2 1
2312 933 8 10 1 1
5299 1072 26 22 1 1
4629 765 11 12 1 1
1274 832 16 19 1 1
3776 851 8 10 1 1
540 878 16 19 1 1
2138 868 16 19 1 1
3209 737 6 8 1 1
4400 863 11 12 1 1
1297 853 16 19 2 1
1683 910 16 19 1 1
3040 858 8 10 1 1
3725 892 8 10 1 1
2927 1558 41 47 1 0
2290 936 8 10 1 1
2444 1007 13 20 1 1
5156 950 11 12 1 1
3395 878 8 10 1 1
2016 983 12 18 1 1
1078 853 16 19 1 1
420 1136 12 18 1 0
1442 868 16 19 1 1
3111 845 8 10 1 1
2985 915 8 10 1 1
3014 864 8 10 1 1
4202 982 26 22 1 1
2878 909 8 10 1 1
4743 755 11 12 1 1
1788 870 16 19 2 1
2265 954 8 10 2 1
1233 933 16 19 2 1
577 882 16 19 1 1
3801 961 26 22 1 1
5088 1532 41 47 1 0
367 862 16 19 1 1
3163 875 8 10 1 1
2134 933 16 19 1 1
3632 916 8 10 1 1
3352 727 6 8 1 1
2300 952 8 10 1 1
38 1060 12 18 1 1
3684 892 8 10 1 1
1204 940 16 19 1 1
98 1099 12 18 1 1
926 951 16 19 2 1
2239 921 16 19 2 1
2035 1232 29 37 1 0
3049 883 8 10 1 1
3664 1112 26 22 1 1
3710 945 8 10 1 1
1537 877 16 19 1 1
1599 991 12 18 1 1
2536 964 8 10 2 1
4982 1223 41 47 1 0
2332 921 16 19 1 1
2158 859 16 19 1 1
3739 1106 26 22 1 1
1935 1032 12 18 1 1
2907 917 8 10 1 1
3938 687 6 8 1 1
4810 831 11 12 1 1
2120 919 16 19 2 1
3604 969 26 22 1 1
4059 851 11 12 1 1
2360 978 8 10 1 1
2365 946 8 10 1 1
2181 879 16 19 2 1
2383 880 16 19 2 1
3954 866 8 10 1 1
499 1111 12 18 1 1
4615 960 26 22 1 1
4340 897 11 12 1 1
3605 710 6 8 1 1
3164 737 6 8 1 1
367 847 16 19 1 1
4082 1523 41 47 1 0
2974 870 8 10 1 1
1132 1361 29 37 1 0
1845 968 12 18 1 1
890 883 16 19 1 1
2416 922 16 19 2 1
5591 1222 41 47 1 0
2309 1231 29 37 1 0
1615 855 16 19 1 1
3972 678 6 8 1 1
2972 885 8 10 1 1
5546 1516 41 47 1 0
3267 880 8 10 1 1
4240 902 11 12 1 1
165 1338 29 37 1 0
834 894 16 19 1 1
231 912 16 19 1 1
4093 923 11 12 1 1
987 1003 12 18 1 1
3453 874 8 10 1 1
5551 1099 26 22 1 1
1570 878 16 19 1 1
226 1333 29 37 1 0
3895 846 8 10 1 1
3119 919 8 10 1 1
5194 977 26 22 1 1
1640 1326 29 37 1 0
427 835 16 19 1 1
5147 845 11 12 1 1
2979 880 8 10 1 1
1784 856 16 19 2 1
1407 1420 29 37 1 0
1359 901 16 19 1 1
1976 931 16 19 2 1
2659 1567 41 47 1 0
2323 907 16 19 2 1
3059 888 8 10 1 1
4536 752 11 12 1 1
4759 739 11 12 1 1
4508 792 11 12 1 1
2730 954 8 10 1 1
3258 1075 13 20 1 1
1304 854 16 19 2 1
3032 870 8 10 1 1
445 836 16 19 2 1
4646 790 11 12 1 1
3039 929 8 10 1 1
3104 938 8 10 1 1
1229 975 12 18 1 1
5376 1330 41 47 1 0
2114 924 16 19 2 1
3805 867 8 10 1 1
3163 869 8 10 1 1
4630 730 11 12 1 1
4165 1055 26 22 1 1
1806 1129 12 18 1 0
4084 849 11 12 1 1
2299 940 8 10 1 1
4325 956 11 12 1 1
3159 927 8 10 1 1
4460 775 11 12 1 1
3040 907 8 10 1 1
2694 935 8 10 1 1
5161 1463 41 47 1 0
3404 929 8 10 1 1
3466 896 8 10 1 1
2071 938 16 19 1 1
4457 789 11 12 1 1
2373 861 16 19 2 1
2087 963 12 18 2 1
3013 847 8 10 1 1
2595 920 8 10 1 1
4902 795 11 12 1 1
3579 847 8 10 1 1
2336 1137 13 20 1 0
453 838 16 19 2 1
4093 878 11 12 1 1
52 864 16 19 1 1
4084 1201 26 22 1 0
380 1362 29 37 1 0
417 916 16 19 1 1
1441 1005 12 18 1 1
3439 857 8 10 1 1
4098 864 11 12 1 1
5567 848 11 12 1 1
3051 1084 13 20 1 1
2380 1010 13 20 1 1
3039 1014 13 20 1 1
2321 1426 29 37 1 0
5447 1092 26 22 1 1
2353 1014 13 20 1 1
4497 867 11 12 1 1
4011 1542 41 47 1 0
4115 833 11 12 1 1
1477 862 16 19 2 1
1165 876 16 19 1 1
1336 891 16 19 2 1
5095 837 11 12 1 1
258 1296 29 37 1 0
1760 957 12 18 1 1
392 816 16 19 1 1
580 905 16 19 1 1
1126 846 16 19 1 1
2240 909 16 19 1 1
4689 859 11 12 1 1
2059 907 16 19 1 1
1092 821 16 19 2 1
3135 883 8 10 1 1
3020 890 8 10 1 1
3197 1568 41 47 1 0
1850 1414 29 37 1 0
4737 1537 41 47 1 0
2878 1204 13 20 1 0
2873 909 8 10 1 1
3652 1008 26 22 1 1
4551 1073 26 22 1 1
3077 893 8 10 1 1
3584 696 6 8 1 1
3876 872 8 10 1 1
4371 783 11 12 1 1
680 855 16 19 1 1
4306 757 11 12 1 1
3143 916 8 10 1 1
1876 1154 12 18 1 0
2705 968 8 10 1 1
87 1068 12 18 1 1
64 851 16 19 1 1
2958 870 8 10 1 1
4605 735 11 12 1 1
4213 872 11 12 1 1
3181 872 8 10 1 1
3007 951 8 10 1 1
1786 1335 29 37 1 0
5210 984 26 22 1 1
2672 1127 13 20 1 0
3402 1371 41 47 1 0
2980 896 8 10 1 1
4149 854 11 12 1 1
1213 1350 29 37 1 0
1164 918 16 19 1 1
4348 1442 41 47 1 0
665 828 16 19 1 1
3707 858 8 10 1 1
2993 1162 13 20 1 0
83 1025 12 18 1 1
2891 914 8 10 1 1
3300 879 8 10 1 1
1576 910 16 19 1 1
4380 1030 26 22 1 1
3020 953 8 10 1 1
2326 943 8 10 1 1
3909 844 8 10 1 1
1104 858 16 19 1 1
4735 865 11 12 1 1
4071 917 11 12 1 1
4423 782 11 12 1 1
4663 808 11 12 1 1
907 819 16 19 1 1
4013 870 8 10 1 1
2990 1528 41 47 1 0
3699 703 6 8 1 1
3233 855 8 10 1 1
2473 1194 13 20 1 0
4731 772 11 12 1 1
1024 864 16 19 1 1
2493 1280 41 47 1 0
4553 901 11 12 1 1
5076 1037 26 22 1 1
752 969 12 18 1 1
4461 758 11 12 1 1
3517 1077 26 22 1 1
372 942 16 19 1 1
941 1202 29 37 1 0
4302 936 11 12 1 1
2174 923 16 19 1 1
1771 1146 12 18 1 0
2296 888 16 19 1 1
1216 858 16 19 1 1
2567 1548 41 47 1 0
4731 787 11 12 1 1
1042 893 16 19 1 1
3127 953 8 10 1 1
1965 1242 29 37 1 0
3506 930 8 10 1 1
2015 885 16 19 1 1
3042 1044 13 20 1 1
1287 1095 12 18 1 1
3185 878 8 10 1 1
4406 745 11 12 1 1
4012 1073 26 22 1 1
4557 772 11 12 1 1
3122 943 8 10 1 1
4982 814 11 12 1 1
4677 1432 41 47 1 0
3657 917 8 10 1 1
4718 785 11 12 1 1
4877 1329 41 47 2 0
4881 1555 41 47 2 0
1620 934 16 19 1 1
5081 1374 41 47 1 0
3794 848 8 10 1 1
3921 812 8 10 1 1
4133 849 11 12 1 1
4117 953 11 12 1 1
942 930 16 19 1 1
1510 1146 12 18 1 0
1107 817 16 19 1 1
3139 868 8 10 1 1
5288 1229 41 47 1 0
3560 858 8 10 1 1
3532 959 26 22 1 1
2288 918 16 19 2 1
2729 976 8 10 1 1
4007 812 8 10 1 1
5169 1050 26 22 1 1
1512 942 16 19 1 1
3147 1272 41 47 1 0
1883 870 16 19 1 1
4364 831 11 12 1 1
4893 809 11 12 1 1
1421 849 16 19 1 1
4936 1160 26 22 1 0
2055 884 16 19 2 1
3091 737 6 8 1 1
78 1129 12 18 1 0
812 891 16 19 1 1
2904 906 8 10 1 1
5109 950 11 12 1 1
5444 1018 26 22 1 1
5465 1429 41 47 1 0
257 1161 12 18 1 0
2843 1340 41 47 1 0
4417 842 11 12 1 1
2216 972 16 19 1 1
1135 1496 29 37 1 0
2840 1135 13 20 1 0
2049 921 16 19 1 1
4665 747 11 12 1 1
910 923 16 19 1 1
5054 1242 41 47 1 0
1397 933 16 19 1 1
2086 929 16 19 2 1
2172 1226 29 37 1 0
1828 856 16 19 1 1
1990 960 12 18 1 1
3461 937 8 10 1 1
3847 1116 26 22 1 1
4642 1177 26 22 1 0
2989 868 8 10 1 1
4447 749 11 12 1 1
3896 829 8 10 1 1
3023 860 8 10 1 1
3046 1151 13 20 1 0
3047 752 6 8 1 1
2309 885 16 19 2 1
1304 978 12 18 2 1
1539 929 16 19 2 1
1700 863 16 19 1 1
4548 945 11 12 1 1
1947 864 16 19 2 1
2437 988 8 10 1 1
573 867 16 19 1 1
2278 877 16 19 1 1
1771 1273 29 37 1 0
2414 882 16 19 1 1
1279 976 12 18 1 1
1296 874 16 19 1 1
2270 860 16 19 1 1
5181 1083 26 22 1 1
2688 967 8 10 1 1
2318 1178 29 37 1 0
3131 980 8 10 1 1
1496 903 16 19 1 1
279 852 16 19 1 1
3075 938 8 10 1 1
1190 902 16 19 1 1
3829 1192 26 22 1 0
2445 1073 13 20 1 1
2851 1287 41 47 2 0
3133 899 8 10 1 1
3794 828 8 10 1 1
2264 954 8 10 2 1
2222 887 16 19 1 1
3968 921 8 10 1 1
3173 865 8 10 1 1
4867 1218 33 34 1 0
1557 893 16 19 2 1
4819 1004 26 22 1 1
3444 976 26 22 1 1
5401 1270 41 47 1 0
2188 869 16 19 1 1
4320 1128 26 22 1 0
3674 863 8 10 1 1
1473 1394 29 37 1 0
4749 773 11 12 1 1
67 1008 12 18 1 1
4076 869 11 12 1 1
3271 899 8 10 1 1
2487 1411 41 47 1 0
3624 707 6 8 1 1
3423 1395 41 47 1 0
3789 996 26 22 1 1
3983 893 8 10 1 1
4185 920 11 12 1 1
2188 993 12 14 1 1
4310 1173 26 22 1 0
4592 1421 41 47 1 0
4701 757 11 12 1 1
4961 1114 26 22 1 1
1804 924 16 19 1 1
1588 889 16 19 1 1
3482 846 8 10 1 1
3959 843 8 10 1 1
2095 984 12 18 1 1
1704 878 16 19 1 1
1586 972 12 18 1 1
4760 791 11 12 1 1
2011 1023 12 18 1 1
4608 752 11 12 1 1
2275 897 16 19 2 1
102 1524 29 37 1 0
3600 1031 26 22 1 1
3337 1003 13 20 1 1
3325 843 8 10 1 1
4635 771 11 12 1 1
5007 787 11 12 1 1
3705 1067 26 22 1 1
2047 905 16 19 1 1
4420 769 11 12 1 1
3753 931 8 10 1 1
2160 890 16 19 2 1
3159 862 8 10 1 1
2306 924 16 19 1 1
4211 830 11 12 1 1
1846 936 16 19 1 1
577 857 16 19 1 1
4355 750 11 12 1 1
3087 860 8 10 1 1
3336 921 8 10 1 1
2227 1575 29 37 1 0
1935 887 16 19 1 1
2918 936 8 10 1 1
5512 1030 26 22 1 1
2215 896 16 19 2 1
1441 826 16 19 1 1
2404 943 8 10 1 1
4065 836 11 12 1 1
4966 1077 26 22 1 1
4401 1406 41 47 1 0
3682 1097 26 22 1 1
3005 896 8 10 1 1
2060 1044 12 18 1 1
4191 837 11 12 2 1
1329 903 16 19 1 1
1454 872 16 19 1 1
3452 1044 26 22 1 1
272 1197 29 37 1 0
560 885 16 19 1 1
3642 864 8 10 1 1
760 985 12 18 1 1
3201 960 13 20 1 1
5026 806 11 12 1 1
4560 872 11 12 1 1
1426 1500 29 37 1 0
4697 732 11 12 1 1
3687 1499 41 47 1 0
1321 1162 12 18 1 0
375 889 16 19 1 1
4673 774 11 12 1 1
3054 748 6 8 1 1
3661 1077 26 22 1 1
2166 987 15 18 1 1
1783 856 16 19 2 1
1637 987 12 18 1 1
1427 911 16 19 1 1
1562 921 16 19 1 1
2156 911 16 19 2 1
2898 1254 41 47 1 0
912 900 16 19 2 1
4808 742 11 12 1 1
5024 1166 26 22 1 0
4761 763 11 12 1 1
3506 720 6 8 1 1
3306 1474 41 47 1 0
3007 1249 41 47 2 0
2221 911 16 19 2 1
125 883 16 19 1 1
5006 1529 41 47 1 0
3289 1146 13 20 1 0
3247 1011 13 20 1 1
1349 916 16 19 1 1
3715 1135 26 22 1 0
3728 941 8 10 1 1
4344 751 11 12 1 1
4008 1029 26 22 1 1
4580 868 11 12 1 1
2398 901 16 19 2 1
3989 945 8 10 1 1
4662 954 11 12 1 1
3294 1068 13 20 1 1
3172 968 8 10 1 1
3030 911 8 10 1 1
1167 856 16 19 1 1
3163 1453 41 47 1 0
2361 1387 29 37 1 0
3032 924 8 10 1 1
1718 1025 12 18 1 1
3929 677 6 8 1 1
944 898 16 19 1 1
3544 1175 26 22 1 0
1092 881 16 19 1 1
3101 865 8 10 1 1
4173 871 11 12 1 1
427 1253 29 37 1 0
2323 898 16 19 2 1
3096 743 6 8 1 1
5586 1130 26 22 1 0
3678 705 6 8 1 1
653 897 16 19 1 1
417 866 16 19 1 1
1458 857 16 19 1 1
5417 1029 26 22 1 1
3756 855 8 10 1 1
461 1473 29 37 1 0
1257 1152 12 18 1 0
4153 1349 41 47 1 0
1402 954 12 18 1 1
4995 782 11 12 1 1
1126 959 12 18 1 1
2055 941 16 19 1 1
2330 1020 13 20 1 1
4055 869 11 12 1 1
1099 899 16 19 1 1
1591 1077 12 18 1 1
2107 1440 29 37 1 0
2166 999 14 16 1 1
2061 984 12 18 1 1
3371 864 8 10 1 1
181 1155 12 18 1 0
1301 831 16 19 1 1
2981 1353 41 47 1 0
4917 859 11 12 1 1
1098 1560 29 37 1 0
3911 1426 41 47 1 0
1789 870 16 19 2 1
4489 1235 41 47 1 0
5215 1162 26 22 1 0
2752 1246 41 47 1 0
4241 849 11 12 1 1
592 822 16 19 1 1
5174 1539 41 47 1 0
4018 993 26 22 1 1
2720 918 8 10 1 1
3246 1119 13 20 1 1
4073 818 11 12 1 1
4016 674 6 8 1 1
5550 1223 41 47 1 0
135 935 16 19 1 1
2462 1304 41 47 1 0
4075 852 11 12 1 1
1352 1198 29 37 1 0
5086 886 11 12 1 1
2189 928 16 19 2 1
1961 1027 12 18 1 1
2323 886 16 19 1 1
3805 851 8 10 1 1
4193 843 11 12 2 1
1839 1044 12 18 1 1
3079 851 8 10 1 1
3544 712 6 8 1 1
1218 1025 12 18 1 1
3831 845 8 10 1 1
3481 959 26 22 1 1
4541 993 26 22 1 1
1263 896 16 19 2 1
308 1372 29 37 1 0
3426 1049 26 22 1 1
1383 957 12 18 2 1
4273 951 11 12 1 1
3893 693 6 8 1 1
3149 1131 13 20 1 0
2551 988 8 10 1 1
4050 908 11 12 1 1
2962 896 8 10 1 1
169 886 16 19 1 1
5133 1200 26 22 1 0
437 1444 29 37 1 0
5573 1036 26 22 1 1
3059 1185 13 20 1 0
1667 978 12 18 1 1
4955 842 11 12 1 1
4333 774 11 12 1 1
4337 784 11 12 1 1
5165 1301 41 47 1 0
394 974 12 18 1 1
2638 1305 41 47 1 0
333 973 12 18 1 1
2636 1147 13 20 1 0
3288 1291 41 47 1 0
277 822 16 19 1 1
4828 872 11 12 1 1
3214 934 8 10 1 1
2083 899 16 19 1 1
1392 867 16 19 1 1
4131 865 11 12 1 1
4783 778 11 12 1 1
648 821 16 19 2 1
1256 1015 12 18 1 1
2127 881 16 19 2 1
4197 872 11 12 1 1
4377 1126 26 22 1 0
4996 990 26 22 1 1
2162 903 16 19 2 1
1876 1529 29 37 1 0
2153 942 16 19 1 1
31 997 13 18 1 1
2384 923 16 19 2 1
3888 1558 41 47 1 0
1951 1001 12 18 1 1
1974 897 16 19 1 1
4937 1447 41 47 1 0
5469 1303 41 47 1 0
2035 1045 12 18 1 1
3517 957 8 10 1 1
5041 1176 26 22 1 0
3942 985 26 22 1 1
959 867 16 19 1 1
2933 1188 13 20 1 0
585 888 16 19 1 1
4942 999 26 22 1 1
902 932 16 19 1 1
5301 1158 26 22 1 0
3113 742 6 8 1 1
5227 1015 26 22 1 1
4126 1022 26 22 1 1
1556 932 16 19 1 1
3347 867 8 10 1 1
5604 1368 41 47 1 0
3980 1300 41 47 1 0
4765 1584 41 47 1 0
4467 1045 26 22 1 1
3870 844 8 10 1 1
3187 870 8 10 1 1
3779 689 6 8 1 1
4249 976 26 22 1 1
1465 989 12 18 1 1
1322 1089 12 18 1 1
2663 1236 41 47 1 0
1267 890 16 19 2 1
4670 851 11 12 1 1
2405 976 8 10 1 1
754 1539 29 37 1 0
3100 949 8 10 1 1
1335 891 16 19 2 1
4126 830 11 12 1 1
1097 966 12 18 1 1
749 843 16 19 1 1
4036 874 11 12 1 1
770 911 16 19 1 1
1810 886 16 19 1 1
1958 1146 12 18 1 0
197 959 12 18 1 1
3545 1083 26 22 1 1
4179 884 11 12 1 1
4827 1345 41 47 1 0
4656 766 11 12 1 1
3065 1061 13 20 1 1
4795 892 11 12 1 1
4656 1511 41 47 1 0
2263 875 16 19 1 1
3863 853 8 10 1 1
3632 850 8 10 1 1
629 956 12 18 1 1
4153 1021 26 22 1 1
2981 845 8 10 1 1
4468 742 11 12 1 1
345 836 16 19 2 1
223 838 16 19 1 1
1186 927 16 19 1 1
4841 1169 26 22 1 0
2395 1184 13 20 1 0
3922 1168 26 22 1 0
2300 1051 13 20 1 1
2593 912 8 10 1 1
4803 767 11 12 1 1
4700 1070 26 22 1 1
497 816 16 19 1 1
1542 902 16 19 1 1
3992 825 8 10 1 1
2139 895 16 19 1 1
1184 977 12 18 1 1
4761 842 11 12 1 1
136 999 12 18 1 1
3481 708 6 8 1 1
4215 1526 41 47 1 0
3762 877 8 10 1 1
4479 744 11 12 1 1
3472 715 6 8 1 1
805 872 16 19 1 1
34 851 16 19 1 1
4411 919 11 12 1 1
3655 701 6 8 1 1
1506 956 12 18 1 1
1321 952 16 19 1 1
20 1231 20 27 1 0
2864 1098 13 20 1 1
1972 913 16 19 2 1
727 947 16 19 1 1
4556 725 11 12 1 1
3055 881 8 10 1 1
3236 733 6 8 1 1
3547 702 6 8 1 1
1882 889 16 19 1 1
3291 896 8 10 1 1
3432 722 6 8 1 1
3387 939 8 10 1 1
5133 956 11 12 1 1
2304 964 8 10 1 1
269 1019 12 18 1 1
4090 952 11 12 1 1
3143 1125 13 20 1 0
3311 884 8 10 1 1
1104 870 16 19 1 1
5073 1065 26 22 1 1
4432 782 11 12 1 1
1196 1040 12 18 1 1
3011 926 8 10 1 1
4044 967 26 22 1 1
1150 839 16 19 2 1
3215 872 8 10 1 1
1054 830 16 19 1 1
1406 868 16 19 1 1
2057 878 16 19 2 1
2135 946 16 19 1 1
3849 949 8 10 1 1
1171 1199 29 37 1 0
511 1309 29 37 1 0
4190 863 11 12 1 1
4447 760 11 12 2 1
3313 1128 13 20 1 0
3485 943 8 10 1 1
2244 1363 29 37 1 0
3204 899 8 10 1 1
1486 896 16 19 1 1
2321 948 8 10 1 1
3762 824 8 10 1 1
5200 842 11 12 1 1
992 841 16 19 1 1
3440 1013 26 22 1 1
4361 1045 26 22 1 1
445 889 16 19 1 1
4274 891 11 12 1 1
480 1328 29 37 1 0
4371 820 11 12 1 1
4483 759 11 12 1 1
1270 941 16 19 1 1
2234 896 16 19 2 1
3377 717 6 8 1 1
3254 731 6 8 1 1
3172 736 6 8 1 1
3898 833 8 10 1 1
1103 847 16 19 1 1
3798 909 8 10 1 1
2392 938 8 10 1 1
3091 892 8 10 1 1
1040 841 16 19 2 1
3793 836 8 10 1 1
2177 865 16 19 1 1
1520 889 16 19 1 1
3537 882 8 10 1 1
2632 939 8 10 1 1
1836 1303 29 37 1 0
912 906 16 19 2 1
2191 907 16 19 2 1
4946 1215 33 34 1 0
1227 961 12 18 1 1
2140 990 13 18 1 1
1814 901 16 19 1 1
132 1141 12 18 1 0
4498 1026 26 22 1 1
1432 948 16 19 1 1
1194 1441 29 37 1 0
879 1179 29 37 1 0
3829 871 8 10 1 1
1493 993 12 18 1 1
2293 923 16 19 2 1
3842 997 26 22 1 1
120 1335 29 37 1 0
3447 864 8 10 1 1
5073 969 26 22 1 1
522 1054 12 18 1 1
4467 909 11 12 1 1
4587 751 11 12 1 1
817 970 12 18 1 1
3914 894 8 10 1 1
1667 1432 29 37 1 0
5540 1269 41 47 1 0
3273 937 8 10 1 1
1202 917 16 19 1 1
338 858 16 19 1 1
1493 844 16 19 1 1
4786 963 26 22 1 1
3313 721 6 8 1 1
3017 917 8 10 1 1
684 867 16 19 1 1
4049 918 11 12 1 1
4472 874 11 12 1 1
1956 873 16 19 2 1
1947 1274 29 37 1 0
4470 902 11 12 1 1
3169 1247 41 47 1 0
2173 894 16 19 2 1
5035 999 26 22 1 1
1736 1182 29 37 1 0
2593 927 8 10 1 1
4293 954 11 12 1 1
3290 882 8 10 1 1
3131 909 8 10 1 1
5164 991 26 22 1 1
3049 865 8 10 1 1
2536 1237 41 47 1 0
170 869 16 19 1 1
5012 776 11 12 1 1
1380 1036 12 18 1 1
2347 896 16 19 1 1
4786 1132 26 22 1 0
4786 939 11 12 1 1
2556 961 8 10 1 1
2226 875 16 19 1 1
648 1227 29 37 1 0
1491 1038 12 18 1 1
1978 1039 12 18 1 1
2229 932 8 10 1 1
4498 738 11 12 1 1
3479 1101 26 22 1 1
2466 1121 13 20 1 1
4688 1147 26 22 1 0
3508 879 8 10 1 1
4846 1143 26 22 1 0
3841 838 8 10 1 1
3025 898 8 10 1 1
4539 898 11 12 1 1
3718 871 8 10 1 1
3851 898 8 10 1 1
5077 873 11 12 1 1
5126 1367 41 47 1 0
914 991 12 18 1 1
2136 912 16 19 2 1
2994 1235 41 47 2 0
3631 897 8 10 1 1
630 1370 29 37 1 0
745 1315 29 37 1 0
3010 912 8 10 1 1
3041 1294 41 47 1 0
2403 909 16 19 2 1
4748 868 11 12 1 1
805 956 12 18 1 1
5423 1123 26 22 1 0
2531 921 8 10 1 1
1363 916 16 19 1 1
3970 863 8 10 1 1
3520 715 6 8 1 1
2255 882 16 19 2 1
452 997 12 18 1 1
3984 1070 26 22 1 1
4580 761 11 12 1 1
4494 1481 41 47 1 0
3061 857 8 10 1 1
3639 698 6 8 1 1
1652 1001 12 18 1 1
681 878 16 19 1 1
5592 1306 41 47 1 0
2909 908 8 10 1 1
3772 1121 26 22 1 0
2343 924 16 19 1 1
4136 836 11 12 1 1
335 994 12 18 1 1
2083 938 16 19 2 1
2237 887 16 19 2 1
3740 1134 26 22 1 0
3552 990 26 22 1 1
4896 986 26 22 1 1
4444 777 11 12 1 1
3498 889 8 10 1 1
4955 780 11 12 1 1
2261 900 16 19 1 1
3158 897 8 10 1 1
3260 1199 13 20 1 0
3239 863 8 10 1 1
3412 928 8 10 1 1
2392 925 16 19 2 1
4582 789 11 12 1 1
3078 1062 13 20 1 1
2982 1012 13 20 1 1
2430 1192 13 20 1 0
5523 1189 26 22 1 0
287 815 16 19 1 1
3437 904 8 10 1 1
3816 1067 26 22 1 1
3226 1444 41 47 1 0
1510 842 16 19 1 1
2062 1174 29 37 1 0
3183 921 8 10 1 1
38 1022 12 18 1 1
3772 695 6 8 1 1
156 981 12 18 1 1
345 872 16 19 1 1
4141 943 11 12 1 1
800 1225 29 37 1 0
2080 1233 29 37 1 0
4626 953 11 12 1 1
747 859 16 19 1 1
3902 817 8 10 1 1
4654 893 11 12 1 1
366 916 16 19 1 1
4723 730 11 12 2 1
4777 746 11 12 1 1
1932 859 16 19 1 1
3801 690 6 8 1 1
3361 722 6 8 1 1
3389 869 8 10 1 1
849 999 12 18 1 1
2138 1237 29 37 1 0
3408 992 26 22 1 1
934 1083 12 18 1 1
2043 861 16 19 2 1
2392 917 16 19 2 1
3283 1024 13 20 1 1
3543 849 8 10 1 1
3298 1215 13 20 1 0
830 955 12 18 1 1
3936 949 8 10 1 1
3871 834 8 10 1 1
2914 922 8 10 1 1
873 851 16 19 1 1
1011 951 16 19 1 1
4314 845 11 12 1 1
4290 845 11 12 1 1
3230 906 8 10 1 1
4148 972 26 22 1 1
402 849 16 19 1 1
3470 914 8 10 1 1
2442 1213 13 20 1 0
2703 958 8 10 1 1
1831 920 16 19 1 1
5464 1263 41 47 2 0
1071 1085 12 18 1 1
1209 979 12 18 1 1
4882 1234 41 47 1 0
916 1115 12 18 1 1
4075 958 11 12 1 1
3103 1315 41 47 1 0
3150 863 8 10 1 1
3119 934 8 10 1 1
570 846 16 19 1 1
3458 858 8 10 1 1
4441 1131 26 22 1 0
1350 833 16 19 2 1
4052 1593 41 47 1 0
2124 874 16 19 2 1
3497 875 8 10 1 1
2563 966 8 10 1 1
4632 919 11 12 1 1
4000 883 8 10 1 1
1454 975 12 18 1 1
2743 1443 41 47 1 0
3423 975 26 22 1 1
1611 985 12 18 1 1
1975 867 16 19 1 1
440 946 16 19 1 1
5041 1079 26 22 1 1
35 1421 29 37 1 0
4738 889 11 12 1 1
4788 757 11 12 1 1
4170 833 11 12 1 1
3852 696 6 8 1 1
5393 1201 26 22 1 0
4931 792 11 12 1 1
904 1242 29 37 1 0
3660 883 8 10 1 1
4463 1022 26 22 1 1
3564 849 8 10 1 1
3329 721 6 8 1 1
1035 844 16 19 2 1
3273 888 8 10 1 1
3572 950 8 10 1 1
2301 1033 13 20 1 1
3018 870 8 10 1 1
4782 873 11 12 1 1
463 878 16 19 1 1
3203 876 8 10 1 1
4118 939 11 12 1 1
2014 1187 29 37 1 0
2329 908 16 19 2 1
5603 1072 26 22 1 1
5014 1432 41 47 1 0
886 897 16 19 1 1
1351 859 16 19 2 1
2075 858 16 19 1 1
4878 823 11 12 1 1
3908 860 8 10 1 1
1077 1282 29 37 1 0
5434 1581 41 47 1 0
3860 1137 26 22 1 0
4903 1014 26 22 1 1
4467 806 11 12 1 1
1467 940 16 19 1 1
3770 868 8 10 1 1
4097 1231 41 47 1 0
654 1148 12 18 1 0
674 1569 29 37 1 0
1123 926 16 19 2 1
1897 1071 12 18 1 1
4057 891 11 12 1 1
2326 913 16 19 2 1
2590 1586 41 47 1 0
4354 759 11 12 1 1
3013 858 8 10 1 1
2010 1096 12 18 1 1
3217 981 13 20 1 1
1553 962 12 18 1 1
4038 894 11 12 1 1
647 1094 12 18 1 1
1526 1037 12 18 1 1
2054 1097 12 18 1 1
2940 1099 13 20 1 1
825 1108 12 18 1 1
4501 786 11 12 1 1
4697 778 11 12 1 1
2456 988 8 10 1 1
1250 1218 29 37 1 0
2798 918 8 10 1 1
2736 939 8 10 1 1
3074 912 8 10 1 1
2408 949 8 10 1 1
1441 921 16 19 1 1
1353 942 16 19 1 1
653 1519 29 37 1 0
528 868 16 19 1 1
2089 923 16 19 2 1
4160 861 11 12 1 1
3135 943 8 10 1 1
3843 1463 41 47 1 0
748 1195 29 37 1 0
1260 1183 29 37 1 0
1447 942 16 19 1 1
3153 897 8 10 1 1
3259 874 8 10 1 1
5423 848 11 12 1 1
655 825 16 19 2 1
1240 1471 29 37 1 0
1966 1357 29 37 1 0
4343 886 11 12 1 1
4606 763 11 12 1 1
2103 1073 12 18 1 1
341 918 16 19 1 1
3412 1109 26 22 1 1
1633 841 16 19 1 1
2295 991 8 10 1 1
2523 929 16 19 1 1
1053 916 16 19 1 1
2390 878 16 19 2 1
3425 898 8 10 1 1
438 828 16 19 1 1
819 827 16 19 1 1
3800 878 8 10 1 1
2286 1059 13 20 1 1
4895 836 11 12 1 1
467 1026 12 18 1 1
275 996 12 18 1 1
3092 1036 13 20 1 1
2179 998 14 16 1 1
3669 1131 26 22 1 0
3875 1133 26 22 1 0
2337 942 8 10 1 1
4920 958 11 12 1 1
3823 703 6 8 1 1
4539 731 11 12 1 1
1289 961 12 18 1 1
3353 887 8 10 1 1
4937 859 11 12 1 1
5109 1041 26 22 1 1
358 832 16 19 1 1
3876 684 6 8 1 1
2310 893 16 19 2 1
911 837 16 19 1 1
4209 1061 26 22 1 1
211 1161 12 18 1 0
1460 930 16 19 1 1
1642 1245 29 37 1 0
2720 938 8 10 1 1
562 1175 29 37 1 0
638 1052 12 18 1 1
2261 981 8 10 1 1
3975 1592 41 47 1 0
806 1386 29 37 1 0
2284 1003 13 20 1 1
3382 872 8 10 1 1
841 885 16 19 1 1
3051 999 8 10 1 1
3112 882 8 10 1 1
3592 1368 41 47 2 0
3909 882 8 10 1 1
3627 1350 41 47 1 0
235 1252 29 37 1 0
2583 1318 41 47 1 0
1574 984 12 18 1 1
1558 907 16 19 1 1
3124 860 8 10 1 1
5136 1134 26 22 1 0
1990 1011 12 18 1 1
4118 813 11 12 1 1
3419 716 6 8 1 1
4592 1559 41 47 1 0
2428 910 16 19 2 1
2421 1079 13 20 1 1
2409 913 16 19 2 1
2403 1433 41 47 1 0
1218 1089 12 18 1 1
2114 892 16 19 1 1
4431 829 11 12 1 1
4604 1045 26 22 2 1
1291 923 16 19 1 1
28 1512 29 37 1 0
3741 1177 26 22 1 0
1996 862 16 19 1 1
22 1373 29 37 1 0
4801 1009 26 22 1 1
3358 872 8 10 1 1
2065 1516 29 37 1 0
1538 976 12 18 1 1
3110 904 8 10 1 1
2267 975 8 10 2 1
4800 957 11 12 1 1
4219 887 11 12 1 1
1205 1541 29 37 1 0
1239 918 16 19 1 1
3161 883 8 10 1 1
2205 868 16 19 1 1
4549 859 11 12 1 1
4466 841 11 12 1 1
3649 1205 26 22 1 0
4446 859 11 12 1 1
2003 874 16 19 1 1
4527 838 11 12 1 1
2146 1142 20 27 1 0
80 873 16 19 1 1
3642 703 6 8 1 1
900 1089 12 18 1 1
5561 1074 26 22 1 1
3563 881 8 10 1 1
2221 901 16 19 2 1
3093 843 8 10 1 1
1499 861 16 19 2 1
3117 877 8 10 1 1
2412 899 16 19 1 1
2347 934 8 10 1 1
1212 1004 12 18 1 1
3259 901 8 10 1 1
98 846 16 19 1 1
1570 936 16 19 1 1
5099 1165 26 22 1 0
474 895 16 19 1 1
2588 1394 41 47 1 0
4217 929 11 12 1 1
2181 931 16 19 2 1
4809 817 11 12 1 1
2740 923 8 10 1 1
4472 856 11 12 1 1
3075 989 8 10 1 1
4562 830 11 12 1 1
2724 1168 13 20 1 0
1450 1354 29 37 1 0
3316 968 13 20 1 1
1443 1091 12 18 1 1
1620 1061 12 18 1 1
3046 934 8 10 1 1
4878 1348 41 47 2 0
2652 1028 13 20 1 1
2239 926 16 19 2 1
1068 946 16 19 1 1
4738 843 11 12 1 1
3367 913 8 10 1 1
4141 1478 41 47 1 0
3688 840 8 10 1 1
838 940 16 19 1 1
4084 884 11 12 1 1
4397 844 11 12 1 1
4419 758 11 12 1 1
1135 856 16 19 1 1
3317 881 8 10 1 1
3504 1145 26 22 1 0
278 1015 12 18 1 1
515 871 16 19 1 1
3623 698 6 8 1 1
3465 970 26 22 1 1
967 831 16 19 1 1
3786 871 8 10 1 1
4457 968 26 22 1 1
2237 1415 29 37 1 0
4071 843 11 12 1 1
4477 1008 26 22 1 1
4392 760 11 12 2 1
2884 1077 13 20 1 1
699 1167 12 18 1 0
