612 272 21 30 1 0
468 256 17 26 1 0
470 268 17 26 1 0
259 237 18 22 1 0
247 288 34 45 1 0
275 266 18 22 1 0
510 293 30 33 1 0
190 290 25 29 1 0
660 295 21 30 1 0
431 260 17 26 1 0
144 219 29 27 1 0
153 300 28 38 1 0
635 218 17 22 1 0
303 348 44 64 1 0
75 211 18 23 1 0
203 228 29 27 1 0
21 251 18 23 1 0
719 342 35 46 1 0
263 381 44 64 1 0
100 265 28 38 1 0
694 364 35 46 1 0
432 283 17 26 1 0
499 283 30 33 1 0
646 283 21 30 1 0
77 227 18 23 1 0
93 151 15 19 1 0
199 275 25 29 1 0
395 303 35 45 1 0
612 332 41 51 1 0
429 313 35 45 1 0
480 333 30 33 1 0
264 257 18 22 1 0
250 247 18 22 1 0
109 286 28 38 1 0
14 220 18 23 1 0
692 291 21 30 1 0
508 311 30 33 1 0
642 323 41 51 1 0
420 324 35 45 1 0
689 464 73 43 1 0
560 310 30 33 1 0
513 195 17 22 1 0
48 224 18 23 1 0
61 262 25 34 1 0
153 222 29 27 1 0
390 317 35 45 1 0
341 306 34 45 1 0
250 304 34 45 1 0
508 352 41 51 1 0
642 372 41 51 1 0
411 294 35 45 1 0
587 293 30 33 1 0
