339 643 30 32 1 0
422 603 15 15 1 0
1133 511 15 15 1 1
1549 905 42 47 1 0
866 520 15 15 1 1
1501 574 15 15 1 0
245 768 30 32 1 0
1579 789 30 32 1 0
195 890 42 47 1 0
678 629 30 32 1 0
429 451 10 12 1 1
1864 689 30 32 1 0
1156 445 6 9 1 1
176 825 33 35 1 0
1346 473 15 15 1 1
325 689 30 32 1 0
197 326 6 9 1 1
1524 890 42 47 1 0
748 670 30 32 1 0
1209 625 18 19 1 0
730 696 30 32 1 0
589 444 6 9 1 1
585 495 15 15 1 1
1583 433 6 9 1 1
186 858 42 47 1 0
342 559 15 15 1 0
1004 623 22 23 1 0
1256 983 42 47 1 0
1612 864 42 47 1 0
1598 475 12 13 1 1
792 1004 42 47 1 0
797 495 15 15 1 1
151 730 30 32 1 0
1424 810 30 32 1 0
380 302 6 8 1 1
1161 655 30 32 1 0
1808 353 6 9 1 1
796 531 15 15 1 0
679 655 30 32 1 0
877 587 15 15 1 0
849 448 8 10 1 1
1727 865 42 47 1 0
1392 953 42 47 1 0
1328 596 15 15 1 0
1455 754 30 32 1 0
1195 436 6 9 1 1
1368 482 15 15 1 1
798 456 10 12 1 1
370 613 15 15 1 0
68 675 30 32 1 0
1695 649 30 32 1 0
893 470 12 13 1 1
868 625 22 23 1 0
699 406 6 9 1 1
1544 443 6 9 1 1
1819 549 15 15 1 0
919 485 15 15 1 1
1613 476 12 13 1 1
1657 312 7 7 1 1
1826 381 6 8 1 1
350 511 15 15 1 1
766 289 7 7 1 1
426 462 8 10 1 1
1668 583 15 15 1 0
518 337 6 9 1 1
1403 436 6 9 1 1
224 817 30 32 1 0
1904 1042 42 47 1 0
1629 317 7 7 1 1
56 767 30 32 1 0
1362 826 36 39 1 0
1441 439 6 9 1 1
1048 562 15 15 1 1
381 453 15 15 1 1
387 497 15 15 1 1
1883 500 15 15 1 1
419 447 10 12 1 1
1668 311 7 7 1 1
771 514 15 15 1 1
1673 952 42 47 1 0
1578 945 42 47 1 0
391 461 15 15 1 1
1825 784 30 32 1 0
1355 639 30 32 1 0
589 483 15 15 1 1
933 647 30 32 1 0
1490 682 30 32 1 0
1371 741 30 32 1 0
727 395 6 9 1 1
593 638 30 32 1 0
1542 649 30 32 1 0
543 457 6 9 1 1
865 459 12 13 1 1
1283 492 15 15 1 1
730 420 6 9 1 1
1681 746 30 32 1 0
312 326 6 9 1 1
1583 461 10 12 1 1
1147 497 15 15 1 1
1403 443 6 9 1 1
1748 645 30 32 1 0
1866 363 6 9 1 1
1736 372 6 9 1 1
1044 447 10 12 1 1
1272 586 15 15 1 0
361 672 30 32 1 0
190 932 42 47 1 0
836 475 10 12 1 1
1196 589 15 15 1 0
304 411 6 9 1 1
1469 346 6 9 1 1
907 646 30 32 1 0
1424 655 30 32 1 0
1835 650 30 32 1 0
1785 359 6 9 1 1
1186 452 8 10 1 1
528 416 6 9 1 1
1647 648 30 32 1 0
811 676 30 32 1 0
1245 575 15 15 1 0
883 402 6 9 1 1
1644 314 7 7 1 1
1023 398 6 9 1 1
1153 729 30 32 1 0
1060 940 42 47 1 0
815 748 30 32 1 0
1851 386 6 8 1 1
1768 572 15 15 1 0
409 573 15 15 1 0
1448 929 42 47 1 0
745 425 6 9 1 1
722 664 30 32 1 0
1049 870 42 47 1 0
866 809 30 32 1 0
962 886 42 47 1 0
858 590 15 15 1 0
1099 391 6 9 1 1
363 631 30 32 1 0
1135 564 15 15 1 0
559 301 7 7 1 1
549 590 15 15 1 0
1220 837 36 39 1 0
1134 449 10 12 1 1
1493 827 33 35 1 0
1387 691 30 32 1 0
1588 488 15 15 1 1
1177 442 6 9 1 1
865 409 6 9 1 1
68 704 30 32 1 0
514 677 30 32 1 0
79 781 30 32 1 0
1588 819 30 32 1 0
299 629 22 23 1 0
197 379 6 9 1 1
641 364 6 9 1 1
1542 551 15 15 1 0
1474 709 30 32 1 0
1299 511 15 15 1 1
855 493 15 15 1 1
1593 514 15 15 1 1
582 469 10 12 1 1
340 611 15 15 1 0
1315 578 15 15 1 0
1826 880 42 47 1 0
759 489 15 15 1 1
26 727 30 32 1 0
980 856 42 47 1 0
628 677 30 32 1 0
693 440 6 9 1 1
1574 547 15 15 1 0
1421 438 6 9 1 1
618 642 30 32 1 0
1420 364 6 9 1 1
306 668 30 32 1 0
1812 600 15 15 1 0
1625 494 15 15 1 1
1918 433 8 10 1 1
428 660 30 32 1 0
1384 1030 42 47 1 0
1643 817 30 32 1 0
444 638 30 32 1 0
1310 667 30 32 1 0
945 619 15 15 1 0
1779 748 30 32 1 0
970 443 6 9 1 1
723 355 6 9 1 1
455 456 10 12 1 1
1288 615 15 15 1 0
1316 714 30 32 1 0
766 533 15 15 1 0
603 586 15 15 1 0
709 683 30 32 1 0
397 488 15 15 1 1
680 422 6 9 1 1
1871 753 30 32 1 0
1274 511 15 15 1 1
23 897 36 39 1 0
866 441 6 9 1 1
1125 879 42 47 1 0
802 623 26 27 1 0
462 424 6 9 1 1
1208 737 30 32 1 0
627 367 6 9 1 1
217 668 30 32 1 0
1393 773 30 32 1 0
1358 496 15 15 1 1
1291 565 15 15 1 0
1758 794 30 32 1 0
862 770 30 32 1 0
37 851 42 47 1 0
806 853 42 47 1 0
1169 782 30 32 1 0
1382 641 30 32 1 0
488 647 30 32 1 0
1459 641 30 32 1 0
1036 578 15 15 1 0
223 687 30 32 1 0
394 620 15 15 1 0
1218 654 30 32 1 0
1173 613 15 15 1 0
1656 360 6 9 1 1
1801 1019 42 47 1 0
501 713 30 32 1 0
856 455 8 10 1 1
44 764 30 32 1 0
1803 729 30 32 1 0
1428 967 42 47 1 0
672 988 42 47 1 0
866 492 15 15 1 1
787 672 30 32 1 0
222 375 6 9 1 1
1280 746 30 32 1 0
1332 565 15 15 1 0
1052 624 22 23 1 0
375 510 15 15 1 1
1412 688 30 32 1 0
562 436 6 9 1 1
1060 586 15 15 1 0
1139 848 42 47 1 0
417 479 15 15 1 1
1915 791 33 35 1 0
933 596 15 15 1 0
965 1048 42 47 1 0
714 1021 42 47 1 0
471 412 6 9 1 1
868 657 30 32 1 0
1840 571 15 15 1 0
1097 387 6 9 1 1
1581 365 6 9 1 1
668 335 6 8 1 1
887 890 42 47 1 0
852 436 6 9 1 1
1265 783 30 32 1 0
1435 689 30 32 1 0
330 487 15 15 1 1
534 433 6 9 1 1
672 401 6 9 1 1
752 481 15 15 1 1
1352 576 15 15 1 0
1034 687 30 32 1 0
516 729 30 32 3 0
129 735 30 32 1 0
410 557 15 15 1 0
1423 636 30 32 1 0
1675 357 6 9 1 1
1293 864 42 47 1 0
905 400 6 9 1 1
372 560 15 15 1 0
1108 1002 42 47 1 0
921 501 15 15 1 1
972 435 6 9 1 1
365 580 15 15 1 0
1325 517 15 15 1 1
1839 600 15 15 1 0
585 698 30 32 1 0
1115 476 12 13 1 1
1326 647 30 32 1 0
1233 680 30 32 1 0
908 472 15 15 1 1
208 354 6 9 1 1
1672 650 30 32 1 0
351 454 12 13 1 1
572 443 6 9 1 1
1324 479 15 15 1 1
1196 978 42 47 1 0
416 503 15 15 1 1
734 504 15 15 1 1
778 648 30 32 1 0
1195 743 30 32 1 0
1865 878 42 47 1 0
710 707 30 32 1 0
377 593 15 15 1 0
1137 655 30 32 1 0
787 429 6 9 1 1
744 513 15 15 1 1
54 796 30 32 1 0
1555 499 15 15 1 1
149 935 42 47 1 0
709 395 6 9 1 1
165 722 30 32 1 0
330 754 30 32 1 0
1536 435 6 9 1 1
756 422 6 9 1 1
1871 593 15 15 1 0
363 495 15 15 1 1
1797 653 30 32 1 0
1857 583 15 15 1 0
1485 774 30 32 1 0
1487 441 6 9 1 1
559 524 15 15 1 0
878 475 12 13 1 1
183 1070 42 47 1 0
1727 739 30 32 1 0
975 592 15 15 1 0
1453 437 6 9 1 1
1498 638 30 32 1 0
404 437 6 9 1 1
100 689 30 32 1 0
608 703 30 32 1 0
339 584 15 15 1 0
1772 372 6 9 1 1
570 459 10 12 1 1
923 394 6 9 1 1
1228 598 15 15 1 0
860 422 6 9 1 1
1433 785 30 32 1 0
1887 324 6 9 1 1
891 457 15 15 1 1
371 468 15 15 1 1
876 451 8 10 1 1
1456 346 6 9 1 1
1483 590 15 15 1 0
31 673 30 32 1 0
71 354 6 9 1 1
1668 704 30 32 1 0
1691 717 30 32 1 0
1617 319 7 7 1 1
1145 604 15 15 1 0
573 463 10 12 1 1
1629 580 15 15 1 0
438 461 12 13 1 1
342 481 15 15 1 1
591 533 15 15 1 0
1538 778 30 32 1 0
925 449 10 12 1 1
1267 641 30 32 1 0
1593 363 6 9 1 1
1749 369 6 9 1 1
648 475 10 12 1 1
1591 1003 42 47 1 0
602 497 15 15 1 1
410 457 12 13 1 1
440 487 15 15 1 1
936 372 6 9 1 1
962 636 30 32 1 0
928 1050 42 47 1 0
1090 469 12 13 1 1
1639 758 30 32 1 0
1159 435 6 9 1 1
1275 666 30 32 1 0
466 457 8 10 1 1
1840 328 7 7 1 1
451 292 7 7 1 1
1561 568 15 15 1 0
290 778 30 32 1 0
1136 469 10 12 1 1
1748 1044 42 47 1 0
1426 479 15 15 1 1
321 723 30 32 1 0
432 954 42 47 1 0
432 332 6 9 1 1
879 613 15 15 1 0
1002 520 15 15 1 1
564 420 6 9 1 1
440 436 6 9 1 1
1556 590 15 15 1 0
1248 635 30 32 1 0
903 488 15 15 1 1
1071 399 6 9 1 1
1091 402 6 9 1 1
1840 952 42 47 1 0
829 648 30 32 1 0
801 442 6 9 1 1
793 568 15 15 1 0
1871 353 6 9 1 1
242 327 6 9 1 1
1275 715 30 32 1 0
787 509 15 15 1 1
720 949 42 47 1 0
1383 486 15 15 1 1
1553 721 30 32 1 0
85 768 30 32 1 0
787 471 12 13 1 1
929 857 42 47 1 0
1355 689 30 32 1 0
743 1022 42 47 1 0
624 335 6 8 1 1
1014 748 30 32 1 0
452 441 6 9 1 1
1352 895 42 47 1 0
1006 486 15 15 1 1
1095 677 30 32 1 0
1456 732 30 32 1 0
527 728 30 32 1 0
497 624 26 27 1 0
1639 1030 42 47 1 0
1288 1016 42 47 1 0
1128 493 15 15 1 1
873 417 6 9 1 1
507 344 6 9 1 1
1531 833 36 39 1 0
708 326 7 7 1 1
792 796 30 32 1 0
245 940 42 47 1 0
698 957 42 47 1 0
775 565 15 15 1 0
696 422 6 9 1 1
1611 1080 42 47 1 0
651 408 6 9 1 1
828 921 42 47 1 0
1387 602 15 15 1 0
863 484 15 15 1 1
574 673 30 32 1 0
1855 721 30 32 1 0
15 775 30 32 1 0
115 994 42 47 1 0
1328 614 15 15 1 0
1473 625 26 27 1 0
1074 735 30 32 1 0
1545 527 15 15 1 0
1448 341 6 9 1 1
1455 1028 42 47 1 0
1396 479 15 15 1 1
1820 936 42 47 1 0
429 577 15 15 1 0
355 653 30 32 1 0
1042 666 30 32 1 0
1261 489 15 15 1 1
266 367 6 9 1 1
559 455 6 9 1 1
1150 489 15 15 1 1
15 706 30 32 1 0
378 519 15 15 1 1
191 762 30 32 1 0
433 501 15 15 1 1
1467 444 6 9 1 1
121 1034 42 47 1 0
1698 914 42 47 1 0
1890 637 22 23 1 0
911 737 30 32 1 0
3 639 30 32 1 0
830 442 6 9 1 1
665 699 30 32 1 0
661 676 30 32 1 0
738 719 30 32 1 0
1694 686 30 32 1 0
1416 603 15 15 1 0
984 479 15 15 1 1
1618 521 15 15 1 1
412 395 6 9 1 1
1609 619 15 15 1 0
329 351 6 9 1 1
416 635 30 32 1 0
394 519 15 15 1 1
