108 231 34 38 1 0
320 316 34 38 1 0
386 94 32 41 1 1
659 238 34 38 1 0
685 238 34 38 1 0
314 221 34 38 2 0
399 128 32 41 1 0
286 218 34 38 1 0
365 152 32 41 1 0
154 186 32 41 1 0
224 127 32 41 1 0
270 157 32 41 1 0
752 212 32 41 2 0
185 205 32 41 1 0
667 195 32 41 1 0
740 146 32 41 2 1
108 322 34 38 1 0
200 156 32 41 1 0
658 142 32 41 1 0
728 179 32 41 1 0
30 204 32 41 1 0
362 125 32 41 1 0
493 91 32 41 1 1
59 204 32 41 1 0
320 85 32 41 1 1
613 206 32 41 1 0
102 199 32 41 1 0
446 138 32 41 1 0
795 210 32 41 1 0
726 137 32 41 2 1
331 221 34 38 2 0
144 228 34 38 1 0
432 174 32 41 1 0
689 112 32 41 1 1
599 158 32 41 1 0
639 147 32 41 1 0
740 117 32 41 1 1
168 160 32 41 1 0
620 239 34 38 1 0
653 331 34 38 1 0
764 151 32 41 1 1
355 202 32 41 2 0
469 117 32 41 1 1
247 221 34 38 1 0
700 60 24 29 1 1
457 172 32 41 1 0
234 248 34 38 1 0
365 277 34 38 1 0
654 109 32 41 1 1
438 100 32 41 1 1
357 180 32 41 2 0
415 207 32 41 1 0
188 112 32 41 1 1
770 217 34 38 2 0
