21 289 2 4 1 1
349 163 4 5 1 1
194 331 2 4 1 1
91 256 2 4 1 1
504 233 4 6 1 1
458 325 4 6 1 1
80 163 2 4 1 1
5 316 2 4 1 1
431 304 4 6 1 1
277 172 4 5 1 1
84 211 2 4 1 1
457 228 4 6 1 1
495 279 4 6 1 1
432 157 4 5 1 1
304 160 4 5 1 1
405 170 4 5 1 1
87 226 2 4 1 1
423 335 4 6 1 1
289 163 4 5 1 1
429 136 4 5 1 1
65 322 2 4 1 1
491 167 4 5 1 1
412 292 4 6 1 1
458 249 4 6 1 1
251 289 4 6 1 1
394 247 4 6 1 1
288 215 4 6 1 1
276 265 4 6 1 1
206 141 2 4 1 1
205 184 2 4 1 1
120 190 2 4 1 1
414 334 4 6 1 1
494 375 4 6 1 1
320 321 4 6 1 1
262 173 4 5 1 1
300 208 4 6 1 1
21 217 2 4 1 1
421 136 4 5 1 1
108 145 2 4 1 1
480 208 4 6 1 1
32 222 2 4 1 1
387 180 4 5 1 1
201 262 2 4 1 1
66 212 2 4 1 1
350 178 4 5 1 1
459 277 4 6 1 1
302 225 4 6 1 1
351 157 4 5 1 1
401 228 4 6 1 1
307 168 4 5 1 1
69 174 2 4 1 1
535 276 4 6 1 1
514 191 4 6 1 1
468 326 4 6 1 1
252 154 4 5 1 1
286 280 4 6 1 1
446 317 4 6 1 1
91 316 2 4 1 1
336 183 4 5 1 1
85 171 2 4 1 1
487 253 4 6 1 1
133 303 2 4 1 1
379 255 4 6 1 1
441 335 4 6 1 1
439 295 4 6 1 1
248 314 4 6 1 1
110 323 2 4 1 1
456 388 4 6 1 1
119 321 2 4 1 1
295 282 4 6 1 1
348 303 4 6 1 1
316 219 4 6 1 1
243 329 4 6 1 1
54 224 2 4 1 1
392 169 4 5 1 1
330 361 4 6 1 1
141 297 2 4 1 1
441 368 4 6 1 1
389 255 4 6 1 1
302 318 4 6 1 1
448 297 4 6 1 1
297 183 4 5 1 1
249 156 4 5 1 1
291 299 4 6 1 1
116 239 2 4 1 1
491 268 4 6 1 1
506 207 4 6 1 1
50 317 2 4 1 1
290 208 4 6 1 1
264 299 4 6 1 1
132 263 2 4 1 1
496 368 4 6 1 1
34 264 2 4 1 1
422 247 4 6 1 1
474 174 4 5 1 1
232 251 2 4 1 1
351 199 4 6 1 1
321 264 4 6 1 1
439 166 4 5 1 1
427 193 4 6 1 1
237 211 4 6 1 1
18 262 2 4 1 1
325 178 4 5 1 1
472 219 4 6 1 1
85 219 2 4 1 1
191 189 2 4 1 1
60 144 2 4 1 1
504 166 4 5 1 1
157 281 2 4 1 1
78 222 2 4 1 1
538 239 4 6 1 1
318 273 4 6 1 1
24 301 2 4 1 1
119 312 2 4 1 1
241 283 4 6 1 1
18 324 2 4 1 1
297 170 4 5 1 1
387 278 4 6 1 1
37 312 2 4 1 1
359 175 4 5 1 1
445 291 4 6 1 1
171 295 2 4 1 1
396 194 4 6 1 1
205 230 2 4 1 1
140 281 2 4 1 1
431 247 4 6 1 1
513 227 4 6 1 1
388 368 4 6 1 1
125 240 2 4 1 1
196 315 2 4 1 1
99 200 2 4 1 1
502 389 4 6 1 1
215 296 2 4 1 1
264 160 4 5 1 1
480 169 4 5 1 1
338 291 4 6 1 1
454 344 4 6 1 1
259 167 4 5 1 1
348 213 4 6 1 1
53 272 2 4 1 1
125 137 2 4 1 1
25 308 2 4 1 1
75 237 2 4 1 1
360 301 4 6 1 1
404 334 4 6 1 1
435 193 4 6 1 1
430 325 4 6 1 1
462 209 4 6 1 1
317 301 4 6 1 1
423 307 4 6 1 1
278 243 4 6 1 1
527 187 4 5 1 1
152 186 2 4 1 1
309 310 4 6 1 1
449 246 4 6 1 1
178 212 2 4 1 1
43 170 2 4 1 1
540 368 4 6 1 1
49 290 2 4 1 1
36 288 2 4 1 1
363 213 4 6 1 1
443 257 4 6 1 1
342 178 4 5 1 1
17 147 2 4 1 1
502 268 4 6 1 1
237 309 4 6 1 1
418 360 4 6 1 1
310 355 4 6 1 1
533 231 4 6 1 1
371 172 4 5 1 1
354 227 4 6 1 1
482 317 4 6 1 1
27 273 2 4 1 1
464 249 4 6 1 1
164 333 2 4 1 1
185 314 2 4 1 1
480 331 4 6 1 1
94 213 2 4 1 1
232 239 2 4 1 1
279 199 4 6 1 1
288 252 4 6 1 1
213 195 2 4 1 1
12 272 2 4 1 1
14 313 2 4 1 1
349 364 4 6 1 1
320 292 4 6 1 1
496 255 4 6 1 1
70 243 2 4 1 1
457 151 4 5 1 1
98 254 2 4 1 1
97 228 2 4 1 1
88 200 2 4 1 1
259 329 4 6 1 1
178 293 2 4 1 1
396 157 4 5 1 1
25 235 2 4 1 1
133 116 2 4 1 1
329 235 4 6 1 1
417 345 4 6 1 1
231 311 2 4 1 1
64 170 2 4 1 1
28 217 2 4 1 1
378 185 4 5 1 1
420 323 4 6 1 1
213 257 2 4 1 1
444 190 4 6 1 1
209 306 2 4 1 1
383 156 4 5 1 1
350 331 4 6 1 1
68 199 2 4 1 1
325 273 4 6 1 1
383 235 4 6 1 1
462 311 4 6 1 1
350 247 4 6 1 1
233 299 4 6 1 1
503 192 4 6 1 1
488 292 4 6 1 1
286 171 4 5 1 1
284 309 4 6 1 1
440 275 4 6 1 1
42 253 2 4 1 1
10 279 2 4 1 1
392 149 4 5 1 1
136 173 2 4 1 1
414 275 4 6 1 1
137 213 2 4 1 1
385 294 4 6 1 1
282 338 4 6 1 1
457 366 4 6 1 1
434 389 4 6 1 1
1 289 2 4 1 0
52 255 2 4 1 1
408 283 4 6 1 1
370 228 4 6 1 1
260 215 4 6 1 1
400 323 4 6 1 1
529 166 4 5 1 1
168 275 2 4 1 1
124 211 2 4 1 1
11 323 2 4 1 1
49 182 2 4 1 1
55 324 2 4 1 1
362 341 4 6 1 1
449 385 4 6 1 1
420 295 4 6 1 1
397 281 4 6 1 1
44 173 2 4 1 1
53 235 2 4 1 1
306 301 4 6 1 1
223 306 2 4 1 1
64 221 2 4 1 1
473 201 4 6 1 1
336 225 4 6 1 1
111 165 2 4 1 1
74 213 2 4 1 1
494 222 4 6 1 1
248 212 4 6 1 1
505 152 4 5 1 1
140 337 2 4 1 1
230 211 2 4 1 1
469 278 4 6 1 1
226 294 2 4 1 1
40 304 2 4 1 1
418 262 4 6 1 1
344 255 4 6 1 1
298 264 4 6 1 1
304 171 4 5 1 1
190 156 2 4 1 1
373 321 4 6 1 1
160 154 2 4 1 1
421 215 4 6 1 1
378 277 4 6 1 1
64 240 2 4 1 1
534 187 4 5 1 1
359 331 4 6 1 1
297 219 4 6 1 1
52 262 2 4 1 1
210 209 2 4 1 1
302 310 4 6 1 1
41 158 2 4 1 1
478 276 4 6 1 1
448 229 4 6 1 1
435 317 4 6 1 1
498 207 4 6 1 1
482 219 4 6 1 1
199 161 2 4 1 1
522 253 4 6 1 1
306 220 4 6 1 1
197 179 2 4 1 1
185 181 2 4 1 1
279 208 4 6 1 1
205 315 2 4 1 1
297 227 4 6 1 1
23 256 2 4 1 1
329 331 4 6 1 1
201 210 2 4 1 1
449 200 4 6 1 1
298 300 4 6 1 1
321 178 4 5 1 1
131 173 2 4 1 1
277 252 4 6 1 1
121 257 2 4 1 1
22 147 2 4 1 1
464 151 4 5 1 1
336 274 4 6 1 1
204 299 2 4 1 1
359 367 4 6 1 1
189 212 2 4 1 1
347 321 4 6 1 1
187 160 2 4 1 1
504 247 4 6 1 1
430 144 4 5 1 1
247 174 4 5 1 1
430 173 4 5 1 1
168 212 2 4 1 1
0 264 2 4 1 0
42 263 2 4 1 1
107 257 2 4 1 1
151 213 2 4 1 1
419 240 4 6 1 1
516 261 4 6 1 1
222 300 2 4 1 1
47 326 2 4 1 1
115 247 2 4 1 1
14 289 2 4 1 1
407 213 4 6 1 1
180 156 2 4 1 1
256 270 4 6 1 1
310 193 4 6 1 1
292 311 4 6 1 1
522 166 4 5 1 1
133 190 2 4 1 1
265 277 4 6 1 1
506 378 4 6 1 1
358 265 4 6 1 1
40 280 2 4 1 1
313 198 4 6 1 1
310 224 4 6 1 1
470 256 4 6 1 1
367 264 4 6 1 1
166 169 2 4 1 1
398 179 4 5 1 1
159 213 2 4 1 1
304 200 4 6 1 1
421 157 4 5 1 1
155 304 2 4 1 1
208 185 2 4 1 1
140 154 2 4 1 1
454 315 4 6 1 1
348 266 4 6 1 1
471 369 4 6 1 1
77 323 2 4 1 1
133 145 2 4 1 1
359 199 4 6 1 1
432 256 4 6 1 1
27 194 2 4 1 1
238 172 2 4 1 1
348 234 4 6 1 1
83 319 2 4 1 1
218 232 2 4 1 1
327 311 4 6 1 1
291 338 4 6 1 1
130 248 2 4 1 1
5 244 2 4 1 1
54 199 2 4 1 1
360 155 4 5 1 1
113 212 2 4 1 1
134 314 2 4 1 1
115 190 2 4 1 1
109 239 2 4 1 1
206 276 2 4 1 1
0 312 2 4 1 0
107 323 2 4 1 1
219 212 2 4 1 1
441 150 4 5 1 1
331 291 4 6 1 1
213 192 2 4 1 1
360 235 4 6 1 1
543 184 4 5 1 1
265 196 4 6 1 1
383 304 4 6 1 1
460 187 4 5 1 1
57 212 2 4 1 1
338 179 4 5 1 1
408 366 4 6 1 1
257 297 4 6 1 1
384 210 4 6 1 1
285 198 4 6 1 1
420 194 4 6 1 1
202 143 2 4 1 1
420 172 4 5 1 1
336 251 4 6 1 1
461 153 4 5 1 1
370 303 4 6 1 1
32 324 2 4 1 1
433 228 4 6 1 1
277 279 4 6 1 1
479 257 4 6 1 1
312 332 4 6 1 1
438 199 4 6 1 1
58 247 2 4 1 1
340 214 4 6 1 1
79 199 2 4 1 1
330 321 4 6 1 1
68 256 2 4 1 1
251 198 4 6 1 1
39 237 2 4 1 1
361 254 4 6 1 1
377 170 4 5 1 1
483 156 4 5 1 1
400 247 4 6 1 1
338 158 4 5 1 1
372 369 4 6 1 1
423 201 4 6 1 1
102 213 2 4 1 1
168 199 2 4 1 1
220 314 2 4 1 1
471 304 4 6 1 1
