487 447 15 18 1 0
229 433 15 18 1 0
309 448 15 18 1 0
601 265 10 12 1 1
371 508 22 26 1 0
169 575 22 26 1 0
569 475 15 18 1 0
503 466 15 18 1 0
936 474 15 18 1 0
831 409 15 18 1 0
337 284 10 12 1 1
693 558 22 26 1 0
317 480 22 26 1 0
183 482 22 26 1 0
606 482 22 26 1 0
861 386 13 17 1 1
276 282 10 12 1 1
243 293 10 12 1 1
857 500 22 26 1 0
372 526 22 26 3 0
771 565 22 26 1 0
622 535 22 26 1 0
749 494 22 26 3 0
212 580 22 26 1 0
239 449 15 18 1 0
755 375 10 14 1 1
842 467 15 18 1 0
304 429 15 18 1 0
232 402 15 18 1 0
634 284 10 12 1 1
516 440 15 18 1 0
245 431 15 18 1 0
877 557 22 26 1 0
64 439 15 18 1 0
271 297 10 14 1 1
487 474 15 18 1 0
38 300 13 16 1 1
703 306 10 14 1 1
796 374 10 14 1 1
219 363 10 14 1 0
930 433 15 18 1 0
539 446 15 18 1 0
813 425 15 18 1 0
828 585 22 26 1 0
724 652 24 25 1 0
729 511 22 26 1 0
684 578 22 26 1 0
898 469 15 18 1 0
349 542 22 26 1 0
237 312 10 14 1 1
586 259 10 12 1 1
177 394 15 18 1 0
192 296 10 14 1 1
103 489 22 26 1 0
624 426 15 18 3 0
424 430 15 18 1 0
97 434 15 18 1 0
859 625 24 25 1 0
97 416 15 18 1 0
473 301 10 14 1 1
611 467 15 18 1 0
463 653 24 25 1 0
765 391 15 18 1 1
761 419 15 18 1 0
264 614 24 25 1 0
189 405 15 18 1 0
670 558 22 26 1 0
625 436 15 18 3 0
588 510 22 26 1 0
801 629 24 25 1 0
229 325 10 14 1 1
696 438 15 18 1 0
551 497 22 26 1 0
343 479 15 18 1 0
205 290 10 12 1 1
704 395 15 18 1 1
155 287 10 12 1 1
901 559 22 26 1 0
717 400 15 18 1 1
225 291 10 12 1 1
110 543 22 26 1 0
625 493 22 26 1 0
761 677 24 25 1 0
747 439 15 18 1 0
139 290 10 12 1 1
948 449 15 18 1 0
728 482 22 26 1 0
465 261 10 12 1 1
277 514 22 26 1 0
83 555 22 26 1 0
805 547 22 26 1 0
209 432 15 18 1 0
895 491 22 26 1 0
908 524 22 26 1 0
6 517 18 22 1 0
123 426 15 18 1 0
929 408 15 18 1 1
637 416 15 18 1 0
557 442 15 18 1 0
236 389 10 14 1 0
282 581 22 26 1 0
368 555 22 26 1 0
360 606 24 25 1 0
919 568 22 26 1 0
428 498 22 26 1 0
714 525 22 26 1 0
258 284 10 12 1 1
635 556 22 26 1 0
895 611 24 25 1 0
559 282 10 12 1 1
262 299 10 14 1 1
708 497 22 26 1 0
53 645 24 25 1 0
751 526 22 26 1 0
76 487 22 26 1 0
903 393 15 18 1 1
157 408 15 18 1 0
19 493 18 22 1 0
561 256 10 12 1 1
660 527 22 26 1 0
775 495 22 26 1 0
200 491 22 26 1 0
642 478 15 18 1 0
669 434 15 18 1 0
192 536 22 26 1 0
424 292 10 12 1 1
858 429 15 18 1 0
433 297 10 14 1 1
522 665 24 25 1 0
510 298 10 14 1 1
127 494 22 26 1 0
767 470 15 18 1 0
497 299 10 14 1 1
190 431 15 18 1 0
515 312 10 14 1 1
70 613 24 25 1 0
699 645 24 25 1 0
487 625 24 25 1 0
237 475 15 18 1 0
448 295 10 14 1 1
869 455 15 18 1 0
702 454 15 18 1 0
679 485 22 26 1 0
751 480 22 26 3 0
63 530 22 26 1 0
168 446 15 18 1 0
727 629 24 25 1 0
640 625 24 25 1 0
931 545 22 26 1 0
882 394 15 18 1 1
784 409 15 18 1 0
81 469 15 18 1 0
569 438 15 18 1 0
302 464 15 18 1 0
367 290 10 12 1 1
357 254 10 12 1 1
584 591 24 25 1 0
549 528 22 26 1 0
138 459 15 18 1 0
119 287 10 12 1 1
543 280 10 12 1 1
615 292 10 12 1 1
659 479 15 18 1 0
481 274 10 12 1 1
424 562 22 26 1 0
452 286 10 12 1 1
538 599 24 25 1 0
262 270 10 12 1 1
396 270 10 12 1 1
823 490 22 26 1 0
508 566 22 26 1 0
526 512 22 26 1 0
898 456 15 18 1 0
449 461 15 18 1 0
14 463 18 22 1 0
612 667 24 25 1 0
201 453 15 18 1 0
747 568 22 26 1 0
242 369 10 14 1 0
226 498 22 26 1 0
721 445 15 18 1 0
756 352 10 14 1 1
261 453 15 18 1 0
340 663 24 25 1 0
381 456 15 18 1 0
384 474 15 18 1 0
303 482 22 26 1 0
809 372 10 14 1 1
436 464 15 18 1 0
171 649 24 25 1 0
469 527 22 26 1 0
292 287 10 12 1 1
169 505 22 26 1 0
378 659 24 25 1 0
773 605 24 25 1 0
871 522 22 26 1 0
789 456 15 18 1 0
414 294 10 12 1 1
793 582 22 26 1 0
839 514 22 26 1 0
381 531 22 26 3 0
772 630 24 25 1 0
319 622 24 25 1 0
366 441 15 18 1 0
692 537 22 26 1 0
357 280 10 12 1 1
487 490 22 26 1 0
2 557 23 25 1 0
160 615 24 25 1 0
459 415 15 18 1 0
142 593 24 25 1 0
206 522 22 26 1 0
818 389 10 14 1 1
