558 209 40 48 1 0
429 187 32 36 1 0
109 79 28 34 1 0
360 170 32 36 1 0
583 163 43 47 1 0
799 169 43 47 1 0
320 83 12 14 1 0
355 85 12 14 1 0
435 80 11 14 1 0
816 86 25 24 1 0
17 54 28 34 1 0
313 157 30 33 1 0
498 202 40 48 1 0
306 85 12 14 1 0
635 76 16 22 1 0
774 88 25 24 1 0
546 104 31 35 1 0
787 232 45 59 1 0
544 73 9 11 1 0
390 175 32 36 1 0
867 92 36 40 1 0
596 76 19 22 1 0
458 70 10 12 1 0
286 87 12 14 1 0
631 311 66 71 1 0
333 159 30 33 1 0
904 81 36 40 1 0
667 206 46 54 1 0
758 78 25 24 1 0
30 84 28 34 1 0
698 83 18 19 1 0
860 266 57 61 1 0
176 178 30 33 1 0
532 86 9 11 1 0
570 83 16 20 1 0
646 69 16 22 1 0
478 76 23 29 1 0
517 87 9 11 1 0
269 90 12 14 1 0
503 63 23 29 1 0
806 266 24 26 1 0
692 165 43 47 1 0
289 162 30 33 1 0
926 208 45 59 1 0
471 184 36 41 1 0
881 63 36 40 1 0
627 91 16 22 1 0
581 70 16 20 1 0
724 77 18 19 1 0
395 86 11 14 1 0
666 68 16 22 1 0
229 160 30 33 1 0
538 150 43 47 1 0
613 162 43 47 1 0
452 159 32 36 1 0
