1496 950 127 140 1 0
2102 896 46 51 1 0
672 577 54 64 1 0
1881 498 38 42 1 0
70 357 74 120 1 0
1688 586 41 42 1 0
1735 435 38 42 1 0
505 701 54 64 1 0
1593 495 41 42 1 0
1095 562 41 42 1 0
1310 255 28 39 1 0
1610 576 41 42 1 0
602 328 35 43 1 0
1350 406 38 42 1 0
490 571 54 64 1 0
408 607 54 64 1 0
1920 406 38 42 1 0
1603 420 38 42 1 0
1428 344 21 26 1 0
1238 324 32 36 1 0
1376 703 127 140 1 0
745 692 54 64 1 0
999 814 127 140 1 0
1086 316 41 39 1 0
646 329 35 43 1 0
1462 341 21 26 1 0
708 327 35 43 1 0
1623 352 38 42 1 0
295 465 63 82 1 0
1507 327 21 26 1 0
1994 362 53 61 1 0
1744 304 28 39 1 0
312 517 63 82 1 0
265 283 62 66 1 0
1274 569 41 42 1 0
1142 323 41 39 1 0
183 828 125 201 1 0
2142 834 46 51 1 0
1583 510 41 42 1 0
1414 1100 127 140 1 0
858 226 136 192 1 0
2145 291 53 61 1 0
2041 350 53 61 1 0
665 1091 130 156 1 0
617 587 54 64 1 0
511 273 62 66 1 0
584 355 46 54 1 0
