125 222 1 1 1 1
168 218 1 1 1 1
204 288 2 2 1 0
21 289 6 9 1 0
173 221 1 1 1 1
734 283 2 2 1 1
22 285 6 9 1 0
149 294 6 9 1 0
589 300 6 9 1 0
317 291 2 2 1 0
268 325 24 23 1 0
136 291 2 2 1 0
199 223 1 1 1 1
227 285 2 2 1 0
693 332 24 23 1 0
82 292 4 5 1 0
334 314 3 3 1 0
490 317 10 12 1 0
16 285 6 9 1 0
104 293 4 5 1 0
225 290 2 2 1 0
699 296 6 9 1 0
130 289 2 2 1 0
457 318 3 3 1 0
347 287 2 2 1 0
722 304 6 9 1 0
215 292 2 2 1 0
426 320 3 3 1 0
373 280 2 2 1 1
547 288 2 2 1 0
603 294 6 9 1 0
365 299 6 9 1 0
58 299 6 9 1 0
390 345 24 23 1 0
730 273 2 2 1 1
117 294 6 9 1 0
245 224 1 1 1 1
300 311 6 9 1 0
75 323 24 23 1 0
314 277 2 2 1 1
54 223 1 1 1 1
463 278 2 2 1 1
83 285 4 5 1 0
192 290 2 2 1 0
484 300 6 9 1 0
192 220 1 1 1 1
335 292 2 2 1 0
761 286 2 2 1 0
600 278 2 2 1 1
268 223 1 1 1 1
595 332 24 23 1 0
220 284 2 2 1 0
74 287 4 5 1 0
23 296 6 9 1 0
54 287 6 9 1 0
98 219 1 1 1 1
143 219 1 1 1 1
505 339 24 23 1 0
415 282 2 2 1 1
442 292 2 2 1 0
778 273 2 2 1 1
726 274 2 2 1 1
424 295 6 9 1 0
574 275 2 2 1 1
98 291 2 2 1 0
97 305 6 9 1 0
591 283 2 2 1 1
179 310 6 9 1 0
273 224 1 1 1 1
357 320 10 12 1 0
207 309 6 9 1 0
256 290 2 2 1 0
215 286 2 2 1 0
91 322 24 23 1 0
270 345 24 23 1 0
384 297 6 9 1 0
273 280 2 2 1 1
27 293 6 9 1 0
84 220 1 1 1 1
367 287 2 2 1 0
255 301 6 9 1 0
219 299 6 9 1 0
775 282 2 2 1 1
243 310 6 9 1 0
616 321 10 12 1 0
88 287 2 2 1 0
783 307 2 2 1 0
54 293 6 9 1 0
436 285 2 2 1 0
714 282 2 2 1 1
187 220 1 1 1 1
174 291 2 2 1 0
168 287 2 2 1 0
150 288 2 2 1 0
230 315 5 7 1 0
756 282 2 2 1 1
208 219 1 1 1 1
560 270 2 2 1 1
693 286 2 2 1 0
263 222 1 1 1 1
157 289 2 2 1 0
401 295 6 9 1 0
658 316 5 7 1 0
573 344 24 23 1 0
637 283 2 2 1 1
92 287 2 2 1 0
704 275 2 2 1 1
404 283 2 2 1 1
522 292 2 2 1 0
698 309 6 9 1 0
717 274 2 2 1 1
652 273 2 2 1 1
231 292 2 2 1 0
280 285 2 2 1 0
460 299 6 9 1 0
125 303 6 9 1 0
321 276 2 2 1 1
65 301 6 9 1 0
738 318 9 10 1 0
111 288 2 2 1 0
374 314 10 12 1 0
740 273 2 2 1 1
375 298 6 9 1 0
659 303 6 9 1 0
783 381 24 23 1 0
442 272 2 2 1 1
592 292 2 2 1 0
700 346 24 23 1 0
84 348 24 23 1 0
512 278 2 2 1 1
71 295 6 9 1 0
62 289 5 7 1 0
702 288 2 2 1 0
499 299 6 9 1 0
268 297 6 9 1 0
697 274 2 2 1 1
226 222 1 1 1 1
114 301 6 9 1 0
522 333 24 23 1 0
11 295 6 9 1 0
112 222 1 1 1 1
219 315 5 7 1 0
418 293 3 3 1 0
243 295 6 9 1 0
199 292 2 2 1 0
310 317 4 5 1 0
551 322 24 23 1 0
321 309 6 9 1 0
615 288 2 2 1 0
530 287 2 2 1 0
364 290 2 2 1 0
139 220 1 1 1 1
16 289 6 9 1 0
667 297 6 9 1 0
305 278 2 2 1 1
265 307 6 9 1 0
763 309 6 9 1 0
579 273 2 2 1 1
383 289 2 2 1 0
449 273 2 2 1 1
651 292 2 2 1 0
172 303 6 9 1 0
759 277 2 2 1 1
559 279 2 2 1 1
308 295 6 9 1 0
234 224 1 1 1 1
796 282 2 2 1 1
630 295 6 9 1 0
365 303 6 9 1 0
166 309 6 9 1 0
584 275 2 2 1 1
621 279 2 2 1 1
713 323 24 23 1 0
676 305 6 9 1 0
43 287 6 9 1 0
28 310 6 9 1 0
77 288 3 3 1 0
42 223 1 1 1 1
461 283 2 2 1 1
286 278 2 2 1 1
126 285 2 2 1 0
203 223 1 1 1 1
87 279 3 3 1 1
262 288 2 2 1 0
130 220 1 1 1 1
12 289 6 9 1 0
731 303 6 9 1 0
37 289 6 9 1 0
135 335 24 23 1 0
78 220 1 1 1 1
134 220 1 1 1 1
185 289 2 2 1 0
311 279 2 2 1 1
31 287 6 9 1 0
317 282 2 2 1 1
356 283 2 2 1 1
229 301 6 9 1 0
61 221 1 1 1 1
505 279 2 2 1 1
722 274 2 2 1 1
34 297 6 9 1 0
286 292 2 2 1 0
521 310 6 9 1 0
727 286 2 2 1 0
384 328 24 23 1 0
324 287 2 2 1 0
580 290 2 2 1 0
312 289 2 2 1 0
556 299 6 9 1 0
140 289 2 2 1 0
524 277 2 2 1 1
166 292 2 2 1 0
601 309 6 9 1 0
392 280 2 2 1 1
646 277 2 2 1 1
180 288 2 2 1 0
644 304 6 9 1 0
323 282 2 2 1 1
1 318 6 9 1 0
262 302 6 9 1 0
534 294 6 9 1 0
5 284 6 9 1 0
683 284 2 2 1 0
616 279 2 2 1 1
539 275 2 2 1 1
466 278 2 2 1 1
785 272 2 2 1 1
352 300 6 9 1 0
450 283 2 2 1 1
299 283 2 2 1 1
467 286 2 2 1 0
156 221 1 1 1 1
658 289 2 2 1 0
290 291 2 2 1 0
578 299 6 9 1 0
644 319 5 7 1 0
