565 126 2 2 1 0
663 141 10 12 1 0
469 130 11 12 1 0
371 132 7 5 1 0
337 133 7 7 1 0
284 145 8 8 1 0
447 137 8 8 1 0
451 117 8 10 1 0
160 140 10 11 1 0
577 127 2 2 1 0
508 114 11 11 1 0
675 201 17 20 1 0
397 134 10 8 1 0
583 148 15 12 1 0
441 120 8 10 1 0
147 189 21 27 1 0
236 203 21 27 1 0
596 132 4 8 1 0
664 199 17 20 1 0
11 155 11 15 1 0
257 145 8 8 1 0
6 208 21 27 1 0
669 125 10 12 1 0
522 154 23 30 1 0
318 141 7 7 1 0
423 127 5 5 1 0
497 159 23 30 1 0
351 135 7 5 1 0
73 169 11 15 1 0
473 117 4 1 1 0
513 105 9 9 1 0
265 135 8 8 1 0
633 133 10 11 1 0
437 144 10 10 1 0
307 139 10 12 1 0
591 137 12 12 1 0
272 142 8 8 1 0
582 135 12 12 1 0
296 145 10 12 1 0
512 193 23 30 1 0
649 142 10 12 1 0
360 127 7 5 1 0
329 139 7 7 1 0
548 137 23 30 1 0
341 150 15 18 1 0
177 146 10 11 1 0
626 133 10 11 1 0
481 119 11 12 1 0
446 127 8 10 1 0
243 143 10 11 1 0
55 183 21 27 1 0
199 141 10 11 1 0
598 164 17 20 1 0
