145 156 19 23 1 0
23 169 19 23 1 0
247 189 21 21 1 0
613 270 21 26 1 0
262 188 21 21 1 0
179 154 19 23 1 0
291 150 21 21 1 0
549 166 21 26 1 0
41 153 19 23 1 0
295 138 21 21 1 0
537 145 21 26 1 0
560 133 21 26 1 0
409 127 21 26 1 0
462 146 21 26 1 0
426 156 21 26 1 0
305 152 21 21 1 0
99 144 19 23 1 0
204 139 20 21 1 0
615 153 21 26 1 0
350 183 21 21 1 0
513 146 21 26 1 0
402 139 21 26 1 0
456 184 21 26 1 0
485 173 21 26 1 0
216 170 20 22 1 0
637 142 21 26 1 0
110 147 19 23 1 0
382 162 21 26 1 0
45 137 19 23 1 0
281 175 21 21 1 0
