957 173 21 17 1 0
158 212 0 0 1 1
147 214 0 0 1 1
187 203 36 43 1 0
1237 169 15 25 1 0
1169 317 72 115 1 0
164 291 36 43 1 0
295 460 113 120 1 0
234 236 16 15 1 0
731 255 36 43 1 0
1151 378 72 115 1 0
139 211 0 0 1 1
856 280 32 37 1 0
941 215 36 43 1 0
989 211 36 43 1 0
251 228 16 15 1 0
1533 297 51 76 1 0
231 352 58 80 1 0
762 277 36 43 1 0
100 237 0 0 1 0
1312 161 15 25 1 0
1186 158 29 47 1 0
520 327 58 80 1 0
1502 161 15 25 1 0
329 320 58 80 1 0
305 240 36 43 1 0
335 195 16 19 1 0
986 335 138 172 1 0
448 244 36 43 1 0
465 292 36 43 1 0
601 313 49 39 1 0
1034 223 15 25 1 0
381 237 16 19 1 0
148 213 0 0 1 1
821 262 36 43 1 0
262 241 16 15 1 0
784 188 20 20 1 0
481 235 36 43 1 0
240 293 36 43 1 0
1236 100 15 25 1 0
1324 213 15 25 1 0
161 209 0 0 1 1
