126 50 10 12 1 0
99 60 10 12 1 0
151 48 8 8 1 0
190 106 49 47 1 0
226 82 21 30 1 0
281 59 14 23 1 0
183 63 12 19 1 0
444 97 12 26 1 0
112 54 10 12 1 0
327 43 12 16 1 0
220 45 12 19 1 0
294 68 14 23 1 0
75 44 20 23 1 0
167 45 8 8 1 0
83 64 20 23 1 0
107 62 10 12 1 0
363 68 60 66 1 0
123 86 22 28 1 0
44 69 20 23 1 0
254 62 21 30 1 0
2 74 13 17 1 0
212 56 12 19 1 0
10 75 13 17 1 0
448 56 12 17 1 0
430 54 12 17 1 0
267 46 13 16 1 0
45 97 26 33 1 0
140 62 10 12 1 0
292 61 14 23 1 0
244 48 11 13 1 0
282 40 13 16 1 0
210 68 12 19 1 0
196 66 12 19 1 0
304 46 12 16 1 0
316 50 12 16 1 0
130 68 10 12 1 0
123 64 10 12 1 0
31 60 10 10 1 0
13 60 10 10 1 0
232 62 11 13 1 0
4 55 10 10 1 0
330 77 20 28 1 0
162 67 21 30 1 0
