644 232 17 20 1 0
956 347 46 51 1 0
488 206 17 20 1 0
421 219 17 20 1 0
952 229 17 20 1 0
997 232 17 22 1 0
525 200 14 21 1 1
403 204 17 20 1 0
726 222 17 20 1 0
841 385 46 51 1 0
987 221 17 20 1 0
375 360 46 51 1 0
129 382 46 51 3 0
97 252 24 27 1 0
619 228 17 20 1 0
288 150 14 21 1 1
681 182 14 21 1 1
389 173 14 21 1 1
630 179 14 21 1 1
266 214 17 20 1 0
371 227 17 20 1 0
408 251 24 27 1 0
505 330 46 51 3 0
133 247 24 27 1 0
965 423 93 106 1 0
824 281 34 39 1 0
615 266 24 27 1 0
667 247 24 27 1 0
985 278 34 39 3 0
453 222 17 20 1 0
728 638 93 106 1 0
509 208 17 20 1 0
593 244 17 20 1 0
191 471 80 104 1 0
821 470 93 106 1 0
725 247 24 27 1 0
356 210 17 20 1 0
577 232 17 20 1 0
723 439 93 106 3 0
160 169 14 21 1 1
952 208 17 20 1 0
763 240 17 20 1 0
801 209 17 20 1 0
683 240 17 20 1 0
309 152 14 21 1 1
338 152 14 21 1 1
830 185 14 21 1 1
971 217 17 20 1 0
889 207 17 20 1 0
543 247 24 27 1 0
666 221 17 20 1 0
546 281 34 39 1 0
167 427 59 71 1 0
625 214 17 20 1 0
525 340 46 51 3 0
802 368 46 51 1 0
876 233 17 20 1 0
622 387 46 51 1 0
476 224 17 20 1 0
678 207 17 20 1 0
645 209 17 20 1 0
758 228 17 20 1 0
385 229 17 20 1 0
435 221 17 20 1 0
853 220 17 20 1 0
381 246 17 20 1 0
411 376 46 51 1 0
744 351 46 51 3 0
345 345 46 51 1 0
801 248 24 27 1 0
441 251 24 27 1 0
298 225 17 20 1 0
754 213 17 20 1 0
876 181 14 21 1 1
852 261 24 27 3 0
910 254 24 27 1 0
938 238 17 20 1 0
123 335 46 51 1 0
345 169 14 21 1 1
463 172 14 21 1 1
243 200 14 21 1 0
814 258 24 27 1 0
327 151 14 21 1 1
447 202 14 21 1 0
417 233 17 20 1 0
665 282 34 39 1 0
165 298 34 39 1 0
132 273 24 27 1 0
502 262 24 27 1 0
923 182 14 21 1 1
786 241 17 20 1 0
873 510 93 106 1 0
1021 466 57 64 1 0
140 173 14 21 1 1
530 236 17 20 1 0
906 673 93 106 1 0
406 225 17 20 1 0
694 214 17 20 1 0
684 357 46 51 1 0
1003 372 46 51 1 0
866 252 24 27 1 0
610 645 67 79 1 0
333 204 17 20 1 0
763 267 24 27 1 0
981 299 34 39 3 0
430 304 34 39 1 0
623 317 34 39 1 0
1004 190 14 21 1 1
1009 287 34 39 1 0
566 212 17 20 1 0
299 199 14 21 1 0
481 309 34 39 3 0
318 193 14 21 1 0
902 282 34 39 1 0
727 188 14 21 1 1
946 249 24 27 1 0
399 295 34 39 1 0
297 163 14 21 1 1
834 229 17 20 1 0
1015 545 69 78 1 0
610 220 17 20 1 0
492 231 17 20 1 0
512 235 17 20 1 0
808 230 17 20 1 0
752 176 14 21 1 1
768 298 34 39 1 0
603 205 17 20 1 0
841 249 24 27 1 0
716 213 17 20 1 0
671 323 34 39 1 0
498 314 34 39 3 0
361 268 24 27 1 0
796 171 14 21 1 1
229 162 14 21 1 1
658 415 59 71 1 0
710 295 34 39 1 0
564 351 46 51 1 0
791 223 17 20 1 0
977 257 24 27 1 0
637 264 24 27 1 0
331 248 24 27 1 0
896 233 17 20 1 0
594 393 59 71 1 0
855 272 24 27 3 0
728 285 34 39 3 0
596 173 14 21 1 1
849 233 17 20 1 0
151 591 80 104 1 0
364 148 14 21 1 1
702 179 14 21 1 1
275 169 14 21 1 1
738 263 24 27 1 0
281 275 34 39 1 0
350 153 14 21 1 1
736 303 34 39 3 0
313 307 34 39 1 0
348 226 17 20 1 0
430 245 17 20 1 0
193 186 14 21 1 1
154 383 46 51 3 0
113 214 17 20 1 0
687 434 59 71 3 0
431 167 14 21 1 1
947 306 34 39 1 0
282 212 17 20 1 0
238 289 34 39 1 0
1007 206 14 21 1 0
952 273 24 27 1 0
890 249 24 27 1 0
925 207 17 20 3 0
767 357 46 51 3 0
993 334 46 51 1 0
913 227 17 20 1 0
854 299 34 39 1 0
593 214 17 20 1 0
62 645 74 95 1 0
245 584 80 104 1 0
555 213 17 20 1 0
261 270 24 27 1 0
1005 256 29 34 1 0
901 216 17 20 1 0
191 540 80 104 1 0
828 208 17 20 1 0
486 221 17 20 1 0
925 219 17 20 3 0
357 170 14 21 1 1
924 345 46 51 1 0
800 308 34 39 1 0
875 343 46 51 1 0
380 163 14 21 1 1
279 242 17 20 1 0
