323 466 55 62 1 0
1273 516 25 29 1 0
859 599 103 105 1 0
1171 684 154 108 1 0
628 545 63 68 1 0
1017 712 138 25 1 0
748 607 75 106 1 0
83 483 56 62 1 0
872 523 63 68 1 0
812 474 25 34 1 0
951 496 63 68 1 0
351 506 55 62 2 0
813 532 63 68 1 0
517 698 103 129 1 0
795 714 141 84 1 0
406 675 103 129 1 0
581 639 103 129 1 0
716 672 141 84 1 0
843 482 25 34 1 0
232 517 85 105 1 0
74 565 129 115 1 0
292 478 55 62 1 0
1055 530 63 68 2 0
1217 550 71 70 1 0
1031 506 63 68 2 0
1086 548 63 68 1 0
1268 577 60 114 1 0
731 463 29 36 1 0
1057 582 63 68 1 0
306 579 85 105 1 0
376 522 55 62 2 0
802 499 25 34 1 0
209 460 25 30 1 0
884 461 25 34 1 0
1257 501 25 29 1 0
692 520 63 68 1 0
771 534 63 68 1 0
