894 425 12 17 1 0
747 565 12 17 1 0
728 65 8 9 1 0
64 188 10 14 1 0
453 59 8 9 1 0
419 279 10 14 1 0
625 34 8 9 1 0
555 34 8 9 1 0
490 295 10 14 1 0
419 40 8 9 1 0
276 246 10 14 1 0
160 445 12 17 1 0
856 105 8 9 1 0
813 107 8 9 1 0
783 218 10 14 1 0
550 369 12 17 1 0
372 494 12 17 1 0
694 365 12 17 1 0
304 112 8 9 1 0
423 76 8 9 1 0
103 2 8 9 1 0
653 189 10 14 1 0
840 317 12 17 1 0
477 30 8 9 1 0
785 336 12 17 1 0
198 248 10 14 1 0
731 144 10 14 1 0
337 420 12 17 1 0
421 189 10 14 1 0
792 101 8 9 1 0
887 12 8 9 1 0
621 489 12 17 1 0
656 313 12 17 1 0
861 10 8 9 1 0
304 500 12 17 1 0
639 442 12 17 1 0
507 146 10 14 1 0
586 52 8 9 1 0
422 581 12 17 1 0
342 256 10 14 2 0
243 70 8 9 1 0
519 232 10 14 1 0
574 97 8 9 1 0
426 421 12 17 1 0
421 60 8 9 1 0
254 116 8 9 1 0
345 410 12 17 1 0
15 22 8 9 1 0
523 173 10 14 1 0
715 93 8 9 1 0
464 381 12 17 1 0
231 66 8 9 1 0
329 444 12 17 1 0
574 35 8 9 1 0
524 8 8 9 1 0
392 173 10 14 1 0
249 273 10 14 1 0
665 212 10 14 1 0
855 282 10 14 1 0
12 397 12 17 1 0
68 288 10 14 1 0
192 197 10 14 1 0
303 246 10 14 1 0
781 60 8 9 1 0
657 461 12 17 1 0
856 268 10 14 1 0
809 191 10 14 1 0
758 389 12 17 1 0
53 179 10 14 1 0
482 3 8 9 1 0
547 103 8 9 1 0
890 64 8 9 1 0
748 69 8 9 1 0
539 92 8 9 1 0
211 2 8 9 1 0
853 77 8 9 1 0
120 30 8 9 1 0
808 75 8 9 1 0
566 570 12 17 1 0
76 81 8 9 1 0
312 57 8 9 1 0
392 414 12 17 1 0
54 404 12 17 1 0
503 325 12 17 1 0
680 263 10 14 1 0
213 138 10 14 1 0
402 201 10 14 1 0
737 266 10 14 1 0
642 121 8 9 1 0
895 15 8 9 1 0
452 431 12 17 1 0
164 524 12 17 1 0
354 47 8 9 1 0
530 45 8 9 1 0
620 120 8 9 1 0
663 0 8 9 1 0
276 5 8 9 1 0
537 56 8 9 1 0
192 157 10 14 1 0
183 241 10 14 1 0
522 294 10 14 1 0
356 125 8 9 1 0
35 417 12 17 1 0
674 180 10 14 1 0
272 74 8 9 1 0
727 582 12 17 1 0
168 38 8 9 1 0
502 90 8 9 1 0
557 99 8 9 1 0
588 136 10 14 1 0
663 60 8 9 1 0
888 94 8 9 1 0
87 213 10 14 1 0
834 160 10 14 1 0
306 203 10 14 1 0
875 164 10 14 1 0
343 75 8 9 1 0
697 234 10 14 1 0
866 87 8 9 1 0
697 84 8 9 1 0
64 268 10 14 1 0
116 261 10 14 1 0
649 62 8 9 1 0
704 170 10 14 1 0
304 28 8 9 1 0
328 145 10 14 1 0
148 248 10 14 1 0
268 440 12 17 1 0
355 377 12 17 1 0
642 104 8 9 1 0
381 175 10 14 1 0
207 101 8 9 1 0
241 120 8 9 1 0
370 406 12 17 1 0
768 258 10 14 1 0
276 40 8 9 1 0
104 34 8 9 1 0
755 69 8 9 1 0
789 85 8 9 1 0
326 76 8 9 1 0
170 276 10 14 1 0
459 173 10 14 1 0
548 202 10 14 1 0
721 270 10 14 1 0
772 103 8 9 1 0
344 48 8 9 1 0
272 107 8 9 1 0
38 47 8 9 1 0
296 159 10 14 1 0
668 395 12 17 1 0
87 15 8 9 1 0
648 43 8 9 1 0
224 92 8 9 1 0
494 405 12 17 1 0
434 421 12 17 1 0
113 411 12 17 1 0
101 328 12 17 1 0
581 25 8 9 1 0
686 74 8 9 1 0
743 307 12 17 1 0
851 163 10 14 1 0
571 120 8 9 1 0
211 29 8 9 1 0
687 189 10 14 1 0
768 402 12 17 1 0
725 418 12 17 1 0
53 50 8 9 1 0
100 190 10 14 1 0
274 209 10 14 1 0
343 196 10 14 1 0
878 81 8 9 1 0
180 69 8 9 1 0
614 40 8 9 1 0
723 71 8 9 1 0
478 169 10 14 1 0
517 110 8 9 1 0
690 311 12 17 1 0
623 17 8 9 1 0
553 176 10 14 1 0
759 572 12 17 1 0
643 511 12 17 1 0
574 44 8 9 1 0
775 82 8 9 1 0
616 110 8 9 1 0
599 418 12 17 1 0
430 92 8 9 1 0
564 144 10 14 1 0
756 92 8 9 1 0
778 90 8 9 1 0
846 3 8 9 1 0
81 50 8 9 1 0
390 427 12 17 1 0
650 49 8 9 1 0
96 14 8 9 1 0
452 67 8 9 1 0
750 246 10 14 1 0
725 569 12 17 1 0
266 407 12 17 1 0
608 276 10 14 1 0
163 190 10 14 1 0
713 177 10 14 1 0
533 268 10 14 2 0
879 128 8 9 1 0
653 178 10 14 1 0
847 67 8 9 1 0
598 104 8 9 1 0
611 446 12 17 1 0
473 150 10 14 1 0
187 104 8 9 1 0
373 69 8 9 1 0
528 53 8 9 1 0
103 281 10 14 1 0
830 210 10 14 1 0
674 444 12 17 1 0
552 357 12 17 1 0
456 500 12 17 1 0
861 459 12 17 1 0
884 189 10 14 1 0
192 428 12 17 1 0
236 287 10 14 1 0
322 304 12 17 1 0
544 493 12 17 1 0
617 473 12 17 1 0
489 99 8 9 1 0
353 75 8 9 1 0
196 312 12 17 1 0
146 271 10 14 1 0
354 497 12 17 1 0
659 150 10 14 1 0
783 71 8 9 1 0
194 23 8 9 1 0
849 112 8 9 1 0
848 18 8 9 1 0
112 111 8 9 1 0
848 261 10 14 1 0
529 116 8 9 1 0
7 24 8 9 1 0
628 429 12 17 1 0
300 286 10 14 1 0
543 48 8 9 1 0
815 203 10 14 1 0
291 33 8 9 1 0
458 263 10 14 1 0
684 112 8 9 1 0
865 187 10 14 1 0
617 11 8 9 1 0
892 36 8 9 1 0
566 23 8 9 1 0
145 262 10 14 1 0
802 229 10 14 1 0
286 411 12 17 1 0
304 175 10 14 1 0
719 65 8 9 1 0
733 79 8 9 1 0
513 118 8 9 1 0
830 109 8 9 1 0
838 96 8 9 1 0
853 83 8 9 1 0
858 138 10 14 1 0
676 165 10 14 1 0
671 21 8 9 1 0
571 441 12 17 1 0
528 378 12 17 1 0
453 103 8 9 1 0
487 28 8 9 1 0
669 44 8 9 1 0
738 89 8 9 1 0
17 248 10 14 1 0
411 146 10 14 1 0
877 173 10 14 1 0
325 181 10 14 1 0
44 405 12 17 1 0
778 45 8 9 1 0
519 468 12 17 1 0
323 58 8 9 1 0
673 67 8 9 1 0
707 222 10 14 1 0
567 370 12 17 1 0
191 11 8 9 1 0
487 45 8 9 1 0
272 121 8 9 1 0
120 40 8 9 1 0
149 405 12 17 1 0
400 370 12 17 1 0
850 489 12 17 1 0
831 457 12 17 1 0
172 95 8 9 1 0
99 418 12 17 1 0
280 60 8 9 1 0
500 155 10 14 1 0
122 62 8 9 1 0
791 220 10 14 1 0
351 578 12 17 1 0
808 356 12 17 1 0
546 246 10 14 1 0
689 264 10 14 1 0
611 73 8 9 1 0
719 58 8 9 1 0
132 48 8 9 1 0
178 188 10 14 1 0
563 239 10 14 1 0
544 443 12 17 1 0
511 372 12 17 1 0
42 173 10 14 1 0
310 71 8 9 1 0
887 339 12 17 1 0
829 422 12 17 1 0
638 419 12 17 1 0
556 125 8 9 1 0
286 145 10 14 1 0
675 10 8 9 1 0
639 56 8 9 1 0
19 325 10 14 1 0
387 289 10 14 1 0
90 285 10 14 1 0
866 224 10 14 1 0
234 346 12 17 1 0
454 1 8 9 1 0
571 289 10 14 1 0
471 56 8 9 1 0
169 114 8 9 1 0
578 424 12 17 1 0
842 405 12 17 1 0
422 242 10 14 1 0
861 419 12 17 1 0
549 39 8 9 1 0
364 191 10 14 1 0
706 579 12 17 1 0
624 101 8 9 1 0
814 447 12 17 1 0
473 6 8 9 1 0
836 19 8 9 1 0
799 152 10 14 1 0
481 98 8 9 1 0
879 29 8 9 1 0
834 79 8 9 1 0
530 64 8 9 1 0
404 147 10 14 1 0
435 348 12 17 1 0
110 44 8 9 1 0
489 191 10 14 1 0
757 112 8 9 1 0
54 281 10 14 1 0
739 350 12 17 1 0
292 49 8 9 1 0
14 260 10 14 1 0
531 229 10 14 1 0
311 547 12 17 1 0
442 265 10 14 1 0
890 393 12 17 1 0
498 435 12 17 1 0
671 286 10 14 1 0
738 99 8 9 1 0
230 173 10 14 1 0
457 126 8 9 1 0
723 392 12 17 1 0
403 282 10 14 1 0
533 350 12 17 1 0
205 63 8 9 1 0
56 322 12 17 1 0
636 7 8 9 1 0
356 18 8 9 1 0
479 437 12 17 1 0
609 456 12 17 1 0
896 229 10 14 1 0
410 22 8 9 1 0
555 412 12 17 1 0
355 185 10 14 1 0
506 184 10 14 1 0
528 267 10 14 2 0
234 255 10 14 1 0
884 265 10 14 1 0
64 176 10 14 1 0
130 69 8 9 1 0
701 72 8 9 1 0
160 204 10 14 1 0
486 57 8 9 1 0
301 426 12 17 1 0
154 80 8 9 1 0
440 137 10 14 1 0
452 286 10 14 1 0
670 4 8 9 1 0
240 179 10 14 1 0
150 110 8 9 1 0
451 192 10 14 1 0
411 69 8 9 1 0
93 76 8 9 1 0
570 170 10 14 1 0
266 526 12 17 1 0
412 113 8 9 1 0
846 46 8 9 1 0
162 178 10 14 1 0
646 67 8 9 1 0
794 92 8 9 1 0
41 22 8 9 1 0
487 386 12 17 1 0
422 157 10 14 1 0
463 438 12 17 1 0
64 98 8 9 1 0
576 62 8 9 1 0
831 177 10 14 1 0
140 67 8 9 1 0
206 214 10 14 1 0
572 130 8 9 1 0
272 293 10 14 1 0
515 341 12 17 1 0
522 137 10 14 1 0
589 214 10 14 1 0
577 103 8 9 1 0
40 81 8 9 1 0
774 130 8 9 1 0
592 177 10 14 1 0
409 567 12 17 1 0
573 52 8 9 1 0
611 312 12 17 1 0
736 241 10 14 1 0
312 337 12 17 1 0
833 518 12 17 1 0
257 234 10 14 1 0
839 68 8 9 1 0
216 196 10 14 1 0
680 245 10 14 1 0
231 152 10 14 1 0
387 494 12 17 1 0
576 278 10 14 1 0
724 464 12 17 1 0
649 440 12 17 1 0
219 54 8 9 1 0
864 165 10 14 1 0
649 262 10 14 1 0
325 419 12 17 1 0
655 409 12 17 1 0
826 72 8 9 1 0
21 409 12 17 1 0
110 390 12 17 1 0
618 80 8 9 1 0
305 50 8 9 1 0
262 33 8 9 1 0
764 90 8 9 1 0
718 190 10 14 1 0
641 36 8 9 1 0
646 113 8 9 1 0
687 411 12 17 1 0
757 62 8 9 1 0
495 111 8 9 1 0
201 406 12 17 1 0
156 61 8 9 1 0
162 396 12 17 1 0
511 88 8 9 1 0
474 413 12 17 1 0
643 247 10 14 1 0
739 333 12 17 1 0
844 355 12 17 1 0
623 0 8 9 1 0
399 28 8 9 1 0
54 71 8 9 1 0
128 315 12 17 1 0
708 70 8 9 1 0
33 349 11 15 1 0
371 148 10 14 1 0
619 285 10 14 1 0
261 74 8 9 1 0
674 42 8 9 1 0
683 51 8 9 1 0
330 116 8 9 1 0
625 136 10 14 1 0
564 201 10 14 1 0
588 328 12 17 1 0
385 17 8 9 1 0
836 7 8 9 1 0
865 264 10 14 1 0
126 468 12 17 1 0
816 68 8 9 1 0
507 59 8 9 1 0
295 446 12 17 1 0
565 159 10 14 1 0
339 26 8 9 1 0
85 83 8 9 1 0
109 372 12 17 1 0
487 418 12 17 1 0
257 259 10 14 1 0
592 25 8 9 1 0
751 154 10 14 1 0
556 91 8 9 1 0
82 204 10 14 1 0
397 149 10 14 1 0
320 50 8 9 1 0
490 14 8 9 1 0
762 294 10 14 1 0
794 459 12 17 1 0
366 56 8 9 1 0
139 1 8 9 1 0
391 261 10 14 1 0
178 253 10 14 1 0
613 141 10 14 1 0
140 519 12 17 1 0
192 212 10 14 1 0
875 8 8 9 1 0
472 220 10 14 1 0
471 497 12 17 1 0
158 38 8 9 1 0
485 121 8 9 1 0
440 203 10 14 1 0
202 57 8 9 1 0
408 82 8 9 1 0
219 72 8 9 1 0
209 324 12 17 1 0
484 216 10 14 1 0
746 97 8 9 1 0
600 50 8 9 1 0
291 304 12 17 1 0
410 465 12 17 1 0
102 431 12 17 1 0
599 63 8 9 1 0
325 25 8 9 1 0
879 432 12 17 1 0
207 505 12 17 1 0
588 563 12 17 1 0
362 429 12 17 1 0
532 468 12 17 1 0
828 31 8 9 1 0
467 29 8 9 1 0
295 212 10 14 1 0
636 16 8 9 1 0
461 59 8 9 1 0
462 108 8 9 1 0
90 135 10 14 1 0
642 47 8 9 1 0
358 2 8 9 1 0
288 88 8 9 1 0
548 255 10 14 1 0
811 144 10 14 1 0
481 458 12 17 1 0
424 214 10 14 1 0
245 528 12 17 1 0
706 498 12 17 1 0
386 59 8 9 1 0
145 25 8 9 1 0
105 205 10 14 1 0
554 27 8 9 1 0
652 153 10 14 1 0
89 173 10 14 1 0
613 403 12 17 1 0
632 43 8 9 1 0
791 77 8 9 1 0
602 291 10 14 1 0
16 30 8 9 1 0
145 129 8 9 1 0
310 234 10 14 1 0
782 482 12 17 1 0
85 117 8 9 1 0
594 273 10 14 1 0
507 307 12 17 1 0
736 409 12 17 1 0
490 72 8 9 1 0
268 265 10 14 1 0
105 52 8 9 1 0
316 162 10 14 1 0
723 56 8 9 1 0
22 55 8 9 1 0
770 376 12 17 1 0
335 67 8 9 1 0
471 123 8 9 1 0
826 284 10 14 1 0
802 68 8 9 1 0
227 39 8 9 1 0
230 193 10 14 1 0
4 274 10 14 1 0
876 103 8 9 1 0
658 4 8 9 1 0
249 178 10 14 1 0
523 106 8 9 1 0
605 2 8 9 1 0
813 70 8 9 1 0
365 207 10 14 1 0
143 187 10 14 1 0
203 469 12 17 1 0
542 182 10 14 1 0
739 281 10 14 1 0
128 273 10 14 1 0
290 275 10 14 1 0
557 51 8 9 1 0
872 64 8 9 1 0
453 168 10 14 1 0
509 435 12 17 1 0
869 102 8 9 1 0
828 4 8 9 1 0
79 400 12 17 1 0
214 181 10 14 1 0
468 467 12 17 1 0
513 50 8 9 1 0
59 26 8 9 1 0
21 93 8 9 1 0
293 187 10 14 1 0
483 227 10 14 1 0
443 432 12 17 1 0
662 51 8 9 1 0
790 540 12 17 1 0
378 6 8 9 1 0
204 31 8 9 1 0
584 62 8 9 1 0
868 127 8 9 1 0
56 20 8 9 1 0
693 76 8 9 1 0
493 286 10 14 1 0
441 303 10 14 1 0
541 118 8 9 1 0
336 359 12 17 1 0
627 162 10 14 1 0
867 383 12 17 1 0
624 395 12 17 1 0
382 320 12 17 1 0
660 284 10 14 1 0
82 432 12 17 1 0
615 27 8 9 1 0
893 204 10 14 1 0
810 86 8 9 1 0
238 269 10 14 1 0
871 76 8 9 1 0
252 311 12 17 1 0
26 158 10 14 1 0
52 266 10 14 1 0
222 249 10 14 1 0
16 281 10 14 1 0
509 294 10 14 1 0
790 43 8 9 1 0
134 85 8 9 1 0
734 193 10 14 1 0
322 262 10 14 1 0
475 111 8 9 1 0
432 321 12 17 1 0
769 225 10 14 1 0
558 209 10 14 1 0
238 24 8 9 1 0
632 265 10 14 1 0
781 145 10 14 1 0
537 32 8 9 1 0
634 301 10 14 1 0
617 51 8 9 1 0
7 332 10 14 1 0
736 62 8 9 1 0
818 478 12 17 1 0
249 77 8 9 1 0
868 247 10 14 1 0
854 64 8 9 1 0
896 135 9 11 1 0
672 404 12 17 1 0
447 372 12 17 2 0
572 87 8 9 1 0
343 249 10 14 2 0
441 502 12 17 1 0
808 41 8 9 1 0
400 451 12 17 1 0
399 348 12 17 1 0
228 16 8 9 1 0
73 192 10 14 1 0
161 71 8 9 1 0
262 41 8 9 1 0
593 147 10 14 1 0
32 8 8 9 1 0
183 52 8 9 1 0
650 382 12 17 1 0
791 60 8 9 1 0
297 71 8 9 1 0
451 370 12 17 2 0
177 307 12 17 1 0
876 139 10 14 1 0
343 64 8 9 1 0
106 103 8 9 1 0
605 436 12 17 1 0
660 105 8 9 1 0
140 242 10 14 1 0
121 181 10 14 1 0
738 68 8 9 1 0
262 199 10 14 1 0
750 258 10 14 1 0
211 390 12 17 1 0
70 28 8 9 1 0
592 103 8 9 1 0
10 67 8 9 1 0
648 229 10 14 1 0
415 9 8 9 1 0
189 69 8 9 1 0
747 179 10 14 1 0
745 85 8 9 1 0
138 204 10 14 1 0
322 438 12 17 1 0
546 124 8 9 1 0
372 364 12 17 1 0
190 280 10 14 1 0
375 30 8 9 1 0
369 177 10 14 1 0
459 20 8 9 1 0
226 432 12 17 1 0
814 364 12 17 1 0
342 7 8 9 1 0
390 48 8 9 1 0
27 52 8 9 1 0
799 74 8 9 1 0
551 426 12 17 1 0
190 336 12 17 1 0
565 43 8 9 1 0
700 94 8 9 1 0
338 216 10 14 1 0
676 256 10 14 1 0
431 302 10 14 1 0
130 336 12 17 1 0
835 29 8 9 1 0
856 311 12 17 1 0
538 400 12 17 1 0
485 303 10 14 1 0
471 191 10 14 1 0
777 164 10 14 1 0
598 152 10 14 1 0
495 57 8 9 1 0
496 6 8 9 1 0
349 423 12 17 1 0
548 51 8 9 1 0
337 388 12 17 1 0
388 244 10 14 1 0
710 64 8 9 1 0
765 68 8 9 1 0
47 258 10 14 1 0
466 1 8 9 1 0
705 417 12 17 1 0
279 30 8 9 1 0
647 203 10 14 1 0
391 70 8 9 1 0
125 445 12 17 1 0
149 367 12 17 1 0
777 66 8 9 1 0
405 403 12 17 1 0
814 223 10 14 1 0
324 1 8 9 1 0
243 422 12 17 1 0
566 72 8 9 1 0
26 22 8 9 1 0
330 126 8 9 1 0
365 153 10 14 1 0
541 149 10 14 1 0
620 573 12 17 1 0
356 321 12 17 1 0
208 267 10 14 1 0
686 41 8 9 1 0
466 81 8 9 1 0
501 103 8 9 1 0
312 121 8 9 1 0
599 81 8 9 1 0
574 19 8 9 1 0
623 200 10 14 1 0
878 16 8 9 1 0
520 416 12 17 1 0
307 135 10 14 1 0
894 254 10 14 1 0
89 4 8 9 1 0
82 270 10 14 1 0
438 68 8 9 1 0
748 42 8 9 1 0
322 402 12 17 1 0
254 210 10 14 1 0
716 76 8 9 1 0
666 28 8 9 1 0
241 109 8 9 1 0
87 61 8 9 1 0
292 68 8 9 1 0
326 205 10 14 1 0
578 180 10 14 1 0
726 47 8 9 1 0
137 34 8 9 1 0
379 83 8 9 1 0
553 435 12 17 1 0
306 262 10 14 1 0
177 329 12 17 1 0
747 232 10 14 1 0
231 130 8 9 1 0
268 282 10 14 1 0
336 280 10 14 1 0
372 223 10 14 1 0
771 466 12 17 1 0
822 100 8 9 1 0
190 412 12 17 1 0
414 57 8 9 1 0
644 83 8 9 1 0
597 96 8 9 1 0
781 395 12 17 1 0
896 91 8 9 1 0
808 258 10 14 1 0
423 456 12 17 1 0
732 447 12 17 1 0
453 418 12 17 1 0
93 27 8 9 1 0
690 174 10 14 1 0
456 592 12 17 1 0
407 56 8 9 1 0
845 89 8 9 1 0
64 0 8 9 1 0
670 118 8 9 1 0
438 446 12 17 1 0
436 18 8 9 1 0
665 67 8 9 1 0
647 364 12 17 1 0
247 393 12 17 1 0
396 235 10 14 1 0
798 199 10 14 1 0
438 394 12 17 1 0
481 201 10 14 1 0
381 189 10 14 1 0
622 213 10 14 1 0
305 520 12 17 1 0
796 310 12 17 1 0
570 225 10 14 1 0
595 461 12 17 1 0
562 462 12 17 1 0
531 157 10 14 1 0
895 55 8 9 1 0
452 202 10 14 1 0
282 343 12 17 1 0
17 184 10 14 1 0
535 550 12 17 1 0
456 528 12 17 1 0
175 11 8 9 1 0
764 433 12 17 1 0
531 316 12 17 1 0
379 440 12 17 1 0
310 442 12 17 1 0
226 206 10 14 1 0
205 73 8 9 1 0
173 223 10 14 1 0
432 101 8 9 1 0
383 147 10 14 1 0
112 175 10 14 1 0
854 6 8 9 1 0
621 63 8 9 1 0
784 284 10 14 1 0
195 78 8 9 1 0
130 195 10 14 1 0
719 153 10 14 1 0
878 37 8 9 1 0
526 89 8 9 1 0
594 43 8 9 1 0
397 187 10 14 1 0
57 130 8 9 1 0
18 69 8 9 1 0
127 125 8 9 1 0
184 36 8 9 1 0
813 178 10 14 1 0
839 106 8 9 1 0
521 187 10 14 1 0
262 133 10 14 1 0
676 35 8 9 1 0
633 222 10 14 1 0
198 123 8 9 1 0
867 94 8 9 1 0
437 1 8 9 1 0
109 69 8 9 1 0
361 508 12 17 1 0
506 16 8 9 1 0
288 180 10 14 1 0
629 466 12 17 1 0
521 405 12 17 1 0
526 240 10 14 1 0
589 293 10 14 1 0
367 23 8 9 1 0
485 175 10 14 1 0
883 66 8 9 1 0
727 125 8 9 1 0
700 264 10 14 1 0
691 147 10 14 1 0
196 114 8 9 1 0
463 405 12 17 1 0
820 79 8 9 1 0
828 346 12 17 1 0
535 439 12 17 2 0
614 424 12 17 1 0
533 431 12 17 2 0
259 187 10 14 1 0
444 52 8 9 1 0
687 432 12 17 1 0
503 587 12 17 1 0
839 535 12 17 1 0
796 247 10 14 1 0
305 382 12 17 1 0
336 58 8 9 1 0
858 91 8 9 1 0
281 314 12 17 1 0
777 213 10 14 1 0
575 399 12 17 1 0
678 80 8 9 1 0
402 417 12 17 1 0
333 26 8 9 1 0
442 482 12 17 1 0
794 119 8 9 1 0
