18 249 12 13 1 0
427 135 10 8 1 0
605 199 17 19 1 0
570 113 9 11 1 0
520 130 9 11 1 0
554 256 28 31 1 0
264 196 9 13 1 0
83 231 12 13 1 0
426 149 11 11 1 0
638 114 12 10 1 0
499 129 9 11 1 0
245 213 9 13 1 0
209 343 26 31 1 0
222 212 9 13 1 0
477 196 17 19 1 0
526 121 9 11 1 0
156 215 9 13 1 0
275 192 9 13 1 0
351 175 7 8 1 0
284 208 9 13 1 0
179 248 13 18 1 0
614 225 28 31 1 0
28 257 12 13 1 0
332 177 8 11 1 0
0 273 12 13 1 0
565 124 9 11 1 0
555 129 9 11 1 0
380 165 6 6 1 0
618 124 9 11 1 0
95 229 12 13 1 0
8 267 12 13 1 0
443 133 10 8 1 0
155 221 9 13 1 0
91 255 12 13 1 0
637 191 17 20 1 0
376 183 11 15 1 0
176 214 9 13 1 0
251 200 9 13 1 0
465 140 11 11 1 0
275 204 9 13 1 0
302 205 9 13 1 0
293 362 26 31 1 0
268 185 9 13 1 0
506 133 9 11 1 0
372 163 6 6 1 0
550 211 17 19 1 0
336 171 8 10 1 0
630 93 9 10 1 0
217 223 9 13 1 0
45 253 12 13 1 0
376 151 6 6 1 0
236 202 9 13 1 0
383 155 6 6 1 0
402 145 11 11 1 0
447 147 11 11 1 0
510 154 10 12 1 0
360 154 6 6 1 0
605 293 28 31 1 0
471 151 11 11 1 0
405 166 11 11 1 0
419 148 11 11 1 0
180 222 9 13 1 0
585 118 9 11 1 0
482 130 10 8 1 0
388 163 6 6 1 0
344 158 6 6 1 0
76 246 12 13 1 0
621 182 17 19 1 0
344 169 8 10 1 0
113 228 12 13 1 0
398 161 11 11 1 0
338 203 11 15 1 0
343 174 8 10 1 0
139 225 12 13 1 0
71 238 12 13 1 0
620 109 12 10 1 0
598 108 9 11 1 0
166 216 9 13 1 0
56 251 12 13 1 0
453 157 11 11 1 0
132 219 10 13 1 0
581 183 17 19 1 0
301 187 9 13 1 0
182 212 9 13 1 0
318 175 8 11 1 0
520 233 28 31 1 0
533 130 9 11 1 0
325 171 8 11 1 0
492 383 28 31 1 0
160 232 9 13 1 0
308 171 8 11 1 0
109 246 12 13 1 0
362 250 23 29 1 0
193 219 9 13 1 0
283 190 9 13 1 0
312 192 9 13 1 0
127 235 12 13 1 0
