765 1032 14 17 1 1
1073 712 19 23 1 1
1871 756 20 26 1 1
1442 523 16 17 1 1
843 438 19 22 1 1
1876 178 16 18 1 1
582 228 17 21 1 1
1885 728 18 21 1 1
966 364 17 21 1 1
799 157 17 21 1 1
381 782 14 17 1 1
957 481 19 22 1 1
656 215 17 21 1 1
554 511 19 22 1 1
1903 642 16 17 1 1
1053 790 20 26 1 1
849 912 17 21 1 1
293 851 14 17 1 1
1183 584 16 17 1 1
853 511 19 22 1 1
133 931 14 17 1 1
223 442 19 22 1 1
394 407 19 22 1 1
264 1059 14 17 1 1
341 696 14 17 1 1
879 440 19 22 1 1
484 417 19 22 1 1
409 670 14 17 1 1
1323 287 17 21 1 1
1733 411 16 18 1 1
1103 440 19 22 1 1
915 191 17 21 1 1
465 418 19 22 1 1
581 619 19 22 1 1
1133 905 20 26 1 1
626 401 19 22 1 1
837 986 14 17 1 1
1643 973 20 26 1 1
505 475 19 22 1 1
327 851 14 17 1 1
1536 256 16 18 1 1
275 470 19 22 1 1
1634 796 20 26 1 1
748 985 14 17 1 1
487 747 14 17 1 1
69 239 17 21 1 1
604 789 14 17 1 1
527 506 19 22 1 1
931 991 20 26 1 1
701 620 19 22 1 1
602 949 14 17 1 1
1032 296 17 21 1 1
345 139 17 21 1 1
1454 788 20 26 1 1
62 666 14 17 1 1
235 905 14 17 1 1
1887 506 16 17 1 1
1686 145 16 18 1 1
102 813 14 17 1 1
744 624 19 22 1 1
147 863 14 17 1 1
1154 398 19 22 1 1
1038 334 17 21 1 1
1073 956 20 26 1 1
1541 877 20 26 1 1
767 474 19 22 1 1
1619 925 20 26 1 1
556 562 19 22 1 1
381 485 19 22 1 1
274 510 19 22 1 1
1480 674 16 17 1 1
183 976 14 17 1 1
313 779 14 17 1 1
893 589 19 22 1 1
278 764 14 17 1 1
1712 794 20 26 1 1
475 238 17 21 1 1
1461 554 16 17 1 1
1296 920 20 26 1 1
144 472 19 22 1 1
1261 962 20 26 1 1
199 939 14 17 1 1
345 898 14 17 1 1
275 694 14 17 1 1
62 400 19 22 1 1
1302 552 16 17 1 1
1341 186 17 21 1 1
806 309 17 21 1 1
19 437 19 22 1 1
615 519 19 22 1 1
876 911 20 26 1 1
1266 662 16 17 1 1
173 895 14 17 1 1
1759 762 20 26 1 1
568 295 17 21 1 1
49 988 14 17 1 1
462 97 17 21 1 1
564 781 14 17 1 1
1668 840 20 26 1 1
187 472 19 22 1 1
1576 1054 20 26 1 1
1460 749 20 26 1 1
961 586 19 22 1 1
234 470 19 22 1 1
1062 335 17 21 1 1
755 585 19 22 1 1
212 780 14 17 1 1
1667 364 16 18 1 1
569 476 19 22 1 1
423 899 14 17 1 1
1548 516 16 17 1 1
986 998 20 26 1 1
174 514 19 22 1 1
371 941 14 17 1 1
1156 227 17 21 1 1
366 403 19 22 1 1
451 897 14 17 1 1
655 702 14 17 1 1
574 442 19 22 1 1
1552 552 16 17 1 1
1115 666 16 17 1 1
1140 630 16 17 1 1
4 584 17 20 1 1
1835 681 16 17 1 1
1244 182 17 21 1 1
1383 793 20 26 1 1
1658 923 20 26 1 1
1185 918 20 26 1 1
1121 974 20 26 1 1
623 786 14 17 1 1
1465 1068 20 26 1 1
255 236 17 21 1 1
1302 670 16 17 1 1
341 626 19 22 1 1
1356 251 17 21 1 1
133 269 17 21 1 1
621 704 14 17 1 1
203 234 17 21 1 1
877 1037 20 26 1 1
407 737 14 17 1 1
1225 589 16 17 1 1
1435 998 20 26 1 1
35 625 15 18 1 1
1368 829 20 26 1 1
1505 919 20 26 1 1
1522 963 20 26 1 1
471 371 18 21 1 1
1677 750 20 26 1 1
937 258 17 21 1 1
1609 714 16 17 1 1
1141 1064 20 26 1 1
287 656 14 17 1 1
1341 435 16 17 1 1
203 407 19 22 1 1
1289 624 16 17 1 1
115 655 14 17 1 1
1706 293 16 18 1 1
1647 753 20 26 1 1
359 987 14 17 1 1
545 660 14 17 1 1
1673 216 16 18 1 1
1211 798 20 26 1 1
17 227 17 21 1 1
1193 1008 20 26 1 1
1575 109 16 18 1 1
914 905 20 26 1 1
1591 761 20 26 1 1
782 192 17 21 1 1
690 506 19 22 1 1
1262 228 17 21 1 1
207 819 14 17 1 1
1697 544 16 17 1 1
1397 804 20 26 1 1
1177 287 17 21 1 1
240 374 19 22 1 1
1065 1040 20 26 1 1
631 658 14 17 1 1
1173 749 20 26 1 1
97 698 14 17 1 1
499 708 14 17 1 1
1395 562 16 17 1 1
533 748 14 17 1 1
1391 370 16 17 1 1
1608 183 16 18 1 1
1413 957 20 26 1 1
377 663 14 17 1 1
386 330 17 21 1 1
1741 136 16 18 1 1
1269 262 17 21 1 1
1052 400 19 22 1 1
304 476 19 22 1 1
446 511 19 22 1 1
548 853 14 17 1 1
640 340 17 21 1 1
317 167 17 21 1 1
722 400 19 22 1 1
778 629 19 22 1 1
1620 877 20 26 1 1
1571 790 20 26 1 1
422 438 19 22 1 1
186 1031 14 17 1 1
163 934 14 17 1 1
1257 791 20 26 1 1
1227 956 20 26 1 1
1463 919 20 26 1 1
241 596 19 22 1 1
1313 158 17 21 1 1
409 582 19 22 1 1
657 518 19 22 1 1
443 488 19 22 1 1
142 510 19 22 1 1
1773 633 16 17 1 1
1885 632 16 17 1 1
858 585 19 22 1 1
1233 742 20 26 1 1
1026 827 20 26 1 1
481 580 19 22 1 1
114 1075 14 17 1 1
183 656 14 17 1 1
1049 512 19 22 1 1
1083 632 16 18 1 1
657 668 14 17 1 1
411 703 14 17 1 1
1871 356 16 18 1 1
560 664 14 17 1 1
923 472 19 22 1 1
1787 802 20 26 1 1
1317 630 16 17 1 1
1360 188 17 21 1 1
1159 1039 20 26 1 1
114 773 14 17 1 1
57 548 19 22 1 1
554 321 17 21 1 1
1619 552 16 17 1 1
1364 555 16 17 1 1
802 230 17 21 1 1
605 621 19 22 1 1
326 409 19 22 1 1
1393 471 16 17 1 1
1495 790 20 26 1 1
127 199 17 21 1 1
1774 896 20 26 1 1
1317 749 20 26 1 1
247 1021 14 17 1 1
291 132 17 21 1 1
16 663 15 18 1 1
1245 153 17 21 1 1
1619 256 16 18 1 1
1428 917 20 26 1 1
806 1074 15 19 1 1
1769 674 16 17 1 1
337 810 14 17 1 1
1814 960 20 26 1 1
810 274 17 21 1 1
1281 282 17 21 1 1
646 128 17 21 1 1
207 698 14 17 1 1
252 982 14 17 1 1
1281 324 17 21 1 1
1281 590 16 17 1 1
730 1033 14 17 1 1
1457 632 16 17 1 1
955 911 20 26 1 1
1550 399 16 18 1 1
1427 1051 20 26 1 1
312 547 19 22 1 1
376 304 17 21 1 1
802 475 19 22 1 1
300 1059 14 17 1 1
199 734 14 17 1 1
242 1056 14 17 1 1
1554 1006 20 26 1 1
72 505 19 22 1 1
1300 796 20 26 1 1
817 163 17 21 1 1
665 236 17 21 1 1
377 899 14 17 1 1
473 909 14 17 1 1
487 780 14 17 1 1
1553 712 16 17 1 1
466 206 17 21 1 1
1591 668 16 17 1 1
770 307 17 21 1 1
411 477 19 22 1 1
1090 1044 20 26 1 1
215 670 14 17 1 1
685 335 17 21 1 1
811 190 17 21 1 1
1889 250 16 18 1 1
1371 667 16 17 1 1
856 236 17 21 1 1
1261 912 20 26 1 1
789 582 19 22 1 1
1761 705 16 17 1 1
250 424 19 22 1 1
996 256 17 21 1 1
85 961 14 17 1 1
55 744 14 17 1 1
1516 878 20 26 1 1
1068 442 19 22 1 1
398 941 14 17 1 1
1106 701 18 21 1 1
1640 630 16 17 1 1
957 186 17 21 1 1
28 403 19 22 1 1
139 698 14 17 1 1
95 981 14 17 1 1
229 232 17 21 1 1
302 938 14 17 1 1
1362 1002 20 26 1 1
1558 264 16 18 1 1
1149 295 17 21 1 1
570 162 17 21 1 1
1509 435 16 17 1 1
1348 148 17 21 1 1
506 163 17 21 1 1
1467 885 20 26 1 1
1322 475 16 17 1 1
595 401 19 22 1 1
325 128 17 21 1 1
579 512 19 22 1 1
972 402 19 22 1 1
685 230 17 21 1 1
390 437 19 22 1 1
1570 881 20 26 1 1
778 403 19 22 1 1
1093 365 17 21 1 1
94 293 17 21 1 1
1075 866 20 26 1 1
887 261 17 21 1 1
923 592 19 22 1 1
1820 821 20 26 1 1
826 587 19 22 1 1
1232 793 20 26 1 1
336 544 19 22 1 1
1083 184 17 21 1 1
961 1072 20 26 1 1
1847 630 16 17 1 1
534 478 19 22 1 1
1380 632 16 17 1 1
1295 865 20 26 1 1
1255 512 16 17 1 1
1640 854 20 26 1 1
186 303 17 21 1 1
895 406 19 22 1 1
1439 554 16 17 1 1
259 667 14 17 1 1
23 1062 14 17 1 1
909 438 19 22 1 1
1644 183 16 18 1 1
1218 1003 20 26 1 1
347 981 14 17 1 1
1369 480 16 17 1 1
1686 975 20 26 1 1
291 171 17 21 1 1
1107 634 16 18 1 1
165 739 14 17 1 1
930 364 17 21 1 1
1386 750 20 26 1 1
1553 1058 20 26 1 1
1231 1048 20 26 1 1
281 544 19 22 1 1
1333 789 20 26 1 1
629 480 19 22 1 1
1185 395 17 21 1 1
1909 391 16 18 1 1
1728 703 16 17 1 1
1069 743 20 26 1 1
878 188 17 21 1 1
1655 640 16 17 1 1
1483 961 20 26 1 1
1089 789 20 26 1 1
1551 288 16 18 1 1
1197 957 20 26 1 1
100 1067 14 17 1 1
856 400 19 22 1 1
67 590 19 22 1 1
67 621 19 22 1 1
1299 973 20 26 1 1
1699 884 20 26 1 1
1432 591 16 17 1 1
524 1023 14 17 1 1
328 585 19 22 1 1
1295 244 17 21 1 1
1429 636 16 17 1 1
1819 677 16 17 1 1
532 405 19 22 1 1
1194 556 16 17 1 1
240 441 19 22 1 1
795 946 14 17 1 1
43 887 14 17 1 1
1035 153 17 21 1 1
1466 590 16 17 1 1
927 402 19 22 1 1
1112 909 20 26 1 1
1073 290 17 21 1 1
261 627 19 22 1 1
144 620 19 22 1 1
854 272 17 21 1 1
1740 766 20 26 1 1
1297 221 17 21 1 1
1588 1011 20 26 1 1
325 516 19 22 1 1
1677 326 16 18 1 1
583 821 14 17 1 1
943 434 19 22 1 1
1691 244 16 18 1 1
100 885 14 17 1 1
1167 788 20 26 1 1
1535 789 20 26 1 1
1139 742 20 26 1 1
729 582 19 22 1 1
228 981 14 17 1 1
50 335 17 21 1 1
42 302 17 21 1 1
72 813 14 17 1 1
142 894 14 17 1 1
1285 712 16 17 1 1
539 622 19 22 1 1
780 438 19 22 1 1
586 703 14 17 1 1
422 777 14 17 1 1
444 739 14 17 1 1
469 858 14 17 1 1
600 478 19 22 1 1
1598 833 20 26 1 1
206 620 19 22 1 1
293 980 14 17 1 1
1162 603 16 17 1 1
1197 226 17 21 1 1
589 445 19 22 1 1
980 786 20 26 1 1
1578 975 20 26 1 1
1588 634 16 17 1 1
75 769 14 17 1 1
1054 1000 20 26 1 1
644 620 19 22 1 1
909 1038 20 26 1 1
303 817 14 17 1 1
537 783 14 17 1 1
1331 825 20 26 1 1
1369 404 16 17 1 1
98 933 14 17 1 1
1178 708 16 17 1 1
622 226 17 21 1 1
501 662 14 17 1 1
170 491 19 22 1 1
1464 404 16 18 1 1
113 621 19 22 1 1
1199 326 17 21 1 1
1404 1003 20 26 1 1
748 407 19 22 1 1
1414 400 16 18 1 1
199 783 14 17 1 1
1513 1070 20 26 1 1
445 415 19 22 1 1
471 475 19 22 1 1
936 857 20 26 1 1
1652 254 16 18 1 1
407 522 19 22 1 1
180 783 14 17 1 1
1781 471 16 17 1 1
472 620 19 22 1 1
1235 546 16 17 1 1
1501 750 20 26 1 1
1646 215 16 18 1 1
251 694 14 17 1 1
210 888 14 17 1 1
558 403 19 22 1 1
469 781 14 17 1 1
513 439 19 22 1 1
1464 704 16 17 1 1
1149 828 20 26 1 1
39 696 14 17 1 1
1820 802 20 26 1 1
1407 219 17 21 1 1
992 476 19 22 1 1
887 508 19 22 1 1
1336 1003 20 26 1 1
507 235 17 21 1 1
1845 801 20 26 1 1
371 704 14 17 1 1
1561 365 16 18 1 1
344 490 19 22 1 1
446 936 14 17 1 1
344 736 14 17 1 1
96 552 19 22 1 1
1155 666 16 17 1 1
1606 589 16 17 1 1
1582 395 16 18 1 1
1139 871 20 26 1 1
988 867 20 26 1 1
1800 752 20 26 1 1
395 618 19 22 1 1
977 907 20 26 1 1
774 160 17 21 1 1
282 379 19 22 1 1
264 586 19 22 1 1
1891 809 20 26 1 1
895 869 20 26 1 1
1800 102 16 18 1 1
1916 168 16 18 1 1
1678 793 20 26 1 1
608 374 18 21 1 1
161 626 19 22 1 1
1525 633 16 17 1 1
1753 406 16 18 1 1
1246 1007 20 26 1 1
1911 329 16 18 1 1
1852 724 16 17 1 1
297 620 19 22 1 1
1495 466 16 17 1 1
629 313 17 21 1 1
629 954 14 17 1 1
38 806 14 17 1 1
385 821 14 17 1 1
1801 646 16 17 1 1
387 1032 14 17 1 1
1598 361 16 18 1 1
1906 356 16 18 1 1
931 1038 20 26 1 1
364 857 14 17 1 1
742 327 17 21 1 1
1577 550 16 17 1 1
1740 835 20 26 1 1
89 662 14 17 1 1
1203 914 20 26 1 1
1021 999 20 26 1 1
1246 626 16 17 1 1
408 620 19 22 1 1
160 540 19 22 1 1
1749 473 16 17 1 1
891 993 20 26 1 1
480 168 17 21 1 1
1705 634 16 17 1 1
950 288 17 21 1 1
66 901 14 17 1 1
1083 825 20 26 1 1
1411 510 16 17 1 1
1274 546 16 17 1 1
1441 668 16 17 1 1
1206 867 20 26 1 1
935 825 20 26 1 1
1251 252 17 21 1 1
1256 1050 20 26 1 1
252 548 19 22 1 1
1751 435 16 17 1 1
1348 914 20 26 1 1
1180 840 20 26 1 1
977 828 20 26 1 1
1173 632 16 17 1 1
44 575 19 22 1 1
1487 146 16 18 1 1
1599 290 16 18 1 1
188 437 19 22 1 1
446 437 19 22 1 1
1773 845 20 26 1 1
1345 404 16 17 1 1
1877 404 16 18 1 1
1079 769 20 26 1 1
3 1017 14 17 1 1
821 231 17 21 1 1
1715 438 16 17 1 1
218 859 14 17 1 1
160 282 17 21 1 1
1518 838 20 26 1 1
129 736 14 17 1 1
600 660 14 17 1 1
57 852 14 17 1 1
247 172 17 21 1 1
420 510 19 22 1 1
198 479 19 22 1 1
336 939 14 17 1 1
689 1029 14 17 1 1
77 337 17 21 1 1
567 273 17 21 1 1
509 624 19 22 1 1
494 506 19 22 1 1
369 511 19 22 1 1
1572 594 16 17 1 1
1206 632 16 17 1 1
1754 288 16 18 1 1
1231 704 16 17 1 1
402 299 17 21 1 1
1129 1046 20 26 1 1
1353 1045 20 26 1 1
292 738 14 17 1 1
1547 427 16 17 1 1
137 819 14 17 1 1
1214 757 20 26 1 1
1389 152 17 21 1 1
1085 399 19 22 1 1
1115 835 20 26 1 1
1010 507 19 22 1 1
1737 356 16 18 1 1
1906 549 16 17 1 1
707 333 17 21 1 1
1658 250 16 18 1 1
1908 109 16 18 1 1
1097 338 17 21 1 1
1901 757 19 23 1 1
1406 429 16 17 1 1
1748 630 16 17 1 1
14 780 14 17 1 1
1189 666 16 17 1 1
1869 1063 20 26 1 1
959 256 17 21 1 1
1040 869 20 26 1 1
761 368 18 21 1 1
1556 924 20 26 1 1
1363 741 20 26 1 1
1740 674 16 17 1 1
1540 753 20 26 1 1
1692 674 16 17 1 1
1219 151 17 21 1 1
725 662 14 17 1 1
833 197 17 21 1 1
1772 108 16 18 1 1
448 696 14 17 1 1
1380 959 20 26 1 1
1450 149 16 18 1 1
84 1031 14 17 1 1
371 628 19 22 1 1
1280 511 16 17 1 1
1685 874 20 26 1 1
1386 1050 20 26 1 1
1027 478 19 22 1 1
379 737 14 17 1 1
437 625 19 22 1 1
171 698 14 17 1 1
983 291 17 21 1 1
1423 186 16 18 1 1
1427 367 16 18 1 1
252 775 14 17 1 1
1171 325 17 21 1 1
610 550 19 22 1 1
1474 318 16 18 1 1
1250 870 20 26 1 1
1716 766 20 26 1 1
9 632 15 18 1 1
1259 475 16 17 1 1
1606 792 20 26 1 1
1428 747 20 26 1 1
1207 192 17 21 1 1
1558 964 20 26 1 1
359 324 17 21 1 1
6 810 14 17 1 1
774 656 14 17 1 1
70 1016 14 17 1 1
436 1035 14 17 1 1
235 823 14 17 1 1
543 698 14 17 1 1
1500 318 16 18 1 1
765 231 17 21 1 1
328 982 14 17 1 1
117 545 19 22 1 1
1705 137 16 18 1 1
1799 396 16 18 1 1
1153 706 16 17 1 1
664 133 17 21 1 1
1101 1009 20 26 1 1
296 509 19 22 1 1
261 901 14 17 1 1
1525 469 16 17 1 1
1479 840 20 26 1 1
491 372 18 21 1 1
1037 1029 20 26 1 1
1747 894 20 26 1 1
643 373 18 21 1 1
129 848 14 17 1 1
1065 360 17 21 1 1
1412 473 16 17 1 1
659 401 19 22 1 1
692 588 19 22 1 1
1507 629 16 17 1 1
488 437 19 22 1 1
1115 187 17 21 1 1
1485 504 16 17 1 1
429 854 14 17 1 1
1287 748 20 26 1 1
1368 439 16 17 1 1
1657 888 20 26 1 1
1268 185 17 21 1 1
1176 972 20 26 1 1
1035 188 17 21 1 1
1231 666 16 17 1 1
310 343 17 21 1 1
31 929 14 17 1 1
550 226 17 21 1 1
1791 284 16 18 1 1
66 692 14 17 1 1
841 412 19 22 1 1
1325 957 20 26 1 1
812 440 19 22 1 1
397 865 14 17 1 1
1321 252 17 21 1 1
123 472 19 22 1 1
448 236 17 21 1 1
619 1074 14 17 1 1
1320 708 16 17 1 1
1421 151 16 18 1 1
1025 261 17 21 1 1
1199 1048 20 26 1 1
1851 510 16 17 1 1
347 776 14 17 1 1
1497 678 16 17 1 1
477 560 19 22 1 1
1335 673 16 17 1 1
157 297 17 21 1 1
1553 674 16 17 1 1
686 404 19 22 1 1
458 660 14 17 1 1
1125 590 19 22 1 1
22 542 19 22 1 1
437 560 19 22 1 1
266 854 14 17 1 1
349 580 19 22 1 1
734 361 17 21 1 1
911 474 19 22 1 1
546 949 14 17 1 1
0 663 15 18 1 1
1208 707 16 17 1 1
1905 590 16 17 1 1
746 271 17 21 1 1
1746 803 20 26 1 1
591 1076 14 17 1 1
59 933 14 17 1 1
1649 552 16 17 1 1
513 592 19 22 1 1
1550 631 16 17 1 1
1482 438 16 17 1 1
782 272 17 21 1 1
1253 588 16 17 1 1
604 295 17 21 1 1
317 692 14 17 1 1
1305 515 16 17 1 1
91 853 14 17 1 1
1627 358 16 18 1 1
518 333 17 21 1 1
1311 187 17 21 1 1
1657 141 16 18 1 1
1433 710 16 17 1 1
111 517 19 22 1 1
1693 833 20 26 1 1
184 860 14 17 1 1
