4789 1123 93 90 1 0
2756 519 89 73 1 0
1114 853 89 73 1 0
684 365 54 61 1 0
4422 266 54 61 1 0
1356 206 54 61 1 0
1312 1118 93 90 1 0
666 26 49 58 1 0
1314 1024 93 90 1 0
886 243 54 61 1 0
1454 1048 93 90 1 0
4729 139 54 61 1 0
4875 548 89 73 1 0
1715 1708 113 101 1 0
1375 140 54 61 1 0
1602 13 49 58 1 0
1576 1280 99 119 1 0
5189 1191 93 90 1 0
3305 401 54 61 1 0
3741 275 54 61 1 0
4380 546 89 73 2 0
4751 217 54 61 2 0
1809 269 54 61 1 0
1847 641 89 73 1 0
5050 1411 99 119 1 0
3897 567 89 73 1 0
4832 496 89 73 1 0
142 726 89 73 1 0
1132 359 54 61 1 0
5011 81 48 58 1 0
2833 2230 192 276 1 1
2851 508 89 73 2 0
158 359 54 61 1 0
2347 2484 167 187 1 1
4393 1007 93 90 1 0
4345 506 89 73 1 0
1700 616 89 73 1 0
664 408 54 61 1 0
4842 326 54 61 1 0
2154 943 93 90 1 0
2698 498 89 73 1 0
4011 105 48 58 1 0
1769 1245 99 119 1 0
4795 1388 99 119 1 0
4639 1112 93 90 1 0
844 422 54 61 1 0
3079 1324 99 119 1 0
3881 179 54 61 2 0
4151 604 89 73 2 0
4965 955 93 90 1 0
4717 615 89 73 1 0
2013 1890 113 101 1 0
3880 163 54 61 2 0
2029 2324 192 276 2 1
1572 953 93 90 2 0
3259 96 48 58 1 0
1311 453 54 61 1 0
1661 457 54 61 1 0
2457 2354 192 276 1 1
2692 1250 99 119 1 0
367 154 54 61 1 0
1545 936 93 90 2 0
4774 1243 99 119 1 0
1876 596 89 73 1 0
1772 166 54 61 1 0
758 477 54 61 1 0
4188 166 54 61 1 0
4327 445 54 61 1 0
829 1455 99 119 1 0
3957 335 54 61 1 0
3637 80 48 58 1 0
2979 370 54 61 1 0
5390 1311 99 119 1 0
712 760 89 73 1 0
1405 535 89 73 2 0
2485 130 48 58 1 0
5965 2041 99 119 1 1
2029 2257 192 276 2 1
4548 197 54 61 1 0
520 136 54 61 2 0
2767 175 54 61 1 0
361 591 89 73 1 0
2469 49 49 58 1 0
778 68 48 58 1 0
3774 40 51 59 1 0
3723 117 48 58 1 0
3436 323 54 61 1 0
4093 358 54 61 1 0
2074 152 54 61 1 0
4912 1307 99 119 1 0
103 147 54 61 1 0
1001 1284 99 119 1 0
4697 757 89 73 2 0
470 385 54 61 1 0
293 803 89 73 2 0
5072 1091 93 90 1 0
3416 146 54 61 1 0
2398 824 89 73 1 0
1934 1860 113 101 2 0
4644 1387 99 119 1 0
1107 258 54 61 2 0
2843 1217 99 119 2 0
1457 699 89 73 1 0
3365 104 48 58 1 0
4764 817 89 73 1 0
657 1079 93 90 1 0
2739 322 54 61 1 0
2207 1456 99 119 1 0
4940 2236 99 119 1 1
861 1328 99 119 2 0
3222 499 89 73 1 0
3989 426 54 61 1 0
4845 46 51 59 1 0
652 494 89 73 1 0
1318 106 48 58 1 0
814 1201 93 90 2 0
3928 156 54 61 1 0
1449 412 54 61 1 0
214 853 89 73 1 0
1280 711 89 73 1 0
414 369 54 61 1 0
5536 1527 99 119 1 0
2949 1725 113 101 1 0
5595 1780 99 119 1 0
4631 656 89 73 1 0
2997 1480 99 119 2 0
3618 473 54 61 1 0
526 1036 93 90 1 0
4582 79 48 58 1 0
2678 360 54 61 1 0
1767 235 54 61 1 0
784 770 89 73 1 0
445 2306 192 276 1 1
207 258 54 61 1 0
12 1262 94 97 1 0
909 776 89 73 1 0
4298 87 48 58 1 0
46 1737 113 101 1 0
3519 186 54 61 1 0
2228 2179 192 276 2 1
480 873 93 90 2 0
3081 225 54 61 1 0
288 2502 167 187 1 1
2049 386 54 61 1 0
4922 520 89 73 1 0
4018 364 54 61 1 0
1423 396 54 61 1 0
1446 476 54 61 1 0
3123 2303 159 187 1 1
3558 1392 99 119 2 0
1960 2453 167 187 1 1
1053 1826 113 101 1 0
818 16 48 58 1 0
4494 1022 93 90 1 0
5176 814 89 73 1 0
2986 1135 93 90 2 0
3616 669 89 73 2 0
2854 565 89 73 2 0
2349 1200 93 90 1 0
4926 1044 93 90 1 0
1094 931 93 90 1 0
1182 1195 93 90 1 0
2432 1407 99 119 1 0
4084 526 89 73 1 0
5256 948 93 90 1 0
4328 232 54 61 1 0
62 294 54 61 1 0
4179 461 54 61 1 0
2428 728 89 73 1 0
5188 723 89 73 1 0
2851 1145 93 90 1 0
3126 1022 93 90 1 0
4558 952 93 90 1 0
2652 532 89 73 1 0
4544 261 54 61 1 0
1117 516 89 73 1 0
3253 456 54 61 1 0
2842 370 54 61 1 0
4944 761 89 73 1 0
2986 487 54 61 1 0
2020 488 54 61 1 0
2035 262 54 61 1 0
2034 1661 113 101 1 0
5136 684 89 73 1 0
3520 348 54 61 1 0
3329 2271 146 166 1 1
5606 1882 99 119 1 0
5641 2174 99 119 1 1
1238 1053 93 90 1 0
4122 217 54 61 1 0
4724 947 93 90 2 0
1727 338 54 61 1 0
4745 372 54 61 1 0
1325 525 89 73 2 0
1174 318 54 61 1 0
91 1142 93 90 2 0
1627 696 89 73 1 0
909 1013 93 90 1 0
322 626 89 73 1 0
1329 370 54 61 1 0
1500 1072 93 90 1 0
1639 526 89 73 1 0
4572 42 51 59 2 0
4672 810 89 73 1 0
5476 1466 99 119 1 0
260 988 93 90 1 0
4440 382 54 61 1 0
1990 57 48 58 1 0
1258 344 54 61 2 0
1958 1612 113 101 1 0
2325 626 89 73 1 0
5195 537 89 73 1 0
2474 2780 167 187 1 1
2186 1239 99 119 2 0
2190 131 48 58 1 0
4365 341 54 61 1 0
377 629 89 73 2 0
2873 85 48 58 1 0
4947 830 89 73 1 0
3806 664 89 73 2 0
3470 1334 99 119 2 0
4657 698 89 73 2 0
1737 113 48 58 1 0
555 688 89 73 1 0
1307 872 89 73 1 0
4040 584 89 73 2 0
4872 889 93 90 1 0
5014 1515 99 119 1 0
3514 1304 99 119 2 0
103 1456 99 119 1 0
3197 338 54 61 1 0
1025 2144 192 276 1 1
4215 475 54 61 2 0
3107 1268 99 119 1 0
4651 882 93 90 1 0
1976 1305 99 119 2 0
1969 168 54 61 1 0
2612 1505 99 119 1 0
2474 943 93 90 1 0
1665 40 51 59 1 0
1158 1078 93 90 1 0
2217 1002 93 90 1 0
1365 754 89 73 1 0
510 60 48 58 1 0
897 2422 192 276 1 1
235 760 89 73 1 0
4147 333 54 61 1 0
2919 942 93 90 1 0
4634 261 54 61 1 0
4271 451 54 61 2 0
1333 289 54 61 1 0
2493 277 54 61 1 0
1788 1412 99 119 1 0
3737 147 54 61 1 0
1474 209 54 61 2 0
4464 57 48 58 1 0
2874 1855 113 101 1 0
2404 87 48 58 1 0
727 391 54 61 1 0
4854 996 93 90 2 0
5320 1126 93 90 1 0
2618 737 89 73 2 0
2095 122 48 58 1 0
2901 136 54 61 1 0
4507 15 48 58 1 0
2133 318 54 61 1 0
407 297 54 61 1 0
569 586 89 73 1 0
2264 74 48 58 1 0
241 147 54 61 1 0
3962 556 89 73 1 0
3138 573 89 73 1 0
1833 489 54 61 1 0
1452 352 54 61 1 0
3428 106 48 58 1 0
2255 692 89 73 1 0
3564 524 89 73 1 0
4921 1184 93 90 1 0
72 898 93 90 1 0
549 1175 93 90 1 0
521 366 54 61 1 0
3666 567 89 73 1 0
1116 1047 93 90 1 0
2636 1130 93 90 2 0
3850 408 54 61 1 0
331 860 89 73 1 0
1211 829 89 73 1 0
4101 420 54 61 1 0
3061 280 54 61 1 0
5860 2392 99 119 1 1
552 1510 99 119 1 0
4331 612 89 73 1 0
517 568 89 73 1 0
3684 680 89 73 1 0
4844 251 54 61 1 0
3146 271 54 61 1 0
3148 405 54 61 1 0
3093 175 54 61 1 0
2546 770 89 73 2 0
615 1560 99 119 1 0
4989 1145 93 90 1 0
2491 534 89 73 2 0
2972 662 89 73 2 0
2690 826 89 73 2 0
4302 381 54 61 1 0
147 811 89 73 1 0
3912 743 89 73 2 0
5852 1425 99 119 1 0
1054 1015 93 90 1 0
4685 221 54 61 1 0
600 522 89 73 1 0
4404 733 89 73 1 0
4281 481 54 61 2 0
4707 420 54 61 1 0
1230 354 54 61 2 0
2765 1195 93 90 1 0
3509 1940 106 110 1 0
4837 620 89 73 1 0
308 777 89 73 2 0
1244 1866 113 101 1 0
2956 1641 113 101 2 0
1546 1565 99 119 1 0
724 70 48 58 1 0
2728 1022 93 90 1 0
4522 367 54 61 1 0
796 659 89 73 1 0
1871 776 89 73 1 0
4827 1027 93 90 2 0
473 204 54 61 1 0
1605 252 54 61 1 0
4008 242 54 61 1 0
1028 59 48 58 1 0
724 661 89 73 1 0
4778 530 89 73 1 0
853 313 54 61 1 0
1888 472 54 61 1 0
1465 244 54 61 1 0
4890 1410 99 119 1 0
1877 1256 99 119 1 0
1756 203 54 61 1 0
3537 1342 99 119 2 0
2113 1679 113 101 1 0
366 1217 99 119 1 0
4122 114 48 58 1 0
1372 1182 93 90 1 0
3793 706 89 73 1 0
4592 142 54 61 1 0
3856 768 89 73 2 0
4120 271 54 61 1 0
816 1150 93 90 2 0
5715 1808 99 119 2 0
1395 96 48 58 2 0
2267 566 89 73 1 0
5185 1582 99 119 1 0
3983 908 93 90 1 0
3810 98 48 58 1 0
3622 664 89 73 2 0
5715 1874 99 119 2 0
337 236 54 61 1 0
2995 651 89 73 2 0
2802 1249 99 119 2 0
5949 2677 99 119 1 1
375 1146 93 90 1 0
3844 945 93 90 1 0
548 173 54 61 1 0
3688 170 54 61 1 0
5322 1699 99 119 1 0
1886 1016 93 90 1 0
2521 75 48 58 1 0
2768 1330 99 119 1 0
3154 2568 179 231 1 1
284 924 93 90 1 0
1377 1614 113 101 1 0
132 460 54 61 1 0
2775 1406 99 119 1 0
4704 840 89 73 1 0
458 601 89 73 1 0
1909 265 54 61 1 0
3936 882 93 90 1 0
5769 1231 99 119 1 0
3516 1745 99 119 1 0
2872 1234 99 119 2 0
479 161 54 61 1 0
1675 427 54 61 1 0
2607 1154 93 90 2 0
2580 609 89 73 1 0
1494 24 49 58 1 0
2804 497 89 73 2 0
277 685 89 73 1 0
1523 630 89 73 1 0
3578 159 54 61 1 0
1354 403 54 61 1 0
2094 243 54 61 1 0
821 187 54 61 1 0
1556 1381 99 119 1 0
3776 336 54 61 1 0
384 430 54 61 1 0
1041 1644 113 101 1 0
2972 280 54 61 1 0
5649 1644 99 119 1 0
2442 599 89 73 2 0
1501 823 89 73 1 0
1211 1958 192 276 1 0
1038 918 93 90 1 0
1686 977 93 90 1 0
681 1441 99 119 1 0
809 393 54 61 1 0
3228 1397 99 119 2 0
1685 846 89 73 1 0
2045 571 89 73 1 0
4913 612 89 73 1 0
4982 708 89 73 1 0
2741 448 54 61 1 0
282 461 54 61 1 0
1564 1062 93 90 1 0
4260 35 49 58 1 0
777 434 54 61 1 0
5737 1050 93 90 1 0
1671 204 54 61 1 0
685 310 54 61 1 0
3212 853 89 73 1 0
682 1340 99 119 1 0
712 606 89 73 1 0
571 409 54 61 1 0
3044 703 89 73 1 0
87 547 89 73 1 0
294 2203 192 276 1 1
3040 912 93 90 1 0
3801 292 54 61 1 0
4749 186 54 61 2 0
530 223 54 61 1 0
1725 280 54 61 1 0
244 889 93 90 1 0
439 72 48 58 1 0
1513 366 54 61 1 0
823 115 48 58 1 0
3968 167 54 61 1 0
4403 55 48 58 1 0
4757 76 48 58 1 0
1708 907 93 90 1 0
1567 270 54 61 1 0
5692 1574 99 119 1 0
504 838 89 73 2 0
863 72 48 58 1 0
2435 986 93 90 1 0
4951 565 89 73 1 0
287 362 54 61 1 0
3070 456 54 61 1 0
4211 89 48 58 1 0
1642 152 54 61 1 0
3205 764 89 73 1 0
1934 365 54 61 1 0
683 2402 192 276 1 1
1930 1472 99 119 1 0
1373 817 89 73 1 0
4528 552 89 73 1 0
2202 536 89 73 2 0
831 1074 93 90 2 0
1575 454 54 61 1 0
3707 545 89 73 1 0
2667 738 89 73 2 0
597 1009 93 90 1 0
2188 1730 113 101 1 0
3296 643 89 73 1 0
3959 402 54 61 1 0
2973 2777 167 187 1 1
1743 2378 192 276 1 1
1241 575 89 73 1 0
4055 167 54 61 1 0
2077 1400 99 119 1 0
1853 541 89 73 1 0
2521 1807 113 101 1 0
1555 1644 113 101 1 0
83 1049 93 90 2 0
4607 462 54 61 1 0
1954 1944 192 276 1 0
3008 591 89 73 1 0
2487 1017 93 90 1 0
387 770 89 73 1 0
3861 1105 93 90 1 0
458 453 54 61 1 0
4466 351 54 61 1 0
3217 250 54 61 2 0
708 1007 93 90 2 0
4497 231 54 61 2 0
3852 541 89 73 1 0
1790 81 48 58 1 0
405 883 93 90 1 0
1451 193 54 61 2 0
4617 91 48 58 1 0
4721 554 89 73 1 0
579 2002 192 276 1 1
1627 2486 167 187 1 1
5000 866 89 73 1 0
3858 204 54 61 2 0
4527 48 49 58 1 0
908 24 48 58 1 0
4055 1023 93 90 1 0
753 570 89 73 1 0
4002 957 93 90 1 0
4998 2470 99 119 1 1
2334 140 54 61 1 0
4701 511 89 73 1 0
2479 1129 93 90 1 0
2526 452 54 61 1 0
2828 128 48 58 1 0
369 2079 192 276 1 1
3767 250 54 61 1 0
4296 205 54 61 1 0
145 1057 93 90 1 0
2962 218 54 61 1 0
3247 903 93 90 1 0
411 2586 167 187 1 1
4242 200 54 61 1 0
4161 393 54 61 2 0
2452 473 54 61 1 0
4465 933 93 90 1 0
1273 1744 113 101 1 0
957 2660 167 187 1 1
4499 402 54 61 1 0
341 299 54 61 1 0
1702 516 89 73 1 0
676 643 89 73 1 0
3316 569 89 73 1 0
1412 80 48 58 2 0
541 1671 113 101 1 0
4807 737 89 73 2 0
3485 562 89 73 1 0
14 2544 179 231 1 0
2244 631 89 73 1 0
3161 363 54 61 1 0
4785 1001 93 90 1 0
3129 437 54 61 1 0
1387 260 54 61 1 0
3948 18 52 60 1 0
682 553 89 73 1 0
513 2463 167 187 1 1
2588 341 54 61 1 0
3391 287 54 61 1 0
3241 1341 99 119 2 0
1674 672 89 73 1 0
3594 788 89 73 1 0
4716 980 93 90 2 0
600 333 54 61 1 0
2863 171 54 61 2 0
1365 534 89 73 2 0
5684 2022 99 119 1 1
3208 220 54 61 2 0
1443 808 89 73 1 0
4667 730 89 73 2 0
2619 313 54 61 1 0
570 645 89 73 1 0
1838 1751 113 101 1 0
2573 1421 99 119 1 0
598 864 89 73 2 0
3010 1204 93 90 1 0
879 1279 99 119 2 0
748 1255 99 119 1 0
5285 856 89 73 1 0
3671 331 54 61 1 0
3381 452 54 61 1 0
4501 81 48 58 1 0
2303 1090 93 90 2 0
1381 496 89 73 1 0
3895 425 54 61 1 0
3553 614 89 73 1 0
2319 545 89 73 1 0
1811 339 54 61 1 0
4848 726 89 73 2 0
633 455 54 61 1 0
836 598 89 73 1 0
5885 1075 93 90 1 0
882 492 89 73 1 0
2421 1119 93 90 1 0
164 231 54 61 1 0
1028 335 54 61 1 0
3171 702 89 73 1 0
3441 190 54 61 1 0
5847 1135 93 90 1 0
2306 494 89 73 1 0
574 477 54 61 1 0
796 267 54 61 1 0
5946 1412 99 119 2 0
723 485 54 61 1 0
1150 413 54 61 1 0
1781 387 54 61 1 0
4148 25 49 58 1 0
3062 1097 93 90 1 0
4920 1921 99 119 1 0
5142 564 89 73 1 0
4748 918 93 90 2 0
4507 121 48 58 1 0
1212 633 89 73 1 0
3722 363 54 61 1 0
3021 314 54 61 1 0
3015 1140 93 90 2 0
1755 1345 99 119 1 0
3874 496 89 73 2 0
4817 563 89 73 1 0
3750 897 93 90 1 0
4901 1726 99 119 1 0
2493 740 89 73 1 0
4576 292 54 61 1 0
1652 338 54 61 1 0
1408 158 54 61 1 0
4406 1084 93 90 1 0
2195 1298 99 119 2 0
309 100 48 58 1 0
1337 1824 113 101 1 0
4542 683 89 73 1 0
2546 779 89 73 2 0
622 21 48 58 1 0
1946 219 54 61 1 0
3528 1624 99 119 1 0
4201 579 89 73 1 0
511 522 89 73 1 0
118 1103 93 90 2 0
498 1088 93 90 1 0
4834 450 54 61 1 0
733 1709 113 101 1 0
2513 412 54 61 1 0
2706 810 89 73 2 0
5965 1535 99 119 1 0
3630 173 54 61 1 0
5060 928 93 90 1 0
633 154 54 61 1 0
5532 1617 99 119 1 0
1198 72 48 58 1 0
1276 1505 99 119 1 0
5199 1460 99 119 1 0
4717 249 54 61 1 0
4198 875 239 309 1 1
442 656 89 73 1 0
931 573 89 73 1 0
4160 491 54 61 1 0
1008 493 89 73 1 0
1737 834 89 73 1 0
1166 618 89 73 1 0
4495 592 89 73 1 0
2926 109 48 58 1 0
612 244 54 61 1 0
4555 403 54 61 1 0
5266 620 89 73 1 0
229 456 54 61 1 0
2809 561 89 73 2 0
4597 419 54 61 1 0
2907 1350 99 119 2 0
4320 336 54 61 1 0
204 327 54 61 1 0
3169 1714 106 110 1 0
2984 1667 113 101 2 0
4589 625 89 73 1 0
5185 1800 99 119 1 0
2728 214 54 61 1 0
742 1167 93 90 1 0
1945 53 48 58 1 0
3226 1062 93 90 1 0
4545 1227 99 119 1 0
3183 945 93 90 1 0
2015 2655 167 187 1 1
586 1400 99 119 1 0
3223 137 54 61 2 0
3687 637 89 73 1 0
3012 142 54 61 1 0
2038 702 89 73 1 0
470 277 54 61 1 0
4426 18 49 58 1 0
28 178 51 59 1 0
5875 1667 99 119 1 0
2133 1322 99 119 1 0
2689 94 48 58 1 0
957 384 54 61 1 0
2325 1282 99 119 1 0
1832 2271 192 276 2 1
5761 1143 93 90 1 0
2149 361 54 61 1 0
552 121 48 58 1 0
797 1072 93 90 2 0
3483 1254 99 119 1 0
3651 1012 93 90 1 0
1248 960 93 90 1 0
5155 642 89 73 1 0
955 98 48 58 1 0
1301 606 89 73 2 0
4821 13 51 59 1 0
156 158 54 61 1 0
3241 692 89 73 1 0
4003 613 89 73 1 0
5898 1461 99 119 1 0
2259 1292 99 119 1 0
2979 1054 93 90 2 0
1470 977 93 90 1 0
828 812 89 73 1 0
162 1700 113 101 1 0
2241 1879 113 101 1 0
3956 490 54 61 1 0
2051 932 93 90 2 0
37 1532 99 119 1 0
82 408 54 61 1 0
1147 942 93 90 1 0
1603 777 89 73 1 0
1958 654 89 73 1 0
17 787 90 77 1 0
1679 1433 99 119 1 0
3858 443 54 61 1 0
2289 1048 93 90 2 0
1988 296 54 61 1 0
119 240 54 61 1 0
1320 238 54 61 1 0
2007 1269 99 119 2 0
2384 126 48 58 1 0
5126 320 54 61 1 0
1655 295 54 61 1 0
3908 675 89 73 1 0
2226 514 89 73 2 0
4582 17 49 58 2 0
1627 80 48 58 1 0
3615 713 89 73 1 0
1339 598 89 73 2 0
2530 880 93 90 1 0
164 1521 99 119 1 0
2976 850 89 73 1 0
3722 403 54 61 1 0
3518 643 89 73 1 0
35 78 48 58 1 0
2489 602 89 73 2 0
844 260 54 61 1 0
1843 296 54 61 1 0
2408 645 89 73 1 0
3776 796 89 73 1 0
2021 429 54 61 1 0
4504 239 54 61 2 0
3333 118 48 58 1 0
3407 1632 99 119 1 0
1258 2319 192 276 1 1
3329 2568 166 210 1 1
3326 339 54 61 1 0
498 774 89 73 1 0
443 241 54 61 1 0
1319 659 89 73 1 0
2648 238 54 61 1 0
521 106 48 58 2 0
3702 50 49 58 2 0
5521 1341 99 119 1 0
3110 675 89 73 1 0
2903 1043 93 90 1 0
2029 28 51 59 1 0
3783 178 54 61 1 0
1135 230 54 61 1 0
3241 1256 99 119 1 0
1527 203 54 61 1 0
2001 1312 99 119 2 0
3574 221 54 61 1 0
3432 387 54 61 1 0
2735 775 89 73 1 0
3849 626 89 73 1 0
2603 880 93 90 1 0
52 224 48 58 1 0
2232 74 48 58 1 0
341 443 54 61 1 0
3767 652 89 73 2 0
2559 947 93 90 1 0
693 1760 113 101 1 0
3196 1111 93 90 1 0
4662 547 89 73 2 0
4349 177 54 61 1 0
1045 767 89 73 1 0
2631 788 89 73 1 0
4420 544 89 73 2 0
4503 890 93 90 1 0
2709 125 48 58 2 0
950 866 89 73 1 0
2384 224 54 61 2 0
517 461 54 61 1 0
1536 1144 93 90 1 0
3631 609 89 73 1 0
3970 271 54 61 1 0
4033 193 54 61 1 0
5965 1866 99 119 1 0
2189 595 89 73 1 0
3882 234 54 61 1 0
192 159 54 61 1 0
2033 1184 93 90 1 0
2169 223 54 61 1 0
1701 254 54 61 1 0
1283 1412 99 119 1 0
2451 205 54 61 1 0
2904 1099 93 90 1 0
3875 1021 93 90 1 0
4083 230 54 61 1 0
3842 207 54 61 2 0
4547 458 54 61 1 0
966 2274 192 276 1 1
3882 365 54 61 1 0
2764 1691 113 101 1 0
4547 141 54 61 1 0
1269 229 54 61 1 0
1454 1171 93 90 1 0
724 429 54 61 1 0
1057 402 54 61 1 0
648 217 54 61 1 0
4722 1331 99 119 1 0
3788 484 54 61 1 0
63 2370 192 276 1 1
960 1712 113 101 1 0
3633 532 89 73 1 0
2041 192 54 61 1 0
280 1124 93 90 1 0
2927 1261 99 119 1 0
3337 160 54 61 1 0
1609 371 54 61 1 0
5007 1002 93 90 1 0
1627 478 54 61 1 0
4084 320 54 61 1 0
3934 1126 93 90 1 0
2269 445 54 61 1 0
5419 2603 99 119 1 1
5767 1386 99 119 1 0
5649 1242 99 119 1 0
366 1004 93 90 1 0
151 516 89 73 1 0
2717 1391 99 119 1 0
4783 633 89 73 1 0
771 1001 93 90 1 0
1509 725 89 73 1 0
3148 176 54 61 1 0
935 530 89 73 1 0
2377 204 54 61 2 0
997 438 54 61 1 0
3408 205 54 61 1 0
2519 1974 192 276 1 1
2242 128 48 58 1 0
656 72 48 58 1 0
1093 695 89 73 1 0
5370 1485 99 119 1 0
70 65 48 58 1 0
3171 507 89 73 2 0
1738 1478 99 119 1 0
4367 393 54 61 1 0
1164 766 89 73 1 0
2111 1113 93 90 1 0
3118 902 93 90 1 0
2081 997 93 90 1 0
1948 1820 113 101 2 0
771 1381 99 119 1 0
3177 529 89 73 2 0
3246 281 54 61 1 0
1370 74 48 58 1 0
2293 98 48 58 1 0
3062 1005 93 90 1 0
5348 675 89 73 1 0
4580 536 89 73 2 0
1274 273 54 61 1 0
2245 746 89 73 1 0
3545 857 89 73 1 0
1436 1889 113 101 1 0
3255 136 54 61 2 0
1734 37 49 58 1 0
1788 639 89 73 1 0
884 1409 99 119 1 0
2141 51 49 58 1 0
4312 663 89 73 1 1
5544 1219 99 119 1 0
4722 709 89 73 1 0
2117 794 89 73 1 0
3790 1044 93 90 1 0
617 1288 99 119 1 0
3303 206 54 61 2 0
1190 143 54 61 1 0
3545 1480 99 119 1 0
3706 59 48 58 2 0
2280 129 48 58 1 0
5 1100 93 90 1 0
950 324 54 61 1 0
144 665 89 73 1 0
2685 2303 192 276 1 1
1402 551 89 73 2 0
2210 2063 192 276 2 1
3867 738 89 73 2 0
3178 465 54 61 1 0
562 766 89 73 1 0
1122 1354 99 119 1 0
167 888 93 90 1 0
1159 677 89 73 1 0
5165 919 93 90 1 0
4066 646 89 73 1 0
3675 234 54 61 1 0
4180 294 54 61 1 0
3087 765 89 73 1 0
365 360 54 61 1 0
4658 325 54 61 1 0
1212 1559 99 119 1 0
3328 280 54 61 1 0
2998 1052 93 90 2 0
2660 169 54 61 1 0
2188 68 48 58 1 0
648 1919 113 101 1 0
3359 186 54 61 1 0
3539 727 89 73 1 0
20 116 51 59 1 0
4983 59 48 58 1 0
1938 813 89 73 1 0
399 555 89 73 1 0
667 119 48 58 1 0
3839 486 54 61 2 0
2921 503 89 73 1 0
5971 1443 99 119 2 0
888 895 93 90 1 0
700 1052 93 90 2 0
1198 378 54 61 1 0
809 327 54 61 1 0
3111 2041 132 144 1 1
3748 490 54 61 1 0
3115 1547 106 110 1 0
1453 146 54 61 1 0
2688 2709 167 187 1 1
4022 553 89 73 2 0
4183 412 54 61 2 0
2189 15 48 58 1 0
2521 1730 113 101 1 0
4110 593 89 73 2 0
5062 827 89 73 1 0
1852 2157 192 276 2 1
2949 562 89 73 1 0
5567 2299 99 119 1 1
2847 192 54 61 2 0
4035 263 54 61 1 0
2985 126 48 58 1 0
1422 119 48 58 1 0
3256 1013 93 90 1 0
4856 760 89 73 2 0
4218 443 54 61 2 0
2802 921 93 90 1 0
2760 84 48 58 1 0
2219 889 93 90 1 0
3474 351 54 61 1 0
2253 957 93 90 1 0
5029 588 89 73 1 0
1755 464 54 61 1 0
1877 729 89 73 1 0
3127 16 54 61 1 0
286 290 54 61 1 0
60 1206 93 90 1 0
968 685 89 73 1 0
2070 627 89 73 1 0
404 629 89 73 2 0
1356 1974 192 276 1 1
2554 735 89 73 2 0
1589 207 54 61 1 0
281 559 89 73 1 0
5834 1350 99 119 1 0
2329 956 93 90 1 0
4890 794 89 73 1 0
1844 162 54 61 1 0
944 274 54 61 1 0
708 947 93 90 1 0
2309 1379 99 119 1 0
1694 2017 192 276 1 1
448 144 54 61 1 0
4257 508 89 73 1 0
4812 910 93 90 1 0
66 1093 93 90 2 0
2015 745 89 73 2 0
2024 931 93 90 2 0
1678 95 48 58 1 0
3778 607 89 73 1 0
3126 508 89 73 2 0
2485 661 89 73 1 0
4476 440 54 61 1 0
2160 479 54 61 1 0
1128 72 48 58 1 0
5023 20 51 59 1 0
191 86 48 58 1 0
351 1924 113 101 1 0
5055 683 89 73 1 0
1258 482 54 61 1 0
4805 425 54 61 1 0
3904 47 52 60 1 0
3604 944 93 90 1 0
469 322 54 61 1 0
5232 2053 99 119 1 1
501 1457 99 119 1 0
2884 331 54 61 1 0
1093 286 54 61 2 0
4409 142 54 61 1 0
1451 2652 167 187 1 1
1978 504 89 73 1 0
1808 1015 93 90 1 0
2291 268 54 61 1 0
2334 257 54 61 1 0
3831 582 89 73 1 0
993 269 54 61 1 0
5381 1177 93 90 1 0
4292 584 89 73 1 0
353 528 89 73 1 0
1551 1852 113 101 1 0
1510 1267 99 119 1 0
2993 949 93 90 1 0
3297 224 54 61 2 0
3453 441 54 61 1 0
915 438 54 61 1 0
3417 1252 99 119 1 0
4032 475 54 61 1 0
1727 152 54 61 1 0
1474 84 48 58 1 0
1519 882 93 90 1 0
796 515 89 73 1 0
1560 2022 192 276 1 1
572 358 54 61 1 0
5458 1784 99 119 1 0
5178 1324 99 119 1 0
5285 1212 93 90 1 0
4598 1057 93 90 1 0
1632 218 54 61 1 0
5027 1186 93 90 1 0
3189 2427 159 187 1 1
2150 1041 93 90 1 0
2399 549 89 73 2 0
1377 1519 99 119 1 0
3008 1438 99 119 2 0
1454 1374 99 119 1 0
3513 694 89 73 1 0
2892 760 89 73 1 0
1748 788 89 73 1 0
2135 434 54 61 1 0
5006 750 89 73 1 0
4621 536 89 73 2 0
61 844 89 73 1 0
3589 296 54 61 1 0
2866 412 54 61 1 0
1915 193 54 61 1 0
1530 446 54 61 1 0
4478 293 54 61 1 0
2357 746 89 73 1 0
2268 346 54 61 1 0
403 724 89 73 1 0
2895 1402 99 119 2 0
3779 426 54 61 1 0
5628 1176 93 90 1 0
1966 750 89 73 2 0
2443 536 89 73 2 0
3139 842 89 73 1 0
756 373 54 61 1 0
532 320 54 61 1 0
1807 693 89 73 1 0
1877 1122 93 90 1 0
1875 830 89 73 1 0
1587 970 93 90 2 0
2684 137 54 61 2 0
5386 1083 93 90 1 0
580 883 93 90 2 0
3090 387 54 61 1 0
1741 663 89 73 1 0
1850 370 54 61 1 0
3270 595 89 73 1 0
4235 247 54 61 1 0
3914 290 54 61 1 0
4418 430 54 61 1 0
3346 1243 99 119 1 0
3238 376 54 61 1 0
1282 77 48 58 1 0
