474 791 9 10 1 0
2007 727 0 0 1 0
890 780 13 10 1 0
1426 773 13 10 1 0
1350 718 0 0 1 0
440 792 9 10 1 0
682 800 13 10 1 0
1924 711 0 0 1 0
1671 767 13 10 1 0
1974 806 13 10 1 0
1394 750 9 9 1 0
1432 786 13 10 1 0
672 790 13 10 1 0
963 688 0 0 1 0
1455 712 0 0 1 0
1073 753 13 10 1 0
1397 779 13 10 1 0
770 784 13 10 1 0
1882 767 13 10 1 0
885 740 9 9 1 0
646 943 20 27 1 0
1815 801 13 10 1 0
411 778 9 10 1 0
1326 720 0 0 1 0
543 778 13 10 1 0
1608 773 13 10 1 0
691 755 13 10 1 0
961 798 13 10 1 0
563 776 13 10 1 0
648 770 13 10 1 0
604 880 20 27 1 0
1546 779 13 10 1 0
1992 727 0 0 1 0
576 801 13 10 1 0
522 849 20 27 1 0
654 756 13 10 1 0
1153 749 9 9 1 0
2011 865 20 27 1 0
815 1011 20 27 1 0
1817 759 13 10 1 0
1711 719 0 0 1 0
1426 802 13 10 1 0
604 793 13 10 1 0
592 755 13 10 1 0
648 788 13 10 1 0
1041 956 20 27 1 0
924 735 9 9 1 0
1851 764 13 10 1 0
939 733 9 9 1 0
2043 897 20 27 1 0
1111 770 13 10 1 0
1554 771 13 10 1 0
680 859 20 27 1 0
480 847 8 12 1 0
888 859 20 27 1 0
0 777 8 9 1 0
402 815 9 10 1 0
749 781 13 10 1 0
961 743 9 9 1 0
1980 722 0 0 1 0
1522 700 0 0 1 0
1448 716 0 0 1 0
551 936 20 27 1 0
1528 772 13 10 1 0
618 810 13 10 1 0
353 815 9 10 1 0
1907 973 20 27 1 0
608 750 9 9 1 0
928 988 20 27 1 0
711 745 9 9 1 0
653 807 13 10 1 0
1169 794 13 10 1 0
1630 771 13 10 1 0
393 786 9 10 1 0
710 685 0 0 1 0
1210 701 0 0 1 0
1930 714 0 0 1 0
1454 801 13 10 1 0
405 845 8 12 1 0
547 827 13 10 1 0
1305 710 0 0 1 0
1314 718 0 0 1 0
937 938 20 27 1 0
1597 775 13 10 1 0
752 815 13 10 1 0
918 794 13 10 1 0
782 846 20 27 1 0
