1920 740 25 38 1 0
3213 680 46 58 1 1
406 805 14 18 1 0
356 838 14 18 1 1
969 773 80 93 1 0
2555 711 22 28 1 0
3393 645 36 45 1 1
472 812 14 18 1 0
519 815 14 18 1 0
1710 600 126 158 1 0
2682 676 54 69 1 0
1873 758 25 38 1 0
182 836 14 18 1 1
802 813 14 18 1 0
1018 806 14 18 1 0
1858 756 25 38 1 0
588 805 14 18 1 0
1278 767 28 35 1 0
1239 783 28 35 1 0
2382 723 22 28 1 0
2443 746 22 28 1 0
1429 694 67 66 1 0
1090 747 14 18 1 0
3314 661 36 45 1 1
2208 763 22 28 1 0
169 818 14 18 1 1
835 815 58 67 1 0
1790 756 25 38 1 0
264 811 14 18 1 1
355 810 14 18 1 1
327 834 14 18 1 1
2277 754 22 28 1 0
1342 794 28 35 1 0
2021 715 25 38 1 0
2090 653 58 69 1 0
515 849 14 18 1 0
207 820 14 18 1 1
3100 694 25 39 1 1
682 822 40 65 1 0
1114 721 52 73 1 0
2852 681 54 69 1 0
2893 681 27 48 1 0
2186 744 22 28 1 0
2992 713 25 39 1 1
559 856 27 28 1 0
1952 723 25 38 1 0
43 861 33 38 1 0
