826 289 42 45 3 0
550 240 24 31 1 0
300 107 5 6 1 1
177 264 83 109 1 0
310 146 5 6 1 1
267 159 5 6 1 1
698 299 56 86 1 0
249 100 5 6 1 1
438 149 6 8 1 1
663 304 56 86 1 0
916 276 14 17 1 0
403 149 6 8 1 1
220 133 5 6 1 1
836 269 42 45 3 0
527 298 56 86 1 0
637 243 24 31 1 0
419 149 6 8 1 1
480 320 83 109 1 0
286 156 5 6 1 1
386 147 5 6 1 1
380 333 83 109 1 0
900 290 14 17 1 0
396 232 12 14 1 0
205 280 83 109 3 0
781 280 56 86 1 0
266 101 5 6 1 1
947 309 49 89 1 0
266 139 5 6 1 1
234 99 5 6 1 1
577 270 24 31 1 0
752 320 56 86 1 0
245 135 5 6 1 1
325 112 5 6 1 1
572 312 56 86 1 0
598 250 24 31 1 0
197 96 5 6 1 1
