3505 1046 9 8 1 0
1394 2016 41 36 1 0
3680 1182 10 18 1 0
289 2323 49 47 1 0
4654 1288 16 20 1 0
4558 1382 14 20 1 0
3776 987 9 8 1 0
2686 813 5 2 1 0
3227 935 9 8 1 0
3404 1010 9 8 1 0
2857 1063 15 22 1 0
3532 982 9 8 1 0
2962 950 9 8 1 0
2147 949 11 12 1 0
4689 1153 16 20 1 0
1584 1751 41 36 1 0
3755 1080 10 18 1 0
2833 769 5 2 1 0
1359 1974 41 36 1 0
2960 841 5 2 1 0
3656 912 9 8 1 0
1638 1490 17 19 1 0
2937 1079 11 16 1 0
2140 2378 49 47 2 0
313 2409 49 47 1 0
2550 811 5 2 1 0
4095 1756 39 43 1 0
3224 846 5 2 1 0
2921 1139 10 18 1 0
3945 1602 28 30 1 0
4121 1215 16 20 1 0
4172 832 9 8 1 0
2032 1010 11 12 1 0
1472 2151 41 36 1 0
2724 747 5 2 1 0
2815 930 9 8 1 0
3853 1172 10 18 1 0
3147 1009 9 8 1 0
1840 1705 41 36 1 0
4514 1782 39 43 1 0
4014 1815 39 43 1 0
2732 853 5 2 1 0
2700 777 5 2 1 0
276 2578 49 47 1 0
3993 1300 10 18 1 0
4610 1080 16 20 1 0
2924 1251 10 18 1 0
4162 1510 14 20 1 0
2745 684 5 2 1 0
4002 1097 10 18 2 0
2676 858 5 2 1 0
1699 1414 17 19 1 0
3314 993 9 8 1 0
3583 1552 18 18 1 0
2794 893 6 3 1 0
2886 828 5 2 1 0
2545 784 5 2 1 0
2032 1018 11 12 1 0
2052 1988 41 36 1 0
1664 1450 17 19 1 0
2708 865 5 2 1 0
3727 1202 10 18 1 0
2692 878 5 2 1 0
914 1797 41 36 2 0
4453 1170 16 20 1 0
4239 1159 16 20 1 0
3628 1428 18 18 1 0
3046 1018 9 8 1 0
3005 791 5 2 1 0
2854 770 5 2 1 0
3410 2012 39 43 1 0
2743 1165 15 22 1 0
4170 1924 39 43 1 0
2639 818 5 2 1 0
4190 1179 16 20 1 0
3167 819 5 2 1 0
4786 1986 39 43 1 0
3368 1091 10 18 1 0
3736 1044 9 8 1 0
2835 821 5 2 1 0
3434 1323 10 18 1 0
2322 1223 11 12 1 0
2705 746 5 2 1 0
1813 2154 41 36 1 0
4288 1892 39 43 1 0
2824 771 5 2 1 0
3573 1064 9 10 1 0
3114 1022 9 8 1 0
3253 819 5 2 1 0
3475 844 5 2 1 0
2047 1151 11 12 1 0
3940 1202 10 18 1 0
2747 780 5 2 1 0
2489 940 11 12 1 0
3015 1025 9 8 1 0
4114 1237 16 20 1 0
3505 1284 10 18 1 0
1436 3188 54 59 1 0
936 1798 41 36 2 0
4764 1132 16 20 1 0
3247 1043 9 8 1 0
3285 988 9 8 1 0
3865 1219 10 18 1 0
3041 1245 10 18 1 0
4885 1749 39 43 1 0
3615 919 9 8 1 0
3988 1306 10 18 1 0
1970 1216 11 12 1 0
3721 1063 9 13 1 0
3620 925 9 8 1 0
4002 1149 10 18 1 0
912 1649 17 19 1 0
3169 1291 10 18 1 0
1976 1672 23 23 1 0
4834 1794 39 43 1 0
1539 2351 49 47 1 0
3596 1354 18 18 1 0
4494 1074 16 20 2 0
4772 1528 14 20 1 0
3057 810 5 2 1 0
3266 817 5 2 1 0
3307 856 5 2 1 0
4706 1042 9 8 1 0
4719 1452 14 20 1 0
1251 1672 41 36 1 0
2865 882 5 2 1 0
3070 1129 10 18 1 0
4545 1524 14 20 1 0
3861 1084 10 18 1 0
3475 815 5 2 1 0
4696 1456 14 20 1 0
3204 1035 9 8 1 0
3469 840 5 2 1 0
3081 1348 10 18 1 0
2690 855 5 2 1 0
2924 952 9 8 1 0
1410 1713 41 36 1 0
3360 1423 18 18 1 0
3705 1200 10 18 1 0
3568 929 9 8 1 0
3038 810 5 2 1 0
4516 1876 39 43 1 0
3316 856 5 2 1 0
4596 1709 39 43 1 0
4878 1604 14 20 1 0
3021 979 9 8 1 0
3028 954 9 8 1 0
3743 1480 18 18 1 0
1438 1698 41 36 1 0
4486 1275 16 20 1 0
3511 1076 9 15 1 0
3848 1222 10 18 1 0
3165 831 5 2 1 0
3242 848 5 2 1 0
2869 707 5 2 1 0
2734 798 5 2 1 0
1922 1295 17 19 1 0
2196 1018 11 12 1 0
2818 727 5 2 1 0
113 2394 49 47 1 0
4677 1467 14 20 1 0
2531 841 5 2 1 0
4287 1208 16 20 2 0
3087 781 5 2 1 0
4051 1546 18 18 1 0
3132 1036 9 8 1 0
3691 1924 39 43 1 0
3595 965 9 8 1 0
2390 1130 11 12 1 0
2076 1800 41 36 1 0
1572 1537 17 19 1 0
2247 1417 17 19 1 0
1885 989 11 12 1 0
3410 975 9 8 1 0
633 1861 41 36 2 0
2502 906 11 12 1 0
2569 874 5 2 1 0
2193 1127 11 12 1 0
3358 1066 9 13 1 0
312 1816 41 36 1 0
1808 1974 41 36 1 0
4462 2145 58 63 1 0
3256 1231 10 18 1 0
4092 1979 39 43 1 0
4075 2026 39 43 1 0
2690 818 5 2 1 0
2902 935 9 8 1 0
3941 1677 39 43 2 0
3692 1026 9 8 1 0
2791 696 5 2 1 0
3668 1546 18 18 1 0
4722 1750 39 43 1 0
3429 1007 9 8 1 0
4077 1263 16 20 1 0
3080 1014 9 8 1 0
3293 929 9 8 1 0
3847 1434 18 18 1 0
3872 1105 10 18 1 0
3144 892 8 6 1 0
3034 731 5 2 1 0
3454 1200 10 18 1 0
3298 1184 10 18 1 0
3028 873 5 2 1 0
3721 950 9 8 1 0
3459 1087 10 18 1 0
3067 1339 10 18 1 0
3191 815 5 2 1 0
3174 1194 10 18 1 0
3764 1269 10 18 1 0
3198 827 5 2 1 0
2821 886 6 3 1 0
3947 1841 39 43 1 0
2840 796 5 2 1 0
1325 1930 41 36 2 0
4224 1157 16 20 1 0
3431 1876 39 43 1 0
1223 3185 54 59 1 0
1920 1834 41 36 1 0
4880 1501 14 20 1 0
2823 722 5 2 1 0
1929 1768 41 36 2 0
3730 967 9 8 1 0
3134 1092 10 18 2 0
22 2009 41 36 1 0
3160 861 5 2 1 0
3820 959 9 8 1 0
2547 867 5 2 1 0
3316 903 9 8 1 0
3260 969 9 8 1 0
3164 946 9 8 1 0
4438 1136 16 20 1 0
2743 901 5 2 1 0
3290 1369 18 18 1 0
4384 1367 14 20 1 0
3042 925 9 8 1 0
2988 832 5 2 1 0
3694 969 9 8 1 0
1788 1783 41 36 2 0
3029 1018 9 8 1 0
758 2092 41 36 1 0
4822 1371 14 20 1 0
1728 2032 41 36 1 0
2275 1087 11 12 2 0
2106 1158 11 12 1 0
2478 1053 11 12 1 0
3860 1003 9 8 1 0
1954 981 11 12 1 0
2726 747 5 2 1 0
2007 2331 49 47 2 0
3014 897 9 8 1 0
3186 1265 10 18 1 0
3697 1378 18 18 1 0
2994 992 9 8 1 0
2687 779 5 2 1 0
3645 1372 18 18 1 0
2327 1502 17 19 1 0
3281 1322 10 18 1 0
4325 1811 39 43 1 0
3505 1216 10 18 1 0
2909 817 5 2 1 0
4157 1290 16 20 1 0
3314 867 5 2 1 0
1784 1381 17 19 1 0
2927 757 5 2 1 0
3002 980 9 8 1 0
4180 1203 16 20 2 0
2890 746 5 2 1 0
4859 1567 14 20 1 0
2838 838 5 2 1 0
2960 835 5 2 1 0
3440 1223 10 18 1 0
4844 1514 14 20 1 0
2815 856 5 2 1 0
4231 1922 39 43 1 0
3283 1519 18 18 1 0
3206 1501 18 18 1 0
4665 1495 14 20 1 0
4456 992 9 8 1 0
3558 1008 9 8 1 0
3500 999 9 8 1 0
3555 1508 18 18 1 0
3655 1601 23 24 1 0
3181 1132 10 18 1 0
2822 815 5 2 1 0
2934 936 9 8 1 0
4237 1596 14 20 1 0
3689 1031 9 8 1 0
3294 1117 10 18 1 0
2471 1097 11 12 1 0
3205 905 9 8 1 0
2581 805 5 2 1 0
3214 847 5 2 1 0
624 1698 41 36 1 0
3332 1045 9 8 1 0
1494 1784 41 36 2 0
1365 1929 41 36 1 0
1176 1768 41 36 1 0
4597 1081 16 20 1 0
3935 984 9 8 1 0
3781 1018 9 8 1 0
3584 1445 18 18 1 0
3748 1575 18 18 1 0
3405 1786 39 43 1 0
2819 839 5 2 1 0
3878 1293 10 18 1 0
2933 1010 9 8 1 0
3641 1718 39 43 1 0
4024 3136 58 63 1 0
363 1843 41 36 1 0
1785 1358 17 19 1 0
3210 1413 18 18 1 0
2666 860 5 2 1 0
4804 1335 14 20 1 0
1248 2373 49 47 1 0
2532 931 11 12 2 0
3393 981 9 8 1 0
2107 1545 17 19 1 0
3316 855 5 2 1 0
2941 847 5 2 1 0
4406 1190 16 20 1 0
4403 972 9 8 1 0
3562 1082 10 18 1 0
3410 1212 10 18 1 0
3437 1651 39 43 1 0
3125 947 9 8 1 0
2535 919 11 12 1 0
3301 1052 9 10 1 0
314 1694 41 36 1 0
4265 1200 16 20 1 0
3846 952 9 8 1 0
3614 1031 9 8 1 0
3089 1233 10 18 1 0
1912 2527 49 47 1 0
3065 961 9 8 1 0
3228 1232 10 18 1 0
3096 851 5 2 1 0
1890 1257 12 13 1 0
2712 675 5 2 1 0
3079 1102 10 18 1 0
4192 1259 16 20 1 0
2980 871 5 2 1 0
3682 1314 10 18 1 0
3375 1051 9 8 1 0
3096 933 9 8 1 0
4731 1847 39 43 1 0
2163 1624 17 19 1 0
791 1761 41 36 1 0
2421 1135 11 12 1 0
2966 764 5 2 1 0
3688 1118 10 18 1 0
3144 907 9 8 1 0
3479 1320 10 18 1 0
3598 1074 9 15 2 0
3415 945 9 8 1 0
4563 986 9 8 1 0
3923 987 9 8 1 0
3607 1062 9 13 1 0
2718 735 5 2 1 0
3198 774 5 2 1 0
3172 815 5 2 1 0
170 1639 41 36 1 0
1888 1094 11 12 1 0
3454 1451 18 18 1 0
3537 1134 10 18 1 0
3596 1016 9 8 1 0
2854 767 5 2 1 0
3126 1296 10 18 1 0
3188 1227 10 18 1 0
1674 1531 17 19 1 0
2546 834 5 2 1 0
3279 1019 9 8 1 0
3565 919 9 8 1 0
3341 1512 18 18 1 0
3650 982 9 8 1 0
3479 1507 18 18 1 0
2413 1080 11 12 1 0
4145 1266 16 20 1 0
966 1667 35 31 1 0
4222 943 9 8 1 0
1949 1211 11 12 1 0
595 1964 41 36 1 0
4220 1175 16 20 2 0
3049 972 9 8 1 0
3911 1334 18 18 1 0
3266 987 9 8 1 0
1216 1668 41 36 1 0
3258 1044 9 8 1 0
2622 865 5 2 1 0
2843 882 5 2 1 0
2836 699 5 2 1 0
3869 911 9 8 1 0
2954 785 5 2 1 0
3533 1081 10 18 1 0
4594 2539 58 63 1 0
2774 710 5 2 1 0
4037 1185 10 18 2 0
1919 1253 11 12 1 0
1006 1948 41 36 1 0
2773 841 5 2 1 0
1739 1779 41 36 1 0
2181 1852 41 36 1 0
3269 1035 9 8 1 0
3403 1958 39 43 1 0
3803 968 9 8 1 0
2186 1010 11 12 1 0
3870 1577 18 18 1 0
3171 1465 18 18 1 0
88 2090 45 41 1 0
3164 868 5 2 1 0
3111 1191 10 18 1 0
918 1922 41 36 1 0
2905 978 9 8 1 0
3666 977 9 8 1 0
4791 1885 39 43 1 0
673 2069 41 36 1 0
2911 1140 10 18 1 0
2909 924 9 8 1 0
3397 922 9 8 1 0
2716 812 5 2 1 0
3152 965 9 8 1 0
3909 1293 10 18 1 0
2660 798 5 2 1 0
4102 1156 16 20 1 0
4060 1217 10 18 1 0
3470 1624 39 43 1 0
3711 1593 18 18 1 0
3206 1117 10 18 2 0
1943 1495 17 19 1 0
3668 1059 9 13 1 0
3591 1058 9 13 1 0
2977 736 5 2 1 0
2092 1497 17 19 1 0
2503 893 11 12 1 0
3034 986 9 8 1 0
3604 1414 18 18 1 0
3238 1045 9 8 1 0
3753 941 9 8 1 0
2623 838 5 2 1 0
3038 817 5 2 1 0
2703 755 5 2 1 0
3084 881 5 2 1 0
2741 748 5 2 1 0
2950 798 5 2 1 0
3192 829 5 2 1 0
4428 842 9 8 1 0
2603 854 5 2 1 0
3112 944 9 8 1 0
3065 773 5 2 1 0
4259 1327 14 20 1 0
4364 1283 16 20 2 0
1508 1522 17 19 1 0
698 2215 49 47 1 0
2536 814 5 2 1 0
3829 1346 18 18 1 0
3715 1049 9 8 1 0
2475 1020 11 12 2 0
1822 2355 49 47 1 0
4175 941 9 8 1 0
2721 696 5 2 1 0
3677 1767 39 43 1 0
4395 1719 39 43 1 0
3548 960 9 8 1 0
2828 894 6 3 1 0
433 2323 49 47 1 0
3555 1554 18 18 1 0
3731 1019 9 8 1 0
3028 1231 10 18 1 0
2941 898 9 8 1 0
3883 1685 39 43 1 0
1647 1844 41 36 1 0
4507 1646 39 43 1 0
2829 798 5 2 1 0
2898 792 5 2 1 0
2995 1124 10 18 1 0
2849 697 5 2 1 0
2811 693 5 2 1 0
3533 1022 9 8 1 0
1352 2106 41 36 1 0
3683 1085 10 18 1 0
3890 941 9 8 1 0
3476 1089 10 18 2 0
3276 839 5 2 1 0
2876 714 5 2 1 0
3696 1411 18 18 1 0
2988 1077 10 18 1 0
4238 1134 16 20 1 0
2831 787 5 2 1 0
3195 1022 9 8 1 0
3551 2250 58 63 1 0
4085 1525 15 19 1 0
4073 1123 10 18 1 0
3280 997 9 8 1 0
3001 768 5 2 1 0
3158 1205 10 18 1 0
4898 2310 53 58 1 0
3167 890 8 6 1 0
3810 1107 10 18 1 0
1527 2255 49 47 1 0
968 1894 41 36 1 0
2930 1193 10 18 1 0
3911 1625 39 43 1 0
2990 805 5 2 1 0
3639 845 5 2 1 0
4290 1354 14 20 1 0
3354 1244 10 18 1 0
2704 675 5 2 1 0
3286 1241 10 18 1 0
3819 1096 10 18 1 0
3945 1464 18 18 1 0
2278 1174 11 12 1 0
3717 1032 9 8 1 0
3282 1774 39 43 1 0
2882 820 5 2 1 0
1913 1344 17 19 1 0
4079 1138 16 20 1 0
3253 980 9 8 1 0
4851 1134 16 20 1 0
3157 849 5 2 1 0
4393 1812 39 43 1 0
3641 1021 9 8 1 0
2984 793 5 2 1 0
3670 1293 10 18 1 0
2906 751 5 2 1 0
4529 986 9 8 1 0
3506 1025 9 8 1 0
3957 1315 10 18 1 0
1360 1732 41 36 1 0
3141 1018 9 8 1 0
2515 870 5 2 1 0
2746 713 5 2 1 0
3541 968 9 8 1 0
3682 922 9 8 1 0
1821 1306 17 19 1 0
3661 938 9 8 1 0
2721 853 5 2 1 0
1031 1794 41 36 1 0
2771 704 5 2 1 0
3524 1350 18 18 1 0
1899 1495 17 19 1 0
3397 987 9 8 1 0
3164 846 5 2 1 0
423 1824 41 36 1 0
4491 1608 32 37 1 0
3684 1010 9 8 1 0
3369 1006 9 8 1 0
2634 831 5 2 1 0
2852 821 5 2 1 0
2602 867 5 2 1 0
3254 860 5 2 1 0
4106 1438 14 20 1 0
3986 1251 10 18 1 0
3928 1192 10 18 1 0
3513 1364 18 18 2 0
2547 805 5 2 1 0
4648 1750 39 43 1 0
4584 1916 39 43 1 0
708 1696 41 36 1 0
1466 2441 49 47 1 0
4567 1802 39 43 1 0
2820 742 5 2 1 0
3844 1003 9 8 1 0
3141 863 5 2 1 0
3002 1278 10 18 1 0
3230 820 5 2 1 0
3953 1254 10 18 1 0
4301 1123 16 20 1 0
3781 1064 9 15 1 0
2782 704 5 2 1 0
2234 1768 41 36 1 0
4487 1487 14 20 1 0
3074 1032 9 8 1 0
3431 907 9 8 1 0
3958 1152 10 18 1 0
4703 1529 14 20 1 0
3994 2015 39 43 1 0
4655 1540 14 20 1 0
3287 854 5 2 1 0
2378 1400 17 19 1 0
3344 805 5 2 1 0
3299 868 5 2 1 0
3828 966 9 8 1 0
2545 815 5 2 1 0
2858 712 5 2 1 0
3840 1119 10 18 1 0
1249 1974 41 36 1 0
3537 1037 9 8 1 0
3136 1370 18 18 1 0
3381 823 5 2 1 0
3413 814 5 2 1 0
3011 835 5 2 1 0
3014 746 5 2 1 0
2929 881 5 2 1 0
84 2341 49 47 1 0
1089 2023 41 36 1 0
3180 846 5 2 1 0
3569 1625 39 43 2 0
1912 1565 17 19 1 0
3586 1046 9 8 1 0
2845 948 9 8 2 0
2838 710 5 2 1 0
2860 732 5 2 1 0
4781 999 9 8 1 0
3330 1273 10 18 1 0
2905 835 5 2 1 0
2888 1024 9 8 1 0
2743 849 5 2 1 0
2482 955 11 12 2 0
2860 700 5 2 1 0
3296 848 5 2 1 0
3781 1367 18 18 1 0
4587 1594 14 20 1 0
3075 1117 10 18 1 0
3699 1046 9 8 1 0
4295 1298 16 20 1 0
3423 978 9 8 1 0
2830 813 5 2 1 0
3986 1610 23 24 1 0
874 1864 41 36 2 0
3111 1534 18 18 1 0
2536 829 5 2 1 0
1066 2014 41 36 1 0
930 1854 41 36 1 0
4779 2184 58 63 1 0
1840 1347 17 19 1 0
3568 1605 23 24 1 0
2621 801 5 2 1 0
4112 828 9 8 1 0
1586 1504 17 19 1 0
3007 1093 10 18 1 0
3317 987 9 8 1 0
3984 1540 18 18 1 0
3243 846 5 2 1 0
3610 1020 9 8 1 0
3628 825 5 2 1 0
4431 1279 16 20 1 0
3049 910 9 8 1 0
400 2159 41 36 1 0
3428 1021 9 8 1 0
3023 900 9 8 1 0
2789 694 5 2 1 0
3763 1192 10 18 1 0
3270 1310 10 18 1 0
69 1665 41 36 1 0
3641 1034 9 8 1 0
2831 891 6 3 1 0
495 2685 52 56 1 0
3291 966 9 8 1 0
4475 2772 58 63 1 0
2980 815 5 2 1 0
2468 1087 11 12 1 0
2514 846 5 2 1 0
3012 923 9 8 1 0
3331 914 9 8 2 0
3501 1974 39 43 1 0
4273 971 9 8 1 0
3378 856 5 2 1 0
2052 1670 35 31 1 0
1563 1824 41 36 1 0
81 2638 49 47 1 0
1839 1080 11 12 1 0
2638 800 5 2 1 0
2397 1554 17 19 1 0
3142 1050 9 13 1 0
1087 2427 49 47 2 0
3429 849 5 2 1 0
2965 1185 10 18 1 0
4744 3039 58 63 1 0
3379 1282 10 18 1 0
4660 1310 15 20 1 0
2246 1341 17 19 1 0
3371 918 9 8 1 0
1413 1969 41 36 1 0
1695 1616 17 19 1 0
3885 911 9 8 1 0
3715 1017 9 8 1 0
3838 1859 39 43 1 0
2218 1822 41 36 2 0
3324 868 5 2 1 0
4323 1291 16 20 1 0
4633 1456 14 20 1 0
3211 1024 9 8 1 0
3775 1128 10 18 1 0
3157 1183 10 18 1 0
3681 1232 10 18 1 0
1324 1541 17 19 1 0
3813 1179 10 18 1 0
2053 1641 17 19 1 0
3997 1135 10 18 1 0
3251 829 5 2 1 0
1914 1418 17 19 1 0
3119 1075 10 18 2 0
2299 1254 11 12 1 0
3934 2437 58 63 1 0
2983 966 9 8 1 0
2410 1170 11 12 1 0
4056 1465 18 18 1 0
2949 1269 10 18 1 0
3441 1049 9 8 1 0
3010 964 9 8 1 0
3012 880 5 2 1 0
3108 1298 10 18 1 0
2029 1043 11 12 1 0
1796 1776 41 36 2 0
3174 907 9 8 1 0
3408 1432 18 18 1 0
1845 1036 11 12 1 0
4638 1310 15 20 1 0
2828 1015 9 8 1 0
3720 1135 10 18 1 0
2267 1546 17 19 1 0
2987 870 5 2 1 0
2754 707 5 2 1 0
4273 1191 16 20 2 0
3719 983 9 8 1 0
2253 1637 17 19 1 0
2286 1435 17 19 1 0
1610 1785 41 36 1 0
4771 1712 39 43 1 0
2876 768 5 2 1 0
724 1798 41 36 1 0
4798 1133 16 20 1 0
2976 841 5 2 1 0
3272 848 5 2 1 0
3326 1687 39 43 1 0
2880 1020 9 8 1 0
3638 975 9 8 1 0
1071 1698 41 36 1 0
3774 1396 18 18 1 0
3664 947 9 8 1 0
3868 1295 10 18 2 0
4392 1216 16 20 1 0
4299 981 9 8 1 0
3149 846 5 2 1 0
3475 1568 18 18 1 0
3725 1329 10 18 1 0
3486 996 9 8 1 0
2823 709 5 2 1 0
2853 983 9 8 1 0
3912 1137 10 18 1 0
2869 715 5 2 1 0
3180 902 9 8 1 0
2855 723 5 2 1 0
2922 1120 10 18 1 0
4259 1119 16 20 1 0
2810 678 5 2 1 0
3150 1149 10 18 1 0
1961 2655 49 47 1 0
1079 1568 17 19 1 0
3712 1031 9 8 1 0
2338 1380 17 19 1 0
2837 844 5 2 1 0
4223 1288 16 20 1 0
2543 979 11 12 1 0
3207 888 8 6 1 0
3467 1020 9 8 1 0
4159 946 9 8 1 0
2477 975 11 12 2 0
3313 1019 9 8 1 0
1853 1384 17 19 1 0
3053 843 5 2 1 0
3732 954 9 8 1 0
3992 1587 18 18 1 0
1323 1840 41 36 1 0
4131 1806 39 43 2 0
2095 1003 11 12 2 0
4679 1032 9 8 1 0
1337 3072 54 59 1 0
1819 1595 17 19 1 0
2165 1746 41 36 1 0
2262 1642 17 19 1 0
3285 919 9 8 1 0
1382 2256 49 47 2 0
3102 813 5 2 1 0
3405 1096 10 18 1 0
2045 956 11 12 1 0
3761 1344 18 18 1 0
3149 1168 10 18 1 0
668 2817 54 59 1 0
3835 936 9 8 1 0
3050 771 5 2 1 0
3747 1625 39 43 1 0
4072 1345 18 18 1 0
1898 3268 54 59 1 0
3934 1513 18 18 1 0
1929 1196 11 12 1 0
4150 858 9 8 1 0
4406 1664 39 43 1 0
1384 1540 17 19 1 0
3489 1423 18 18 1 0
2688 971 5 2 1 0
4688 1034 9 8 1 0
3273 931 9 8 1 0
4535 1255 16 20 1 0
1727 1615 17 19 1 0
4279 1507 14 20 1 0
4133 1232 16 20 1 0
2730 731 5 2 1 0
4238 1529 14 20 1 0
4734 1320 15 20 1 0
2950 775 5 2 1 0
4588 1862 39 43 1 0
921 1699 41 36 1 0
4125 1269 16 20 2 0
2811 769 5 2 1 0
4347 1286 16 20 1 0
3808 981 9 8 1 0
1711 1506 17 19 1 0
4751 2722 58 63 1 0
1536 1506 17 19 1 0
2952 1003 9 8 1 0
2268 1029 11 12 1 0
3287 818 5 2 1 0
3801 1486 18 18 1 0
2566 837 5 2 1 0
436 1720 41 36 1 0
3258 897 9 8 1 0
2882 709 5 2 1 0
1941 1984 41 36 1 0
3114 825 5 2 1 0
3213 1680 39 43 2 0
3822 1174 10 18 1 0
2895 723 5 2 1 0
3624 1246 10 18 1 0
912 2134 41 36 1 0
2849 843 5 2 1 0
3332 998 9 8 1 0
480 1663 41 36 1 0
1617 1431 17 19 1 0
4327 1178 16 20 2 0
2875 859 5 2 1 0
2122 2109 41 36 2 0
3146 1084 10 18 2 0
2131 1722 41 36 1 0
4408 2071 58 63 1 0
3745 1069 9 15 1 0
3771 1450 18 18 1 0
4201 939 9 8 1 0
4123 1266 16 20 2 0
1918 1003 11 12 1 0
3274 1121 10 18 1 0
3076 1183 10 18 1 0
1776 1264 15 17 1 0
1079 1601 17 19 1 0
3972 1827 39 43 1 0
2918 1222 10 18 1 0
209 2098 41 36 1 0
2095 1865 41 36 1 0
4008 1139 10 18 1 0
1668 2338 49 47 1 0
1090 2067 41 36 1 0
4441 1151 16 20 1 0
150 2472 49 47 1 0
1990 1696 41 36 1 0
3174 992 9 8 1 0
2841 701 5 2 1 0
3157 781 5 2 1 0
3711 1088 10 18 1 0
3218 1112 10 18 2 0
1896 1243 11 12 1 0
3604 979 9 8 1 0
4070 1410 18 18 1 0
3552 1476 18 18 1 0
3207 866 5 2 1 0
3158 1353 18 18 1 0
2920 1084 10 18 1 0
3870 1304 10 18 2 0
3311 1377 18 18 1 0
3350 895 9 8 1 0
3260 1141 10 18 1 0
4096 1266 16 20 2 0
228 1822 41 36 1 0
3856 911 9 8 1 0
2463 1150 11 12 1 0
3707 963 9 8 1 0
4247 1769 39 43 1 0
3206 998 9 8 1 0
3572 1008 9 8 1 0
1218 2045 41 36 1 0
4362 1803 39 43 1 0
2863 1020 9 8 1 0
4480 1395 14 20 1 0
3460 955 9 8 1 0
4322 1471 14 20 1 0
2942 705 5 2 1 0
2948 799 5 2 1 0
2561 897 6 4 1 0
3192 908 9 8 1 0
3444 989 9 8 1 0
2219 1083 11 12 1 0
1904 1262 14 15 1 0
3575 1504 18 18 1 0
3043 1307 10 18 1 0
3335 946 9 8 1 0
3348 1310 10 18 1 0
1564 1432 17 19 1 0
3968 1266 10 18 1 0
4297 1145 16 20 2 0
3154 1110 10 18 1 0
2545 943 11 12 1 0
3816 1765 39 43 1 0
3383 906 9 8 1 0
2800 863 5 2 1 0
3221 1023 9 8 1 0
4109 1697 39 43 1 0
3437 1475 18 18 1 0
3746 981 9 8 1 0
1805 1362 17 19 1 0
3328 1057 9 10 1 0
2482 945 11 12 1 0
3576 1165 10 18 1 0
3581 1120 10 18 1 0
2331 1198 11 12 1 0
1217 2000 41 36 1 0
3351 1033 9 8 1 0
3058 1113 10 18 1 0
4321 1547 14 20 1 0
3041 777 5 2 1 0
3019 1353 10 18 1 0
3641 1040 9 8 1 0
4359 992 9 8 1 0
1718 1838 41 36 1 0
4304 1187 16 20 1 0
2891 858 5 2 1 0
3298 822 5 2 1 0
4230 947 9 8 1 0
727 2521 49 47 1 0
1931 1641 17 19 1 0
3359 1754 39 43 1 0
3398 801 5 2 1 0
3110 1005 9 8 1 0
4132 1670 39 43 1 0
4208 1221 16 20 1 0
3008 863 5 2 1 0
3287 1295 10 18 1 0
3514 879 5 2 1 0
4643 1613 20 25 1 0
3543 1117 10 18 1 0
2544 891 9 9 1 0
2790 748 5 2 1 0
4684 1676 39 43 1 0
4139 1103 16 20 1 0
2143 1141 11 12 1 0
2972 960 9 8 1 0
4670 1163 16 20 1 0
4466 1858 39 43 1 0
3266 1167 10 18 1 0
2824 873 5 2 1 0
3112 813 5 2 1 0
4591 1332 14 20 1 0
3734 1159 10 18 1 0
4543 1312 15 20 2 0
2602 832 5 2 1 0
1475 1928 41 36 1 0
3942 1393 18 18 1 0
3145 843 5 2 1 0
2857 855 5 2 1 0
2992 1015 9 8 1 0
3205 846 5 2 1 0
4245 1884 39 43 1 0
4386 2308 58 63 1 0
2497 950 11 12 1 0
4154 1319 15 20 2 0
3770 998 9 8 1 0
1061 2882 54 59 1 0
2700 720 5 2 1 0
2729 763 5 2 1 0
2127 2013 41 36 1 0
4508 1285 16 20 2 0
3835 913 9 8 1 0
2620 830 5 2 1 0
3758 1044 9 8 1 0
4652 1133 16 20 1 0
2909 770 5 2 1 0
4306 1230 16 20 1 0
3791 1219 10 18 1 0
3413 916 9 8 1 0
4219 1336 14 20 1 0
3670 1090 10 18 1 0
1360 2253 49 47 2 0
3775 959 9 8 1 0
4768 1154 16 20 1 0
1715 1714 41 36 1 0
3281 1114 10 18 2 0
2522 958 11 12 1 0
3237 974 9 8 1 0
3630 844 5 2 1 0
4360 1284 16 20 2 0
3788 1275 10 18 1 0
1925 2038 41 36 1 0
3544 1033 9 8 1 0
3429 1308 10 18 1 0
3323 1364 18 18 1 0
4202 822 9 8 1 0
3578 1640 39 43 2 0
2721 729 5 2 1 0
522 1779 41 36 1 0
3047 897 9 8 1 0
3730 989 9 8 1 0
2532 938 11 12 2 0
1111 1872 41 36 1 0
2552 793 5 2 1 0
3754 996 9 8 1 0
3575 1026 9 8 1 0
3545 1417 18 18 1 0
1951 1460 17 19 1 0
4490 1415 14 20 1 0
3400 1025 9 8 1 0
3632 1306 10 18 1 0
260 3158 54 59 1 0
3718 1037 9 8 1 0
3158 989 9 8 1 0
2611 854 5 2 1 0
4796 1410 14 20 1 0
3320 1026 9 8 1 0
3243 929 9 8 2 0
4190 822 9 8 1 0
1417 1777 41 36 1 0
3821 1422 18 18 1 0
3433 819 5 2 1 0
3603 1338 18 18 1 0
2878 726 5 2 1 0
4715 1186 16 20 1 0
2119 1250 11 12 1 0
3531 1056 9 10 1 0
4162 1184 16 20 1 0
2559 791 5 2 1 0
2918 1019 9 8 1 0
3194 1030 9 8 1 0
3762 1498 18 18 1 0
3288 895 9 8 1 0
3885 988 9 8 1 0
3340 1209 10 18 1 0
3460 999 9 8 1 0
3061 1005 9 8 1 0
3492 1556 18 18 1 0
4649 1335 14 20 1 0
4900 1777 39 43 1 0
3327 1113 10 18 1 0
3663 1584 18 18 1 0
3353 916 9 8 1 0
2909 855 5 2 1 0
4093 1242 16 20 1 0
1038 2315 49 47 1 0
4506 1283 16 20 2 0
2844 685 5 2 1 0
3191 1146 10 18 1 0
4221 1178 16 20 2 0
2046 1741 41 36 1 0
3847 1506 18 18 1 0
3106 1034 9 8 1 0
4318 1204 16 20 2 0
4248 1039 9 8 1 0
3733 1178 10 18 1 0
3742 959 9 8 1 0
4475 1284 16 20 2 0
3429 1339 18 18 1 0
2763 746 5 2 1 0
3309 1091 10 18 2 0
3268 1072 10 18 2 0
3668 1076 10 18 1 0
3246 951 9 8 1 0
4387 2021 39 43 1 0
4109 1130 16 20 1 0
2919 746 5 2 1 0
1661 1942 41 36 1 0
150 2692 54 59 1 0
3683 1031 9 8 1 0
3451 1570 18 18 1 0
4243 1446 14 20 1 0
3193 864 5 2 1 0
4386 970 9 8 1 0
2817 682 5 2 1 0
1210 1699 41 36 1 0
3662 962 9 8 2 0
4362 1455 14 20 1 0
4266 966 9 8 1 0
3343 1171 10 18 1 0
2476 845 6 4 1 0
4863 1862 39 43 1 0
3771 1319 10 18 1 0
2848 917 9 8 1 0
3860 1335 18 18 1 0
3069 933 9 8 1 0
3058 1300 10 18 1 0
4096 3243 58 63 1 0
1062 1958 41 36 1 0
4145 1209 16 20 1 0
3831 1313 10 18 1 0
3517 1060 9 10 1 0
3299 1136 10 18 1 0
3890 1724 39 43 1 0
1932 1537 17 19 1 0
2110 1642 17 19 1 0
2561 877 5 2 1 0
3395 1391 18 18 1 0
3876 1169 10 18 1 0
4754 1383 14 20 1 0
2612 867 5 2 1 0
482 2073 41 36 1 0
1830 1637 17 19 1 0
4241 1258 16 20 1 0
3489 1255 10 18 1 0
3579 936 9 8 1 0
2956 1222 10 18 1 0
3829 1369 18 18 1 0
3585 1226 10 18 1 0
246 2348 49 47 1 0
3289 1036 9 8 1 0
3743 953 9 8 1 0
3298 1274 10 18 1 0
3885 1391 18 18 1 0
3174 846 5 2 1 0
3236 996 9 8 1 0
2216 1465 17 19 1 0
2946 986 9 8 1 0
2966 976 9 8 1 0
1914 1471 17 19 1 0
2914 992 9 8 1 0
2826 734 5 2 1 0
3348 828 5 2 1 0
2693 748 5 2 1 0
1298 2206 49 47 1 0
533 1665 41 36 1 0
3001 1214 10 18 1 0
1967 1127 11 12 1 0
760 1888 41 36 1 0
3171 981 9 8 1 0
4147 1451 14 20 1 0
3488 868 5 2 1 0
3144 1255 10 18 1 0
973 1848 41 36 1 0
4489 991 9 8 1 0
3557 1334 18 18 1 0
532 1822 41 36 1 0
4177 1331 14 20 1 0
2885 1027 9 8 1 0
2876 807 5 2 1 0
2823 691 5 2 1 0
2677 802 5 2 1 0
2524 916 11 12 1 0
2896 746 5 2 1 0
3816 1298 10 18 1 0
3127 1072 10 18 1 0
3352 841 5 2 1 0
3600 1250 10 18 1 0
3445 1037 9 8 1 0
3222 1003 9 8 1 0
1859 1494 17 19 1 0
3093 960 9 8 1 0
3536 816 5 2 1 0
3489 1124 10 18 1 0
3278 1052 9 8 1 0
2848 746 5 2 1 0
2812 711 5 2 1 0
3444 924 9 8 1 0
2820 864 5 2 1 0
1544 2896 54 59 1 0
3582 1013 9 8 1 0
2817 703 5 2 1 0
3231 1390 18 18 1 0
733 1866 41 36 1 0
2135 1970 41 36 1 0
4291 1333 14 20 1 0
3298 1040 9 8 1 0
2895 834 5 2 1 0
3586 919 9 8 1 0
1782 1473 17 19 1 0
3776 1103 10 18 1 0
3842 1088 10 18 1 0
4643 1891 39 43 1 0
3232 829 5 2 1 0
1785 1340 17 19 1 0
1878 1003 11 12 1 0
3815 1205 10 18 1 0
2255 1518 17 19 1 0
3650 1126 10 18 1 0
3422 2061 39 43 1 0
451 1684 41 36 1 0
2849 766 5 2 1 0
2742 790 5 2 1 0
3410 1182 10 18 1 0
4159 1622 39 43 2 0
3489 1075 9 15 2 0
2619 853 5 2 1 0
2971 974 9 8 1 0
3501 1591 18 18 1 0
3773 1228 10 18 1 0
2348 1440 17 19 1 0
4844 1545 14 20 1 0
2963 995 9 8 1 0
3627 1017 9 8 2 0
4417 976 9 8 1 0
3282 1077 10 18 1 0
3753 1360 18 18 1 0
2903 990 9 8 1 0
2567 846 5 2 1 0
4394 1146 16 20 1 0
3862 1545 18 18 1 0
2832 746 5 2 1 0
4882 1535 14 20 1 0
4194 1758 39 43 1 0
3929 1144 10 18 1 0
3346 823 5 2 1 0
3129 1082 10 18 2 0
4465 853 9 8 1 0
3384 1032 9 8 1 0
3514 1116 10 18 1 0
3726 1026 9 8 1 0
3833 977 9 8 1 0
1863 1838 41 36 1 0
33 1802 41 36 1 0
3374 868 5 2 1 0
3148 1115 10 18 1 0
3096 813 5 2 1 0
3600 988 9 8 1 0
2849 743 5 2 1 0
3059 982 9 8 1 0
3612 1049 9 8 1 0
4214 1104 16 20 1 0
3410 1236 10 18 1 0
2360 1353 17 19 1 0
4299 1451 14 20 1 0
2229 2005 41 36 1 0
4640 1134 16 20 1 0
2111 927 11 12 2 0
2232 1937 41 36 2 0
2881 753 5 2 1 0
3676 1052 9 8 1 0
1062 1657 17 19 1 0
4509 979 9 8 1 0
1967 1432 17 19 1 0
3218 1292 10 18 1 0
3365 801 5 2 1 0
3566 1311 10 18 1 0
3165 1329 10 18 1 0
1823 1401 17 19 1 0
567 2939 54 59 1 0
2837 900 9 8 1 0
1243 1852 41 36 2 0
3117 1207 10 18 1 0
2960 937 9 8 1 0
4867 1439 14 20 1 0
3810 1021 9 8 1 0
1446 2053 41 36 1 0
4209 939 9 8 1 0
693 2085 41 36 1 0
3154 926 9 8 1 0
3267 1048 9 8 1 0
367 1704 41 36 1 0
2880 920 9 8 1 0
2979 1303 10 18 1 0
3562 1919 39 43 1 0
4481 1069 16 20 1 0
3335 820 5 2 1 0
4175 1185 16 20 1 0
4228 777 9 8 1 0
3666 1205 10 18 1 0
4744 1082 16 20 1 0
4226 2351 58 63 1 0
3073 1059 9 10 1 0
3113 1014 9 8 1 0
3014 844 5 2 1 0
2824 933 9 8 1 0
3938 1323 10 18 1 0
4578 1664 39 43 1 0
4746 1901 39 43 1 0
4625 1102 16 20 1 0
3062 1271 10 18 1 0
3123 779 5 2 1 0
2646 861 5 2 1 0
3856 1378 18 18 1 0
4019 1082 10 18 1 0
3135 1030 9 8 1 0
3504 953 9 8 1 0
3594 1267 10 18 1 0
1536 1981 41 36 1 0
3924 2040 39 43 1 0
1312 1891 41 36 1 0
3881 945 9 8 1 0
3442 967 9 8 1 0
4296 1141 16 20 2 0
2984 835 5 2 1 0
3553 851 5 2 1 0
4122 1294 16 20 1 0
4141 1189 16 20 1 0
2323 1311 17 19 1 0
3500 1043 9 8 1 0
3042 1040 9 8 1 0
420 1942 41 36 1 0
2262 1127 11 12 1 0
1261 2248 49 47 1 0
2500 923 11 12 1 0
4094 1275 16 20 2 0
3835 1022 9 8 1 0
3612 987 9 8 1 0
268 1785 41 36 1 0
2471 1121 11 12 1 0
2963 796 5 2 1 0
2529 786 5 2 1 0
2975 874 5 2 1 0
669 1832 41 36 1 0
2111 930 11 12 2 0
2035 1127 11 12 1 0
4284 998 9 8 1 0
4093 845 9 8 1 0
113 2160 47 44 1 0
4008 1232 10 18 1 0
2578 825 5 2 1 0
3320 1057 9 10 1 0
2929 875 5 2 1 0
3056 1396 16 18 1 0
1621 2391 49 47 1 0
2858 845 5 2 1 0
3767 1422 18 18 1 0
2761 678 5 2 1 0
4110 1165 16 20 1 0
1883 1334 17 19 1 0
4665 1250 16 20 1 0
1841 1299 17 19 1 0
752 1826 41 36 2 0
2900 1021 9 8 1 0
3742 1212 10 18 1 0
3054 1067 9 10 1 0
4827 1524 14 20 1 0
3139 806 5 2 1 0
2245 1127 11 12 1 0
4595 1420 14 20 1 0
1547 1799 41 36 1 0
3454 860 5 2 1 0
3041 1000 9 8 1 0
3334 958 9 8 1 0
1484 1658 29 27 1 0
994 2469 49 47 1 0
4024 1311 10 18 1 0
4447 1322 15 20 1 0
4572 1020 9 8 1 0
4912 1685 39 43 1 0
3436 1014 9 8 1 0
4187 939 9 8 1 0
1931 1080 11 12 1 0
2707 989 8 6 1 0
3135 1243 10 18 1 0
468 1851 41 36 1 0
874 1799 41 36 1 0
3100 1386 18 18 1 0
983 1743 41 36 1 0
22 2065 43 38 1 0
316 2617 49 47 1 0
2733 687 5 2 1 0
3843 1253 10 18 1 0
3261 1005 9 8 1 0
3952 1378 18 18 2 0
2944 720 5 2 1 0
2715 825 5 2 1 0
2137 1000 11 12 1 0
1829 1449 17 19 1 0
1049 3258 54 59 1 0
3169 1159 10 18 1 0
2484 989 11 12 1 0
2898 958 9 8 1 0
1594 1590 17 19 1 0
3133 814 5 2 1 0
2916 932 9 8 1 0
4017 1507 18 18 1 0
3027 1037 9 8 1 0
2831 686 5 2 1 0
4499 1450 14 20 1 0
2870 828 5 2 1 0
2479 877 11 12 1 0
4376 1216 16 20 1 0
3635 1163 10 18 1 0
1630 1995 41 36 1 0
3520 1002 9 8 1 0
3805 1131 10 18 1 0
3214 846 5 2 1 0
3316 1115 10 18 1 0
2901 784 5 2 1 0
2848 926 9 8 1 0
3215 1201 10 18 1 0
3655 1049 9 8 1 0
3329 807 5 2 1 0
4375 2139 58 63 1 0
52 2152 47 44 1 0
2229 1141 11 12 1 0
3658 952 9 8 1 0
109 2826 54 59 1 0
4287 1175 16 20 1 0
2036 2946 54 59 1 0
3788 1134 10 18 1 0
642 1852 41 36 2 0
2998 1289 10 18 1 0
3447 1103 10 18 1 0
2257 1463 17 19 1 0
3559 1444 18 18 1 0
3097 753 5 2 1 0
1855 2027 41 36 1 0
3597 1488 18 18 1 0
3314 1083 10 18 1 0
3390 1444 18 18 1 0
3383 983 9 8 1 0
2530 810 5 2 1 0
2491 927 11 12 1 0
770 1820 41 36 2 0
1607 2106 41 36 1 0
2809 683 5 2 1 0
3185 1006 9 8 1 0
2210 1646 17 19 1 0
1793 1609 17 19 1 0
1409 2879 54 59 1 0
3343 980 9 8 1 0
2239 1083 11 12 1 0
2705 733 5 2 1 0
2870 699 5 2 1 0
3881 1153 10 18 1 0
1600 1471 17 19 1 0
2653 818 5 2 1 0
4287 1735 39 43 1 0
4263 1220 16 20 1 0
1190 2442 49 47 1 0
3655 1059 9 10 1 0
1620 1535 17 19 1 0
3467 1114 10 18 1 0
2962 1018 9 8 1 0
3655 1022 9 8 1 0
3702 1113 10 18 1 0
3808 2773 58 63 1 0
4269 1478 14 20 1 0
2590 823 5 2 1 0
3253 868 5 2 1 0
3133 1080 10 18 2 0
2141 2332 49 47 1 0
3218 1086 10 18 2 0
2757 733 5 2 1 0
4280 1662 39 43 1 0
3738 1255 10 18 1 0
3126 757 5 2 1 0
3735 1765 39 43 1 0
3447 1039 9 8 1 0
4290 1051 16 20 1 0
3782 1819 39 43 1 0
2934 969 9 8 1 0
3809 1226 10 18 1 0
3959 1237 10 18 1 0
707 1904 41 36 1 0
2001 1855 41 36 1 0
3248 1702 39 43 1 0
3603 1231 10 18 1 0
3537 921 9 8 1 0
3935 1038 9 8 1 0
4357 1218 16 20 1 0
1946 1779 41 36 2 0
1108 2420 49 47 2 0
2698 861 5 2 1 0
1441 1656 17 19 1 0
1588 2281 49 47 2 0
2755 677 5 2 1 0
3404 1352 18 18 1 0
4542 1154 16 20 1 0
1745 2797 54 59 1 0
3658 1218 10 18 1 0
3700 1021 9 8 1 0
4560 1417 14 20 1 0
3685 1037 9 8 2 0
1405 1659 35 31 1 0
2982 886 7 5 1 0
1126 1807 41 36 1 0
3611 1160 10 18 1 0
2889 979 9 8 1 0
3557 955 9 8 1 0
4389 1839 39 43 1 0
1721 2221 49 47 1 0
2862 734 5 2 1 0
3593 1075 9 15 2 0
2524 895 11 12 1 0
1911 1094 11 12 1 0
675 2605 49 47 1 0
3231 1599 18 18 1 0
4189 1592 14 20 1 0
3123 1413 18 18 1 0
2944 1106 10 18 1 0
3224 1082 10 18 2 0
4117 1893 39 43 1 0
1918 1907 41 36 1 0
3889 1551 18 18 1 0
3334 966 9 8 1 0
2308 1123 11 12 1 0
2755 751 5 2 1 0
3332 1417 18 18 1 0
3496 940 9 8 1 0
3696 2067 58 63 1 0
3237 1090 10 18 2 0
2160 945 11 12 1 0
2135 1809 41 36 1 0
2736 710 5 2 1 0
2933 915 9 8 1 0
3762 1113 10 18 1 0
3008 1108 10 18 1 0
3168 1021 9 8 1 0
1849 1556 17 19 1 0
2967 816 5 2 1 0
2140 1571 17 19 1 0
4282 1321 15 20 1 0
4010 1356 18 18 1 0
2925 849 5 2 1 0
1156 1665 35 31 2 0
2989 760 5 2 1 0
3310 1325 10 18 1 0
3597 1052 9 8 1 0
858 1851 41 36 1 0
2928 891 7 5 1 0
4445 1057 16 20 1 0
4573 1753 39 43 1 0
839 1749 41 36 2 0
4541 1004 9 8 1 0
2785 1295 15 22 1 0
3787 1153 10 18 1 0
4879 1234 16 20 1 0
3329 1871 39 43 1 0
4556 1970 39 43 1 0
8 3092 54 59 1 0
4214 1144 16 20 1 0
1248 1806 41 36 1 0
1879 2217 49 47 1 0
2751 1118 15 22 1 0
2994 1249 10 18 1 0
2957 970 9 8 1 0
2144 1787 41 36 1 0
3842 1687 39 43 1 0
2952 879 5 2 1 0
2491 886 11 12 1 0
4076 1158 16 20 1 0
2750 700 5 2 1 0
2873 1006 9 8 1 0
3234 991 9 8 1 0
4481 2288 58 63 1 0
2997 781 5 2 1 0
1496 1801 41 36 2 0
618 2439 49 47 1 0
3270 967 9 8 1 0
3408 1471 18 18 1 0
4886 2724 58 63 1 0
3141 1548 18 18 1 0
3150 944 9 8 1 0
627 2180 49 47 1 0
4354 1565 14 20 1 0
3612 1045 9 8 1 0
4546 1306 16 20 2 0
2515 934 11 12 1 0
1477 2481 49 47 1 0
4035 1571 18 18 1 0
3160 1584 18 18 1 0
3680 938 9 8 1 0
1295 1803 41 36 1 0
3528 993 9 8 1 0
839 1790 41 36 1 0
4686 1003 9 8 1 0
3268 895 9 8 1 0
3673 1271 10 18 1 0
3228 993 9 8 1 0
1649 2111 41 36 1 0
3346 820 5 2 1 0
2974 890 6 3 1 0
3181 964 9 8 1 0
3143 815 5 2 1 0
3917 1000 9 8 1 0
2894 804 5 2 1 0
1845 1670 23 23 1 0
3542 1617 23 24 1 0
4609 1561 14 20 1 0
3250 1313 10 18 1 0
3219 928 9 8 1 0
3891 1044 9 10 1 0
2028 1893 41 36 1 0
3914 1747 39 43 1 0
1314 2080 41 36 1 0
4621 1782 39 43 1 0
3794 1037 9 8 1 0
837 1653 17 19 1 0
536 2895 54 59 1 0
3151 832 5 2 1 0
3908 911 9 8 1 0
2163 1080 11 12 1 0
3938 1658 39 43 2 0
1358 1675 41 36 1 0
3542 1585 18 18 1 0
2651 831 5 2 1 0
4466 1320 15 20 1 0
3672 925 9 8 1 0
1049 1764 41 36 1 0
4815 1725 39 43 1 0
4452 952 9 8 1 0
3421 999 9 8 1 0
4312 1602 14 20 1 0
3335 1443 18 18 1 0
3507 1094 10 18 1 0
1793 1798 41 36 2 0
4218 1198 16 20 2 0
1933 1416 17 19 1 0
2961 1056 9 8 1 0
3294 1730 39 43 1 0
2935 1034 9 8 1 0
3231 951 9 8 1 0
3932 1166 10 18 1 0
4126 1131 16 20 1 0
4219 1627 39 43 1 0
4536 1376 14 20 1 0
3212 1180 10 18 1 0
2153 1587 17 19 1 0
2229 1003 11 12 1 0
3704 983 9 8 1 0
2501 797 5 2 1 0
3576 1080 10 18 1 0
3273 1006 9 8 1 0
1948 1348 17 19 1 0
2216 2052 41 36 1 0
3179 815 5 2 1 0
3950 1339 18 18 1 0
3349 1375 18 18 1 0
4244 954 9 8 1 0
3236 863 5 2 1 0
4634 1392 14 20 1 0
2907 836 5 2 1 0
2359 1637 17 19 1 0
2920 1180 10 18 1 0
3040 1166 10 18 1 0
1151 1414 17 19 1 0
3827 1156 10 18 1 0
3661 964 9 8 2 0
4149 1313 14 20 2 0
2211 1446 17 19 1 0
3166 832 5 2 1 0
2259 1076 11 12 1 0
3874 1137 10 18 2 0
2848 794 5 2 1 0
4384 1281 16 20 2 0
3910 1360 18 18 1 0
2846 1006 9 8 1 0
3325 991 9 8 1 0
2591 870 5 2 1 0
1870 1595 17 19 1 0
3901 1077 10 18 1 0
2522 927 11 12 1 0
1022 1855 41 36 1 0
3991 1190 10 18 1 0
2174 1676 35 31 1 0
3774 2039 39 43 1 0
3412 1037 9 8 1 0
3441 1515 18 18 1 0
3492 962 9 8 1 0
4280 1258 16 20 1 0
2799 979 9 8 1 0
4036 1120 10 18 1 0
1103 1692 41 36 1 0
3655 1100 10 18 1 0
2121 1618 17 19 1 0
3198 1036 9 8 1 0
2694 703 5 2 1 0
4560 1295 16 20 1 0
2029 2009 41 36 1 0
1811 1746 41 36 1 0
3212 1146 10 18 1 0
2721 736 5 2 1 0
3808 1246 10 18 2 0
3333 1028 9 8 1 0
2471 859 8 7 1 0
4434 1012 9 8 1 0
3779 1344 18 18 1 0
3274 1485 18 18 1 0
2968 1032 9 8 1 0
2062 2024 41 36 1 0
4422 1012 9 8 1 0
595 2017 41 36 1 0
714 3065 54 59 1 0
4180 1480 14 20 1 0
3996 1278 10 18 1 0
1956 1663 29 27 1 0
2846 947 9 8 2 0
3711 969 9 8 1 0
1195 1808 41 36 1 0
1046 2273 49 47 1 0
4022 1163 10 18 1 0
2531 965 11 12 1 0
3100 1278 10 18 1 0
3202 1188 10 18 1 0
2494 904 11 12 1 0
3201 1084 10 18 2 0
3338 1144 10 18 1 0
2681 1042 11 12 1 0
4006 1552 18 18 1 0
2358 1379 17 19 1 0
1653 1772 41 36 1 0
4289 1137 16 20 2 0
4476 1283 16 20 2 0
4529 2119 58 63 1 0
2812 957 9 8 1 0
3592 1280 10 18 1 0
2332 1465 17 19 1 0
2206 1007 11 12 1 0
2538 847 5 2 1 0
2996 890 7 5 1 0
3812 1241 10 18 2 0
3393 947 9 8 1 0
3476 1086 10 18 2 0
1959 1289 17 19 1 0
3200 1454 18 18 1 0
2881 798 5 2 1 0
2268 1671 23 23 1 0
3195 988 9 8 1 0
3497 960 9 8 1 0
4255 1182 16 20 1 0
4373 1196 16 20 1 0
3693 986 9 8 1 0
3003 1318 10 18 1 0
3369 1028 9 8 1 0
1560 1642 17 19 1 0
3083 947 9 8 1 0
3981 1138 10 18 1 0
1889 1552 17 19 1 0
1878 2132 41 36 1 0
4700 1272 16 20 1 0
4157 1132 16 20 1 0
2526 864 5 2 1 0
4639 1250 16 20 1 0
2825 1546 22 28 1 0
3757 1277 10 18 1 0
3486 1705 39 43 1 0
4123 1411 14 20 1 0
4174 1156 16 20 1 0
2098 1018 11 12 1 0
2514 911 11 12 2 0
3647 1007 9 8 1 0
3275 963 9 8 1 0
2699 694 5 2 1 0
3237 814 5 2 1 0
2895 878 5 2 1 0
4339 1243 16 20 1 0
3794 1426 18 18 1 0
3113 986 9 8 1 0
4828 1483 14 20 1 0
550 2006 41 36 1 0
3499 967 9 8 1 0
2918 972 9 8 1 0
3751 1009 9 8 1 0
3072 977 9 8 1 0
3364 1042 9 8 1 0
4136 1541 14 20 1 0
3796 992 9 8 1 0
3341 1392 18 18 1 0
2725 834 5 2 1 0
4139 1132 16 20 1 0
3019 778 5 2 1 0
2857 831 5 2 1 0
4401 873 9 8 1 0
1990 1594 17 19 1 0
3253 917 9 8 1 0
4557 984 9 8 1 0
2885 726 5 2 1 0
2823 847 5 2 1 0
4270 1243 16 20 1 0
1985 2711 54 59 1 0
3223 976 9 8 1 0
2216 1368 17 19 1 0
3195 831 5 2 1 0
1799 1853 41 36 1 0
3938 1284 10 18 1 0
1897 1378 17 19 1 0
3534 1208 10 18 1 0
1102 1760 41 36 1 0
3783 1165 10 18 1 0
2795 831 5 2 1 0
3552 1039 9 8 1 0
2106 1226 11 12 1 0
3164 900 9 8 1 0
153 1662 41 36 1 0
3710 975 9 8 1 0
3395 995 9 8 1 0
537 1765 41 36 1 0
526 1725 41 36 2 0
2851 728 5 2 1 0
2866 776 5 2 1 0
3885 1102 10 18 1 0
3109 923 9 8 1 0
3108 891 6 3 1 0
3124 1271 10 18 1 0
3155 942 9 8 1 0
2943 837 5 2 1 0
4546 2078 58 63 1 0
2526 881 5 2 1 0
3232 897 9 8 1 0
3032 1363 10 18 1 0
2328 1155 11 12 1 0
1933 1222 11 12 1 0
3464 932 9 8 1 0
3180 831 5 2 1 0
3013 857 5 2 1 0
2781 681 5 2 1 0
2994 736 5 2 1 0
3630 975 9 8 1 0
3057 908 9 8 1 0
2992 1097 10 18 1 0
4618 1253 16 20 1 0
428 2119 41 36 1 0
164 1824 41 36 1 0
2167 1098 11 12 1 0
4521 1082 16 20 1 0
4707 1686 39 43 1 0
1005 2967 54 59 1 0
3758 955 9 8 1 0
2858 701 5 2 1 0
2609 830 5 2 1 0
3026 1085 10 18 1 0
1440 1467 17 19 1 0
4431 952 9 8 1 0
4035 1193 10 18 2 0
2867 792 5 2 1 0
3138 847 5 2 1 0
2909 870 5 2 1 0
4077 1194 16 20 1 0
3037 901 9 8 1 0
1263 2946 54 59 1 0
2521 836 5 2 1 0
3071 912 9 8 1 0
4549 1020 9 8 1 0
192 1826 41 36 1 0
3480 937 9 8 1 0
2304 1065 11 12 1 0
3468 1044 9 8 1 0
2819 703 5 2 1 0
2551 899 6 4 1 0
3409 823 5 2 1 0
3347 1613 28 30 1 0
3236 1012 9 8 1 0
2800 781 5 2 1 0
3459 1286 10 18 1 0
3446 960 9 8 1 0
4318 1162 16 20 2 0
3769 1297 10 18 1 0
3368 825 5 2 1 0
3191 1325 10 18 1 0
3382 1117 10 18 1 0
3335 922 9 8 1 0
2877 840 5 2 1 0
3716 1394 18 18 1 0
3638 1085 10 18 1 0
2774 818 5 2 1 0
2921 1155 10 18 1 0
1732 2149 41 36 1 0
3720 1108 10 18 1 0
2923 717 5 2 1 0
3238 941 9 8 1 0
2544 771 5 2 1 0
2910 1037 9 8 1 0
3942 1109 10 18 1 0
400 1895 41 36 1 0
216 2721 54 59 1 0
2940 799 5 2 1 0
4429 1174 16 20 1 0
1613 1852 41 36 1 0
3767 1932 39 43 1 0
3076 1391 18 18 1 0
3690 938 9 8 1 0
2874 918 9 8 1 0
3223 1431 18 18 1 0
3703 1284 10 18 1 0
3155 833 5 2 1 0
4898 1424 14 20 1 0
2899 937 9 8 1 0
3113 884 5 2 1 0
806 2171 49 47 2 0
2307 1873 41 36 1 0
2916 940 9 8 1 0
3260 1387 18 18 1 0
4677 1878 39 43 1 0
3640 1416 18 18 1 0
1637 1712 41 36 1 0
3212 1115 10 18 2 0
3106 1157 10 18 1 0
2476 994 11 12 1 0
3123 1133 10 18 1 0
3952 1189 10 18 1 0
3912 979 9 8 1 0
2689 745 5 2 1 0
4490 1103 16 20 1 0
3962 1531 18 18 1 0
2098 1706 41 36 1 0
59 2492 50 50 1 0
1967 2815 54 59 1 0
2768 897 5 2 1 0
3065 853 5 2 1 0
2914 900 9 8 1 0
4005 1264 10 18 2 0
3951 998 9 8 1 0
3664 987 9 8 1 0
3711 2419 58 63 1 0
3692 1446 18 18 1 0
3196 815 5 2 1 0
3682 969 9 8 1 0
3289 992 9 8 1 0
4093 1131 16 20 1 0
3260 1023 9 8 1 0
4481 1211 16 20 1 0
1578 3039 54 59 1 0
3934 3023 58 63 1 0
2533 955 11 12 1 0
3784 1267 10 18 1 0
3224 1259 10 18 1 0
2775 846 5 2 1 0
2873 772 5 2 1 0
1439 2114 41 36 1 0
4753 1053 16 20 1 0
3730 1494 18 18 1 0
2221 1538 17 19 1 0
3469 1005 9 8 2 0
4415 1201 16 20 1 0
3254 935 9 8 1 0
3063 944 9 8 1 0
1952 1141 11 12 1 0
4469 1504 14 20 1 0
2741 688 5 2 1 0
2838 868 5 2 1 0
3120 964 9 8 1 0
3309 1141 10 18 1 0
1271 1601 17 19 1 0
718 1672 41 36 1 0
4229 1662 39 43 1 0
3160 974 9 8 1 0
4806 1572 14 20 1 0
3332 994 9 8 1 0
3630 1060 9 13 1 0
4888 1387 14 20 1 0
1832 1914 41 36 2 0
825 1837 41 36 1 0
2914 1046 10 11 1 0
4699 1360 14 20 1 0
2949 844 5 2 1 0
595 2364 49 47 1 0
3664 1462 18 18 1 0
2160 1770 41 36 1 0
4079 1221 16 20 1 0
2536 795 5 2 1 0
3415 1402 18 18 1 0
2990 908 9 8 1 0
2333 1261 14 15 1 0
3043 872 5 2 1 0
2546 916 11 12 1 0
2868 860 5 2 1 0
3337 901 9 8 1 0
3607 1138 10 18 1 0
3033 1267 10 18 1 0
2282 1311 17 19 1 0
1000 1909 41 36 1 0
3895 2021 39 43 1 0
3729 1982 39 43 1 0
3632 1012 9 8 1 0
3348 814 5 2 1 0
3671 1149 10 18 1 0
3202 1079 10 18 2 0
3610 1220 10 18 1 0
3009 1299 10 18 1 0
3314 830 5 2 1 0
707 1770 41 36 2 0
1364 1515 17 19 1 0
2860 1087 15 22 1 0
46 2971 54 59 1 0
3041 781 5 2 1 0
3523 974 9 8 1 0
4564 1340 14 20 1 0
3088 932 9 8 1 0
1812 1522 17 19 1 0
2187 2565 49 47 1 0
3296 1000 9 8 1 0
3939 1266 10 18 1 0
456 2709 54 59 1 0
4145 1625 39 43 2 0
3795 1537 18 18 1 0
3216 829 5 2 1 0
2703 763 5 2 1 0
3544 962 9 8 1 0
3748 966 9 8 1 0
3678 1521 18 18 1 0
4393 1282 16 20 2 0
2513 968 11 12 1 0
3916 1919 39 43 1 0
3428 1368 18 18 1 0
4121 852 9 8 1 0
2889 939 9 8 1 0
3138 1294 10 18 1 0
1513 1670 23 23 1 0
2758 804 5 2 1 0
4776 2459 58 63 1 0
2514 913 11 12 2 0
3533 1011 9 8 1 0
3096 903 9 8 1 0
2814 821 5 2 1 0
2116 1945 41 36 1 0
3182 1235 10 18 1 0
3550 931 9 8 1 0
3698 1550 18 18 1 0
3755 1532 18 18 1 0
1322 1708 41 36 1 0
4226 1305 16 20 1 0
4408 1036 9 8 1 0
3226 991 9 8 1 0
2147 1018 11 12 1 0
2511 989 11 12 1 0
2992 1030 9 8 1 0
4489 1926 39 43 1 0
2890 703 5 2 1 0
3619 1201 10 18 1 0
471 2865 54 59 1 0
3124 988 9 8 1 0
916 2344 49 47 1 0
3232 1018 9 8 1 0
3613 970 9 8 1 0
4750 1293 16 20 1 0
2219 1141 11 12 1 0
1609 2681 49 47 1 0
3474 1074 10 18 1 0
1164 1732 41 36 1 0
3247 1014 9 8 1 0
4627 1860 39 43 1 0
449 1831 41 36 1 0
2856 1028 9 8 1 0
3508 919 9 8 1 0
3429 992 9 8 1 0
2475 1077 11 12 1 0
640 1797 41 36 1 0
2603 804 5 2 1 0
1434 1744 41 36 1 0
2147 1094 11 12 1 0
364 1960 41 36 1 0
1998 2280 49 47 1 0
3178 1096 10 18 1 0
1458 1779 41 36 1 0
3490 1072 9 13 2 0
3177 774 5 2 1 0
3264 1083 10 18 2 0
3185 852 5 2 1 0
4579 1018 9 8 1 0
4029 1668 39 43 1 0
3295 1010 9 8 1 0
3119 849 5 2 1 0
4050 1177 10 18 1 0
1606 2170 49 47 1 0
464 1980 41 36 1 0
2815 713 5 2 1 0
3488 1039 9 8 1 0
2811 714 5 2 1 0
3633 985 9 8 1 0
2556 851 5 2 1 0
3633 1091 10 18 1 0
4001 1718 39 43 1 0
4278 1302 16 20 1 0
2125 2364 49 47 2 0
1256 2122 41 36 1 0
1980 1659 23 23 1 0
2784 678 5 2 1 0
1015 2060 41 36 1 0
3740 1379 18 18 1 0
1542 1876 41 36 1 0
3351 929 9 8 1 0
3079 1269 10 18 1 0
2229 1288 17 19 1 0
3932 1611 28 30 1 0
1919 2342 49 47 2 0
4280 1017 9 8 1 0
3612 958 9 8 1 0
3206 1343 18 18 1 0
1852 1101 11 12 1 0
2960 757 5 2 1 0
3146 1229 10 18 1 0
3961 1766 39 43 1 0
800 2191 49 47 2 0
2715 755 5 2 1 0
2127 1291 17 19 1 0
3270 1107 10 18 1 0
2550 855 5 2 1 0
2879 1143 15 22 1 0
2776 750 5 2 1 0
4670 1812 39 43 1 0
4731 1428 14 20 1 0
2766 678 5 2 1 0
2553 881 5 2 1 0
2802 730 5 2 1 0
850 2385 49 47 1 0
3320 1161 10 18 1 0
4112 1323 14 20 1 0
4536 1322 15 20 1 0
3908 1528 18 18 1 0
2973 943 9 8 1 0
3570 1094 10 18 1 0
2872 685 5 2 1 0
2684 830 5 2 1 0
3179 1107 10 18 2 0
3294 980 9 8 1 0
2937 1175 10 18 1 0
2006 1952 41 36 1 0
2495 870 11 12 1 0
4448 1785 39 43 1 0
3591 1108 10 18 1 0
238 2976 54 59 1 0
2054 1701 41 36 1 0
4707 1237 16 20 1 0
3467 1006 9 8 2 0
2127 2163 49 47 1 0
2445 1069 11 12 1 0
3791 1096 10 18 1 0
305 2992 54 59 1 0
3723 1229 10 18 1 0
1800 1316 17 19 1 0
3055 875 5 2 1 0
4369 855 9 8 1 0
3072 850 5 2 1 0
3938 998 9 8 1 0
1998 1789 41 36 1 0
3099 800 5 2 1 0
1837 1254 11 12 1 0
1884 3098 54 59 1 0
1821 2801 54 59 1 0
4556 1081 16 20 1 0
2295 1160 11 12 1 0
3749 1065 9 13 1 0
3610 1079 9 15 1 0
2795 775 5 2 1 0
4295 978 9 8 1 0
3804 1659 39 43 1 0
594 2309 49 47 1 0
1774 2235 49 47 1 0
2517 885 5 2 1 0
1809 1411 17 19 1 0
2117 1214 11 12 1 0
2326 1404 17 19 1 0
827 2769 54 59 1 0
2871 712 5 2 1 0
4209 1455 14 20 1 0
4168 944 9 8 1 0
4010 1650 39 43 1 0
4111 1264 16 20 1 0
3151 826 5 2 1 0
4861 1369 14 20 1 0
3556 839 5 2 1 0
3493 1335 18 18 1 0
4058 1253 10 18 1 0
3258 1119 10 18 2 0
3109 955 9 8 1 0
1436 1537 17 19 1 0
2000 1818 41 36 1 0
3496 1074 9 13 1 0
4439 977 9 8 1 0
2589 814 5 2 1 0
3702 993 9 8 1 0
3323 1078 10 18 1 0
3837 989 9 8 1 0
179 1945 41 36 1 0
1063 1728 41 36 1 0
2783 753 5 2 1 0
4405 1122 16 20 1 0
3585 965 9 8 1 0
2524 821 5 2 1 0
3018 1061 9 10 1 0
1020 2196 49 47 1 0
3749 1086 10 18 1 0
2147 1076 11 12 1 0
3764 963 9 8 1 0
2854 792 5 2 1 0
3311 1092 10 18 2 0
3002 721 5 2 1 0
3276 1375 18 18 1 0
2749 724 5 2 1 0
2946 1032 9 8 1 0
3073 895 7 5 1 0
2861 780 5 2 1 0
2318 1105 11 12 1 0
3623 972 9 8 1 0
3256 1106 10 18 2 0
2772 715 5 2 1 0
2987 854 5 2 1 0
4711 1261 16 20 1 0
348 2456 49 47 1 0
3352 898 9 8 1 0
2371 1623 17 19 1 0
4487 1958 39 43 1 0
1707 1895 41 36 1 0
2747 719 5 2 1 0
2541 841 5 2 1 0
3089 1066 9 13 1 0
3910 1180 10 18 1 0
3218 1571 18 18 1 0
1827 2050 41 36 1 0
2956 728 5 2 1 0
4413 1329 14 20 1 0
3443 1405 18 18 1 0
1064 3127 54 59 1 0
3511 1200 10 18 1 0
2926 799 5 2 1 0
3422 928 9 8 1 0
2770 681 5 2 1 0
3421 903 9 8 1 0
3585 977 9 8 1 0
404 2736 54 59 1 0
3200 842 5 2 1 0
4856 1700 39 43 1 0
3637 1664 39 43 1 0
2535 979 11 12 1 0
2715 795 5 2 1 0
3124 849 5 2 1 0
2982 950 9 8 1 0
3455 1344 18 18 1 0
4055 1278 10 18 1 0
2947 1201 10 18 1 0
3259 985 9 8 1 0
2180 1112 11 12 1 0
1385 2736 54 59 1 0
4373 1032 9 8 1 0
874 3103 54 59 1 0
4465 2376 58 63 1 0
3700 1007 9 8 1 0
2975 997 9 8 1 0
4048 1141 10 18 1 0
672 1742 41 36 2 0
2837 874 5 2 1 0
3591 1050 9 8 1 0
2839 742 5 2 1 0
1135 1987 41 36 1 0
1388 1948 41 36 1 0
3409 1128 10 18 1 0
3629 1496 18 18 1 0
1589 1638 17 19 1 0
3443 1240 10 18 1 0
4265 1422 14 20 1 0
3208 908 9 8 1 0
1877 2379 49 47 1 0
2499 829 5 2 1 0
4645 1380 14 20 1 0
3923 1266 10 18 1 0
3555 1057 9 10 1 0
1660 2833 54 59 1 0
3310 1075 10 18 2 0
3323 948 9 8 1 0
3370 1391 18 18 1 0
2831 693 5 2 1 0
3450 1726 39 43 1 0
4721 1044 10 11 1 0
1775 1244 11 12 1 0
2684 701 5 2 1 0
2886 752 5 2 1 0
1944 1025 11 12 1 0
3683 2256 58 63 1 0
4704 1099 16 20 1 0
4368 1914 39 43 1 0
3032 880 5 2 1 0
3581 1399 18 18 1 0
3638 1552 18 18 1 0
787 1710 41 36 1 0
2039 967 11 12 1 0
1892 1901 41 36 1 0
3345 1282 10 18 1 0
1398 2704 54 59 1 0
4096 1229 16 20 1 0
1235 1729 41 36 2 0
4088 1293 16 20 2 0
2869 842 5 2 1 0
2554 814 5 2 1 0
3335 927 9 8 1 0
4022 2404 58 63 1 0
3673 937 9 8 1 0
3259 1213 10 18 1 0
3199 1599 18 18 1 0
3301 1297 10 18 1 0
1514 1479 17 19 1 0
2654 853 5 2 1 0
3617 1056 9 8 1 0
3303 914 9 8 1 0
2539 771 5 2 1 0
4192 1518 14 20 1 0
2682 851 5 2 1 0
1950 1267 12 13 1 0
1226 2341 49 47 1 0
2109 1765 41 36 1 0
2912 844 5 2 1 0
888 1979 41 36 1 0
2846 1054 12 15 1 0
3179 890 8 6 1 0
4118 1564 14 20 1 0
3471 855 5 2 1 0
3241 1527 18 18 1 0
3720 1297 10 18 2 0
2862 821 5 2 1 0
3653 1339 18 18 1 0
2118 1439 17 19 1 0
2876 971 9 8 1 0
3046 1110 10 18 1 0
3689 979 9 8 1 0
2619 901 5 2 1 0
4221 1511 14 20 1 0
2782 770 5 2 1 0
3733 1113 10 18 1 0
4494 1326 14 20 1 0
3522 1300 10 18 1 0
3946 1297 10 18 1 0
3639 860 5 2 1 0
3141 982 9 8 1 0
3082 1167 10 18 1 0
1614 1587 17 19 1 0
3233 1095 10 18 2 0
2831 934 9 8 1 0
3212 1076 10 18 2 0
4346 2049 39 43 1 0
2210 1835 41 36 2 0
4274 2331 58 63 1 0
1926 1381 17 19 1 0
2244 1221 11 12 1 0
3324 845 5 2 1 0
823 1685 35 31 1 0
3184 1250 10 18 1 0
2754 721 5 2 1 0
4092 2293 58 63 1 0
2706 720 5 2 1 0
3504 941 9 8 1 0
4311 1167 16 20 2 0
2267 1396 17 19 1 0
3824 914 9 8 1 0
2165 1491 17 19 1 0
771 2723 54 59 1 0
3559 929 9 8 1 0
1686 2232 49 47 1 0
3859 1323 10 18 1 0
3371 957 9 8 1 0
4270 1560 14 20 1 0
3304 950 9 8 1 0
4182 1204 16 20 2 0
2522 941 11 12 1 0
2739 727 5 2 1 0
1869 1387 17 19 1 0
3121 1050 9 10 1 0
2050 1588 17 19 1 0
4474 1303 16 20 1 0
2050 1320 17 19 1 0
3581 988 9 8 1 0
2491 1008 11 12 1 0
3624 993 9 8 1 0
4008 1265 10 18 2 0
3463 1140 10 18 1 0
3478 838 5 2 1 0
3360 1104 10 18 1 0
3415 813 5 2 1 0
2246 1601 17 19 1 0
2352 1678 17 19 1 0
568 3069 54 59 1 0
3815 1072 10 18 1 0
4440 1034 9 8 1 0
2285 1275 17 19 1 0
3889 1849 39 43 1 0
3281 852 5 2 1 0
3987 1625 39 43 1 0
2609 819 5 2 1 0
3553 1009 9 8 1 0
2994 916 9 8 1 0
2492 963 11 12 2 0
2876 737 5 2 1 0
3819 1003 9 8 1 0
3342 1107 10 18 1 0
3483 833 5 2 1 0
3432 1550 18 18 1 0
2521 799 5 2 1 0
3464 925 9 8 1 0
4314 1199 16 20 2 0
2996 829 5 2 1 0
3530 939 9 8 1 0
2766 748 5 2 1 0
1795 2963 54 59 1 0
2576 836 5 2 1 0
3172 938 9 8 1 0
2483 915 11 12 2 0
2894 1056 10 11 1 0
3846 1957 39 43 1 0
4005 1102 10 18 2 0
2198 1680 29 27 1 0
2592 857 5 2 1 0
3429 1131 10 18 1 0
2867 846 5 2 1 0
3153 905 9 8 1 0
2131 1836 41 36 1 0
3298 937 9 8 1 0
4129 1490 14 20 1 0
1540 1752 41 36 1 0
3205 1369 18 18 1 0
4282 1212 16 20 2 0
4568 1606 14 20 1 0
1024 1715 41 36 1 0
4780 1037 9 8 1 0
3159 791 5 2 1 0
4673 1029 9 8 1 0
3386 1209 10 18 1 0
3807 2032 39 43 1 0
3690 954 9 8 1 0
3877 976 9 8 1 0
2888 873 5 2 1 0
3435 863 5 2 1 0
3526 989 9 8 1 0
2900 884 5 2 1 0
3281 955 9 8 1 0
3310 1040 9 8 1 0
3749 1295 10 18 1 0
3640 1029 9 8 1 0
3380 862 5 2 1 0
3464 828 5 2 1 0
3969 1090 10 18 1 0
2828 746 5 2 1 0
4210 1201 16 20 2 0
3130 1313 10 18 1 0
2247 1935 41 36 2 0
4782 1245 16 20 1 0
3014 863 5 2 1 0
3374 930 9 8 1 0
3592 1009 9 8 1 0
4679 1319 15 20 1 0
2835 932 9 8 1 0
2903 717 5 2 1 0
2782 722 5 2 1 0
2741 853 5 2 1 0
3274 1396 18 18 1 0
2795 770 5 2 1 0
3253 1650 39 43 1 0
3317 1471 18 18 1 0
3217 1020 9 8 1 0
3095 837 5 2 1 0
2337 1105 11 12 1 0
4138 1160 16 20 2 0
3037 1217 10 18 1 0
3480 1350 18 18 1 0
4751 1478 14 20 1 0
3391 862 5 2 1 0
3237 1187 10 18 1 0
2391 1215 11 12 1 0
2561 801 5 2 1 0
3341 1125 10 18 1 0
3607 980 9 8 1 0
2298 1347 17 19 1 0
3480 1412 18 18 1 0
2783 735 5 2 1 0
3866 1203 10 18 1 0
3714 1358 18 18 1 0
821 2319 49 47 1 0
3343 1917 39 43 1 0
2590 843 5 2 1 0
3907 1002 9 8 1 0
3837 1625 39 43 1 0
2504 883 11 12 1 0
4224 2446 58 63 1 0
3426 965 9 8 1 0
3514 957 9 8 1 0
3134 1102 10 18 2 0
3788 979 9 8 1 0
3603 1520 18 18 1 0
3646 1154 10 18 1 0
3473 914 9 8 1 0
2846 889 6 3 1 0
3526 1322 10 18 1 0
3957 982 9 8 1 0
3109 1134 10 18 1 0
3616 939 9 8 1 0
4695 2056 39 43 1 0
3849 1597 18 18 1 0
3242 995 9 8 2 0
2511 857 5 2 1 0
3755 1146 10 18 1 0
2497 891 11 12 1 0
2713 716 5 2 1 0
3452 1057 9 13 1 0
3613 1013 9 8 1 0
3624 939 9 8 1 0
3842 1145 10 18 1 0
3708 938 9 8 1 0
2232 1982 41 36 2 0
3297 815 5 2 1 0
1696 1859 41 36 1 0
3655 1855 39 43 1 0
3261 1284 10 18 1 0
3172 994 9 8 1 0
2848 855 5 2 1 0
3553 853 5 2 1 0
4394 1574 14 20 1 0
3703 1509 18 18 1 0
1293 2171 49 47 1 0
4137 1360 14 20 1 0
1921 1591 17 19 1 0
3553 1019 9 8 1 0
3327 1828 39 43 1 0
4295 1404 14 20 1 0
2860 765 5 2 1 0
4762 1186 16 20 1 0
3176 963 9 8 1 0
3679 974 9 8 1 0
4169 1434 14 20 1 0
3527 838 5 2 1 0
2486 908 11 12 1 0
4714 2145 58 63 1 0
3253 911 9 8 1 0
4152 948 9 8 1 0
1743 1962 41 36 1 0
2221 1747 41 36 1 0
2521 804 5 2 1 0
2108 1204 11 12 1 0
3845 2621 58 63 1 0
2150 1210 11 12 1 0
3742 1272 10 18 1 0
277 1719 41 36 1 0
2945 961 9 8 1 0
3499 1012 9 8 1 0
3202 815 5 2 1 0
3220 1102 10 18 1 0
647 1650 41 36 1 0
2879 1102 15 22 1 0
3738 1441 18 18 1 0
3358 1221 10 18 1 0
3648 1070 9 15 1 0
3758 969 9 8 1 0
3478 1213 10 18 1 0
2948 937 9 8 1 0
4013 1296 10 18 1 0
1254 1700 41 36 2 0
3562 990 9 8 1 0
3849 1003 9 8 1 0
2918 915 9 8 1 0
2281 1080 11 12 2 0
3180 1114 10 18 2 0
3396 1511 18 18 1 0
3409 1200 10 18 1 0
796 1931 41 36 1 0
256 3251 54 59 1 0
3427 844 5 2 1 0
4702 1164 16 20 1 0
4379 991 9 8 1 0
2914 703 5 2 1 0
3475 1131 10 18 1 0
3835 1132 10 18 1 0
4094 1619 27 31 1 0
3211 1659 39 43 2 0
2844 734 5 2 1 0
3874 1136 10 18 2 0
1855 1234 11 12 1 0
3370 935 9 8 1 0
3644 977 9 8 1 0
3259 1748 39 43 1 0
185 1897 41 36 1 0
3242 1045 9 8 1 0
3524 1470 18 18 1 0
3972 1172 10 18 1 0
1943 1135 11 12 1 0
4454 1434 14 20 1 0
2108 3021 54 59 1 0
3217 956 9 8 1 0
3502 1250 10 18 1 0
3624 920 9 8 1 0
3750 1322 10 18 1 0
2470 957 11 12 1 0
2758 801 5 2 1 0
4610 1643 39 43 1 0
3005 823 5 2 1 0
3758 1099 10 18 1 0
4070 1299 10 18 1 0
2095 1007 11 12 2 0
4221 1724 39 43 1 0
2866 846 5 2 1 0
3456 1020 9 8 1 0
3692 1000 9 8 1 0
3716 1285 10 18 1 0
3935 2158 58 63 1 0
3151 1081 10 18 2 0
3480 2042 39 43 1 0
4890 1364 14 20 1 0
1590 2299 49 47 2 0
4479 1818 39 43 1 0
2879 959 9 8 1 0
4088 1173 16 20 1 0
3276 1605 23 24 1 0
2946 745 5 2 1 0
428 1780 41 36 1 0
3569 994 9 8 1 0
1393 1596 17 19 1 0
3459 1154 10 18 1 0
1532 1926 41 36 1 0
4791 2042 39 43 1 0
3934 2107 58 63 1 0
1430 1486 17 19 1 0
3185 954 9 8 1 0
2160 2264 49 47 1 0
4605 1498 14 20 1 0
3179 866 5 2 1 0
4006 2109 58 63 1 0
4622 1199 16 20 1 0
4883 1110 16 20 1 0
1380 1854 41 36 1 0
2521 858 5 2 1 0
3597 944 9 8 1 0
2360 1330 17 19 1 0
2587 833 5 2 1 0
2864 736 5 2 1 0
3887 1356 18 18 1 0
2543 904 11 12 1 0
2144 1010 11 12 1 0
3882 1003 9 8 1 0
3383 989 9 8 1 0
3124 1398 18 18 1 0
3482 983 9 8 1 0
3125 866 5 2 1 0
2122 1346 17 19 1 0
2841 932 9 8 1 0
3056 940 9 8 1 0
3715 1158 10 18 1 0
4798 1497 14 20 1 0
3874 1413 18 18 1 0
4225 1235 16 20 1 0
4680 1595 14 20 1 0
3888 1030 9 8 1 0
3536 1049 9 8 1 0
4313 1332 14 20 1 0
3047 962 9 8 1 0
3067 1321 10 18 1 0
3933 1084 10 18 1 0
3152 1007 9 8 1 0
1780 2484 49 47 1 0
1887 1418 17 19 1 0
3616 959 9 8 1 0
2746 719 5 2 1 0
1336 1801 41 36 2 0
4136 1784 39 43 2 0
3134 829 5 2 1 0
3956 2342 58 63 1 0
761 1642 35 31 1 0
4589 1171 16 20 1 0
2925 770 5 2 1 0
3872 1072 10 18 1 0
815 2836 54 59 1 0
4057 1229 10 18 1 0
2988 1261 10 18 1 0
216 1946 41 36 1 0
2708 1056 10 11 1 0
2321 1069 11 12 1 0
4250 1237 16 20 1 0
2879 844 5 2 1 0
3978 1161 10 18 1 0
889 1854 41 36 2 0
3972 1219 10 18 1 0
2249 1191 11 12 1 0
3205 982 9 8 1 0
2482 928 11 12 1 0
1400 2425 49 47 1 0
3506 1268 10 18 1 0
2545 930 11 12 1 0
2226 1930 41 36 2 0
3765 1035 9 8 1 0
1728 1688 23 23 1 0
3850 989 9 8 1 0
4704 1309 15 20 1 0
4479 979 9 8 1 0
3657 940 9 8 1 0
2572 863 5 2 1 0
3223 1091 10 18 2 0
3698 948 9 8 1 0
3054 1016 9 8 1 0
2024 2332 49 47 2 0
4786 1194 16 20 1 0
3070 999 9 8 1 0
401 1704 41 36 1 0
3291 1018 9 8 1 0
3732 940 9 8 1 0
3364 1356 18 18 1 0
3045 810 5 2 1 0
2873 988 9 8 1 0
3746 1394 18 18 1 0
3965 1379 18 18 1 0
3252 958 9 8 1 0
2186 1123 11 12 1 0
2876 895 6 3 1 0
3270 957 9 8 1 0
3872 1516 18 18 1 0
2692 743 5 2 1 0
3152 956 9 8 1 0
2838 767 5 2 1 0
4746 1239 16 20 1 0
4402 1358 14 20 1 0
4149 1380 14 20 1 0
3529 863 5 2 1 0
4445 1540 14 20 1 0
3734 1026 9 8 1 0
3556 1353 18 18 1 0
2512 949 11 12 1 0
4247 1281 16 20 1 0
3226 1314 10 18 1 0
3031 891 9 8 1 0
872 3268 54 59 1 0
3362 1830 39 43 1 0
3040 1020 9 8 1 0
3106 1430 18 18 1 0
2647 888 5 2 1 0
3450 844 5 2 1 0
4238 1227 16 20 1 0
3252 1035 9 8 1 0
2565 863 5 2 1 0
3493 929 9 8 1 0
3232 976 9 8 1 0
3598 1038 9 8 1 0
4814 1681 39 43 1 0
3311 834 5 2 1 0
3856 1072 10 18 1 0
3101 980 9 8 1 0
1967 1169 11 12 1 0
867 1609 17 19 1 0
1294 2032 41 36 1 0
2806 734 5 2 1 0
3520 1009 9 8 1 0
2838 729 5 2 1 0
4156 1687 39 43 1 0
2332 1654 17 19 1 0
3035 913 9 8 1 0
3716 932 9 8 1 0
4748 1405 14 20 1 0
1712 1931 41 36 1 0
3952 1367 18 18 2 0
3172 944 9 8 1 0
3154 936 9 8 1 0
4720 1088 16 20 1 0
1525 1892 41 36 1 0
3575 1324 10 18 1 0
4444 952 9 8 1 0
3678 1040 9 8 1 0
4322 1321 15 20 1 0
2201 1763 41 36 1 0
3359 809 5 2 1 0
2696 830 5 2 1 0
4661 1024 9 8 1 0
2462 1181 11 12 1 0
2134 1087 11 12 1 0
3275 823 5 2 1 0
1155 2270 49 47 1 0
2315 1654 17 19 1 0
3553 1141 10 18 1 0
3808 1588 18 18 1 0
2793 681 5 2 1 0
4306 978 9 8 1 0
1172 2657 49 47 1 0
4471 1010 9 8 1 0
3674 1110 10 18 1 0
3002 898 9 8 1 0
145 2123 45 41 1 0
3548 1043 9 8 1 0
4183 1287 16 20 2 0
4683 1553 14 20 1 0
4392 1007 9 8 1 0
4540 1427 14 20 1 0
4143 1156 16 20 2 0
3444 1006 9 8 1 0
3845 1269 10 18 1 0
673 2045 41 36 1 0
4057 1115 10 18 1 0
2512 927 11 12 1 0
4161 1353 14 20 1 0
976 2820 54 59 1 0
1066 1900 41 36 1 0
2154 1418 17 19 1 0
3279 891 8 6 1 0
3496 947 9 8 1 0
740 1704 41 36 1 0
3079 1217 10 18 1 0
4498 1381 14 20 1 0
3432 1098 10 18 1 0
3551 1094 10 18 1 0
4501 1079 16 20 2 0
2777 766 5 2 1 0
3196 847 5 2 1 0
138 2794 54 59 1 0
3463 1101 10 18 1 0
2188 1883 41 36 1 0
2509 864 5 2 1 0
3416 1067 9 13 1 0
3418 1225 10 18 1 0
2149 1176 11 12 1 0
4348 1434 14 20 1 0
3558 1411 18 18 1 0
4064 1145 10 18 1 0
2821 798 5 2 1 0
4369 1183 16 20 1 0
2825 963 9 8 1 0
3222 1112 10 18 2 0
3647 1059 9 13 1 0
3243 993 9 8 2 0
3326 1546 18 18 1 0
3611 1436 18 18 1 0
4006 1327 10 18 1 0
2675 818 5 2 1 0
4307 991 9 8 1 0
4282 1189 16 20 2 0
3487 1285 10 18 1 0
4654 1084 16 20 1 0
2854 740 5 2 1 0
2743 679 5 2 1 0
4082 1093 16 20 1 0
895 1669 35 31 1 0
2291 1131 11 12 1 0
1968 1332 17 19 1 0
2441 1298 17 19 1 0
2200 2118 41 36 1 0
3628 1146 10 18 1 0
3884 976 9 8 1 0
3540 835 5 2 1 0
1821 1807 41 36 2 0
2504 818 5 2 1 0
3439 824 5 2 1 0
2749 754 5 2 1 0
4364 1329 14 20 1 0
4473 979 9 8 1 0
3306 1088 10 18 2 0
4302 957 9 8 1 0
850 2441 49 47 1 0
2351 1660 17 19 1 0
1802 1665 29 27 1 0
3608 1603 28 30 1 0
1241 1728 41 36 2 0
1870 1780 41 36 1 0
2722 717 5 2 1 0
2950 817 5 2 1 0
3447 2130 43 48 1 0
2847 728 5 2 1 0
748 1990 41 36 1 0
4781 1355 14 20 1 0
3188 846 5 2 1 0
4424 1456 14 20 1 0
3054 1208 10 18 1 0
495 1813 41 36 1 0
4758 1108 16 20 1 0
1954 1829 41 36 1 0
3917 1105 10 18 1 0
2889 846 5 2 1 0
4402 1481 14 20 1 0
3189 893 9 8 1 0
4477 1009 9 8 1 0
2293 1583 17 19 1 0
4456 1012 9 8 1 0
2964 1299 10 18 1 0
1610 1489 17 19 1 0
2283 1513 17 19 1 0
3822 939 9 8 1 0
2973 745 5 2 1 0
3228 1159 10 18 1 0
552 1831 41 36 1 0
3212 945 9 8 1 0
4217 1175 16 20 2 0
3174 1433 18 18 1 0
2942 876 5 2 1 0
3575 2364 58 63 1 0
2472 931 11 12 1 0
3333 914 9 8 2 0
2929 784 5 2 1 0
3642 1630 39 43 1 0
887 2503 49 47 1 0
4435 1661 39 43 1 0
2495 805 5 2 1 0
1902 1667 29 27 1 0
4499 1707 39 43 1 0
4679 1062 16 20 1 0
4548 1223 16 20 1 0
3405 906 9 8 1 0
4286 1199 16 20 2 0
2260 1170 11 12 1 0
4343 1773 39 43 1 0
3052 753 5 2 1 0
4403 951 9 8 1 0
3976 1570 18 18 1 0
3026 820 5 2 1 0
3605 1538 18 18 1 0
1610 2313 49 47 2 0
2589 805 5 2 1 0
3599 977 9 8 1 0
3225 922 9 8 1 0
3156 829 5 2 1 0
2287 1651 17 19 1 0
3508 1168 10 18 1 0
4000 1449 18 18 1 0
1898 1730 41 36 1 0
3711 1445 18 18 1 0
4015 1217 10 18 1 0
3343 857 5 2 1 0
3461 1365 18 18 1 0
3265 827 5 2 1 0
2099 2237 49 47 1 0
3156 1437 18 18 1 0
2830 728 5 2 1 0
3233 907 9 8 1 0
3170 1098 10 18 1 0
2769 901 7 5 1 0
4093 1481 16 19 1 0
3851 936 9 8 1 0
3948 1142 10 18 2 0
4439 1407 14 20 1 0
4887 1150 16 20 1 0
105 1938 41 36 1 0
380 1931 41 36 1 0
892 1709 41 36 1 0
4699 1009 9 8 1 0
4074 1169 10 18 1 0
4240 1489 14 20 1 0
2291 1141 11 12 1 0
3886 928 9 8 1 0
1874 2069 41 36 1 0
3011 1008 9 8 1 0
3398 853 5 2 1 0
2904 717 5 2 1 0
2170 1123 11 12 1 0
3270 939 9 8 1 0
3818 973 9 8 1 0
2137 1242 11 12 1 0
319 1998 41 36 1 0
4341 1679 39 43 1 0
3900 1301 10 18 1 0
3642 927 9 8 1 0
2916 724 5 2 1 0
3869 931 9 8 1 0
403 2821 54 59 1 0
2072 1535 17 19 1 0
3589 964 9 8 1 0
3337 950 9 8 1 0
3153 815 5 2 1 0
1840 1865 41 36 1 0
2403 1087 11 12 1 0
2763 819 5 2 1 0
2812 822 5 2 1 0
3562 815 5 2 1 0
2229 1503 17 19 1 0
3628 1017 9 8 2 0
3108 823 5 2 1 0
2046 1285 17 19 1 0
3353 1793 39 43 1 0
3271 1070 10 18 2 0
4374 950 9 8 1 0
2595 843 5 2 1 0
2741 824 5 2 1 0
3294 1082 10 18 1 0
4332 950 9 8 1 0
930 1661 35 31 1 0
3563 1274 10 18 1 0
345 2237 49 47 1 0
3132 1004 9 8 1 0
2201 1720 41 36 1 0
4187 1840 39 43 1 0
3232 1089 10 18 2 0
3091 1003 9 8 1 0
2114 1094 11 12 1 0
2966 896 8 6 1 0
3110 849 5 2 1 0
2203 1112 11 12 1 0
3102 1321 10 18 1 0
2831 909 9 8 1 0
1800 1544 17 19 1 0
1362 1702 41 36 1 0
3775 1044 9 8 1 0
2973 794 5 2 1 0
1330 1789 41 36 2 0
2692 690 5 2 1 0
2825 800 5 2 1 0
125 2054 41 36 1 0
4373 1386 14 20 1 0
2933 992 9 8 1 0
2907 1072 15 22 1 0
2543 883 5 2 1 0
3371 1065 9 10 1 0
2479 954 11 12 2 0
3493 2175 58 63 1 0
3184 936 9 8 1 0
2249 1295 17 19 1 0
4484 1237 16 20 1 0
3048 884 5 2 1 0
2903 1174 10 18 1 0
3278 1093 10 18 1 0
504 2055 41 36 1 0
3428 1426 18 18 1 0
3089 1455 18 18 1 0
1686 2135 41 36 1 0
2981 921 9 8 1 0
2236 1014 11 12 1 0
2726 815 5 2 1 0
4486 1507 14 20 1 0
4432 1216 16 20 1 0
3087 1421 18 18 1 0
334 1844 41 36 1 0
2511 810 5 2 1 0
2532 973 11 12 1 0
3657 1249 10 18 1 0
3268 1020 9 8 1 0
1474 1491 17 19 1 0
3316 1029 9 8 1 0
3525 1064 9 10 1 0
4095 1358 15 19 1 0
1589 3236 54 59 1 0
2556 839 5 2 1 0
4310 1295 16 20 1 0
3999 1093 10 18 2 0
698 1838 41 36 1 0
1546 1540 17 19 1 0
3520 1150 10 18 1 0
3332 1040 9 8 1 0
3701 1322 10 18 1 0
2851 781 5 2 1 0
3863 1044 9 10 1 0
4576 993 9 8 1 0
4085 1301 16 20 2 0
4499 1273 16 20 1 0
4360 1136 16 20 2 0
710 1783 41 36 2 0
4189 1352 14 20 1 0
3117 1078 10 18 2 0
3586 1849 39 43 1 0
3108 1066 9 13 1 0
1337 1927 41 36 2 0
3080 813 5 2 1 0
3129 814 5 2 1 0
3052 956 9 8 1 0
1625 1644 17 19 1 0
3543 1019 9 8 1 0
2255 1087 11 12 1 0
457 2903 54 59 1 0
1966 2034 41 36 1 0
4057 1812 39 43 1 0
3411 1336 18 18 1 0
2713 785 5 2 1 0
3947 1133 10 18 2 0
2171 1154 11 12 1 0
2157 2699 54 59 1 0
3322 1247 10 18 1 0
2012 2171 49 47 1 0
1394 1837 41 36 1 0
523 1714 41 36 2 0
4747 1677 39 43 1 0
2832 719 5 2 1 0
2828 700 5 2 1 0
3131 909 9 8 1 0
3084 1312 10 18 1 0
4089 1573 17 18 1 0
1965 1529 17 19 1 0
3875 1269 10 18 1 0
3258 1081 10 18 2 0
2974 1044 9 8 1 0
4463 1678 39 43 1 0
2559 777 5 2 1 0
3082 849 5 2 1 0
4653 993 9 8 1 0
3410 832 5 2 1 0
3539 959 9 8 1 0
2275 1080 11 12 2 0
3182 1167 10 18 1 0
1947 1050 11 12 2 0
3488 1076 10 18 2 0
3143 1464 18 18 1 0
4898 1896 39 43 1 0
3352 821 5 2 1 0
4025 1421 18 18 1 0
3759 2191 58 63 1 0
2915 853 5 2 1 0
2084 1757 41 36 1 0
1661 1591 17 19 1 0
3262 1101 10 18 1 0
1939 2347 49 47 2 0
3248 1344 18 18 1 0
4723 1288 16 20 1 0
4493 1581 14 20 1 0
3079 1321 10 18 1 0
3924 1412 18 18 1 0
1855 1287 17 19 1 0
3443 916 9 8 1 0
1914 1083 11 12 1 0
3213 1071 10 18 2 0
3164 915 9 8 1 0
2496 848 6 4 1 0
4402 991 9 8 1 0
3899 988 9 8 1 0
1169 1665 41 36 2 0
3599 1728 39 43 1 0
3594 929 9 8 1 0
1892 1301 17 19 1 0
498 2274 49 47 1 0
3323 1011 9 8 1 0
2802 943 9 8 1 0
3448 1078 10 18 1 0
3380 849 5 2 1 0
2698 805 5 2 1 0
2957 784 5 2 1 0
986 1814 41 36 1 0
3542 1256 10 18 1 0
3051 1128 10 18 1 0
163 2143 45 41 1 0
1251 1393 17 19 1 0
3657 929 9 8 1 0
3230 1465 18 18 1 0
4375 1410 14 20 1 0
3119 925 9 8 1 0
3064 893 7 5 1 0
2829 762 5 2 1 0
2722 792 5 2 1 0
4150 2082 58 63 1 0
3720 1210 10 18 1 0
1607 1727 41 36 1 0
2879 792 5 2 1 0
4797 1001 9 8 1 0
3367 1301 10 18 1 0
3563 942 9 8 1 0
2977 1056 9 8 1 0
4843 1764 39 43 1 0
3904 1237 10 18 1 0
3318 857 5 2 1 0
1231 1844 41 36 2 0
2210 1216 11 12 1 0
4332 1330 14 20 1 0
3220 805 5 2 1 0
3013 791 5 2 1 0
4872 1665 39 43 1 0
2482 973 11 12 2 0
2840 916 9 8 1 0
3202 1638 39 43 1 0
4601 1368 14 20 1 0
376 1738 41 36 1 0
3465 1238 10 18 1 0
4611 1118 16 20 1 0
2774 802 5 2 1 0
4881 2248 48 53 1 0
3315 970 9 8 1 0
1809 1348 17 19 1 0
4333 1511 14 20 1 0
3339 1003 9 8 1 0
3210 1006 9 8 1 0
3377 1243 10 18 1 0
2899 856 5 2 1 0
3332 911 9 8 1 0
2835 851 5 2 1 0
3745 988 9 8 1 0
3716 1253 10 18 1 0
3386 934 9 8 1 0
3333 890 9 8 1 0
1947 1054 11 12 2 0
1820 1476 17 19 1 0
3200 895 9 8 1 0
2386 1262 15 17 1 0
3724 1843 39 43 1 0
3179 931 9 8 1 0
2089 1910 41 36 1 0
3053 827 5 2 1 0
2540 949 11 12 1 0
2878 890 5 2 1 0
3377 902 9 8 1 0
915 1740 41 36 1 0
2496 863 5 2 1 0
4316 1144 16 20 1 0
3901 925 9 8 1 0
2531 826 5 2 1 0
3712 948 9 8 1 0
3023 1241 10 18 1 0
2107 1134 11 12 1 0
3241 835 5 2 1 0
4506 1008 9 8 1 0
2875 1003 9 8 1 0
1422 2218 49 47 1 0
3242 930 9 8 2 0
3070 832 5 2 1 0
4687 1378 14 20 1 0
1027 1668 41 36 1 0
1813 2297 49 47 1 0
4041 1442 18 18 1 0
4215 1410 14 20 1 0
1490 1712 41 36 1 0
2926 1264 10 18 1 0
4043 1092 10 18 1 0
3632 1004 9 8 1 0
3284 816 5 2 1 0
2845 713 5 2 1 0
2290 1221 11 12 1 0
2515 826 5 2 1 0
2410 1582 17 19 1 0
4874 1399 14 20 1 0
816 1748 41 36 2 0
2955 1030 9 8 1 0
3444 970 9 8 1 0
4580 1104 16 20 1 0
600 1662 41 36 1 0
3859 989 9 8 1 0
656 1742 41 36 2 0
2509 790 5 2 1 0
4355 1129 16 20 2 0
3348 998 9 8 1 0
3625 1056 9 10 1 0
2707 853 5 2 1 0
2580 861 5 2 1 0
3484 1110 10 18 1 0
2980 1167 10 18 1 0
2829 823 5 2 1 0
4800 1306 16 20 1 0
3255 817 5 2 1 0
3744 1129 10 18 1 0
3056 853 5 2 1 0
2812 737 5 2 1 0
3257 958 9 8 1 0
3850 2315 58 63 1 0
1944 970 11 12 1 0
2555 766 5 2 1 0
3104 869 5 2 1 0
3257 1111 10 18 2 0
3093 822 5 2 1 0
3503 1110 10 18 1 0
3945 1233 10 18 1 0
3309 895 9 8 1 0
4445 2525 58 63 1 0
2867 1076 15 22 1 0
4079 1661 39 43 1 0
3400 1044 9 8 1 0
3320 938 9 8 1 0
1608 2542 49 47 1 0
4693 1988 39 43 1 0
4833 1377 14 20 1 0
3989 1348 18 18 1 0
2600 822 5 2 1 0
4167 1137 16 20 1 0
4351 1205 16 20 1 0
3293 907 9 8 1 0
3211 1099 10 18 1 0
2846 706 5 2 1 0
3060 850 5 2 1 0
1903 1208 11 12 1 0
1992 2085 41 36 1 0
4019 1924 39 43 1 0
3180 980 9 8 1 0
4339 1378 14 20 1 0
3820 1331 18 18 1 0
2717 692 5 2 1 0
4260 792 9 8 1 0
3991 1118 10 18 1 0
4423 1786 39 43 1 0
3363 994 9 8 1 0
3790 1322 10 18 1 0
3707 1057 9 10 1 0
3313 1520 18 18 1 0
1842 1901 41 36 2 0
2580 872 5 2 1 0
1957 2258 49 47 1 0
3345 940 9 8 1 0
3683 1036 9 8 2 0
3756 1032 9 8 1 0
3747 1679 39 43 1 0
3565 1257 10 18 1 0
3079 1195 10 18 1 0
2305 1375 17 19 1 0
3734 1057 9 10 1 0
3701 1471 18 18 1 0
3170 1551 18 18 1 0
2175 2183 49 47 1 0
2959 920 9 8 1 0
3335 1021 9 8 1 0
1875 1254 11 12 1 0
3638 948 9 8 1 0
1686 1473 17 19 1 0
2238 1693 41 36 1 0
3068 1082 10 18 1 0
3383 1539 18 18 1 0
2864 811 5 2 1 0
1911 1949 41 36 1 0
2627 781 5 2 1 0
4712 1010 9 8 1 0
3596 1502 18 18 1 0
3260 922 9 8 1 0
2134 1537 17 19 1 0
4317 976 9 8 1 0
3630 1130 10 18 1 0
2976 851 5 2 1 0
3249 1075 10 18 1 0
2869 998 9 8 1 0
3708 1013 9 8 1 0
2822 757 5 2 1 0
2842 814 5 2 1 0
4895 1508 14 20 1 0
3115 863 5 2 1 0
152 1891 41 36 1 0
3307 1072 10 18 2 0
3046 820 5 2 1 0
3358 865 5 2 1 0
2790 729 5 2 1 0
1573 1648 17 19 1 0
2745 834 5 2 1 0
4432 1971 39 43 1 0
2499 855 6 4 1 0
927 1960 41 36 1 0
2965 1115 10 18 1 0
2165 1548 17 19 1 0
2933 1041 9 8 1 0
2741 807 5 2 1 0
4386 1507 14 20 1 0
2900 742 5 2 1 0
3949 982 9 8 1 0
3545 1498 18 18 1 0
2531 893 11 12 1 0
4040 1257 10 18 1 0
2046 1566 17 19 1 0
2090 2585 49 47 1 0
2957 1683 22 28 1 0
2784 872 5 2 1 0
3719 1304 10 18 2 0
3273 2694 42 49 1 0
2959 797 5 2 1 0
2601 897 5 2 1 0
3404 848 5 2 1 0
2177 1000 11 12 1 0
3570 947 9 8 1 0
4839 1900 39 43 1 0
1694 1799 41 36 1 0
1664 1637 17 19 1 0
3648 969 9 8 1 0
3192 1406 18 18 1 0
3827 1395 18 18 1 0
3297 890 7 5 1 0
2627 830 5 2 1 0
4424 1148 16 20 1 0
4037 1597 18 18 1 0
3866 988 9 8 1 0
2522 850 5 2 1 0
3568 2150 58 63 1 0
1059 1798 41 36 1 0
4005 1196 10 18 1 0
3052 793 5 2 1 0
2488 1059 11 12 1 0
3768 1208 10 18 1 0
1339 2651 49 47 1 0
4075 1847 39 43 1 0
4672 993 9 8 1 0
2473 906 11 12 1 0
2106 2116 41 36 2 0
3239 1415 18 18 1 0
3102 887 6 3 1 0
3793 1698 39 43 1 0
923 1899 41 36 1 0
3762 1866 39 43 1 0
2866 885 5 2 1 0
4662 2408 58 63 1 0
3321 1096 10 18 2 0
2854 785 5 2 1 0
3776 1624 39 43 1 0
4253 960 9 8 1 0
4409 1424 14 20 1 0
2515 783 5 2 1 0
2489 817 5 2 1 0
3658 2505 58 63 1 0
4350 1183 16 20 1 0
3849 1195 10 18 1 0
2734 783 5 2 1 0
2505 876 5 2 1 0
4696 1226 16 20 1 0
3545 1453 18 18 1 0
1835 1365 17 19 1 0
2899 953 9 8 1 0
3810 942 9 8 1 0
3568 1001 9 8 1 0
2663 715 5 2 1 0
3837 949 9 8 1 0
4063 1749 39 43 1 0
3022 811 5 2 1 0
3000 863 5 2 1 0
2935 1142 10 18 1 0
2742 777 5 2 1 0
1839 1324 17 19 1 0
793 1671 35 31 1 0
3539 994 9 8 1 0
3523 1028 9 8 1 0
3986 1206 10 18 1 0
3489 1782 39 43 1 0
1860 1344 17 19 1 0
849 2327 49 47 1 0
2474 1016 11 12 2 0
1722 3159 54 59 1 0
3214 814 5 2 1 0
3160 1080 10 18 1 0
1703 2421 49 47 1 0
3786 2521 58 63 1 0
3421 940 9 8 1 0
3001 930 9 8 1 0
3751 1004 9 8 1 0
3517 929 9 8 1 0
4060 1907 39 43 1 0
2035 1843 41 36 1 0
2883 1067 15 22 1 0
3091 1013 9 8 1 0
3082 918 9 8 1 0
3319 1097 10 18 2 0
1178 2925 54 59 1 0
4250 1338 14 20 1 0
3063 879 5 2 1 0
3206 1039 9 8 1 0
3395 1335 18 18 1 0
3265 909 9 8 1 0
2923 1008 9 8 1 0
326 1786 41 36 1 0
4856 1407 14 20 1 0
4325 1186 16 20 2 0
2142 1505 17 19 1 0
3672 1165 10 18 1 0
3564 1198 10 18 1 0
435 1759 41 36 1 0
3733 1096 10 18 1 0
851 1705 41 36 1 0
1427 2342 49 47 1 0
2252 1987 41 36 2 0
3000 777 5 2 1 0
3375 1466 18 18 1 0
4532 1800 39 43 1 0
2943 957 9 8 1 0
2926 1027 9 8 1 0
4060 1160 10 18 1 0
1967 992 11 12 1 0
4660 2056 39 43 1 0
4810 1162 16 20 1 0
1535 2079 41 36 1 0
1799 1812 41 36 2 0
2785 749 5 2 1 0
3834 1278 10 18 1 0
1787 1513 17 19 1 0
2165 1523 17 19 1 0
2886 691 5 2 1 0
4189 1283 16 20 2 0
3000 814 5 2 1 0
3459 1910 39 43 1 0
276 1747 41 36 1 0
4204 1998 39 43 1 0
2853 864 5 2 1 0
4321 1223 16 20 1 0
3245 1223 10 18 1 0
3052 1318 10 18 1 0
757 1777 41 36 1 0
2467 916 11 12 1 0
343 1819 41 36 1 0
1947 1080 11 12 1 0
2993 793 5 2 1 0
3795 1177 10 18 1 0
3258 848 5 2 1 0
3860 976 9 8 1 0
2725 705 5 2 1 0
3854 2869 58 63 1 0
3221 829 5 2 1 0
291 2775 54 59 1 0
3899 2738 58 63 1 0
2776 819 5 2 1 0
2887 928 9 8 1 0
3252 966 9 8 1 0
3220 1380 18 18 1 0
3243 860 5 2 1 0
3979 1399 18 18 1 0
2196 1061 11 12 1 0
1637 1758 41 36 1 0
3332 900 9 8 1 0
3939 1700 39 43 2 0
3879 1331 18 18 1 0
4103 1293 16 20 1 0
2895 883 5 2 1 0
3669 1494 18 18 1 0
4305 1631 39 43 1 0
3175 1059 9 13 1 0
691 1673 41 36 1 0
3403 1379 18 18 1 0
3850 976 9 8 1 0
1303 1773 41 36 1 0
2873 900 9 8 1 0
3286 837 5 2 1 0
1299 2760 54 59 2 0
3219 915 9 8 1 0
2489 898 11 12 1 0
4856 1478 14 20 1 0
3014 911 9 8 1 0
1549 2156 41 36 1 0
3212 899 9 8 1 0
3015 936 9 8 1 0
3320 919 9 8 1 0
2871 1138 15 22 1 0
1993 2560 49 47 1 0
3683 1682 39 43 1 0
3177 1041 9 8 1 0
3659 993 9 8 1 0
3902 1385 18 18 1 0
217 2892 54 59 1 0
2526 830 5 2 1 0
2953 956 9 8 1 0
2386 1314 17 19 1 0
10 2346 49 47 1 0
2497 961 11 12 2 0
3506 1368 18 18 2 0
1604 1691 23 23 1 0
4386 1034 9 8 1 0
3117 1464 18 18 1 0
4862 1108 16 20 1 0
1897 1531 17 19 1 0
4721 1927 39 43 1 0
1283 2767 54 59 2 0
1275 1694 41 36 2 0
2725 742 5 2 1 0
3441 853 5 2 1 0
4580 1284 16 20 1 0
3679 982 9 8 1 0
3846 1471 18 18 1 0
2946 919 9 8 1 0
2968 848 5 2 1 0
2480 920 11 12 2 0
2050 1111 11 12 1 0
4151 1321 15 20 2 0
4065 1103 10 18 1 0
4822 1445 14 20 1 0
2801 743 5 2 1 0
3284 1115 10 18 2 0
4243 1799 39 43 1 0
3088 835 5 2 1 0
3827 1246 10 18 1 0
2324 1555 17 19 1 0
3839 1102 10 18 1 0
2516 899 11 12 1 0
3380 1021 9 8 1 0
3549 948 9 8 1 0
