374 86 0 0 1 0
131 170 8 10 1 0
326 161 8 10 1 0
539 167 8 10 1 0
299 196 12 14 1 0
151 153 8 10 1 0
233 134 8 10 1 0
332 202 12 14 1 0
313 161 8 10 1 0
519 139 8 10 1 0
455 138 8 10 1 0
498 140 8 10 1 0
339 172 8 10 1 0
301 184 12 14 1 0
455 128 7 8 1 0
294 110 4 4 1 0
472 126 4 9 1 0
239 99 4 4 1 0
7 174 5 4 1 0
571 96 4 8 1 0
359 74 0 0 1 0
450 136 8 10 1 0
290 95 4 4 1 0
182 179 8 10 1 0
353 90 4 4 1 0
174 220 12 14 1 0
302 76 0 0 1 0
338 131 7 8 1 0
136 127 6 3 1 0
133 199 12 14 1 0
15 179 5 4 1 0
549 182 8 10 1 0
299 104 4 4 1 0
250 95 4 4 1 0
220 115 4 4 1 0
416 135 8 10 1 0
129 188 12 14 1 0
210 136 8 10 1 0
315 129 7 8 1 0
334 146 8 10 1 0
331 86 0 0 1 0
499 133 8 10 1 0
317 64 0 0 1 0
240 92 4 4 1 0
394 165 8 10 1 0
368 102 4 4 1 0
366 117 3 5 1 0
441 128 7 8 1 0
344 89 4 4 1 0
535 160 8 10 1 0
374 128 7 8 1 0
146 147 8 10 1 0
143 115 5 3 1 0
213 123 4 4 1 0
196 137 8 10 1 0
151 184 12 14 1 0
342 94 4 4 1 0
352 188 12 14 1 0
314 142 8 10 1 0
342 163 8 10 1 0
253 87 0 0 1 0
118 155 8 10 1 0
363 130 7 8 1 0
284 112 4 4 1 0
319 88 4 4 1 0
148 186 12 14 1 0
414 144 8 10 1 0
291 185 12 14 1 0
487 131 7 8 1 0
210 183 12 14 1 0
300 138 8 10 1 0
520 221 12 14 1 0
194 228 12 14 1 0
379 114 3 5 1 0
299 89 4 4 1 0
295 135 8 10 1 0
341 63 0 0 1 0
287 90 4 4 1 0
262 85 0 0 1 0
165 127 6 3 1 0
433 174 8 10 1 0
308 73 0 0 1 0
363 94 4 4 1 0
377 232 12 14 1 0
221 179 8 10 1 0
383 87 0 0 1 0
622 99 4 8 1 0
300 62 0 0 1 0
73 265 12 14 1 0
182 157 8 10 1 0
137 261 20 23 1 0
264 105 4 4 1 0
358 228 12 14 1 0
220 244 12 14 1 0
377 124 3 6 1 0
250 142 8 10 1 0
208 114 4 4 1 0
454 155 8 10 1 0
150 175 8 10 1 0
345 79 0 0 1 0
21 265 25 21 1 0
323 104 4 4 1 0
296 173 8 10 1 0
275 190 12 14 1 0
573 88 4 8 1 0
210 104 4 4 1 0
262 97 4 4 1 0
216 159 8 10 1 0
231 102 4 4 1 0
149 261 12 14 1 0
512 142 8 10 1 0
358 116 3 5 1 0
249 113 4 4 1 0
613 99 4 8 1 0
255 72 0 0 1 0
637 114 4 8 1 0
255 119 4 4 1 0
434 130 7 8 1 0
177 246 12 14 1 0
293 84 0 0 1 0
393 123 3 6 1 0
326 121 3 5 1 0
323 87 0 0 1 0
225 113 4 4 1 0
166 177 8 10 1 0
102 277 12 14 1 0
298 215 12 14 1 0
242 86 0 0 1 0
341 83 0 0 1 0
481 187 12 14 1 0
550 92 4 8 1 0
370 138 8 10 1 0
212 149 8 10 1 0
249 171 8 10 1 0
231 118 4 4 1 0
173 100 5 3 1 0
502 150 8 10 1 0
30 199 10 12 1 0
369 74 0 0 1 0
138 212 12 14 1 0
260 77 0 0 1 0
524 192 12 14 1 0
486 142 8 10 1 0
599 83 4 8 1 0
629 111 4 8 1 0
98 133 8 10 1 0
264 92 4 4 1 0
190 178 8 10 1 0
319 180 8 10 1 0
136 165 8 10 1 0
354 204 12 14 1 0
505 128 7 8 1 0
235 205 12 14 1 0
583 102 4 8 1 0
387 70 0 0 1 0
301 163 8 10 1 0
391 101 4 4 1 0
371 83 0 0 1 0
267 184 12 14 1 0
479 118 4 8 1 0
158 203 12 14 1 0
302 239 12 14 1 0
281 95 4 4 1 0
161 143 8 10 1 0
307 95 4 4 1 0
489 147 8 10 1 0
284 129 7 8 1 0
4 202 9 10 1 0
462 232 12 14 1 0
382 138 8 10 1 0
307 118 3 5 1 0
269 143 8 10 1 0
351 93 4 4 1 0
214 202 12 14 1 0
490 166 8 10 1 0
196 103 5 3 1 0
272 110 4 4 1 0
432 142 8 10 1 0
197 113 5 3 1 0
122 186 12 14 1 0
315 109 3 5 1 0
639 96 4 8 1 0
166 103 5 3 1 0
298 159 8 10 1 0
327 89 4 4 1 0
175 184 12 14 1 0
335 106 4 4 1 0
204 206 12 14 1 0
370 96 4 4 1 0
183 145 8 10 1 0
521 185 12 14 1 0
280 70 0 0 1 0
250 91 4 4 1 0
267 121 4 4 1 0
177 144 8 10 1 0
591 94 4 8 1 0
221 196 12 14 1 0
381 74 0 0 1 0
229 130 7 8 1 0
292 59 0 0 1 0
399 179 8 10 1 0
183 135 8 10 1 0
545 193 12 14 1 0
315 96 4 4 1 0
598 95 4 8 1 0
301 128 7 8 1 0
308 108 4 4 1 0
282 108 4 4 1 0
350 135 8 10 1 0
243 109 4 4 1 0
204 102 4 4 1 0
372 103 4 4 1 0
324 71 0 0 1 0
375 65 0 0 1 0
247 149 8 10 1 0
358 100 4 4 1 0
197 154 8 10 1 0
288 178 8 10 1 0
234 106 4 4 1 0
480 160 8 10 1 0
323 134 8 10 1 0
257 134 8 10 1 0
381 69 0 0 1 0
634 87 4 8 1 0
216 148 8 10 1 0
534 141 8 10 1 0
221 83 0 0 1 0
250 188 12 14 1 0
235 189 12 14 1 0
530 141 8 10 1 0
425 215 59 56 1 0
411 126 4 9 1 0
580 121 4 8 1 0
319 167 8 10 1 0
359 112 3 5 1 0
319 73 0 0 1 0
209 157 8 10 1 0
275 79 0 0 1 0
333 114 3 5 1 0
227 137 8 10 1 0
555 104 4 8 1 0
335 77 0 0 1 0
306 181 8 10 1 0
551 101 4 8 1 0
196 202 12 14 1 0
342 70 0 0 1 0
100 256 12 14 1 0
520 126 4 9 1 0
588 88 4 8 1 0
373 197 12 14 1 0
351 153 8 10 1 0
189 109 5 3 1 0
206 209 12 14 1 0
416 175 8 10 1 0
463 134 8 10 1 0
562 88 4 8 1 0
239 116 4 4 1 0
215 142 8 10 1 0
171 215 12 14 1 0
394 113 3 5 1 0
202 118 4 4 1 0
206 151 8 10 1 0
212 112 4 4 1 0
228 109 4 4 1 0
347 63 0 0 1 0
130 147 8 10 1 0
279 86 0 0 1 0
304 88 4 4 1 0
354 75 0 0 1 0
269 98 4 4 1 0
345 136 8 10 1 0
297 192 12 14 1 0
390 201 12 14 1 0
502 183 12 14 1 0
334 72 0 0 1 0
558 212 12 14 1 0
272 115 4 4 1 0
282 69 0 0 1 0
303 71 0 0 1 0
382 83 0 0 1 0
277 84 0 0 1 0
391 169 8 10 1 0
323 110 3 5 1 0
366 158 8 10 1 0
512 128 7 8 1 0
422 155 8 10 1 0
309 222 12 14 1 0
493 182 8 10 1 0
392 159 8 10 1 0
231 221 12 14 1 0
473 211 12 14 1 0
306 70 0 0 1 0
367 64 0 0 1 0
360 86 0 0 1 0
225 204 12 14 1 0
253 166 8 10 1 0
299 74 0 0 1 0
425 121 4 8 1 0
338 72 0 0 1 0
466 187 12 14 1 0
271 154 8 10 1 0
302 118 3 5 1 0
358 170 8 10 1 0
397 128 7 8 1 0
558 98 4 8 1 0
333 58 0 0 1 0
320 121 3 5 1 0
291 67 0 0 1 0
521 160 8 10 1 0
387 186 12 14 1 0
314 81 0 0 1 0
292 118 4 4 1 0
269 130 7 8 1 0
389 88 4 4 1 0
370 157 8 10 1 0
383 93 4 4 1 0
205 168 8 10 1 0
248 126 4 4 1 0
173 257 31 25 1 0
345 71 0 0 1 0
245 152 8 10 1 0
534 180 8 10 1 0
375 78 0 0 1 0
232 94 4 4 1 0
358 94 4 4 1 0
2 268 9 10 1 0
467 145 8 10 1 0
383 77 0 0 1 0
336 88 4 4 1 0
141 233 12 14 1 0
178 165 8 10 1 0
348 131 7 8 1 0
31 225 10 12 1 0
342 109 3 5 1 0
246 144 8 10 1 0
332 152 8 10 1 0
248 103 4 4 1 0
397 139 8 10 1 0
370 71 0 0 1 0
289 170 8 10 1 0
231 213 12 14 1 0
299 81 0 0 1 0
481 209 12 14 1 0
44 267 12 14 1 0
440 173 8 10 1 0
371 119 3 5 1 0
223 235 12 14 1 0
339 67 0 0 1 0
