110 838 19 23 1 0
727 356 8 13 1 0
386 425 8 13 1 0
1 843 19 23 1 0
34 370 5 5 1 0
355 416 8 13 1 0
231 461 18 18 1 0
584 475 18 18 1 0
520 406 8 13 1 0
500 608 18 18 1 0
1022 512 15 17 1 0
244 687 19 23 1 0
889 413 15 17 1 0
645 619 19 23 1 0
356 873 19 23 1 0
204 436 8 13 1 0
62 378 6 9 1 0
59 498 18 18 1 0
496 493 18 18 1 0
1322 757 20 27 1 0
1124 523 18 20 1 0
1139 496 15 17 1 0
97 451 8 13 1 0
677 463 18 18 1 0
887 490 15 17 1 0
1535 570 18 20 1 0
1358 680 18 20 1 0
1576 510 17 19 1 0
231 341 5 5 1 0
783 386 8 13 1 0
318 614 18 18 1 0
1234 476 15 17 1 0
398 430 8 13 1 0
1589 762 18 21 1 0
278 532 18 18 1 0
881 646 19 23 1 0
419 526 18 18 1 0
1170 444 15 17 1 0
198 356 5 5 1 0
441 796 19 23 1 0
715 381 8 13 1 0
202 657 19 23 1 0
717 534 18 18 1 0
386 363 5 5 1 0
977 453 15 17 1 0
737 407 8 13 1 0
1013 725 20 27 1 0
982 442 15 17 1 0
373 366 5 5 1 0
3 396 7 11 1 0
1484 608 18 20 1 0
1104 530 18 20 1 0
286 336 5 5 1 0
692 778 19 23 1 0
154 395 8 13 1 0
1205 644 18 20 1 0
83 336 5 5 1 0
113 392 8 13 1 0
173 327 5 5 1 0
812 382 8 13 1 0
358 536 18 18 1 0
349 358 5 5 1 0
19 321 5 5 1 0
40 332 5 5 1 0
39 403 8 13 1 0
1156 531 18 20 1 0
1254 625 18 20 1 0
161 340 5 5 1 0
478 505 18 18 1 0
147 402 8 13 1 0
119 327 5 5 1 0
501 476 18 18 1 0
992 528 18 20 1 0
1435 490 15 17 1 0
720 505 18 18 1 0
60 406 8 13 1 0
82 533 18 18 1 0
671 456 8 13 1 0
399 621 19 23 1 0
703 645 19 23 1 0
459 438 8 13 1 0
349 463 18 18 1 0
958 436 15 17 1 0
494 865 19 23 1 0
21 331 5 5 1 0
54 473 18 18 1 0
739 353 8 13 1 0
272 392 8 13 1 0
603 539 18 18 1 0
1324 597 18 20 1 0
1020 645 18 20 1 0
222 478 18 18 1 0
262 337 5 5 1 0
433 368 5 5 1 0
749 416 8 13 1 0
668 863 19 23 1 0
1416 514 15 17 1 0
60 447 8 13 1 0
454 468 18 18 1 0
53 388 8 13 1 0
303 780 19 23 1 0
1016 456 15 17 1 0
1415 690 18 20 1 0
129 642 19 23 1 0
100 445 8 13 1 0
592 408 8 13 1 0
578 505 18 18 1 0
624 530 18 18 1 0
398 872 19 23 1 0
560 501 18 18 1 0
408 605 18 18 1 0
341 365 5 5 1 0
124 342 5 5 1 0
324 416 8 13 1 0
1003 456 15 17 1 0
417 622 19 23 1 0
220 557 18 18 1 0
603 496 18 18 1 0
356 552 18 18 1 0
66 320 5 5 1 0
944 421 15 17 1 0
2 624 18 20 1 0
949 453 15 17 1 0
718 476 18 18 1 0
176 337 5 5 1 0
1208 586 18 20 1 0
742 360 8 13 1 0
437 377 5 5 1 0
1068 614 18 20 1 0
285 347 5 5 1 0
362 521 18 18 1 0
735 393 8 13 1 0
134 877 19 23 1 0
1446 761 20 27 1 0
189 600 18 18 1 0
243 441 8 13 1 0
552 675 19 23 1 0
484 399 8 13 1 0
941 432 15 17 1 0
331 369 5 5 1 0
1185 457 15 17 1 0
56 303 5 5 1 0
201 874 19 23 1 0
920 576 18 20 1 0
95 323 5 5 1 0
70 577 18 18 1 0
1149 446 15 17 1 0
770 409 8 13 1 0
313 347 5 5 1 0
350 638 19 23 1 0
86 346 5 5 1 0
61 539 18 18 1 0
901 417 15 17 1 0
229 351 5 5 1 0
1167 817 20 27 1 0
618 402 8 13 1 0
196 390 8 13 1 0
534 833 19 23 1 0
113 327 5 5 1 0
184 322 5 5 1 0
449 362 5 5 1 0
1542 665 18 20 1 0
363 398 8 13 1 0
1244 778 20 27 1 0
190 380 8 13 1 0
284 403 8 13 1 0
270 406 8 13 1 0
173 421 8 13 1 0
334 357 5 5 1 0
758 404 8 13 1 0
230 404 8 13 1 0
450 420 8 13 1 0
354 391 8 13 1 0
123 578 18 18 1 0
1389 620 18 20 1 0
1121 871 20 27 1 0
50 850 19 23 1 0
690 830 19 23 1 0
1124 617 18 20 1 0
519 627 19 23 1 0
1027 476 15 17 1 0
258 351 5 5 1 0
933 739 19 23 1 0
851 422 8 13 1 0
185 461 18 18 1 0
999 601 18 20 1 0
439 768 19 23 1 0
71 461 18 18 1 0
621 565 18 18 1 0
79 666 19 23 1 0
330 432 8 13 1 0
25 412 8 13 1 0
530 465 18 18 1 0
1464 590 18 20 1 0
104 413 8 13 1 0
305 630 19 23 1 0
93 109 6 9 1 0
313 440 8 13 1 0
803 653 19 23 1 0
36 701 19 23 1 0
1471 497 15 17 1 0
783 556 18 18 1 0
159 861 19 23 1 0
899 430 15 17 1 0
153 323 5 5 1 0
55 334 5 5 1 0
569 642 19 23 1 0
385 386 8 13 1 0
258 639 19 23 1 0
705 615 18 18 1 0
541 603 18 18 1 0
1168 454 15 17 1 0
1028 464 15 17 1 0
680 397 8 13 1 0
68 507 18 18 1 0
1340 589 18 20 1 0
757 485 18 18 1 0
166 323 5 5 1 0
1037 883 20 27 1 0
71 100 6 9 1 0
571 764 19 23 1 0
964 453 15 17 1 0
59 341 5 5 1 0
13 830 19 23 1 0
200 342 5 5 1 0
296 355 5 5 1 0
120 504 18 18 1 0
866 532 18 18 1 0
1282 537 18 20 1 0
368 360 5 5 1 0
283 432 8 13 1 0
735 661 19 23 1 0
308 401 8 13 1 0
9 767 19 23 1 0
601 457 8 13 1 0
524 496 18 18 1 0
390 354 5 5 1 0
621 603 18 18 1 0
347 373 5 5 1 0
34 414 8 13 1 0
969 561 18 20 1 0
323 357 5 5 1 0
1302 726 20 27 1 0
132 347 5 5 1 0
837 599 18 18 1 0
229 382 8 13 1 0
25 280 5 5 1 0
922 818 19 23 1 0
620 621 19 23 1 0
307 349 5 5 1 0
955 546 18 20 1 0
308 383 8 13 1 0
62 451 8 13 1 0
1041 437 15 17 1 0
373 380 8 13 1 0
1042 796 20 27 1 0
69 443 8 13 1 0
274 350 5 5 1 0
494 463 18 18 1 0
653 382 8 13 1 0
125 384 8 13 1 0
646 494 18 18 1 0
8 389 7 11 1 0
418 434 8 13 1 0
285 357 5 5 1 0
76 546 18 18 1 0
971 431 15 17 1 0
135 421 8 13 1 0
1487 666 18 20 1 0
11 527 18 18 1 0
125 334 5 5 1 0
204 350 5 5 1 0
932 428 15 17 1 0
424 369 5 5 1 0
292 630 19 23 2 0
256 481 18 18 1 0
759 602 18 18 1 0
327 345 5 5 1 0
391 378 6 9 1 0
1499 816 20 27 1 0
850 515 18 18 1 0
441 362 5 5 1 0
1126 453 15 17 2 0
1403 646 18 20 1 0
14 329 5 5 1 0
65 633 19 23 1 0
706 683 19 23 1 0
481 365 5 5 1 0
67 365 5 5 1 0
249 345 5 5 1 0
392 349 5 5 1 0
1211 463 15 17 1 0
1531 491 15 17 1 0
966 478 15 17 1 0
44 96 6 9 1 0
356 370 5 5 1 0
619 466 18 18 1 0
303 333 5 5 1 0
279 422 8 13 1 0
288 631 19 23 2 0
146 335 5 5 1 0
122 319 5 5 1 0
152 346 5 5 1 0
208 336 5 5 1 0
1589 604 18 20 1 0
116 344 5 5 1 0
151 387 8 13 1 0
513 363 5 5 1 0
336 601 18 18 1 0
197 624 19 23 1 0
30 325 5 5 1 0
438 500 18 18 1 0
71 338 5 5 1 0
75 406 8 13 1 0
634 585 18 18 1 0
101 320 5 5 1 0
211 769 19 23 1 0
1423 869 20 27 1 0
479 527 18 18 1 0
236 350 5 5 1 0
792 382 8 13 1 0
453 447 8 13 1 0
92 327 5 5 1 0
647 389 8 13 1 0
1296 467 15 17 1 0
1141 517 15 17 1 0
384 376 5 5 1 0
200 709 19 23 1 0
479 360 5 5 1 0
695 403 8 13 1 0
1284 648 18 20 1 0
974 676 18 20 1 0
566 388 8 13 1 0
90 369 5 5 1 0
78 683 19 23 1 0
1446 667 18 20 1 0
495 511 18 18 1 0
1139 602 18 20 2 0
34 321 5 5 1 0
868 850 19 23 1 0
1323 479 15 17 1 0
403 349 5 5 1 0
182 440 8 13 1 0
200 317 5 5 1 0
1479 637 18 20 1 0
120 709 19 23 1 0
519 430 8 13 1 0
32 379 8 13 1 0
862 421 8 13 1 0
227 493 18 18 1 0
4 334 5 5 1 0
1098 589 18 20 1 0
326 363 5 5 1 0
946 391 15 17 1 0
154 489 18 18 1 0
95 388 8 13 1 0
278 339 5 5 1 0
743 570 18 18 1 0
316 369 5 5 1 0
85 389 8 13 1 0
1319 634 18 20 1 0
819 416 8 13 1 0
297 453 8 13 1 0
35 284 5 5 1 0
508 625 19 23 1 0
533 589 18 18 1 0
874 429 8 13 1 0
1124 444 15 17 2 0
1146 602 18 20 2 0
