255 448 0 0 1 1
939 556 25 33 1 0
444 495 6 9 1 0
743 502 21 25 1 1
154 471 17 12 1 1
767 615 76 59 1 0
844 594 18 36 1 0
365 508 27 26 1 0
590 511 19 18 1 1
469 533 40 56 1 0
628 484 7 11 1 1
554 492 10 16 1 1
702 564 47 33 1 0
605 476 7 4 1 1
671 496 8 6 1 1
427 492 6 9 1 0
256 502 24 22 1 0
292 487 23 25 1 1
894 518 4 7 1 0
133 530 18 21 1 0
595 585 57 66 1 0
638 504 19 18 1 1
835 529 13 14 1 0
686 489 8 6 1 1
315 523 22 32 1 0
908 618 73 67 1 0
662 504 8 6 1 1
805 503 13 14 1 1
533 508 10 16 1 1
475 482 20 16 1 1
951 604 27 55 1 0
434 513 14 30 1 0
196 514 47 49 1 0
670 545 19 18 1 0
720 492 15 14 1 1
161 493 18 21 1 0
151 511 18 21 1 0
679 501 8 6 1 1
283 453 0 0 1 1
359 546 37 35 1 0
283 640 119 41 1 0
114 511 18 21 1 0
336 474 15 14 1 1
703 507 19 22 1 1
875 592 42 52 1 0
188 488 5 5 1 1
529 555 34 51 1 0
