1131 648 65 80 1 0
453 621 9 14 1 0
1057 643 65 80 1 0
398 603 9 14 1 0
681 528 9 11 1 0
239 578 9 14 1 1
253 587 9 14 1 1
573 706 87 90 1 0
802 650 36 50 1 0
472 676 87 90 1 0
344 591 9 14 1 0
246 703 87 90 1 0
705 611 22 27 1 0
930 637 50 58 1 0
335 611 16 20 1 0
526 570 9 14 1 0
658 603 15 18 1 0
406 628 16 20 1 0
468 606 9 14 1 0
1006 704 87 90 1 0
281 635 16 20 1 0
627 524 9 11 1 0
769 585 15 18 1 0
825 585 15 18 1 0
402 582 9 14 1 0
225 583 9 14 1 1
986 628 18 23 1 0
868 649 36 50 1 0
1018 630 18 23 1 0
291 589 9 14 1 1
330 597 9 14 1 0
667 642 22 27 1 0
356 623 16 20 1 0
489 528 9 11 1 0
468 588 9 14 1 0
384 602 9 14 1 0
901 623 6 7 1 0
590 573 15 18 1 0
825 741 87 90 1 0
301 580 9 14 1 1
443 600 9 14 1 0
345 622 16 20 1 0
553 598 15 18 1 0
146 586 9 14 1 1
622 605 15 18 1 0
121 584 12 17 1 1
483 593 9 14 1 0
600 604 15 18 1 0
671 590 15 18 1 0
560 545 9 11 1 0
587 609 15 18 1 0
845 581 6 7 1 0
314 683 87 90 1 0
300 592 9 14 1 1
156 621 16 20 1 0
961 622 18 23 1 0
751 600 15 18 1 0
771 611 22 27 1 0
692 696 87 90 1 0
105 728 87 90 1 0
643 581 15 18 1 0
425 594 9 14 1 0
314 631 16 20 1 0
998 615 18 23 1 0
212 633 16 20 1 0
705 629 22 27 1 0
273 588 9 14 1 1
317 579 9 14 1 0
418 600 9 14 1 0
582 618 15 18 1 0
511 618 48 68 1 0
619 591 15 18 1 0
565 611 15 18 1 0
