607 179 7 6 1 0
89 177 12 13 1 0
135 176 12 13 1 0
79 171 12 13 1 0
458 181 7 6 1 0
346 166 12 13 1 0
283 166 12 13 1 0
525 130 29 33 1 0
3 183 6 5 1 0
397 161 7 6 1 0
116 156 12 13 1 0
33 177 6 5 1 0
297 174 12 13 1 0
261 180 12 13 1 0
277 174 12 13 1 0
597 179 7 6 1 0
48 174 6 5 1 0
623 176 7 6 1 0
434 180 7 6 1 0
383 173 7 6 1 0
414 154 24 24 1 0
443 180 7 6 1 0
145 166 12 13 1 0
635 182 7 6 1 0
194 133 18 27 1 0
65 167 12 13 1 0
11 171 6 5 1 0
326 172 12 13 1 0
483 175 7 6 1 0
232 156 12 13 1 0
42 176 6 5 1 0
315 168 12 13 1 0
