684 258 56 51 1 1
574 195 13 15 1 1
792 204 13 15 1 1
1172 398 60 95 1 0
1060 192 32 32 2 1
798 394 76 112 1 0
587 227 13 15 1 1
395 222 13 15 1 1
105 211 44 46 2 1
67 316 39 55 1 0
23 214 44 46 1 1
873 206 13 15 1 1
608 198 13 15 1 1
642 476 157 222 1 0
710 359 76 112 1 0
896 197 13 15 1 1
1021 265 56 51 1 1
864 229 25 26 1 1
233 280 76 91 1 0
470 326 60 95 1 0
738 274 56 51 2 0
502 228 13 15 1 1
1098 220 25 26 1 1
909 248 25 26 1 1
939 353 57 77 1 0
654 223 13 15 1 1
450 214 13 15 1 1
1130 271 56 51 1 0
522 202 13 15 1 1
56 634 50 59 1 0
556 214 13 15 1 1
131 308 39 55 1 0
627 203 13 15 1 1
834 238 25 26 1 1
491 233 13 15 1 1
1077 229 25 26 1 1
545 203 13 15 1 1
1045 208 32 32 1 1
1173 219 41 49 1 1
467 210 13 15 1 1
594 195 13 15 1 1
112 247 44 46 2 1
979 260 56 51 1 1
807 228 25 26 1 1
400 264 56 51 1 1
487 209 13 15 1 1
940 248 38 55 1 1
794 250 25 26 1 1
152 237 44 46 1 1
644 195 13 15 1 1
1043 452 157 222 1 0
810 210 13 15 1 1
1159 319 60 95 1 0
130 261 44 46 2 1
824 210 13 15 1 1
991 236 25 26 1 1
1123 204 48 44 1 1
543 228 13 15 1 1
193 229 44 46 1 1
120 223 44 46 2 1
1189 251 41 49 1 1
1075 202 40 38 2 1
771 206 13 15 1 1
383 194 23 24 1 1
1005 220 25 26 1 1
509 245 13 15 1 1
534 275 56 51 1 0
1086 265 56 51 1 1
439 243 34 33 1 1
528 226 13 15 1 1
508 212 13 15 1 1
881 223 25 26 2 1
889 326 57 77 1 0
769 271 56 51 2 0
882 237 25 26 2 1
773 232 25 26 1 1
735 248 37 35 1 1
480 271 56 51 1 0
281 330 76 91 1 0
