294 558 69 79 1 0
1028 451 40 51 1 1
630 409 69 79 1 1
975 459 40 51 1 1
42 699 72 87 1 0
310 529 69 79 1 0
821 489 69 79 1 0
224 429 69 79 1 1
756 488 69 79 1 0
1158 545 40 51 1 0
558 399 72 87 1 1
673 412 61 72 1 1
267 724 81 114 1 0
778 422 56 64 1 1
561 493 69 79 1 0
1182 685 40 51 1 0
523 520 69 79 1 0
1181 507 40 51 1 0
1161 462 40 51 1 1
74 536 72 87 1 0
490 574 81 114 1 0
788 412 44 50 1 1
322 449 69 79 1 1
1050 449 40 51 1 1
920 520 40 51 1 0
1188 625 40 51 1 0
998 423 20 22 1 1
377 623 81 114 1 0
155 520 69 79 1 0
509 424 72 87 1 1
877 595 97 135 1 0
1031 410 20 22 1 1
208 578 81 114 1 0
916 410 20 22 1 1
897 437 20 22 1 1
407 398 69 79 1 1
760 432 61 72 1 1
805 457 40 51 1 1
643 409 61 72 1 1
825 528 69 79 1 0
365 374 69 79 1 1
668 412 61 72 1 1
166 489 69 79 1 0
556 437 75 96 1 1
404 546 69 79 1 0
682 579 69 79 1 0
1016 457 40 51 1 1
755 417 56 64 1 1
434 434 72 87 1 1
883 441 20 22 1 1
264 514 69 79 1 0
1195 530 40 51 1 0
857 507 40 51 1 0
829 443 37 43 1 1
907 482 40 51 1 0
1037 472 40 51 1 0
630 601 81 114 1 0
937 434 20 22 1 1
393 417 69 79 1 1
660 510 69 79 1 0
