239 373 64 101 2 1
1164 174 39 49 1 1
328 480 59 87 2 1
1344 284 38 47 1 1
1288 67 37 41 1 1
916 43 37 41 1 1
532 256 38 47 1 1
1078 43 37 41 1 1
996 5 37 41 1 1
419 307 64 101 1 1
403 243 38 47 1 1
892 49 37 41 1 1
315 519 62 86 2 1
957 941 136 187 1 0
186 227 38 47 1 1
278 266 38 47 1 1
1263 122 39 49 1 1
768 107 39 49 1 1
129 331 64 101 1 1
48 685 74 96 1 0
55 331 38 47 1 1
559 229 38 47 2 1
1061 68 37 41 1 1
261 609 55 74 1 0
1005 203 39 49 1 1
803 238 38 47 1 0
161 830 95 105 1 0
1088 68 37 41 1 1
1053 16 37 41 1 1
695 526 71 90 1 0
43 228 38 47 1 1
468 211 38 47 2 1
949 70 37 41 2 1
326 451 61 94 2 1
1228 187 39 49 1 1
1325 242 38 47 1 1
1356 67 37 41 1 1
937 54 37 41 2 1
287 160 39 49 1 1
320 162 39 49 1 1
1433 45 37 41 1 1
433 189 39 49 1 1
888 115 39 49 1 1
335 948 95 105 1 0
299 669 74 96 1 0
453 217 38 47 2 1
1154 81 39 49 1 1
1385 171 39 49 1 1
157 421 85 101 1 0
76 244 38 47 1 1
891 13 37 41 1 1
973 194 39 49 1 1
1440 497 71 90 1 0
108 919 95 105 1 0
1065 182 39 49 1 1
241 344 64 101 2 1
725 227 38 47 1 1
527 339 64 101 1 0
665 463 71 90 1 1
326 732 74 96 1 0
57 381 56 74 2 0
1142 38 37 41 1 1
9 595 55 74 2 1
998 150 39 49 1 1
1321 318 64 101 1 1
661 85 39 49 1 1
34 268 44 60 1 1
1282 338 64 101 1 0
776 947 136 187 1 0
1341 23 37 41 1 1
635 181 39 49 1 1
899 259 38 47 1 1
361 249 38 47 1 1
35 744 74 96 1 0
750 197 39 49 1 1
791 352 88 146 1 0
1132 160 39 49 1 1
117 258 38 47 2 1
1114 85 39 49 1 1
270 350 64 101 2 1
642 632 65 87 1 0
1449 298 38 47 1 1
403 553 62 86 1 0
6 675 69 87 1 0
1479 361 64 101 1 1
1009 37 37 41 1 1
981 36 37 41 2 1
269 895 95 105 1 0
458 122 39 49 1 1
159 235 38 47 1 1
240 202 38 48 1 1
322 580 55 74 1 0
856 21 37 41 1 1
1295 134 39 49 1 1
485 437 64 101 1 0
28 615 55 74 2 1
522 220 38 47 2 1
109 269 38 47 2 1
1379 376 64 101 1 1
34 368 56 74 2 0
897 291 38 47 1 1
1581 333 52 71 1 0
960 39 37 41 2 1
377 306 64 101 1 1
650 775 90 126 1 0
451 245 38 47 1 1
387 175 39 49 1 1
319 801 90 126 1 0
1360 127 39 49 1 1
1167 372 122 145 1 0
1516 931 136 187 1 0
869 167 39 49 1 1
739 113 39 49 1 1
1008 442 71 90 1 0
952 661 90 122 1 0
943 176 39 49 1 1
943 270 38 47 1 1
357 170 39 49 1 1
538 224 38 47 2 1
318 389 64 101 1 1
383 645 55 74 1 0
1505 40 37 41 1 1
701 100 39 49 1 1
713 167 39 49 1 1
