3491 412 102 130 1 0
2858 1513 95 143 1 0
681 92 102 130 1 0
1863 1514 95 143 1 0
752 1653 95 143 1 0
2144 2137 95 143 1 0
1971 2244 95 143 1 0
3045 526 102 130 1 0
2853 447 102 130 1 0
2813 132 102 130 1 0
3189 333 102 130 1 0
1657 164 102 130 1 0
576 235 102 130 1 0
3444 1630 100 133 1 0
2136 796 102 130 1 0
566 704 102 130 1 0
254 2027 95 143 1 0
3500 530 102 130 1 0
2384 796 102 130 1 0
2604 224 102 130 1 0
176 471 102 130 1 0
1764 862 102 130 1 0
3032 1813 95 143 1 0
1665 797 102 130 1 0
3333 539 102 130 1 0
849 1680 95 143 1 0
537 393 102 130 1 0
2512 471 102 130 1 0
1189 1239 102 130 1 0
417 1850 95 143 1 0
1265 349 102 130 1 0
417 1510 95 143 1 0
61 2328 95 143 1 0
3084 1114 102 130 1 0
1460 345 102 130 1 0
3365 72 102 130 1 0
740 855 102 130 1 0
1116 860 102 130 1 0
1331 529 102 130 1 0
2808 1928 95 143 1 0
1192 775 102 130 1 0
3250 694 102 130 1 0
2427 2050 95 143 1 0
2170 446 102 130 1 0
3281 2325 95 143 1 0
2568 904 102 130 1 0
5 685 102 130 1 0
454 205 102 130 1 0
1545 1318 102 130 1 0
3413 173 102 130 1 0
1043 1974 95 143 1 0
2952 20 102 130 1 0
1020 1322 98 136 1 0
3265 471 102 130 1 0
1093 1542 95 143 1 0
1630 2202 95 143 1 0
1797 83 102 130 1 0
2169 1678 95 143 1 0
1657 1680 95 143 1 0
118 1103 102 130 1 0
3410 1354 102 130 1 0
2297 1253 102 130 1 0
3176 1199 102 130 1 0
1777 1201 102 130 1 0
2485 159 102 130 1 0
2727 2103 95 143 1 0
2950 749 102 130 1 0
1008 53 102 130 1 0
53 227 102 130 1 0
258 1590 95 143 1 0
1992 756 102 130 1 0
1131 247 102 130 1 0
3205 882 102 130 1 0
2929 1022 102 130 1 0
2736 45 102 130 1 0
2054 1242 102 130 1 0
659 161 102 130 1 0
140 69 102 130 1 0
1282 1536 95 143 1 0
1346 1914 95 143 1 0
1354 668 102 130 1 0
995 150 102 130 1 0
407 56 102 130 1 0
3443 1897 98 136 1 0
1933 1655 95 143 1 0
1330 1430 95 143 1 0
3138 1641 96 139 1 0
89 964 102 130 1 0
390 875 102 130 1 0
2558 1503 95 143 1 0
1404 775 102 130 1 0
1893 190 102 130 1 0
918 776 102 130 1 0
819 1117 102 130 1 0
1986 1354 95 143 1 0
128 1881 95 143 1 0
612 2209 95 143 1 0
3083 102 102 130 1 0
292 369 102 130 1 0
808 1246 102 130 1 0
3244 16 102 130 1 0
1375 1211 102 130 1 0
2 2300 95 143 1 0
1093 1888 95 143 1 0
943 629 102 130 1 0
2436 20 102 130 1 0
2344 1116 102 130 1 0
1203 1000 102 130 1 0
2335 264 102 130 1 0
764 1833 95 143 1 0
203 167 102 130 1 0
759 1961 95 143 1 0
2268 1007 102 130 1 0
2400 1706 95 143 1 0
2852 250 102 130 1 0
390 807 102 130 1 0
2232 369 102 130 1 0
608 829 102 130 1 0
704 2064 95 143 1 0
2063 2314 95 143 1 0
3390 920 102 130 1 0
871 235 102 130 1 0
527 1638 95 143 1 0
2746 1889 95 143 1 0
2471 1418 95 143 1 0
1820 345 102 130 1 0
2479 1877 95 143 1 0
1599 1567 95 143 1 0
1101 491 102 130 1 0
1408 1 102 130 1 0
1596 79 102 130 1 0
245 2327 95 143 1 0
3363 1207 102 130 1 0
1658 653 102 130 1 0
1186 1712 95 143 1 0
2502 656 102 130 1 0
871 466 102 130 1 0
606 1017 102 130 1 0
1896 1980 95 143 1 0
1185 2251 95 143 1 0
3047 1520 98 136 1 0
355 1954 95 143 1 0
2356 2191 95 143 1 0
2187 1514 95 143 1 0
2690 1050 102 130 1 0
538 1551 95 143 1 0
3168 219 102 130 1 0
4 2082 95 143 1 0
415 1150 102 130 1 0
2150 1126 102 130 1 0
3346 1387 102 130 1 0
2083 544 102 130 1 0
1489 987 102 130 1 0
3158 1300 102 130 1 0
3133 637 102 130 1 0
2803 1795 95 143 1 0
2616 311 102 130 1 0
1484 2068 95 143 1 0
2869 657 102 130 1 0
2071 344 102 130 1 0
570 558 102 130 1 0
3344 1493 100 133 1 0
290 610 102 130 1 0
1561 502 102 130 1 0
1672 1406 95 143 1 0
0 1297 98 136 1 0
1173 165 102 130 1 0
124 1979 95 143 1 0
1806 535 102 130 1 0
2938 341 102 130 1 0
2610 1224 102 130 1 0
798 361 102 130 1 0
1618 1871 95 143 1 0
1004 2075 95 143 1 0
1849 457 102 130 1 0
2287 2027 95 143 1 0
1415 171 102 130 1 0
282 1026 102 130 1 0
2255 1356 95 143 1 0
1045 337 102 130 1 0
1776 2059 95 143 1 0
1888 1840 95 143 1 0
407 1323 96 139 1 0
3397 1118 102 130 1 0
