295 150 50 49 1 0
955 225 50 49 1 0
805 566 66 71 1 0
602 413 58 58 1 0
663 236 50 49 1 0
8 456 60 61 1 0
160 282 58 58 1 0
871 145 50 49 1 0
463 228 50 49 1 0
899 93 40 50 1 0
586 249 50 49 1 0
321 537 66 71 1 0
341 194 50 49 1 0
232 538 66 71 1 0
672 339 58 58 1 0
899 339 58 58 1 0
581 138 50 49 1 0
376 248 50 49 1 0
342 354 58 58 1 0
9 528 62 64 1 0
75 516 66 71 1 0
280 286 58 58 1 0
932 587 66 71 1 0
975 533 66 71 1 0
962 172 50 49 1 0
1007 315 58 58 1 0
784 507 66 71 1 0
748 180 50 49 1 0
310 191 50 49 1 0
965 390 58 58 1 0
843 459 66 71 1 0
491 546 66 71 1 0
240 411 58 58 1 0
798 81 40 50 1 0
544 504 66 71 1 0
748 289 58 58 1 0
998 198 50 49 1 0
751 491 66 71 1 0
400 193 50 49 1 0
784 272 58 58 1 0
72 334 58 58 1 0
992 94 47 49 1 0
469 266 50 49 1 0
194 124 50 49 1 0
1060 531 64 67 1 0
456 156 50 49 1 0
614 185 50 49 1 0
97 421 58 58 1 0
363 156 50 49 1 0
493 293 58 58 1 0
1052 42 47 49 1 0
205 258 50 49 1 0
628 574 66 71 1 0
897 564 66 71 1 0
819 166 50 49 1 0
914 204 50 49 1 0
532 381 58 58 1 0
416 423 58 58 1 0
477 42 40 50 1 0
20 253 54 53 1 0
365 303 58 58 1 0
246 244 50 49 1 0
928 445 66 71 1 0
1015 119 50 49 1 0
618 474 66 71 1 0
384 408 58 58 1 0
284 95 40 50 1 0
939 291 58 58 1 0
729 427 58 58 1 0
186 442 66 71 1 0
668 402 58 58 1 0
258 372 58 58 1 0
178 225 50 49 1 0
823 403 58 58 1 0
737 129 50 49 1 0
238 341 58 58 1 0
51 579 66 71 1 0
134 151 50 49 1 0
545 191 50 49 1 0
1051 330 58 58 1 0
536 281 58 58 1 0
550 105 40 50 1 0
62 128 52 51 1 0
502 460 66 71 1 0
118 393 58 58 1 0
207 388 58 58 1 0
401 97 40 50 1 0
382 535 66 71 1 0
109 617 66 71 1 0
675 112 40 50 1 0
96 257 50 49 1 0
170 329 58 58 1 0
