247 260 15 15 1 0
803 309 12 12 1 0
503 393 17 15 1 0
428 130 10 11 1 0
639 483 17 15 1 0
304 566 14 20 1 0
478 585 17 15 1 0
96 192 15 15 1 0
580 531 17 15 1 0
398 588 14 20 1 0
664 319 12 12 1 0
39 372 14 20 1 0
276 172 15 15 1 0
199 468 14 20 1 0
845 28 7 7 1 0
607 60 10 11 1 0
339 369 14 20 1 0
389 109 11 12 1 0
692 46 7 7 1 0
347 199 15 15 1 0
410 175 15 15 2 0
543 367 17 15 1 0
736 159 8 9 1 0
895 12 7 7 1 0
82 354 14 20 1 0
754 75 7 7 1 0
162 287 15 15 1 0
600 590 17 15 1 0
405 167 15 15 1 0
799 562 17 15 1 0
619 103 10 11 1 0
713 39 7 7 1 0
322 622 14 20 1 0
804 536 17 15 1 0
781 260 12 12 1 0
296 234 15 15 1 0
546 151 10 11 1 0
718 88 10 11 1 0
707 512 17 15 1 0
692 96 10 11 1 0
74 240 15 15 1 0
173 261 15 15 1 0
783 302 12 12 1 0
648 103 10 11 1 0
737 39 7 7 1 0
193 437 14 20 1 0
492 454 17 15 1 0
457 372 17 15 1 0
98 205 15 15 2 0
117 582 14 20 2 0
619 318 12 12 1 0
452 426 14 20 1 0
679 47 7 7 1 0
678 183 10 11 1 0
141 224 15 15 1 0
515 593 17 15 1 0
362 206 15 15 2 0
362 558 14 20 1 0
796 235 8 9 1 0
496 367 17 15 1 0
661 333 12 12 1 0
475 529 17 15 1 0
559 462 17 15 1 0
602 342 12 12 1 0
156 302 15 15 1 0
193 169 15 15 1 0
381 344 14 20 1 0
660 100 10 11 1 0
903 148 5 6 1 0
634 440 17 15 1 0
670 53 7 8 1 0
405 568 14 20 1 0
236 459 14 20 1 0
120 572 14 20 2 0
536 380 17 15 1 0
714 171 10 11 1 0
580 443 17 15 1 0
139 607 14 20 1 0
548 88 10 11 1 0
108 278 15 15 1 0
323 158 15 15 1 0
571 486 17 15 1 0
909 166 5 6 1 0
540 518 17 15 1 0
359 138 15 15 1 0
345 356 14 20 1 0
283 152 15 15 1 0
691 259 12 12 1 0
837 534 17 15 1 0
840 28 7 7 1 0
202 278 15 15 1 0
568 127 10 11 1 0
618 60 10 11 1 0
502 98 10 11 1 0
654 55 8 9 1 0
733 86 7 7 1 0
601 514 17 15 1 0
822 217 5 6 1 0
919 18 7 7 1 0
605 412 17 15 1 0
207 155 15 15 1 0
481 417 17 15 1 0
661 342 12 12 1 0
644 353 12 12 1 0
842 198 5 6 1 0
660 444 17 15 1 0
699 86 10 11 1 0
563 374 17 15 1 0
771 36 7 7 1 0
681 99 10 11 1 0
64 223 15 15 1 0
647 327 12 12 1 0
718 52 7 7 1 0
688 249 12 12 1 0
716 436 17 15 1 0
383 114 11 12 1 0
753 160 6 6 1 0
179 251 15 15 1 0
860 56 7 7 1 0
478 543 17 15 1 0
317 148 15 15 1 0
396 189 15 15 1 0
196 299 15 15 1 0
753 81 7 7 1 0
310 144 15 15 1 0
530 513 17 15 1 0
217 195 15 15 1 0
236 182 15 15 1 0
751 255 12 12 2 0
810 134 5 6 1 0
626 61 10 11 1 0
416 529 14 20 1 0
267 143 15 15 1 0
215 296 15 15 1 0
544 497 17 15 1 0
405 184 15 15 1 0
340 213 15 15 1 0
75 214 15 15 1 0
307 171 15 15 1 0
301 401 14 20 1 0
706 523 17 15 1 0
354 116 13 14 1 0
447 587 14 20 1 0
418 184 15 15 1 0
260 159 15 15 1 0
534 139 10 11 1 0
369 203 15 15 2 0
552 78 10 11 1 0
315 226 15 15 1 0
480 282 15 14 1 0
363 189 15 15 1 0
438 109 10 11 1 0
413 316 15 17 1 0
301 144 15 15 1 0
912 521 17 15 1 0
499 530 17 15 1 0
781 207 10 10 1 0
648 470 17 15 1 0
713 400 17 15 1 0
618 516 17 15 1 0
599 424 17 15 1 0
127 306 15 15 1 0
807 262 12 12 1 0
657 91 10 11 1 0
726 244 12 12 1 0
211 263 15 15 1 0
738 84 7 7 1 0
624 110 10 11 1 0
828 30 7 7 1 0
294 149 15 15 1 0
236 281 15 15 1 0
403 322 14 18 1 0
727 42 7 7 1 0
563 232 11 11 1 0
615 207 10 11 1 0
552 516 17 15 1 0
349 139 15 15 1 0
868 24 7 7 1 0
520 145 10 11 1 0
573 75 10 11 1 0
148 563 14 20 1 0
780 309 12 12 1 0
152 315 14 16 1 0
530 146 10 11 1 0
570 436 17 15 1 0
836 131 5 6 1 0
3 315 14 20 1 0
102 299 15 15 1 0
816 63 7 7 1 0
803 29 7 7 1 0
349 127 15 15 2 0
292 136 15 15 1 0
770 210 12 12 1 0
13 397 14 20 1 0
904 34 7 7 1 0
591 216 11 11 1 0
337 347 14 20 1 0
497 161 10 11 1 0
179 193 15 15 1 0
472 291 17 15 1 0
934 153 5 6 1 0
827 139 5 6 1 0
237 258 15 15 1 0
786 591 17 15 1 0
603 82 10 11 1 0
724 343 12 12 1 0
683 55 7 7 1 0
858 124 5 6 1 0
357 201 15 15 2 0
673 195 10 11 1 0
486 160 10 11 1 0
529 90 10 11 1 0
638 59 9 10 1 0
715 602 17 15 1 0
697 51 7 7 1 0
626 523 17 15 1 0
465 376 17 15 1 0
260 139 15 15 1 0
489 303 17 15 1 0
20 355 14 20 1 0
475 159 10 11 1 0
654 321 12 12 1 0
131 184 15 15 1 0
827 67 7 7 1 0
387 322 14 20 1 0
284 142 15 15 1 0
288 413 14 20 1 0
446 181 15 15 2 0
635 111 10 11 1 0
655 50 7 8 1 0
725 232 12 12 1 0
882 51 7 7 1 0
512 556 17 15 1 0
522 87 10 11 1 0
749 349 12 12 1 0
740 160 7 7 1 0
19 324 14 20 1 0
590 437 17 15 1 0
362 346 14 20 1 0
326 601 14 20 2 0
475 109 10 11 1 0
863 179 5 6 1 0
408 104 10 11 1 0
338 135 15 15 1 0
913 43 7 7 1 0
759 160 5 6 1 0
172 507 14 20 1 0
590 98 10 11 1 0
335 581 14 20 1 0
138 282 15 15 1 0
397 329 14 20 1 0
581 614 17 15 1 0
62 255 15 15 1 0
569 596 17 15 1 0
621 117 10 11 1 0
178 275 15 15 1 0
78 625 14 20 1 0
336 125 15 15 1 0
210 516 14 20 1 0
348 324 14 20 1 0
745 254 12 12 2 0
507 150 10 11 1 0
166 174 15 15 1 0
523 539 17 15 1 0
740 48 7 7 1 0
488 271 14 14 1 0
652 274 12 12 1 0
846 56 7 7 1 0
410 118 10 11 1 0
295 213 15 15 1 0
600 611 17 15 1 0
708 86 10 11 1 0
744 87 7 7 1 0
36 349 14 20 1 0
542 353 17 15 1 0
388 206 15 15 1 0
427 168 15 15 2 0
824 126 5 6 1 0
601 307 12 12 1 0
72 367 14 20 1 0
55 364 14 20 1 0
655 61 9 10 1 0
818 31 7 7 1 0
264 195 15 15 1 0
808 68 7 7 1 0
528 616 17 15 1 0
923 144 5 6 1 0
4 374 14 20 1 0
127 341 14 20 1 0
894 48 7 7 1 0
801 70 7 7 1 0
635 73 10 11 1 0
41 265 15 15 1 0
850 189 5 6 1 0
477 85 10 11 1 0
701 433 17 15 1 0
695 306 12 12 2 0
666 404 17 15 1 0
914 104 5 6 1 0
510 489 17 15 1 0
767 76 7 7 1 0
620 286 12 12 1 0
686 97 10 11 1 0
601 457 17 15 1 0
248 461 14 20 1 0
606 316 12 12 1 0
443 134 10 11 1 0
284 232 15 15 1 0
761 332 12 12 1 0
108 538 14 20 1 0
398 106 10 11 1 0
547 489 17 15 1 0
601 400 17 15 1 0
368 142 15 15 1 0
764 33 7 7 1 0
497 405 17 15 1 0
744 229 12 12 2 0
598 353 12 12 1 0
726 254 12 12 1 0
835 205 5 6 1 0
835 28 7 7 1 0
842 233 5 6 1 0
884 172 5 6 1 0
724 273 12 12 1 0
521 253 10 11 1 0
657 175 10 11 1 0
853 61 7 7 1 0
740 226 12 12 2 0
670 101 10 11 1 0
850 204 5 6 1 0
182 290 15 15 1 0
745 360 12 12 1 0
206 256 15 15 1 0
678 523 17 15 1 0
171 290 15 15 1 0
646 565 17 15 1 0
289 222 15 15 1 0
81 337 14 20 1 0
449 145 15 15 1 0
544 100 10 11 1 0
97 213 15 15 2 0
554 471 17 15 1 0
69 345 14 20 1 0
716 43 7 7 1 0
395 606 14 20 1 0
573 241 11 11 1 0
445 619 14 20 1 0
413 172 15 15 2 0
583 288 12 12 1 0
112 346 14 20 1 0
534 87 10 11 1 0
2 245 15 15 1 0
897 118 5 6 1 0
680 300 12 12 1 0
476 381 17 15 1 0
132 314 14 17 1 0
419 169 15 15 2 0
717 287 12 12 1 0
713 340 12 12 1 0
850 623 17 15 1 0
655 435 17 15 1 0
252 521 14 20 1 0
319 381 14 20 1 0
837 61 7 7 1 0
664 54 7 8 1 0
587 69 10 11 1 0
811 33 7 7 1 0
356 129 13 14 2 0
658 196 10 11 1 0
918 150 5 6 1 0
206 188 15 15 1 0
90 320 14 17 1 0
275 137 15 15 1 0
648 304 12 12 1 0
269 425 14 20 1 0
11 337 14 20 1 0
681 391 17 15 1 0
832 246 5 6 1 0
547 508 17 15 1 0
832 616 17 15 1 0
180 311 15 15 2 0
757 67 7 7 1 0
182 165 15 15 1 0
239 272 15 15 1 0
547 589 17 15 1 0
100 290 15 15 1 0
346 589 14 20 1 0
135 332 14 20 1 0
854 198 5 6 1 0
352 187 15 15 1 0
705 47 7 7 1 0
785 245 12 12 1 0
877 23 7 7 1 0
741 300 12 12 1 0
758 325 12 12 1 0
575 380 17 15 1 0
682 324 12 12 1 0
722 327 12 12 1 0
878 172 5 6 1 0
916 542 17 15 1 0
812 510 17 15 1 0
194 178 15 15 1 0
895 164 5 6 1 0
811 234 6 7 1 0
423 175 15 15 2 0
757 338 12 12 1 0
816 225 6 7 1 0
505 155 10 11 1 0
201 445 14 20 1 0
922 11 7 7 1 0
456 506 14 20 1 0
227 166 15 15 1 0
454 492 14 20 1 0
790 75 7 7 1 0
628 382 17 15 1 0
391 176 15 15 1 0
542 138 10 11 1 0
217 467 14 20 1 0
553 211 10 11 1 0
223 480 14 20 1 0
325 590 14 20 2 0
109 331 14 20 1 0
713 46 7 7 1 0
344 120 15 15 1 0
425 154 15 15 1 0
805 196 5 6 1 0
434 167 15 15 2 0
796 83 7 7 1 0
435 470 14 20 1 0
550 138 10 11 1 0
370 586 14 20 1 0
752 304 12 12 1 0
692 300 12 12 2 0
6 303 14 18 1 0
868 55 7 7 1 0
223 255 15 15 1 0
252 144 15 15 1 0
365 418 14 20 1 0
904 45 7 7 1 0
136 592 14 20 1 0
377 120 10 11 1 0
438 181 15 15 2 0
114 302 15 15 1 0
295 587 14 20 1 0
624 206 10 11 1 0
781 31 7 7 1 0
761 295 12 12 1 0
735 233 12 12 1 0
189 263 15 15 1 0
228 289 15 15 1 0
419 103 10 11 1 0
838 124 5 6 1 0
97 306 15 15 1 0
175 314 15 15 2 0
328 214 15 15 1 0
858 32 7 7 1 0
665 611 17 15 1 0
114 314 14 16 1 0
559 354 15 14 1 0
615 428 17 15 1 0
82 193 15 15 1 0
514 101 10 11 1 0
552 240 11 11 1 0
162 272 15 15 1 0
768 285 12 12 1 0
463 161 15 15 1 0
