495 371 14 19 1 0
49 212 14 19 1 0
247 391 14 19 1 0
402 108 13 20 1 0
583 335 14 19 1 0
167 10 13 20 1 0
507 27 13 20 1 0
469 185 13 20 1 0
499 157 13 20 1 0
563 59 13 20 1 0
552 100 13 20 1 0
554 329 14 19 1 0
63 87 13 20 1 0
288 157 13 20 1 0
449 95 13 20 1 0
113 371 14 19 1 0
133 247 14 19 1 0
564 165 13 20 1 0
13 225 13 19 1 0
166 265 14 19 1 0
439 123 13 20 1 0
264 76 13 20 1 0
388 127 13 20 1 0
180 386 14 19 1 0
122 7 13 20 1 0
321 44 13 20 1 0
265 92 13 20 1 0
336 141 13 20 1 0
355 368 14 19 1 0
29 160 13 20 1 0
333 335 14 19 1 0
216 261 14 19 1 0
378 36 13 20 1 0
514 13 13 20 1 0
107 215 14 19 1 0
519 135 13 20 1 0
425 44 13 20 1 0
233 370 14 19 1 0
406 360 14 19 1 0
456 330 14 19 1 0
554 203 14 19 1 0
561 132 13 20 1 0
152 360 14 19 1 0
196 358 14 19 1 0
301 144 13 20 1 0
156 77 13 20 1 0
473 397 14 19 1 0
500 100 13 20 1 0
360 331 14 19 1 0
487 371 14 19 1 0
146 124 13 20 1 0
265 360 14 19 1 0
316 92 13 20 1 0
340 14 13 20 1 0
597 134 13 20 1 0
149 317 14 19 1 0
361 17 13 20 1 0
534 106 13 20 1 0
120 45 13 20 1 0
183 163 13 20 1 0
466 87 13 20 1 0
521 335 14 19 1 0
597 99 13 20 1 0
357 166 13 20 1 0
221 18 13 20 1 0
157 231 14 19 1 0
449 373 14 19 1 0
301 338 14 19 1 0
563 232 14 19 1 0
266 21 13 20 1 0
477 128 13 20 1 0
41 3 13 20 1 0
3 90 13 20 1 0
39 201 14 19 1 0
410 335 14 19 1 0
567 34 13 20 1 0
92 123 13 20 1 0
335 43 13 20 1 0
79 264 14 19 1 0
593 5 13 20 1 0
107 268 14 19 1 0
91 3 13 20 1 0
271 343 14 19 1 0
534 390 14 19 1 0
509 58 13 20 1 0
192 291 14 19 1 0
290 317 14 19 1 0
105 92 13 20 1 0
485 6 13 20 1 0
124 71 13 20 1 0
317 372 14 19 1 0
77 79 13 20 1 0
202 17 13 20 1 0
258 136 13 20 1 0
76 27 13 20 1 0
239 328 14 19 1 0
253 327 14 19 1 0
25 125 13 20 1 0
87 149 13 20 1 0
191 106 13 20 1 0
585 178 13 19 1 0
200 210 14 19 1 0
409 58 13 20 1 0
472 39 13 20 1 0
364 105 13 20 1 0
530 178 13 20 1 0
324 389 14 19 1 0
545 362 14 19 1 0
449 159 13 20 1 0
137 162 13 20 1 0
167 186 13 20 1 0
236 165 13 20 1 0
44 315 14 19 1 0
369 65 13 20 1 0
32 27 13 20 1 0
31 251 14 19 1 0
92 317 14 19 1 0
399 171 13 20 1 0
