966 360 57 67 1 0
648 264 30 33 2 1
1172 96 17 21 1 1
797 139 17 21 1 1
71 84 17 21 1 1
266 65 17 21 1 1
96 159 17 21 1 1
668 98 17 21 1 1
536 182 17 21 1 1
911 227 30 33 1 1
512 272 30 33 2 1
267 255 30 33 1 1
554 126 17 21 1 1
891 258 30 33 1 1
170 132 17 21 1 1
433 239 30 33 2 1
596 234 30 33 1 1
1180 713 101 136 2 0
754 221 30 33 1 1
421 240 30 33 2 1
66 117 17 21 1 1
664 267 30 33 2 1
336 244 30 33 2 1
149 61 17 21 1 1
300 103 17 21 1 1
31 421 82 92 2 0
1017 29 6 7 1 1
689 86 17 21 1 1
544 484 89 127 1 0
936 64 17 21 1 1
843 136 17 21 1 1
254 180 17 21 1 1
477 177 17 21 1 1
638 396 82 92 1 1
656 52 17 21 1 1
1047 47 17 21 1 1
420 69 17 21 1 1
581 137 17 21 1 1
808 246 30 33 1 1
222 173 17 21 1 1
944 122 17 21 1 1
1061 460 82 92 1 0
517 113 17 21 1 1
587 58 17 21 1 1
1188 147 17 21 1 1
980 39 17 21 1 1
39 55 17 21 1 1
320 246 30 33 2 1
529 271 30 33 2 1
56 646 196 235 1 0
416 207 30 33 1 1
627 104 17 21 1 1
1153 32 17 21 1 1
132 127 17 21 1 1
189 216 30 33 1 1
252 392 82 92 2 1
1174 667 101 136 2 0
777 43 17 21 1 1
789 86 17 21 1 1
756 43 17 21 1 1
889 410 51 66 1 0
360 219 30 33 2 1
226 127 17 21 1 1
1121 267 30 33 1 1
247 237 30 33 1 1
284 124 17 21 1 1
749 85 17 21 1 1
1023 110 17 21 1 1
547 162 17 21 1 1
780 191 17 21 1 1
375 133 17 21 1 1
1037 218 30 33 1 1
532 101 17 21 1 1
1088 36 17 21 1 1
717 127 17 21 1 1
237 87 17 21 1 1
257 83 17 21 1 1
925 239 30 33 1 1
642 127 17 21 1 1
89 134 17 21 1 1
681 94 17 21 1 1
387 81 17 21 1 1
572 293 30 33 1 1
1193 105 17 21 1 1
123 63 17 21 1 1
335 93 17 21 1 1
761 69 17 21 1 1
408 146 17 21 1 1
480 199 30 33 1 1
832 164 17 21 1 1
33 162 6 7 1 1
384 440 82 92 1 0
606 74 17 21 1 1
790 129 17 21 1 1
701 49 17 21 1 1
259 420 82 92 2 0
885 213 30 33 1 1
515 204 30 33 1 1
737 94 17 21 1 1
718 161 17 21 1 1
755 265 30 33 1 1
669 175 17 21 1 1
772 420 82 92 1 0
1124 412 82 92 1 0
703 178 17 21 1 1
1069 198 30 33 1 1
1051 118 17 21 1 1
624 203 30 33 1 1
431 387 26 37 1 1
17 145 6 7 1 1
35 467 89 127 2 0
655 300 30 33 1 1
194 147 17 21 1 1
576 172 17 21 1 1
593 256 30 33 1 1
978 159 17 21 1 1
1091 216 30 33 1 1
558 237 30 33 1 1
860 284 30 33 1 1
649 178 17 21 1 1
357 155 17 21 2 1
480 72 17 21 1 1
183 68 17 21 1 1
440 196 17 21 1 1
633 163 17 21 1 1
371 112 17 21 1 1
633 221 30 33 1 1
682 444 82 92 2 1
1027 268 30 33 1 1
349 156 17 21 2 1
998 37 17 21 1 1
738 211 30 33 1 1
1099 102 17 21 1 1
1084 552 82 92 1 0
681 62 17 21 1 1
228 212 30 33 1 1
513 294 30 33 1 1
939 45 17 21 1 1
1083 279 30 33 1 1
738 115 17 21 1 1
1103 364 40 47 1 0
801 111 17 21 1 1
100 62 17 21 1 1
114 165 17 21 1 1
739 78 17 21 1 1
410 385 40 47 1 1
349 132 17 21 1 1
1151 204 30 33 1 1
317 75 17 21 1 1
259 130 17 21 1 1
451 108 17 21 1 1
153 100 17 21 1 1
905 133 17 21 1 1
112 105 17 21 1 1
487 182 17 21 1 1
418 548 89 127 1 0
651 110 17 21 1 1
1139 97 17 21 1 1
716 227 30 33 1 1
379 380 40 47 1 1
316 358 40 47 1 1
925 20 5 3 1 1
887 59 17 21 1 1
678 137 17 21 1 1
196 67 17 21 1 1
794 609 101 136 1 0
936 278 30 33 1 1
557 65 17 21 1 1
190 435 82 92 1 0
605 156 17 21 2 1
602 98 17 21 1 1
373 225 30 33 2 1
30 109 6 7 1 1
222 69 17 21 1 1
241 363 40 47 1 1
475 233 30 33 1 1
437 442 82 92 1 0
608 333 40 56 1 1
313 181 17 21 1 1
687 225 30 33 1 1
905 190 17 21 1 1
688 395 82 92 2 1
434 175 17 21 1 1
373 47 17 21 1 1
1064 92 17 21 1 1
35 137 6 7 1 1
603 281 30 33 1 1
601 135 17 21 1 1
341 113 17 21 1 1
835 116 17 21 1 1
152 144 17 21 1 1
597 160 17 21 2 1
893 127 17 21 1 1
445 80 17 21 1 1
843 194 17 21 1 1
637 66 17 21 1 1
545 83 17 21 1 1
995 494 82 92 1 0
964 247 30 33 1 1
732 135 17 21 1 1
747 138 17 21 1 1
709 104 17 21 1 1
856 58 17 21 1 1
1151 137 17 21 1 1
1188 475 82 92 1 0
1049 67 17 21 1 1
1112 13 5 3 1 1
490 107 17 21 1 1
1150 380 40 47 1 0
887 33 17 21 1 1
79 67 17 21 1 1
1053 273 30 33 1 1
866 104 17 21 1 1
295 191 17 21 1 1
516 84 17 21 1 1
1000 58 17 21 1 1
1053 138 17 21 1 1
869 69 17 21 1 1
553 199 30 33 1 1
135 140 17 21 1 1
674 505 82 92 1 0
798 162 17 21 1 1
