1132 289 22 26 1 0
591 393 53 55 1 0
137 209 9 13 1 1
508 355 53 55 1 0
295 255 9 13 1 0
522 258 7 7 1 1
904 269 15 22 1 0
718 288 6 4 1 0
903 222 8 11 1 1
699 268 13 19 1 0
1190 267 13 22 1 0
175 261 9 13 1 0
973 263 15 22 1 0
269 246 9 13 1 0
257 238 9 13 1 0
62 267 9 13 1 1
49 272 5 2 1 1
756 296 22 26 1 0
233 263 9 13 1 0
536 258 7 7 1 1
1082 298 22 26 1 0
98 256 9 13 1 1
1214 326 22 26 1 0
1271 317 22 26 1 0
1106 283 13 22 1 0
767 212 8 11 1 1
664 246 13 19 1 0
1051 285 13 22 1 0
794 297 22 26 1 0
843 271 15 22 1 0
318 268 9 13 1 0
