418 66 6 8 1 0
316 139 11 18 1 0
617 53 6 8 1 0
192 29 5 6 1 0
576 73 6 8 1 0
473 54 6 8 1 0
570 91 6 8 1 0
304 13 5 6 1 0
427 121 6 8 1 0
472 198 11 18 1 0
334 95 6 8 1 0
224 40 5 6 1 0
7 199 11 18 1 0
253 56 6 8 1 0
7 165 11 18 1 0
447 187 11 18 1 0
449 57 6 8 1 0
254 84 6 8 1 0
147 130 11 18 1 0
371 116 6 8 1 0
511 113 6 8 1 0
629 166 11 18 1 0
190 72 6 8 1 0
654 36 5 6 1 0
671 152 11 18 1 0
663 85 6 8 1 0
476 60 6 8 1 0
453 66 6 8 1 0
88 174 11 18 1 0
301 58 6 8 1 0
546 24 5 6 1 0
217 144 11 18 1 0
669 29 5 6 1 0
206 20 5 6 1 0
484 25 5 6 1 0
411 114 6 8 1 0
274 30 5 6 1 0
531 42 5 6 1 0
389 109 6 8 1 0
224 57 6 8 1 0
493 37 5 6 1 0
605 29 5 6 1 0
477 19 5 6 1 0
143 119 6 8 1 0
399 31 5 6 1 0
243 101 6 8 1 0
513 127 11 18 1 0
396 24 5 6 1 0
535 23 5 6 1 0
273 113 6 8 1 0
630 19 5 6 1 0
606 110 6 8 1 0
678 57 6 8 1 0
340 8 5 6 1 0
306 4 5 6 1 0
299 188 11 18 1 0
339 108 6 8 1 0
366 28 5 6 1 0
715 182 11 18 1 0
430 57 6 8 1 0
522 49 6 8 1 0
441 154 11 18 1 0
442 71 6 8 1 0
567 80 6 8 1 0
479 165 11 18 1 0
287 68 6 8 1 0
243 45 5 6 1 0
457 116 6 8 1 0
491 156 11 18 1 0
275 6 5 6 1 0
135 79 6 8 1 0
386 149 11 18 1 0
466 34 5 6 1 0
511 18 5 6 1 0
639 17 5 6 1 0
290 80 6 8 1 0
335 163 11 18 1 0
586 106 6 8 1 0
409 14 5 6 1 0
589 35 5 6 1 0
314 33 5 6 1 0
217 112 6 8 1 0
616 126 11 18 1 0
426 35 5 6 1 0
524 173 11 18 1 0
310 154 11 18 1 0
592 46 5 6 1 0
566 61 6 8 1 0
625 43 5 6 1 0
157 90 6 8 1 0
523 190 11 18 1 0
617 96 6 8 1 0
486 41 5 6 1 0
400 15 5 6 1 0
455 91 6 8 1 0
440 14 5 6 1 0
656 131 11 18 1 0
337 178 11 18 1 0
240 165 11 18 1 0
498 51 6 8 1 0
177 177 11 18 1 0
470 13 5 6 1 0
211 133 11 18 1 0
656 54 6 8 1 0
481 133 11 18 1 0
487 94 6 8 1 0
634 70 6 8 1 0
589 137 11 18 1 0
601 51 6 8 1 0
581 168 11 18 1 0
386 84 6 8 1 0
477 47 6 8 1 0
306 48 6 8 1 0
291 27 5 6 1 0
389 186 11 18 1 0
254 28 5 6 1 0
354 1 5 6 1 0
452 25 5 6 1 0
205 167 11 18 1 0
407 143 11 18 1 0
637 186 11 18 1 0
539 148 11 18 1 0
559 81 6 8 1 0
547 31 5 6 1 0
560 68 6 8 1 0
498 26 5 6 1 0
679 176 11 18 1 0
281 106 6 8 1 0
566 104 6 8 1 0
119 123 11 18 1 0
640 118 6 8 1 0
352 35 5 6 1 0
688 83 6 8 1 0
696 124 11 18 1 0
167 26 5 6 1 0
207 199 11 18 1 0
196 106 6 8 1 0
647 82 6 8 1 0
382 56 6 8 1 0
392 16 5 6 1 0
485 76 6 8 1 0
455 18 5 6 1 0
339 20 5 6 1 0
410 63 6 8 1 0
620 73 6 8 1 0
580 150 11 18 1 0
389 35 5 6 1 0
610 19 5 6 1 0
520 94 6 8 1 0
244 87 6 8 1 0
643 58 6 8 1 0
511 32 5 6 1 0
341 30 5 6 1 0
301 126 11 18 1 0
619 38 5 6 1 0
383 166 11 18 1 0
593 70 6 8 1 0
426 46 5 6 1 0
152 99 6 8 1 0
265 184 11 18 1 0
425 165 11 18 1 0
573 51 6 8 1 0
663 50 6 8 1 0
581 121 6 8 1 0
541 40 5 6 1 0
360 15 5 6 1 0
697 83 7 10 1 0
414 51 6 8 1 0
208 85 6 8 1 0
63 145 11 18 1 0
646 145 11 18 1 0
238 54 6 8 1 0
353 136 11 18 1 0
601 76 6 8 1 0
569 20 5 6 1 0
617 18 5 6 1 0
508 75 6 8 1 0
478 100 6 8 1 0
443 24 5 6 1 0
498 66 6 8 1 0
362 177 11 18 1 0
516 22 5 6 1 0
390 56 6 8 1 0
447 16 5 6 1 0
238 35 5 6 1 0
284 21 5 6 1 0
254 41 5 6 1 0
193 187 11 18 1 0
662 164 11 18 1 0
484 110 6 8 1 0
514 64 6 8 1 0
584 67 6 8 1 0
193 86 6 8 1 0
117 156 11 18 1 0
397 95 6 8 1 0
502 6 5 6 1 0
351 16 5 6 1 0
440 21 5 6 1 0
265 73 6 8 1 0
636 43 5 6 1 0
681 105 6 8 1 0
596 24 5 6 1 0
268 142 11 18 1 0
561 33 5 6 1 0
382 113 6 8 1 0
688 77 6 8 1 0
366 2 5 6 1 0
231 132 11 18 1 0
553 35 5 6 1 0
339 69 6 8 1 0
413 131 11 18 1 0
366 72 6 8 1 0
234 68 6 8 1 0
441 19 5 6 1 0
581 48 6 8 1 0
442 31 5 6 1 0
317 161 11 18 1 0
373 21 5 6 1 0
175 35 5 6 1 0
503 45 5 6 1 0
674 190 11 18 1 0
416 28 5 6 1 0
549 114 6 8 1 0
528 68 6 8 1 0
298 113 6 8 1 0
349 88 6 8 1 0
259 65 6 8 1 0
679 76 6 8 1 0
73 76 8 13 1 0
536 99 6 8 1 0
298 5 5 6 1 0
330 41 5 6 1 0
136 165 11 18 1 0
363 39 5 6 1 0
366 49 6 8 1 0
334 5 5 6 1 0
533 133 11 18 1 0
650 96 6 8 1 0
634 98 6 8 1 0
82 68 8 13 1 0
77 195 11 18 1 0
324 78 6 8 1 0
487 34 5 6 1 0
327 51 6 8 1 0
295 60 6 8 1 0
212 57 6 8 1 0
452 77 6 8 1 0
438 101 6 8 1 0
179 153 11 18 1 0
95 62 7 10 1 0
657 70 6 8 1 0
587 182 11 18 1 0
179 55 6 8 1 0
72 66 8 13 1 0
513 191 11 18 1 0
359 54 6 8 1 0
641 81 6 8 1 0
263 134 11 18 1 0
566 48 6 8 1 0
476 39 5 6 1 0
301 41 5 6 1 0
207 31 5 6 1 0
325 100 6 8 1 0
329 121 6 8 1 0
581 110 6 8 1 0
188 136 11 18 1 0
