134 426 26 30 1 0
341 325 20 30 1 0
215 332 20 30 1 0
442 228 19 26 1 0
411 198 19 26 1 0
484 515 26 30 1 0
414 539 26 30 1 0
38 199 22 24 1 0
377 149 19 26 1 0
268 342 20 30 1 0
94 193 22 24 1 0
225 194 19 26 1 0
403 461 26 30 1 0
80 329 26 30 1 0
173 303 20 30 1 0
60 441 26 30 1 0
375 534 26 30 1 0
216 391 26 30 1 0
668 36 24 39 1 0
461 292 20 30 1 0
438 146 19 26 1 0
158 266 20 30 1 0
342 185 19 26 1 0
132 346 20 30 1 0
462 413 26 30 1 0
355 348 20 30 1 0
397 241 19 26 1 0
252 188 19 26 1 0
97 278 22 24 1 0
172 443 26 30 1 0
342 241 19 26 1 0
96 383 26 30 1 0
490 227 19 26 1 0
229 252 19 26 1 0
37 170 22 24 1 0
289 342 20 30 1 0
360 443 26 30 1 0
321 359 20 30 1 0
429 206 19 26 1 0
23 387 26 30 1 0
59 481 26 30 1 0
344 458 26 30 1 0
234 307 20 30 1 0
319 460 26 30 1 0
465 138 19 26 1 0
160 400 26 30 1 0
343 142 19 26 1 0
387 362 20 30 1 0
101 349 26 30 1 0
219 470 26 30 1 0
300 313 20 30 1 0
442 479 26 30 1 0
432 430 26 30 1 0
368 305 20 30 1 0
218 527 26 30 1 0
465 534 26 30 1 0
142 480 26 30 1 0
73 544 34 33 1 0
408 161 19 26 1 0
246 453 26 30 1 0
295 167 19 26 1 0
