109 144 22 29 1 0
482 285 37 41 1 0
702 287 37 41 1 0
75 175 22 29 1 0
383 214 41 43 1 0
679 111 13 18 1 0
339 72 13 18 1 0
444 24 9 13 1 0
206 245 41 43 1 0
330 171 22 29 1 0
566 7 9 13 1 0
335 57 9 13 1 0
468 185 22 29 1 0
84 144 22 29 1 0
145 90 13 18 1 0
296 175 22 29 1 0
569 190 22 29 1 0
572 111 13 18 1 0
186 7 9 13 1 0
510 46 9 13 1 0
436 47 9 13 1 0
673 369 39 48 1 0
592 275 37 41 1 0
352 119 13 18 1 0
105 274 41 43 1 0
160 49 9 13 1 0
556 44 9 13 1 0
398 29 9 13 1 0
34 217 26 32 1 0
171 156 22 29 1 0
274 155 22 29 1 0
490 4 9 13 1 0
13 165 19 26 1 0
370 17 9 13 1 0
259 60 9 13 1 0
588 24 9 13 1 0
293 35 9 13 1 0
352 46 9 13 1 0
446 189 22 29 1 0
224 90 13 18 1 0
164 101 13 18 1 0
99 75 13 18 1 0
375 435 39 48 1 0
710 127 13 18 1 0
104 104 13 18 1 0
38 122 17 23 1 0
156 57 9 13 1 0
244 53 9 13 1 0
648 413 39 48 1 0
655 89 13 18 1 0
605 147 22 29 1 0
689 31 9 13 1 0
516 30 9 13 1 0
218 178 22 29 1 0
532 12 9 13 1 0
234 152 22 29 1 0
430 24 9 13 1 0
128 95 13 18 1 0
546 164 22 29 1 0
474 33 9 13 1 0
382 44 9 13 1 0
587 44 9 13 1 0
427 28 9 13 1 0
165 221 41 43 1 0
568 40 9 13 1 0
183 206 41 43 1 0
710 235 37 41 1 0
12 145 19 26 1 0
210 469 43 54 1 0
49 77 13 18 1 0
593 224 37 41 1 0
434 17 9 13 1 0
420 21 9 13 1 0
407 150 22 29 1 0
526 37 9 13 1 0
620 117 13 18 1 0
156 133 13 18 1 0
640 130 13 18 1 0
72 211 41 43 1 0
606 30 9 13 1 0
538 203 37 41 1 0
193 57 9 13 1 0
503 99 13 18 1 0
55 13 9 13 1 0
286 83 13 18 1 0
330 42 9 13 1 0
535 1 9 13 1 0
396 11 9 13 1 0
186 122 13 18 1 0
510 11 9 13 1 0
567 55 9 13 1 0
652 315 39 48 1 0
423 126 13 18 1 0
34 93 15 20 1 0
337 147 22 29 1 0
277 29 9 13 1 0
284 63 9 13 1 0
525 17 9 13 1 0
172 49 9 13 1 0
354 241 41 43 1 0
504 24 9 13 1 0
141 61 9 13 1 0
55 117 13 18 1 0
223 63 9 13 1 0
655 256 37 41 1 0
390 25 9 13 1 0
369 69 9 13 1 0
393 57 9 13 1 0
617 92 13 18 1 0
360 60 9 13 1 0
314 79 13 18 1 0
393 141 22 29 1 0
45 183 22 29 1 0
312 39 9 13 1 0
136 153 22 29 1 0
72 99 13 18 1 0
632 44 9 13 1 0
234 211 41 43 1 0
340 187 22 29 1 0
147 121 13 18 1 0
361 169 22 29 1 0
492 147 22 29 1 0
544 43 9 13 1 0
272 388 43 54 1 0
566 238 37 41 1 0
130 82 13 18 1 0
268 177 22 29 1 0
504 168 22 29 1 0
458 223 37 41 1 0
163 3 9 13 1 0
173 7 9 13 1 0
383 161 22 29 1 0
380 121 13 18 1 0
89 9 9 13 1 0
500 61 9 13 1 0
496 11 9 13 1 0
382 336 39 48 1 0
32 229 26 32 1 0
51 150 22 29 1 0
340 21 9 13 1 0
412 17 9 13 1 0
332 23 9 13 1 0
248 167 22 29 1 0
73 79 13 18 1 0
132 3 9 13 1 0
660 108 13 18 1 0
115 4 9 13 1 0
419 26 9 13 1 0
302 29 9 13 1 0
251 87 13 18 1 0
292 53 9 13 1 0
310 61 9 13 1 0
25 7 9 13 1 0
347 31 9 13 1 0
148 387 43 54 1 0
258 133 13 18 1 0
452 55 9 13 1 0
19 101 15 20 1 0
526 87 13 18 1 0
264 297 41 43 1 0
625 130 13 18 1 0
538 138 13 18 1 0
403 41 9 13 1 0
490 448 39 48 1 0
286 144 22 29 1 0
641 173 22 29 1 0
576 27 9 13 1 0
532 49 9 13 1 0
76 345 43 54 1 0
370 31 9 13 1 0
245 42 9 13 1 0
262 205 41 43 1 0
203 168 22 29 1 0
308 151 22 29 1 0
370 50 9 13 1 0
478 10 9 13 1 0
610 213 37 41 1 0
181 94 13 18 1 0
418 47 9 13 1 0
34 19 9 13 1 0
222 48 9 13 1 0
532 347 39 48 1 0
