462 258 13 18 1 0
97 319 16 18 1 0
128 259 13 18 1 0
334 258 13 18 1 0
507 262 13 18 1 0
417 327 16 18 1 0
240 294 16 18 1 0
678 316 16 18 1 0
479 260 13 18 1 0
349 323 16 18 1 0
380 254 13 18 1 0
557 282 16 18 1 0
149 258 13 18 1 0
184 252 13 18 1 0
170 293 16 18 1 0
275 293 16 18 1 0
394 255 13 18 1 0
579 259 13 18 1 0
136 282 16 18 1 0
116 257 13 18 1 0
290 252 13 18 1 0
536 255 13 18 1 0
483 328 16 18 1 0
352 250 13 18 1 0
553 260 13 18 1 0
541 286 16 18 1 0
308 326 16 18 1 0
626 322 16 18 1 0
515 255 13 18 1 0
276 250 13 18 1 0
489 261 13 18 1 0
451 321 16 18 1 0
210 248 13 18 1 0
201 321 16 18 1 0
235 323 16 18 1 0
262 257 13 18 1 0
323 262 13 18 1 0
425 246 13 18 1 0
586 316 16 18 1 0
58 313 13 18 1 0
597 248 13 18 1 0
412 248 13 18 1 0
450 259 13 18 1 0
169 319 16 18 1 0
512 322 16 18 1 0
551 320 16 18 1 0
434 289 16 18 1 0
304 249 13 18 1 0
467 285 16 18 1 0
209 286 16 18 1 0
315 291 16 18 1 0
399 290 16 18 1 0
227 246 13 18 1 0
356 287 16 18 1 0
237 256 13 18 1 0
387 325 16 18 1 0
272 325 16 18 1 0
599 291 16 18 1 0
127 320 16 18 1 0
