305 203 20 24 1 1
191 213 15 20 1 0
232 207 15 20 1 1
161 216 15 20 1 1
534 199 15 20 1 1
559 211 15 20 3 0
89 202 19 26 1 0
610 345 132 102 1 0
403 216 20 24 1 0
270 206 15 20 1 0
128 226 21 28 1 0
72 215 21 28 1 0
599 198 15 20 1 0
213 214 15 20 1 0
407 202 20 24 1 0
145 220 15 20 1 0
107 225 21 28 1 0
455 207 20 24 1 0
15 201 21 28 1 1
258 205 15 20 1 1
559 200 15 20 1 1
340 206 20 24 1 0
581 199 15 20 1 1
505 206 15 20 1 1
445 207 20 24 1 0
426 206 20 24 1 1
571 198 15 20 1 1
435 208 20 24 1 0
288 207 17 22 1 0
523 198 15 20 1 1
613 201 15 20 1 1
178 218 15 20 1 0
35 207 21 28 1 1
325 215 20 24 1 0
442 220 20 24 3 0
388 208 20 24 1 0
357 206 20 24 1 0
23 228 21 28 1 0
