477 272 21 27 1 0
744 494 21 27 1 0
792 45 21 27 1 0
583 64 21 27 1 0
621 259 21 27 1 0
759 150 21 27 1 0
446 25 21 27 1 0
340 124 21 27 1 0
366 166 21 27 1 0
639 193 21 27 1 0
593 272 21 27 1 0
324 265 21 27 1 0
182 31 21 27 1 0
203 117 21 27 1 0
765 87 21 27 1 0
689 278 21 27 1 0
419 40 21 27 1 0
12 74 21 27 1 0
518 262 21 27 1 0
542 33 21 27 1 0
680 174 21 27 1 0
299 50 21 27 1 0
684 200 21 27 1 0
509 37 21 27 1 0
527 155 21 27 1 0
221 180 21 27 1 0
843 201 21 27 1 0
659 78 21 27 1 0
165 241 21 27 1 0
490 98 21 27 1 0
369 200 21 27 1 0
181 221 21 27 1 0
713 35 21 27 1 0
302 201 21 27 1 0
735 192 21 27 1 0
443 280 21 27 1 0
467 185 21 27 1 0
250 230 21 27 1 0
378 97 21 27 1 0
398 30 21 27 1 0
324 60 21 27 1 0
321 192 21 27 1 0
183 182 21 27 1 0
583 201 21 27 1 0
610 87 21 27 1 0
546 274 21 27 1 0
272 197 21 27 1 0
631 143 21 27 1 0
881 224 21 27 1 0
365 243 21 27 1 0
77 193 21 27 1 0
223 260 21 27 1 0
882 195 21 27 1 0
213 26 21 27 1 0
631 40 21 27 1 0
874 174 21 27 1 0
7 222 21 27 1 0
791 195 21 27 1 0
657 254 21 27 1 0
409 288 21 27 1 0
249 40 21 27 1 0
508 297 21 27 1 0
381 25 21 27 1 0
523 188 21 27 1 0
662 54 21 27 1 0
323 350 21 27 1 0
838 142 21 27 1 0
418 191 21 27 1 0
476 306 21 27 1 0
768 125 21 27 1 0
795 77 21 27 1 0
404 138 21 27 1 0
106 249 21 27 1 0
813 100 21 27 1 0
796 151 21 27 1 0
352 313 21 27 1 0
160 151 21 27 1 0
398 265 21 27 1 0
711 131 21 27 1 0
540 80 21 27 1 0
677 145 21 27 1 0
63 44 21 27 1 0
540 183 21 27 1 0
717 62 21 27 1 0
450 98 21 27 1 0
