157 260 13 14 1 0
90 421 29 40 1 0
101 379 22 31 1 0
155 347 22 31 1 0
197 253 13 14 1 0
148 291 17 22 1 0
64 291 17 22 1 0
232 271 17 22 1 0
221 262 13 14 1 0
213 236 13 14 1 1
239 258 13 14 1 0
202 266 17 22 1 0
225 248 13 14 1 0
209 278 17 22 1 0
55 310 17 22 1 0
4 345 19 26 1 0
148 252 13 14 1 0
26 323 22 31 1 0
209 393 29 40 1 0
65 324 22 31 1 0
12 311 17 22 1 0
65 269 17 22 1 0
131 301 17 22 1 0
189 303 17 22 1 0
221 284 17 22 1 0
11 410 29 40 1 0
136 324 22 31 1 0
153 270 17 22 1 0
121 399 29 40 1 0
162 399 29 40 1 0
162 326 22 31 1 0
194 336 22 31 1 0
32 380 22 31 1 0
71 281 17 22 1 0
17 272 17 22 1 0
39 230 13 14 1 0
220 365 22 31 1 0
241 277 17 22 1 0
