810 321 22 27 1 0
436 149 6 7 1 0
541 302 22 27 1 0
469 235 21 27 1 0
154 343 31 44 1 0
613 231 21 27 1 0
483 239 21 27 1 0
833 258 21 27 1 0
580 275 22 27 1 0
85 322 22 27 1 0
93 125 6 7 1 1
718 292 22 27 1 0
463 149 6 7 1 0
35 176 9 12 1 0
90 259 21 27 1 0
161 225 21 27 1 0
140 285 22 27 1 0
288 215 9 12 1 0
139 186 9 12 1 0
208 212 9 12 1 0
553 423 40 53 1 0
417 240 21 27 1 0
88 204 9 12 1 0
323 348 31 44 1 0
129 206 9 12 1 0
538 125 3 3 1 1
67 221 9 12 1 0
671 255 21 27 1 0
661 296 22 27 1 0
495 268 21 27 1 0
500 229 21 27 1 0
330 220 9 12 1 0
556 127 3 3 1 1
265 198 9 12 1 0
227 206 9 12 1 0
173 211 9 12 1 0
456 287 22 27 1 0
156 146 6 7 1 1
410 406 40 53 1 0
362 369 31 44 1 0
349 346 31 44 1 0
214 192 9 12 1 0
69 237 21 27 1 0
181 191 9 12 1 0
110 143 6 7 1 1
96 369 31 44 1 0
195 241 21 27 1 0
458 463 40 53 1 0
214 337 24 31 1 0
616 290 22 27 1 0
100 144 6 7 1 1
90 462 64 49 1 0
26 261 12 15 1 0
574 244 21 27 1 0
121 305 22 27 1 0
639 242 21 27 1 0
665 399 40 53 1 0
428 223 21 27 1 0
557 238 21 27 1 0
296 233 21 27 1 0
198 194 9 12 1 0
585 129 3 3 1 1
327 255 21 27 1 0
492 150 6 7 1 0
68 125 6 7 1 1
250 262 21 27 1 0
596 288 22 27 1 0
537 236 21 27 1 0
547 262 21 27 1 0
223 293 22 27 1 0
675 240 21 27 1 0
754 261 21 27 1 0
272 326 22 27 1 0
9 348 24 31 1 0
729 270 21 27 1 0
776 409 40 53 1 0
193 284 22 27 1 0
768 298 22 27 1 0
501 380 31 44 1 0
145 243 21 27 1 0
507 242 21 27 1 0
296 276 22 27 1 0
245 243 21 27 1 0
602 366 31 44 1 0
22 209 9 12 1 0
524 325 22 27 1 0
136 449 40 53 1 0
417 277 22 27 1 0
65 360 31 44 1 0
781 265 21 27 1 0
257 212 9 12 1 0
159 262 21 27 1 0
732 324 22 27 1 0
410 263 21 27 1 0
391 290 22 27 1 0
189 207 9 12 1 0
806 271 21 27 1 0
479 224 21 27 1 0
625 451 40 53 1 0
528 266 21 27 1 0
441 253 21 27 1 0
459 219 21 27 1 0
368 248 21 27 1 0
236 428 40 53 1 0
158 214 9 12 1 0
397 228 21 27 1 0
572 130 3 3 1 1
432 331 22 27 1 0
270 231 21 27 1 0
6 203 12 15 1 0
23 183 9 12 1 0
270 277 22 27 1 0
340 246 21 27 1 0
636 265 21 27 1 0
734 247 21 27 1 0
253 200 9 12 1 0
234 229 21 27 1 0
49 190 9 12 1 0
105 190 9 12 1 0
123 225 21 27 1 0
