837 839 14 17 1 0
285 839 14 17 1 0
333 869 14 17 1 0
1099 881 14 17 1 0
268 824 14 17 1 0
778 857 14 17 1 0
1017 837 14 17 1 0
823 844 14 17 2 0
376 876 14 17 1 0
514 862 14 17 1 0
597 890 62 67 1 0
537 877 14 17 1 0
542 849 14 17 1 0
720 818 14 17 1 0
410 891 28 33 1 0
760 815 14 17 1 0
1253 832 14 17 1 0
597 817 14 17 2 0
724 840 14 17 2 0
125 841 14 17 1 0
1287 1043 62 67 1 0
1117 842 14 17 1 0
834 815 14 17 1 0
176 851 14 17 1 0
817 825 14 17 1 0
716 839 14 17 2 0
820 852 14 17 2 0
614 813 14 17 2 0
843 874 14 17 1 0
238 836 14 17 1 0
576 829 14 17 2 0
711 810 14 17 2 0
644 836 14 17 1 0
544 817 14 17 1 0
667 833 14 17 1 0
1564 839 26 29 1 0
677 815 14 17 1 0
410 854 14 17 1 0
487 846 14 17 1 0
1219 832 14 17 1 0
935 810 14 17 1 0
738 836 14 17 1 0
957 1006 62 67 1 0
1454 852 14 17 1 0
990 1070 62 67 1 0
379 823 14 17 1 0
1308 827 14 17 1 0
601 812 14 17 2 0
572 872 14 17 1 0
1585 1026 62 67 1 0
589 818 14 17 2 0
1033 855 14 17 1 0
702 814 14 17 2 0
1166 885 26 30 1 0
608 816 14 17 2 0
1092 854 14 17 1 0
776 818 14 17 1 0
680 993 62 67 1 0
1445 847 14 17 1 0
953 841 14 17 1 0
1037 917 62 67 1 0
570 833 14 17 2 0
568 813 14 17 1 0
1241 1067 62 67 1 0
1362 833 14 17 2 0
1224 809 14 17 1 0
853 831 14 17 1 0
591 832 14 17 2 0
1072 841 14 17 1 0
908 881 14 17 1 0
750 824 14 17 1 0
173 828 14 17 1 0
620 829 14 17 1 0
553 822 14 17 1 0
615 841 14 17 1 0
643 818 14 17 1 0
581 828 14 17 2 0
360 841 14 17 1 0
550 917 34 36 1 0
993 824 14 17 1 0
674 940 62 67 1 0
585 808 14 17 1 0
640 809 14 17 1 0
738 936 62 67 1 0
844 827 14 17 1 0
1056 847 14 17 1 0
626 818 14 17 2 0
1152 1028 62 67 1 0
739 825 14 17 1 0
633 871 14 17 1 0
559 849 14 17 1 0
866 934 62 67 1 0
469 986 28 32 1 0
866 850 14 17 1 0
1526 845 14 17 1 0
674 841 14 17 1 0
925 838 14 17 1 0
1397 853 14 17 1 0
253 864 27 32 1 0
632 817 14 17 2 0
973 820 14 17 1 0
653 815 14 17 1 0
738 813 14 17 1 0
666 812 14 17 1 0
925 808 14 17 1 0
70 880 14 17 1 0
1504 1055 62 67 1 0
706 812 14 17 2 0
976 853 14 17 1 0
913 806 14 17 1 0
658 848 14 17 1 0
594 826 14 17 2 0
897 837 14 17 1 0
702 832 14 17 1 0
787 876 14 17 1 0
314 883 10 15 1 0
690 807 14 17 1 0
632 848 14 17 1 0
457 846 14 17 1 0
1354 832 14 17 2 0
875 836 14 17 1 0
952 826 14 17 1 0
1101 826 14 17 1 0
750 838 14 17 1 0
910 822 14 17 1 0
807 815 14 17 1 0
1069 854 14 17 1 0
871 816 14 17 1 0
856 847 14 17 1 0
1006 868 14 17 1 0
