1072 621 12 11 1 0
680 618 12 11 1 0
955 720 36 37 1 0
763 657 18 19 1 0
477 799 42 61 1 0
742 623 8 11 1 0
812 617 12 11 1 0
540 757 42 61 1 0
334 727 36 35 1 0
573 641 18 19 1 0
811 705 28 28 1 0
946 609 12 11 1 0
920 655 18 19 1 0
653 639 18 19 1 0
122 854 66 75 1 0
878 791 45 60 1 0
756 632 18 19 1 0
519 703 28 28 1 0
792 722 28 38 1 0
825 628 18 19 1 0
767 628 18 19 1 0
880 609 12 11 1 0
743 636 18 19 1 0
794 615 12 11 1 0
920 611 12 11 1 0
584 690 28 28 1 0
196 700 36 35 1 0
685 691 28 28 1 0
560 650 18 19 1 0
908 624 8 11 1 0
1008 642 18 19 1 0
764 613 12 11 1 0
990 670 28 28 1 0
720 736 28 28 1 0
896 608 12 11 1 0
641 617 12 11 1 0
867 628 18 19 1 0
568 707 28 28 1 0
711 627 18 19 1 0
699 860 66 61 1 0
1060 642 18 19 1 0
850 677 28 28 1 0
690 629 18 19 1 0
889 650 18 19 1 0
972 612 12 11 1 0
783 639 18 19 1 0
858 621 12 11 1 0
754 610 12 11 1 0
746 679 28 28 1 0
840 716 28 28 1 0
841 625 18 19 1 0
819 654 18 19 1 0
752 719 28 38 1 0
655 672 21 36 1 0
