170 343 16 22 1 0
326 375 16 22 1 0
348 257 12 15 1 0
237 220 11 15 1 0
304 385 16 22 1 0
415 260 12 15 1 0
130 272 11 15 1 0
163 356 16 22 1 0
190 283 11 15 1 0
236 393 16 22 1 0
126 252 11 15 1 0
463 298 12 15 1 0
429 391 16 22 1 0
34 238 11 15 1 0
478 312 12 15 1 0
551 401 16 22 1 0
278 268 11 15 1 0
290 356 16 22 1 0
99 365 16 22 1 0
310 281 14 20 1 0
429 350 16 22 1 0
341 352 16 22 1 0
502 386 16 22 1 0
254 226 11 15 1 0
398 353 16 22 1 0
135 349 16 22 1 0
68 256 11 15 1 0
452 342 16 22 1 0
96 263 11 15 1 0
364 396 16 22 1 0
508 353 16 22 1 0
31 403 16 22 1 0
133 372 16 22 1 0
143 239 11 15 1 0
113 341 16 22 1 0
348 233 12 15 1 1
260 268 11 15 1 0
100 339 16 22 1 0
533 351 16 22 1 0
39 370 16 22 1 0
102 247 11 15 1 0
247 352 16 22 1 0
307 256 12 15 1 0
76 315 14 20 1 0
220 315 13 18 1 0
543 330 16 22 1 1
318 229 12 15 1 0
218 367 16 22 1 0
217 346 16 22 1 0
91 360 16 22 1 0
0 240 11 15 1 0
26 266 11 15 1 0
280 224 11 15 1 1
175 246 11 15 1 0
161 247 11 15 1 0
386 367 16 22 1 0
271 255 11 15 1 0
262 286 11 15 1 0
2 367 16 22 1 0
330 356 16 22 1 0
