558 42 46 46 1 0
388 34 46 46 1 0
582 209 46 46 1 0
133 270 46 46 1 0
422 153 46 46 1 0
68 14 46 46 1 0
589 125 46 46 1 0
520 314 46 46 1 0
630 70 46 46 1 0
476 101 46 46 1 0
335 240 46 46 1 0
276 46 46 46 1 0
248 117 46 46 1 0
263 223 46 46 1 0
134 13 46 46 1 0
609 333 46 46 1 0
629 6 46 46 1 0
436 215 46 46 1 0
18 56 46 46 1 0
2 144 46 46 1 0
531 212 46 46 1 0
144 144 46 46 1 0
345 96 46 46 1 0
461 8 46 46 1 0
341 176 46 46 1 0
438 312 46 46 1 0
186 77 46 46 1 0
225 325 46 46 1 0
315 326 46 46 1 0
94 99 46 46 1 0
68 327 46 46 1 0
53 198 46 46 1 0
