1055 1052 9 12 1 1
865 1143 24 29 1 0
1103 1028 9 12 1 1
149 1081 19 24 1 0
204 1048 19 24 1 0
1737 1301 95 142 1 0
484 1119 24 29 1 0
1117 1029 9 12 1 1
1768 668 10 11 1 0
1364 1024 9 12 1 1
1729 1115 30 36 1 0
1014 1350 27 32 1 0
943 1035 9 12 1 0
2256 1004 20 24 1 0
1693 1013 23 26 2 0
660 1042 9 12 1 0
558 1051 9 12 1 0
892 1042 9 12 1 0
2552 996 21 27 1 0
855 1073 9 12 1 0
1836 679 10 11 1 0
1868 1002 9 11 1 0
1700 701 10 11 1 0
438 1054 14 18 1 0
1588 1137 54 69 1 0
1821 1022 23 26 1 0
1034 1034 9 12 1 1
350 1134 24 29 1 0
1737 1207 54 69 1 0
552 1558 206 309 1 0
1221 1064 8 12 1 0
1707 1016 23 26 2 0
2014 1004 18 22 1 0
1660 732 10 11 1 0
59 1097 19 24 1 0
2379 1004 20 24 1 0
1761 1009 23 26 1 0
1007 1054 9 12 1 1
1377 1158 54 69 1 0
858 1056 9 12 1 0
1863 980 9 11 1 0
1675 723 10 11 1 0
1467 1033 9 12 1 0
1055 1133 19 23 1 0
2292 1839 206 309 1 0
2142 999 20 24 1 0
525 1058 9 12 1 0
1828 1002 9 11 1 0
2425 990 20 24 1 0
1411 1056 9 12 1 0
688 1042 9 12 1 0
575 1056 9 12 1 0
1807 691 10 11 1 0
1194 1057 8 12 1 1
1571 1089 19 22 1 0
1850 1016 23 26 1 0
91 1089 19 24 1 0
1408 1039 9 12 1 0
2177 986 20 24 1 0
1910 1420 95 142 1 0
1448 1045 9 12 1 0
1643 1031 23 26 1 0
1338 1022 9 12 1 1
106 1084 19 24 1 0
750 1044 9 12 1 0
1984 987 18 22 1 0
1320 1043 9 12 1 1
707 1061 9 12 1 0
1513 1187 54 69 1 0
2114 1028 21 26 1 0
1699 1010 23 26 2 0
1296 1018 9 12 1 1
10 1198 19 24 1 0
775 1038 9 12 1 0
869 1035 9 12 1 0
2046 1001 18 22 1 0
1159 1048 9 12 1 1
2295 975 20 24 1 0
932 1067 9 12 1 0
1685 1199 54 69 1 0
1749 999 9 11 1 0
903 1039 9 12 1 0
1912 1031 23 26 1 0
271 1123 24 29 1 0
1188 1302 22 29 1 0
2363 1066 21 26 1 0
1783 996 9 11 1 0
2156 1338 95 142 1 0
1361 1361 95 142 1 0
1320 1022 9 12 1 1
739 1038 9 12 1 0
1154 1062 8 12 1 0
344 1066 19 24 1 0
1799 994 9 11 1 0
842 1039 9 12 1 0
774 1080 12 13 1 0
1282 1018 9 12 1 1
1562 1027 23 26 1 0
1239 1057 8 12 1 1
1017 1028 9 12 1 1
2338 1024 21 26 1 0
1121 1059 8 12 1 1
2231 999 20 24 1 0
1038 1063 9 12 1 0
886 1040 9 12 1 0
665 1070 9 12 1 0
758 1039 9 12 1 0
1437 1134 54 69 1 0
1831 986 9 11 1 0
1651 749 10 11 1 0
1068 1067 9 12 1 0
1006 1102 19 23 1 0
428 1061 19 24 1 0
1134 1075 8 12 1 0
539 1053 9 12 1 0
1588 1032 23 26 1 0
1302 1055 9 12 1 1
612 1101 12 13 1 0
666 1052 9 12 1 0
236 1066 19 24 1 0
443 1157 24 29 1 0
483 1050 9 12 1 0
957 1063 9 12 1 0
2540 1197 23 33 1 0
764 1055 9 12 1 0
319 1069 19 24 1 0
2163 1018 21 26 1 0
568 1073 9 12 1 0
493 1062 12 16 1 0
725 1278 57 65 1 0
2070 1000 18 22 1 0
500 1205 57 65 1 0
1096 1055 9 12 1 1
1683 1004 9 11 1 0
1519 1321 95 142 1 0
1640 1003 9 11 1 0
1309 1020 9 12 1 1
920 1038 9 12 1 0
815 1054 9 12 1 0
470 1056 9 12 1 0
794 1039 9 12 1 0
1350 1035 9 12 1 1
640 1050 9 12 1 0
601 1051 9 12 1 0
908 1821 206 309 1 0
1303 1088 8 12 1 0
965 1033 9 12 1 1
752 1547 206 309 1 0
573 1178 57 65 1 0
1251 1058 8 12 1 1
1969 1014 23 26 1 0
2321 993 20 24 1 0
47 1107 19 24 1 0
1288 1033 9 12 1 1
983 1036 9 12 1 1
1079 1035 9 12 1 1
2402 1173 23 33 1 0
1144 1072 8 12 1 0
543 1076 9 12 1 0
2427 1594 206 309 1 0
1145 1046 9 12 1 1
268 1072 19 24 1 0
114 1065 19 24 1 0
394 1067 19 24 1 0
1485 1031 9 12 1 0
1087 1031 9 12 1 1
1519 1040 9 12 1 0
1489 1139 54 69 1 0
1063 1029 9 12 1 1
249 1143 24 29 1 0
1667 1003 9 11 1 0
359 1062 19 24 1 0
