984 669 32 48 1 0
920 342 30 38 1 0
786 406 27 39 1 0
1493 838 34 40 1 0
206 60 28 32 1 0
463 282 30 38 1 0
1807 997 34 40 1 0
1301 890 34 40 1 0
1713 140 22 26 1 0
804 335 30 38 1 0
1135 461 27 39 1 0
1393 251 22 26 1 0
1240 102 22 26 1 0
138 382 30 38 1 0
1160 60 22 26 1 0
1487 804 34 40 1 0
1299 147 22 26 1 0
1251 887 34 40 1 0
1601 90 22 26 1 0
1061 489 27 39 1 0
1159 23 22 26 1 0
1368 728 34 40 1 0
1273 472 22 26 1 0
804 274 30 38 1 0
1188 905 34 40 1 0
1181 259 22 26 1 0
1905 148 22 26 1 0
718 33 28 32 1 0
1840 96 22 26 1 0
569 548 29 42 1 0
343 216 30 38 2 0
1176 642 32 48 1 0
832 78 28 32 1 0
1561 936 34 40 1 0
1481 339 22 26 1 0
1110 777 32 48 1 0
859 581 27 39 1 0
49 287 30 38 1 0
716 103 28 32 1 0
498 214 30 38 1 0
1701 203 22 26 1 0
1629 778 34 40 1 0
489 1069 57 74 1 0
398 380 30 38 1 0
1519 923 34 40 1 0
1780 136 22 26 1 0
1017 464 27 39 1 0
1348 673 34 40 1 0
1798 45 22 26 1 0
313 452 29 42 1 0
1546 411 22 26 1 0
301 917 57 74 1 0
17 814 57 74 1 0
385 455 29 42 1 0
1131 232 30 38 1 0
1251 176 22 26 1 0
1726 517 22 26 1 0
1153 816 32 48 1 0
1537 440 22 26 1 0
994 19 28 32 1 0
1644 517 22 26 1 0
1191 206 22 26 1 0
436 445 29 42 1 0
1385 377 22 26 1 0
1152 256 30 38 1 0
458 358 30 38 1 0
1645 143 22 26 1 0
710 323 30 38 1 0
3 727 50 66 1 0
1170 94 22 26 1 0
1166 580 27 39 1 0
54 698 57 74 1 0
207 981 57 74 1 0
173 376 30 38 1 0
326 357 30 38 1 0
1399 206 22 26 1 0
1465 521 22 26 1 0
1783 433 22 26 1 0
1047 713 32 48 1 0
863 1070 46 61 1 0
1790 262 22 26 1 0
773 362 30 38 1 0
1915 569 34 40 1 0
1343 259 22 26 1 0
597 233 30 38 1 0
1343 382 22 26 1 0
539 965 57 74 1 0
1333 156 22 26 1 0
1687 591 34 40 1 0
1753 202 22 26 1 0
1725 873 34 40 1 0
1746 1005 34 40 1 0
1092 31 28 32 1 0
271 958 57 74 1 0
1276 743 34 40 1 0
1425 319 22 26 1 0
1836 495 22 26 1 0
1824 754 34 40 1 0
857 271 30 38 1 0
648 276 30 38 1 0
59 394 29 39 1 0
1844 574 34 40 1 0
82 374 30 38 1 0
273 244 30 38 1 0
722 358 30 38 1 0
1024 272 30 38 1 0
1545 515 22 26 1 0
1311 454 22 26 1 0
740 279 30 38 1 0
611 143 28 32 1 0
182 289 30 38 1 0
1059 98 28 32 1 0
83 47 28 32 1 0
1045 44 28 32 1 0
602 450 29 42 1 0
833 39 28 32 1 0
672 311 30 38 1 0
757 164 28 32 1 0
531 856 57 74 2 0
1640 55 22 26 1 0
962 197 30 38 1 0
1442 975 34 40 1 0
968 499 27 39 1 0
1893 247 22 26 1 0
1450 404 22 26 1 0
512 391 29 42 1 0
1292 537 22 26 1 0
280 146 28 32 1 0
1607 519 22 26 1 0
1688 546 22 26 1 0
1291 266 22 26 1 0
1757 1037 34 40 1 0
984 95 28 32 1 0
646 426 29 42 1 0
1327 718 34 40 1 0
1289 83 22 26 1 0
1364 157 22 26 1 0
1359 854 34 40 1 0
925 147 28 32 1 0
688 513 27 39 1 0
1526 802 34 40 2 0
1704 90 22 26 1 0
520 655 29 42 1 0
1533 782 34 40 2 0
1713 696 34 40 1 0
641 523 29 42 1 0
963 812 32 48 1 0
1533 711 34 40 1 0
1124 40 28 32 1 0
354 141 28 32 1 0
962 259 30 38 1 0
252 868 57 74 1 0
1449 1074 34 40 1 0
776 84 28 32 1 0
932 923 43 57 1 0
714 665 32 48 1 0
441 218 30 38 1 0
563 136 28 32 1 0
762 495 27 39 1 0
513 27 28 32 1 0
164 155 28 32 1 0
655 51 28 32 1 0
1024 200 30 38 1 0
1619 579 34 40 1 0
543 887 57 74 2 0
395 109 28 32 1 0
878 685 32 48 1 0
598 1056 57 74 1 0
779 200 30 38 1 0
1540 86 22 26 1 0
811 602 28 41 1 0
1812 672 34 40 1 0
677 220 30 38 1 0
1507 267 22 26 1 0
829 109 28 32 1 0
298 795 57 74 1 0
216 288 30 38 1 0
256 353 30 38 1 0
636 346 30 38 1 0
1811 190 22 26 1 0
1902 756 34 40 1 0
1120 148 28 32 1 0
1038 604 30 45 1 0
964 98 28 32 1 0
1064 666 32 48 1 0
193 374 30 38 1 0
451 131 28 32 1 0
1251 286 22 26 1 0
195 422 29 42 1 0
348 561 29 42 1 0
1662 901 34 40 1 0
1545 24 22 26 1 0
614 94 28 32 1 0
305 371 30 38 1 0
761 40 28 32 1 0
985 715 32 48 1 0
1873 671 34 40 1 0
870 31 28 32 1 0
786 736 32 48 1 0
1896 83 22 26 1 0
1679 875 34 40 1 0
579 926 57 74 1 0
769 610 32 48 1 0
1702 1042 34 40 1 0
1620 137 22 26 1 0
1023 331 30 38 1 0
701 142 28 32 1 0
1367 561 25 29 1 0
1429 293 22 26 1 0
1358 25 22 26 1 0
829 1068 43 57 1 0
967 463 27 39 1 0
321 92 28 32 1 0
338 79 28 32 1 0
901 342 30 38 1 0
1367 518 22 26 1 0
297 850 57 74 1 0
1230 152 22 26 1 0
261 475 29 42 1 0
1615 463 22 26 1 0
627 222 30 38 1 0
93 1026 57 74 1 0
1797 865 34 40 1 0
744 31 28 32 1 0
1406 834 34 40 1 0
40 140 28 33 1 0
1755 32 22 26 1 0
560 16 28 32 1 0
1524 382 22 26 1 0
487 127 28 32 1 0
1219 55 22 26 1 0
1508 946 34 40 1 0
1838 853 34 40 1 0
1226 207 22 26 1 0
858 410 27 39 1 0
1215 530 22 26 1 0
1399 342 22 26 1 0
1866 970 34 40 1 0
1098 336 30 38 1 0
1757 690 34 40 1 0
620 40 28 32 1 0
290 498 29 42 1 0
1106 457 27 39 1 0
1391 455 22 26 1 0
399 565 29 42 1 0
1618 372 22 26 1 0
1831 27 22 26 1 0
1493 66 22 26 1 0
436 867 57 74 1 0
1112 856 43 57 1 0
722 215 30 38 1 0
1782 785 34 40 1 0
1149 665 32 48 1 0
1743 591 34 40 1 0
1539 604 34 40 1 0
140 213 30 38 1 0
1584 686 34 40 1 0
1890 651 34 40 1 0
294 1055 57 74 1 0
397 293 30 38 1 0
333 448 29 42 1 0
1001 800 32 48 2 0
1779 15 22 26 1 0
1091 155 28 32 1 0
1909 30 22 26 1 0
1217 557 22 26 1 0
1319 650 34 40 1 0
901 28 28 32 1 0
1193 384 22 26 1 0
1460 463 22 26 1 0
33 214 29 36 1 0
1638 444 22 26 1 0
759 991 43 57 1 0
157 475 29 42 1 0
963 321 30 38 1 0
1555 251 22 26 1 0
799 149 28 32 1 0
1185 461 22 26 1 0
1588 775 34 40 1 0
1229 745 34 40 1 0
985 577 27 39 1 0
1650 355 22 26 1 0
1198 585 34 40 1 0
636 94 28 32 1 0
924 266 30 38 1 0
1862 180 22 26 1 0
1109 589 27 39 1 0
938 117 28 32 1 0
512 1040 57 74 1 0
1617 912 34 40 1 0
1271 207 22 26 1 0
17 294 30 38 1 0
1296 555 22 26 1 0
1136 331 30 38 1 0
332 223 30 38 2 0
835 15 28 32 1 0
1775 609 34 40 1 0
1000 149 28 32 1 0
1450 729 34 40 1 0
529 72 28 32 1 0
691 1069 50 65 1 0
1007 46 28 32 1 0
1613 609 34 40 1 0
1315 327 22 26 1 0
1906 834 34 40 1 0
83 219 30 38 1 0
1162 428 22 26 1 0
927 231 30 38 1 0
583 668 29 42 1 0
590 264 30 38 1 0
503 252 30 38 1 0
755 243 30 38 1 0
999 819 32 48 2 0
1194 326 22 26 1 0
803 505 27 39 1 0
177 68 28 32 1 0
472 35 28 32 1 0
1079 216 30 38 1 0
722 449 27 39 1 0
1680 18 22 26 1 0
1796 494 22 26 1 0
1295 856 34 40 1 0
1449 192 22 26 1 0
1817 250 22 26 1 0
1407 974 34 40 1 0
886 578 27 39 1 0
1574 298 22 26 1 0
880 145 28 32 1 0
1700 782 34 40 1 0
1348 199 22 26 1 0
833 494 27 39 1 0
504 428 29 42 1 0
236 231 30 38 1 0
510 569 29 42 1 0
1155 146 23 27 1 0
1850 41 22 26 1 0
107 287 30 38 1 0
111 696 57 74 1 0
1494 633 34 40 1 0
1492 528 22 26 1 0
780 1045 43 57 1 0
954 223 30 38 1 0
1371 988 34 40 1 0
1192 88 22 26 1 0
414 145 28 32 1 0
1503 306 22 26 1 0
338 298 30 38 1 0
1422 452 22 26 1 0
1911 1068 34 40 1 0
1186 759 32 46 1 0
695 275 30 38 1 0
955 140 28 32 1 0
1264 324 22 26 1 0
1666 93 22 26 1 0
1844 134 22 26 1 0
1102 86 28 32 1 0
876 503 27 39 1 0
