628 106 21 25 1 0
79 331 34 43 1 0
590 296 25 27 1 0
431 10 18 17 1 0
47 218 29 33 1 0
740 101 21 25 1 0
555 351 31 35 1 0
171 219 29 33 1 0
232 402 34 43 1 0
200 85 21 25 1 0
559 82 21 25 1 0
731 144 21 25 1 0
444 45 18 17 1 0
775 169 21 25 1 0
532 80 22 27 1 0
577 202 25 27 1 0
558 47 18 17 1 0
250 256 29 33 1 0
323 88 21 25 1 0
428 206 29 33 1 0
262 82 21 25 1 0
488 267 25 27 1 0
107 32 21 25 1 0
479 7 18 17 1 0
672 121 21 25 1 0
775 131 21 25 1 0
620 172 21 25 1 0
460 286 25 27 1 0
748 172 21 25 1 0
467 168 22 27 1 0
704 26 18 17 1 0
558 25 18 17 1 0
374 215 29 33 1 0
188 320 34 43 1 0
309 22 21 25 1 0
650 21 18 17 1 0
699 197 25 27 1 0
575 174 21 25 1 0
259 317 34 43 1 0
334 321 34 43 1 0
37 400 34 43 1 0
732 355 31 35 1 0
671 250 25 27 1 0
629 366 31 35 1 0
552 261 25 27 1 0
713 53 18 17 1 0
525 176 25 27 1 0
33 267 30 35 1 0
53 35 21 25 1 0
372 303 29 33 1 0
57 186 29 33 1 0
15 396 34 43 1 0
685 165 21 25 1 0
366 172 29 33 1 0
417 371 31 35 1 0
332 255 29 33 1 0
264 3 20 23 1 0
129 359 34 43 1 0
120 314 34 43 1 0
594 65 18 17 1 0
460 387 31 35 1 0
662 83 21 25 1 0
686 252 25 27 1 0
421 251 29 33 1 0
498 67 22 27 1 0
776 215 25 27 1 0
13 320 31 38 1 0
91 212 29 33 1 0
329 387 34 43 1 0
511 346 31 35 1 0
775 44 18 17 1 0
595 85 21 25 1 0
237 174 29 33 1 0
269 395 34 43 1 0
399 17 18 17 1 0
738 46 18 17 1 0
282 178 29 33 1 0
696 359 31 35 1 0
773 68 18 17 1 0
110 420 34 43 1 0
156 135 21 25 1 0
202 258 29 33 1 0
422 66 22 27 1 0
14 137 25 29 1 0
681 305 25 27 1 0
187 32 21 25 1 0
660 207 25 27 1 0
100 151 21 25 1 0
9 184 27 31 1 0
279 220 29 33 1 0
410 86 22 27 1 0
652 55 18 17 1 0
364 9 18 17 1 0
374 386 32 38 1 0
222 217 29 33 1 0
525 59 22 27 1 0
537 212 25 27 1 0
351 304 34 43 1 0
343 177 29 33 1 0
464 87 22 27 1 0
416 178 29 33 1 0
495 213 25 27 1 0
583 244 25 27 1 0
753 247 25 27 1 0
112 275 29 33 1 0
603 28 18 17 1 0
704 84 21 25 1 0
