45 317 28 35 1 0
244 285 28 35 3 0
324 281 28 35 1 0
336 52 6 7 1 1
483 20 6 7 1 1
272 228 10 12 1 1
382 240 28 31 3 0
232 142 6 7 1 1
228 285 28 35 3 0
155 262 18 20 1 0
209 258 18 20 1 0
367 71 6 6 1 1
231 105 6 6 1 1
393 41 6 7 1 1
175 193 10 12 1 1
364 257 28 31 1 0
288 150 6 7 1 1
535 11 6 7 1 1
346 76 6 6 1 1
441 30 6 7 1 1
280 156 6 7 1 1
192 194 10 12 1 1
276 165 6 7 1 1
306 185 6 7 1 1
319 118 6 6 1 1
308 105 6 6 1 1
255 182 6 7 1 1
384 36 6 7 1 1
418 55 6 7 1 1
244 168 6 7 1 1
300 173 6 7 1 1
297 245 28 35 1 0
288 102 6 6 1 1
302 161 6 7 1 1
321 207 10 12 1 1
669 203 69 68 3 0
306 92 6 6 1 1
38 282 18 20 1 0
414 265 58 57 3 0
188 167 7 8 1 1
98 250 18 20 1 0
236 246 3 3 1 0
347 58 6 7 1 1
133 281 18 20 1 0
444 265 58 57 3 0
266 85 6 6 1 1
292 89 6 6 1 1
350 109 6 6 1 1
208 238 18 20 1 0
257 172 6 7 1 1
164 245 18 20 1 0
435 31 6 7 1 1
365 59 6 7 1 1
69 247 18 20 1 0
275 120 6 6 1 1
255 246 3 3 1 0
206 181 6 7 1 1
363 41 6 7 1 1
547 16 6 7 1 1
235 175 6 7 1 1
80 258 18 20 1 0
292 188 10 12 1 1
316 229 10 12 1 0
302 277 28 35 1 0
356 56 6 7 1 1
284 216 10 12 1 1
419 63 6 7 1 1
301 119 6 6 1 1
183 242 18 20 1 0
73 308 28 35 1 0
148 223 10 12 1 1
150 288 28 35 3 0
336 203 10 12 1 1
177 215 10 12 3 1
296 70 6 6 1 1
284 354 28 35 3 0
372 88 6 6 1 1
244 330 28 35 1 0
377 270 28 31 1 0
304 84 6 6 1 1
467 31 6 7 1 1
259 103 6 6 1 1
344 71 6 6 1 1
229 182 6 7 1 1
348 182 6 7 1 1
373 43 6 7 1 1
199 173 6 7 1 1
247 105 6 6 1 1
95 277 18 20 1 0
329 64 6 6 1 1
264 136 3 3 1 1
396 64 6 7 1 1
275 256 28 35 1 0
400 35 6 7 1 1
315 105 6 6 1 1
187 221 10 12 1 1
437 39 6 7 1 1
518 274 69 68 1 0
163 293 28 35 3 0
257 165 6 7 1 1
94 238 18 20 3 1
295 104 6 6 1 1
354 60 6 7 1 1
324 191 10 12 1 1
127 233 18 20 3 1
125 244 18 20 3 1
253 224 10 12 1 1
184 309 28 35 1 0
316 195 10 12 1 1
220 297 28 35 3 0
221 118 6 6 1 1
293 117 6 6 1 1
353 309 28 35 1 0
280 237 7 8 1 0
288 337 28 35 3 0
318 92 6 6 1 1
251 236 7 8 1 0
11 302 28 35 1 0
355 116 6 6 1 1
188 254 18 20 1 0
375 35 6 7 1 1
334 89 6 6 1 1
233 115 6 6 1 1
259 86 6 6 1 1
293 155 6 7 1 1
337 171 6 7 1 1
316 85 6 6 1 1
198 230 10 12 1 1
214 222 10 12 1 1
158 227 10 12 1 1
171 206 10 12 1 1
183 186 7 8 1 1
253 125 6 6 1 1
316 130 6 6 1 1
175 220 10 12 3 1
406 43 6 7 1 1
306 208 10 12 1 1
332 151 6 7 1 1
316 146 6 7 1 1
276 194 10 12 1 1
360 97 6 6 1 1
248 209 10 12 1 1
272 102 6 6 1 1
46 270 18 20 1 0
325 117 6 6 1 1
275 295 28 35 1 0
237 200 10 12 1 1
351 48 6 7 1 1
233 223 10 12 1 1
290 126 6 6 1 1
318 165 6 7 1 1
105 320 28 35 1 0
378 56 6 7 1 1
196 209 10 12 1 1
145 248 18 20 1 0
327 104 6 6 1 1
227 195 10 12 1 1
214 169 6 7 1 1
321 175 6 7 1 1
702 193 69 68 3 0
64 266 18 20 1 0
384 49 6 7 1 1
307 244 7 8 1 0
428 36 6 7 1 1
245 195 10 12 1 1
118 259 18 20 1 0
587 239 69 68 1 0
262 228 10 12 1 1
351 168 6 7 1 1
228 206 10 12 1 1
208 197 10 12 1 1
181 205 10 12 1 1
292 198 10 12 1 1
385 250 28 31 3 0
755 310 69 68 1 0
324 78 6 6 1 1
334 116 6 6 1 1
345 96 6 6 1 1
291 176 6 7 1 1
318 60 3 3 1 1
275 213 10 12 1 1
310 70 6 6 1 1
7 260 28 35 1 0
421 353 58 57 1 0
159 210 10 12 1 1
379 71 6 6 1 1
242 155 6 7 1 1
256 155 6 7 1 1
31 251 18 20 1 1
248 259 28 35 1 0
408 60 6 7 1 1
283 208 10 12 1 1
98 235 18 20 3 1
393 274 28 31 1 0
206 133 6 6 1 1
787 194 69 68 1 0
