328 877 42 42 1 0
88 928 82 109 1 0
217 1017 82 109 2 0
1269 882 42 42 2 0
521 962 82 109 2 0
936 806 31 34 1 1
1576 858 42 42 2 0
156 863 42 42 2 0
86 825 31 34 1 0
85 900 42 42 2 0
1189 1021 82 109 1 0
1564 1043 82 109 1 0
313 986 82 109 1 0
1364 816 31 34 1 0
1320 784 31 34 1 1
726 819 31 34 1 0
1089 771 25 27 1 1
1459 992 82 109 1 0
562 870 42 42 1 0
726 776 25 27 1 1
362 849 42 42 1 0
1348 777 25 27 1 1
1027 1011 102 108 1 0
221 920 42 42 1 0
708 1032 82 109 2 0
178 846 42 42 2 0
1460 820 31 34 1 0
85 854 42 42 1 0
1541 845 42 42 1 0
561 964 82 109 2 0
83 881 42 42 2 0
614 917 81 127 1 0
1232 920 42 42 1 0
408 841 31 34 2 0
974 919 42 42 1 0
502 852 42 42 1 0
424 861 42 42 1 0
642 1039 82 109 1 0
1076 929 82 109 1 0
824 996 82 109 1 0
921 880 42 42 1 0
916 904 42 42 1 0
1509 853 42 42 1 0
1220 885 42 42 1 0
201 986 82 109 2 0
1258 819 31 34 2 0
1566 877 42 42 2 0
1350 911 42 42 1 0
869 897 42 42 1 0
693 1059 82 109 2 0
713 985 82 109 2 0
1270 1005 82 109 2 0
352 799 31 34 1 1
1216 811 31 34 1 0
8 810 26 29 1 0
1209 781 38 31 2 1
1141 754 25 27 1 1
202 759 25 27 1 1
134 939 70 108 1 0
266 1035 82 109 2 0
1566 854 42 42 2 0
802 767 25 27 1 1
61 992 82 124 1 0
393 837 31 34 2 0
955 836 31 34 1 0
758 1030 82 109 1 0
716 950 82 109 2 0
191 724 25 27 1 1
237 780 16 25 1 1
205 830 31 34 1 0
736 915 42 42 1 0
476 934 82 109 1 0
421 954 82 109 1 0
537 805 31 34 1 1
1006 832 31 34 1 0
1429 844 42 42 1 0
168 807 31 34 1 0
87 752 25 27 1 1
229 860 42 42 1 0
1496 908 42 42 1 0
1341 843 42 42 1 0
971 981 82 109 1 0
1305 389 35 41 1 1
304 847 42 42 2 0
1444 886 42 42 1 0
294 865 42 42 2 0
1201 901 42 42 1 0
1443 757 25 27 1 1
46 836 31 34 1 0
1274 895 42 42 2 0
497 1005 82 109 2 0
533 917 42 42 1 0
1273 951 82 109 2 0
359 907 42 42 1 0
174 858 42 42 2 0
30 853 42 42 1 0
1389 1000 82 109 1 0
1397 750 25 27 1 1
541 835 31 34 1 0
1509 808 31 34 1 0
1481 775 25 27 1 1
1402 844 42 42 1 0
1263 828 31 34 2 0
266 837 31 34 1 0
578 1029 82 109 1 0
1231 840 31 34 1 0
266 1051 82 109 2 0
1177 942 82 109 1 0
367 789 31 34 1 1
1252 782 31 34 1 1
269 909 42 42 1 0
262 1004 82 109 2 0
696 800 31 34 1 1
369 992 82 109 1 0
1555 913 42 42 1 0
81 792 31 34 1 1
657 772 25 27 1 1
1045 833 31 34 1 0
457 824 31 34 1 0
874 407 35 41 1 1
1074 810 31 34 1 0
767 949 82 109 1 0
1267 862 42 42 2 0
792 785 31 34 1 1
1501 783 31 34 1 1
1211 770 25 27 2 1
11 788 26 29 1 1
159 883 42 42 2 0
278 809 31 34 1 0
368 391 35 41 1 1
1192 843 42 42 1 0
414 1036 82 109 1 0
1389 874 42 42 1 0
178 905 42 42 1 0
1109 810 31 34 1 0
