26 291 37 46 1 0
616 235 24 27 1 0
55 244 15 15 1 0
186 202 9 10 1 1
227 206 9 10 1 0
509 284 29 37 1 0
490 365 65 82 1 0
346 200 12 14 1 0
315 263 23 26 1 0
420 237 18 25 1 0
266 252 23 26 1 0
210 208 9 10 1 0
108 211 15 15 1 0
424 270 18 25 1 0
370 236 24 27 1 0
98 397 99 93 1 0
250 208 9 10 1 0
149 236 15 15 1 0
90 272 30 40 1 0
597 224 25 28 1 0
350 320 50 53 1 0
546 225 25 28 1 0
532 248 24 27 1 0
501 243 24 27 1 0
486 285 29 37 1 0
102 220 15 15 1 0
190 243 23 26 1 0
149 292 30 40 1 0
221 247 23 26 1 0
117 223 15 15 1 0
279 341 50 53 1 0
318 190 12 14 1 1
301 209 12 14 1 0
569 259 25 28 1 0
6 256 37 46 1 0
156 266 30 40 1 0
76 252 15 15 1 0
176 203 9 10 1 1
306 218 12 14 1 0
540 411 65 82 1 0
334 201 12 14 1 1
390 224 24 27 1 0
81 297 30 40 1 0
449 248 18 25 1 0
95 208 15 15 1 0
338 249 38 46 1 0
572 215 25 28 1 0
85 219 15 15 1 0
234 287 36 39 1 0
130 205 9 10 1 0
161 196 9 10 1 1
