296 441 8 9 1 1
474 548 9 11 1 0
386 425 8 9 1 1
492 483 10 12 1 1
301 385 5 6 1 1
194 331 6 5 1 1
524 462 10 12 1 1
152 382 5 6 1 1
395 451 10 12 1 1
204 407 8 9 1 1
562 516 10 14 1 1
175 613 55 67 1 0
253 508 10 14 1 1
264 475 10 12 1 1
390 303 2 3 1 1
337 321 2 3 1 1
327 303 2 3 1 1
528 501 10 12 1 1
52 585 13 18 1 0
845 552 17 23 1 0
511 302 2 3 1 1
312 419 8 9 1 1
627 541 14 16 1 0
761 300 2 3 1 1
94 544 20 28 1 0
126 370 5 6 1 1
995 571 25 34 1 0
139 315 6 5 1 1
358 304 2 3 1 1
283 452 10 12 1 1
736 300 2 3 1 1
328 448 10 12 1 1
139 444 9 11 1 1
180 374 5 6 1 1
228 304 2 3 1 1
707 441 4 5 1 1
484 303 2 3 1 1
271 568 17 25 1 0
161 342 6 5 1 1
137 569 20 28 1 0
169 338 6 5 1 1
164 384 5 6 1 1
129 479 10 12 1 1
275 382 5 6 1 1
244 303 2 3 1 1
462 304 2 3 1 1
126 334 6 5 1 1
176 338 6 5 1 1
768 299 2 3 1 1
118 303 2 3 1 1
537 301 2 3 1 1
331 458 10 12 1 1
120 479 10 12 1 1
668 301 2 3 1 1
722 566 18 21 1 0
126 301 2 3 1 1
228 344 6 5 1 1
355 303 2 3 1 1
657 301 2 3 1 1
114 301 2 3 1 1
734 300 2 3 1 1
223 369 5 6 1 1
243 304 2 3 1 1
445 452 10 12 1 1
195 384 5 6 1 1
244 378 5 6 1 1
160 303 2 3 1 1
335 303 2 3 1 1
126 462 10 12 1 1
516 301 2 3 1 1
349 419 8 9 1 1
852 299 2 3 1 1
185 338 6 5 1 1
373 302 2 3 1 1
169 351 5 6 1 1
579 511 10 14 1 1
634 302 2 3 1 1
186 442 9 10 1 1
205 433 9 10 1 1
180 414 8 9 1 1
136 393 8 9 1 1
143 303 2 3 1 1
197 552 11 16 1 0
203 338 6 5 1 1
468 543 9 11 1 0
531 541 17 22 1 0
110 309 2 3 1 1
825 618 50 67 1 0
70 580 13 18 1 0
213 583 48 54 1 0
116 573 20 28 1 0
492 302 2 3 1 1
406 304 2 3 1 1
215 347 6 5 1 1
173 388 8 9 1 1
257 559 17 25 1 0
116 319 6 5 1 1
586 300 2 3 1 1
480 303 2 3 1 1
183 366 5 6 1 1
593 301 2 3 1 1
189 458 10 12 1 1
100 303 2 3 1 1
262 406 8 9 1 1
833 299 2 3 1 1
707 573 18 21 1 0
415 506 10 14 1 1
152 328 6 5 1 1
186 328 6 5 1 1
258 390 8 9 1 1
411 303 2 3 1 1
193 342 6 5 1 1
185 394 8 9 1 1
284 319 2 3 1 1
461 459 10 12 1 1
304 449 10 12 1 1
445 303 2 3 1 1
120 336 6 5 1 1
822 301 2 3 1 1
713 604 50 67 1 0
135 368 5 6 1 1
862 305 2 3 1 1
144 346 6 5 1 1
377 302 2 3 1 1
283 427 8 9 1 1
276 304 2 3 1 1
706 552 18 21 1 0
672 301 2 3 1 1
253 376 5 6 1 1
287 378 5 6 1 1
595 301 2 3 1 1
223 407 8 9 1 1
290 421 8 9 1 1
125 355 5 6 1 1
286 391 8 9 1 1
249 352 5 6 1 1
709 300 2 3 1 1
201 379 5 6 1 1
455 302 2 3 1 1
555 553 11 14 1 0
342 410 8 9 1 1
186 386 5 6 1 1
153 337 6 5 1 1
155 565 15 18 1 0
32 580 22 30 1 0
408 302 2 3 1 1
271 303 2 3 1 1
357 430 8 9 1 1
189 303 2 3 1 1
344 402 8 9 1 1
131 328 6 5 1 1
609 542 14 16 1 0
384 511 10 14 1 1
526 301 2 3 1 1
574 301 2 3 1 1
424 304 2 3 1 1
315 431 9 10 1 1
121 524 10 14 1 1
527 301 2 3 1 1
122 303 2 3 1 1
367 451 10 12 1 1
249 304 2 3 1 1
569 301 2 3 1 1
233 368 5 6 1 1
408 554 25 30 1 0
456 478 10 12 1 1
253 304 2 3 1 1
882 578 26 31 1 0
283 302 2 3 1 1
114 351 5 6 1 1
487 465 10 12 1 1
688 300 2 3 1 1
155 577 15 18 1 0
780 303 2 3 1 1
126 404 8 9 1 1
595 560 14 16 1 0
403 304 2 3 1 1
278 303 2 3 1 1
610 301 2 3 1 1
331 428 8 9 1 1
181 336 6 5 1 1
252 390 8 9 1 1
150 308 2 3 1 1
877 298 2 3 1 1
430 302 2 3 1 1
299 304 2 3 1 1
684 300 2 3 1 1
356 409 8 9 1 1
494 475 10 12 1 1
437 302 2 3 1 1
604 632 45 52 1 0
868 503 7 7 1 1
138 301 2 3 1 1
147 317 6 5 1 1
487 304 2 3 1 1
184 423 8 9 1 1
242 368 5 6 1 1
785 301 2 3 1 1
415 303 2 3 1 1
174 368 5 6 1 1
546 298 2 3 1 1
778 303 2 3 1 1
607 301 2 3 1 1
195 561 11 16 1 0
323 304 2 3 1 1
146 304 2 3 1 1
616 533 7 12 1 0
379 414 8 9 1 1
287 560 15 17 1 0
743 563 15 19 1 0
141 464 10 12 1 1
402 303 2 3 1 1
935 582 52 54 1 0
260 466 10 12 1 1
579 301 2 3 1 1
801 300 2 3 1 1
506 302 2 3 1 1
451 302 2 3 1 1
649 301 2 3 1 1
375 320 2 3 1 1
205 373 5 6 1 1
453 572 49 53 1 0
239 480 10 12 1 1
501 484 10 12 1 1
224 303 2 3 1 1
493 452 10 12 1 1
139 336 6 5 1 1
209 470 10 12 1 1
3 590 23 30 1 0
273 365 5 6 1 1
89 575 13 18 1 0
470 302 2 3 1 1
175 303 2 3 1 1
590 527 7 12 1 1
187 332 6 5 1 1
344 581 15 17 1 0
329 557 22 27 1 0
154 558 15 18 1 0
237 430 8 9 1 1
178 573 15 18 1 0
345 303 2 3 1 1
247 564 17 25 1 0
621 303 2 3 1 1
134 418 8 9 1 1
242 388 8 9 1 1
286 302 2 3 1 1
421 564 12 15 1 0
151 372 5 6 1 1
882 553 26 31 1 0
351 453 10 12 1 1
503 302 2 3 1 1
120 515 10 14 1 1
311 303 2 3 1 1
713 474 4 5 1 1
301 375 5 6 1 1
502 475 10 12 1 1
395 303 2 3 1 1
239 542 10 14 1 0
281 398 8 9 1 1
80 306 2 3 1 1
675 301 2 3 1 1
913 667 38 45 1 0
163 317 6 5 1 1
258 538 10 14 1 0
334 397 8 9 1 1
136 372 5 6 1 1
852 505 7 7 1 1
765 547 36 42 1 0
569 552 11 14 1 0
552 527 10 14 1 1
507 530 17 22 1 1
656 301 2 3 1 1
303 303 2 3 1 1
933 559 25 34 1 0
700 300 2 3 1 1
315 487 10 12 1 1
208 343 6 5 1 1
139 486 10 12 1 1
539 300 2 3 1 1
422 303 2 3 1 1
158 364 5 6 1 1
329 399 8 9 1 1
107 303 2 3 1 1
269 547 16 23 1 0
231 376 5 6 1 1
178 555 15 18 1 0
145 367 5 6 1 1
339 305 2 3 1 1
163 444 9 10 1 1
118 402 8 9 1 1
426 446 10 12 1 1
315 303 2 3 1 1
332 303 2 3 1 1
968 561 25 34 1 0
136 343 6 5 1 1
383 411 8 9 1 1
624 558 14 16 1 0
124 348 6 5 1 1
473 303 2 3 1 1
305 304 2 3 1 1
292 303 2 3 1 1
775 609 50 67 1 0
104 401 8 9 1 1
74 304 2 3 1 1
116 387 5 6 1 1
301 478 10 12 1 1
351 304 2 3 1 1
166 510 10 14 1 1
372 581 15 17 1 0
872 301 2 3 1 1
869 616 48 59 1 0
338 439 9 11 1 1
495 302 2 3 1 1
283 371 5 6 1 1
245 352 5 6 1 1
647 574 38 41 1 0
669 564 38 41 1 0
419 304 2 3 1 1
278 318 2 3 1 1
155 303 2 3 1 1
369 304 2 3 1 1
192 304 2 3 1 1
544 500 10 12 1 1
870 559 26 31 1 0
319 457 10 12 1 1
505 552 38 46 1 0
572 505 10 14 1 1
381 303 2 3 1 1
231 408 8 9 1 1
362 469 10 12 1 1
338 430 8 9 1 1
518 497 10 12 1 1
239 303 2 3 1 1
226 341 6 5 1 1
418 442 10 12 1 1
166 457 10 12 1 1
177 304 2 3 1 1
183 304 2 3 1 1
308 389 8 9 1 1
434 302 2 3 1 1
255 412 8 9 1 1
543 298 2 3 1 1
649 549 7 12 1 0
420 466 10 12 1 1
215 339 6 5 1 1
309 304 2 3 1 1
131 301 2 3 1 1
209 304 2 3 1 1
258 369 5 6 1 1
229 449 10 12 1 1
817 541 36 42 1 0
146 335 6 5 1 1
629 302 2 3 1 1
290 319 2 3 1 1
558 301 2 3 1 1
599 536 7 12 1 0
321 421 8 9 1 1
127 381 5 6 1 1
383 447 10 12 1 1
348 403 8 9 1 1
708 300 2 3 1 1
884 299 2 3 1 1
120 498 10 12 1 1
282 494 10 12 1 1
324 321 2 3 1 1
142 555 15 18 1 0
215 303 2 3 1 1
752 298 2 3 1 1
132 312 2 3 1 1
702 300 2 3 1 1
272 411 8 9 1 1
362 581 15 17 1 0
586 552 14 16 1 0
485 482 10 12 1 1
351 411 8 9 1 1
905 570 26 31 1 0
228 433 8 9 1 1
365 416 8 9 1 1
280 303 2 3 1 1
213 509 10 14 1 1
363 304 2 3 1 1
557 300 2 3 1 1
105 302 2 3 1 1
284 419 8 9 1 1
165 373 5 6 1 1
554 502 10 14 1 1
602 301 2 3 1 1
825 300 2 3 1 1
142 319 6 5 1 1
211 336 6 5 1 1
318 303 2 3 1 1
308 394 8 9 1 1
118 373 5 6 1 1
549 300 2 3 1 1
322 611 52 57 1 0
389 475 10 12 1 1
313 387 5 6 1 1
618 304 2 3 1 1
186 304 2 3 1 1
321 390 8 9 1 1
221 303 2 3 1 1
479 489 10 12 1 1
642 304 2 3 1 1
543 555 11 14 1 0
386 302 2 3 1 1
267 387 5 6 1 1
788 301 2 3 1 1
806 301 2 3 1 1
433 450 10 12 1 1
151 396 8 9 1 1
293 483 10 12 1 1
718 442 4 5 1 1
218 304 2 3 1 1
362 301 2 3 1 1
289 304 2 3 1 1
80 622 55 67 1 0
540 541 11 14 1 0
118 469 10 12 1 1
556 566 11 14 1 0
159 416 8 9 1 1
200 303 2 3 1 1
447 460 10 12 1 1
296 304 2 3 1 1
295 399 8 9 1 1
214 377 5 6 1 1
854 298 2 3 1 1
635 547 14 16 1 0
589 582 45 52 1 0
518 484 10 12 1 1
809 302 2 3 1 1
83 305 2 3 1 1
145 343 6 5 1 1
