173 2 16 32 1 0
467 418 29 38 1 0
701 3 16 32 1 0
701 275 29 38 1 0
571 333 29 38 1 0
855 124 29 38 1 0
106 585 29 38 1 0
688 383 29 38 1 0
533 21 34 40 1 0
786 727 29 38 1 0
314 184 29 38 1 0
268 455 29 38 1 0
532 415 29 38 1 0
20 194 29 38 1 0
305 371 29 38 1 0
105 276 29 38 1 0
990 8 34 40 1 0
914 128 29 38 1 0
238 489 29 38 1 0
886 1 16 32 1 0
13 7 34 40 1 0
40 44 29 38 1 0
470 674 29 38 1 0
372 424 29 38 1 0
794 438 29 38 1 0
686 651 29 38 1 0
921 5 34 40 1 0
796 319 29 38 1 0
797 680 29 38 1 0
3 419 16 32 1 0
617 64 29 38 1 0
934 206 29 38 1 0
498 430 29 38 1 0
548 575 29 38 1 0
603 400 29 38 1 0
343 352 29 38 1 0
477 374 29 38 1 0
504 624 29 38 1 0
849 63 29 38 1 0
2 547 16 32 1 0
782 536 29 38 1 0
694 72 29 38 1 0
276 354 29 38 1 0
16 480 29 38 1 0
673 10 34 40 1 0
465 210 29 38 1 0
923 392 29 38 1 0
102 176 29 38 1 0
723 4 16 32 1 0
572 117 29 38 1 0
696 194 29 38 1 0
260 206 29 38 1 0
369 516 29 38 1 0
720 640 29 38 1 0
400 78 29 38 1 0
355 127 29 38 1 0
860 564 29 38 1 0
714 497 29 38 1 0
765 196 29 38 1 0
640 493 29 38 1 0
102 744 16 32 1 0
701 227 29 38 1 0
793 10 34 40 1 0
23 162 29 38 1 0
632 452 29 38 1 0
602 256 29 38 1 0
299 258 29 38 1 0
166 443 29 38 1 0
647 663 29 38 1 0
848 730 29 38 1 0
407 340 29 38 1 0
924 672 29 38 1 0
127 344 29 38 1 0
614 635 29 38 1 0
574 439 29 38 1 0
418 554 29 38 1 0
497 57 29 38 1 0
187 214 29 38 1 0
449 20 34 40 1 0
248 714 29 38 1 0
846 14 34 40 1 0
359 668 29 38 1 0
750 147 29 38 1 0
748 680 29 38 1 0
381 249 29 38 1 0
947 554 29 38 1 0
624 293 29 38 1 0
758 68 29 38 1 0
285 324 29 38 1 0
197 311 29 38 1 0
16 730 29 38 1 0
303 123 29 38 1 0
298 680 29 38 1 0
147 720 29 38 1 0
617 30 29 38 1 0
966 739 29 38 1 0
111 65 29 38 1 0
372 381 29 38 1 0
232 578 29 38 1 0
334 720 29 38 1 0
231 235 29 38 1 0
643 101 29 38 1 0
571 569 29 38 1 0
19 336 29 38 1 0
451 474 29 38 1 0
201 717 29 38 1 0
848 670 29 38 1 0
845 410 29 38 1 0
660 158 29 38 1 0
389 200 29 38 1 0
890 140 29 38 1 0
235 306 29 38 1 0
840 198 29 38 1 0
720 309 29 38 1 0
567 231 29 38 1 0
538 232 29 38 1 0
301 158 29 38 1 0
780 125 29 38 1 0
357 234 29 38 1 0
826 301 29 38 1 0
4 668 16 32 1 0
116 482 29 38 1 0
190 501 29 38 1 0
20 302 29 38 1 0
698 124 29 38 1 0
225 356 29 38 1 0
204 587 29 38 1 0
205 342 29 38 1 0
