434 89 11 12 1 0
404 79 11 12 1 0
414 194 42 48 1 0
369 105 11 12 1 0
140 69 11 16 1 1
467 50 8 10 1 1
341 48 10 13 1 1
344 91 11 12 1 1
118 246 24 29 1 0
67 125 17 17 1 0
256 111 13 18 1 0
242 102 13 18 1 0
425 78 11 12 1 0
271 54 10 13 1 1
300 51 10 13 1 1
462 87 11 12 1 0
230 81 19 24 1 0
314 103 13 18 1 0
302 88 11 12 1 0
25 128 17 17 1 0
425 124 17 26 1 0
79 201 24 29 1 0
245 119 13 18 1 0
142 103 17 17 1 0
373 179 42 48 1 0
184 167 24 29 1 0
442 47 10 13 1 1
404 93 11 12 1 0
474 99 11 12 1 0
13 224 24 29 1 0
321 49 10 13 1 1
489 55 8 10 1 1
148 119 17 17 1 0
128 135 17 17 1 0
59 78 11 16 1 1
91 106 17 17 1 0
247 58 10 13 1 0
284 51 10 13 1 1
373 127 17 26 1 0
391 82 11 12 1 0
262 56 10 13 1 1
51 117 17 17 1 0
356 215 42 48 1 0
11 119 15 16 1 0
292 186 42 48 1 0
102 75 11 16 1 1
428 151 17 26 1 0
181 100 15 18 1 0
