443 152 40 55 1 0
301 22 32 47 1 0
69 200 50 58 1 0
323 206 50 58 1 0
897 141 43 54 1 0
379 203 50 58 1 0
128 154 40 55 1 0
585 62 32 47 1 0
169 214 50 58 1 0
480 80 32 47 1 0
66 161 40 55 1 0
625 216 50 58 1 0
645 140 43 54 1 0
624 68 32 47 1 0
394 77 32 47 1 0
1 123 40 53 1 0
790 37 32 47 1 0
774 175 50 58 1 0
241 239 50 58 1 0
342 134 40 55 1 0
506 166 50 58 1 0
110 68 32 47 1 0
241 152 40 55 1 0
532 208 50 58 1 0
91 2 38 53 1 0
861 104 38 51 1 0
213 68 32 47 1 0
880 224 43 54 1 0
895 46 38 51 1 0
831 124 40 55 1 0
40 78 40 53 1 0
754 107 40 55 1 0
312 60 32 47 1 0
62 137 40 55 1 0
674 96 43 54 1 0
