791 1323 54 65 1 0
1589 854 54 65 1 0
1 1289 54 65 1 0
697 1161 54 65 1 0
834 1540 54 65 1 0
473 851 54 65 1 0
214 656 54 65 1 0
1967 1192 54 65 1 0
1434 1111 54 65 1 0
6 530 54 65 1 0
449 1200 54 65 1 0
1746 1283 54 65 1 0
230 954 54 65 1 0
1869 1396 54 65 1 0
62 800 54 65 1 0
754 1402 54 65 1 0
2143 1480 54 65 1 0
1353 577 54 65 1 0
1589 646 54 65 1 0
496 642 54 65 1 0
463 450 54 65 1 0
713 862 54 65 1 0
9 608 54 65 1 0
1378 1177 54 65 1 0
1467 1247 54 65 1 0
1188 792 54 65 1 0
1074 554 54 65 1 0
367 743 54 65 1 0
2155 699 54 65 1 0
593 396 54 65 1 0
1303 980 54 65 1 0
878 1157 54 65 1 0
35 728 54 65 1 0
56 695 54 65 1 0
1232 1092 54 65 1 0
1988 878 54 65 1 0
1869 1305 54 65 1 0
1287 674 54 65 1 0
2063 661 54 65 1 0
2106 915 54 65 1 0
1185 205 54 65 1 0
2021 1297 54 65 1 0
1913 651 54 65 1 0
303 628 54 65 1 0
1512 306 54 65 1 0
301 408 54 65 1 0
1365 153 54 65 1 0
83 1397 54 65 1 0
183 354 54 65 1 0
1470 628 54 65 1 0
1874 767 54 65 1 0
694 1523 54 65 1 0
1959 994 54 65 1 0
2068 1364 54 65 1 0
2001 1517 54 65 1 0
1172 606 54 65 1 0
1856 1010 54 65 1 0
950 675 54 65 1 0
952 596 54 65 1 0
1259 1253 54 65 1 0
2037 828 54 65 1 0
620 679 54 65 1 0
1764 1214 54 65 1 0
486 568 54 65 1 0
833 1070 54 65 1 0
419 889 54 65 1 0
1417 749 54 65 1 0
172 789 54 65 1 0
1338 751 54 65 1 0
247 1321 54 65 1 0
301 1049 54 65 1 0
1181 1314 54 65 1 0
1093 1403 54 65 1 0
738 577 54 65 1 0
209 538 54 65 1 0
1703 440 54 65 1 0
60 1463 54 65 1 0
10 877 54 65 1 0
797 1011 54 65 1 0
791 776 54 65 1 0
586 964 54 65 1 0
835 524 54 65 1 0
1487 887 54 65 1 0
1151 718 54 65 1 0
1778 1125 54 65 1 0
542 754 54 65 1 0
21 1224 54 65 1 0
1 1386 54 65 1 0
33 1271 54 65 1 0
866 882 54 65 1 0
1500 786 54 65 1 0
1576 1054 54 65 1 0
201 867 54 65 1 0
1522 929 54 65 1 0
1865 1525 54 65 1 0
1889 1455 54 65 1 0
392 985 54 65 1 0
271 820 54 65 1 0
76 302 54 65 1 0
1808 388 54 65 1 0
672 1070 54 65 1 0
647 1370 54 65 1 0
9 1517 54 65 1 0
2140 1371 54 65 1 0
364 475 54 65 1 0
599 1271 54 65 1 0
1608 1109 54 65 1 0
94 1326 54 65 1 0
879 1259 54 65 1 0
1977 1413 54 65 1 0
2127 965 54 65 1 0
1561 1181 54 65 1 0
368 389 54 65 1 0
1235 544 54 65 1 0
766 455 54 65 1 0
1686 763 54 65 1 0
1806 168 54 65 1 0
2105 1084 54 65 1 0
1785 1486 54 65 1 0
419 669 54 65 1 0
1559 576 54 65 1 0
656 1437 54 65 1 0
594 508 54 65 1 0
117 1148 54 65 1 0
673 638 54 65 1 0
1986 716 54 65 1 0
1816 695 54 65 1 0
972 1514 54 65 1 0
1132 489 54 65 1 0
1294 1479 54 65 1 0
1078 653 74 117 1 0
2126 1269 54 65 1 0
272 1155 54 65 1 0
2052 602 54 65 1 0
918 390 54 65 1 0
1772 1004 54 65 1 0
786 1224 54 65 1 0
1355 802 54 65 1 0
1245 854 54 65 1 0
63 1166 54 65 1 0
1970 331 54 65 1 0
1350 1048 54 65 1 0
2133 1157 54 65 1 0
1746 466 54 65 1 0
1662 905 54 65 1 0
59 946 54 65 1 0
856 1434 54 65 1 0
2143 863 54 65 1 0
638 917 54 65 1 0
1704 636 54 65 1 0
1852 911 54 65 1 0
1751 799 54 65 1 0
1556 356 54 65 1 0
1363 519 54 65 1 0
54 1027 54 65 1 0
180 470 54 65 1 0
