3330 1124 99 108 1 0
926 1252 65 66 1 0
67 1264 65 66 1 0
2794 1249 74 129 1 0
2457 1193 48 56 1 0
1715 1261 62 78 1 0
3816 1203 50 63 1 0
2039 1234 57 72 1 0
2297 1230 57 72 1 0
436 1358 59 80 1 0
2180 1336 57 72 1 0
2603 1206 46 51 1 0
3524 1163 99 108 1 0
1541 1257 45 58 1 0
1443 1336 45 58 1 0
1852 1176 114 139 1 0
792 1274 67 82 1 0
1217 1278 45 58 1 0
2763 1171 74 129 1 0
2052 1279 57 72 1 0
2578 1214 46 51 1 0
1439 1302 45 58 1 0
1130 1318 72 92 1 0
1584 1249 45 58 1 0
1498 1252 45 58 1 0
2693 1210 46 51 1 0
724 1279 63 79 1 0
1410 1274 45 58 1 0
990 1289 58 75 1 0
685 1213 95 102 1 0
1335 1280 45 58 1 0
378 1379 59 80 1 0
1761 1264 114 139 1 0
3879 1214 18 18 1 0
2490 1194 46 51 1 0
292 1319 59 80 1 0
2103 1261 57 72 1 0
2004 1248 57 72 1 0
3204 1238 73 104 1 0
1217 1357 45 58 1 0
3940 1216 18 18 1 0
112 1273 59 80 1 0
