1127 796 62 70 1 0
1183 897 62 70 1 0
1286 596 21 25 1 0
528 819 49 64 1 0
320 606 23 25 1 0
1254 576 21 25 1 0
19 668 30 36 1 0
633 828 49 64 1 0
890 799 62 70 1 0
1216 576 21 25 1 1
1310 722 28 33 1 0
1243 592 21 25 1 0
1008 811 62 70 1 0
1327 711 28 33 1 0
396 776 49 64 1 0
880 604 26 24 1 0
1347 733 28 33 1 0
690 607 26 24 1 0
1124 590 21 25 1 0
1187 779 62 70 1 0
1179 595 21 25 1 1
156 609 23 25 1 0
1122 695 43 49 1 0
27 812 39 50 1 0
413 606 23 25 1 0
71 874 49 64 1 0
281 581 23 25 1 0
1352 590 21 25 1 1
56 757 30 36 1 0
970 883 62 70 1 0
1307 588 21 25 1 0
500 787 49 64 1 0
249 716 30 36 1 0
1342 894 62 70 1 0
1290 587 21 25 1 0
110 763 49 64 1 0
87 595 23 25 1 0
1217 593 21 25 1 1
125 724 30 36 1 0
1230 581 21 25 1 0
776 837 62 70 1 0
28 598 23 25 1 0
226 591 23 25 1 0
193 590 23 25 1 0
214 591 23 25 1 0
129 620 23 25 1 0
189 603 23 25 1 0
110 589 23 25 1 0
583 764 49 64 1 0
1084 804 62 70 1 0
338 725 30 36 1 0
382 828 49 64 1 0
263 990 49 64 1 0
41 703 30 36 1 0
747 602 26 24 1 0
361 766 49 64 1 0
259 576 23 25 1 0
1163 613 21 25 1 1
60 720 30 36 1 0
243 584 23 25 1 0
71 573 23 25 1 0
405 741 49 64 1 0
650 763 49 64 1 0
642 619 26 24 1 0
438 842 49 64 1 0
169 738 49 64 1 0
63 798 39 50 1 0
1197 586 21 25 1 1
1352 615 21 25 1 0
286 754 49 64 1 0
1226 716 28 33 1 0
1265 737 62 70 1 0
807 594 26 24 1 0
238 884 49 64 1 0
196 708 30 36 1 0
1345 794 62 70 1 0
132 587 23 25 1 0
