835 1025 106 105 1 0
1549 609 44 41 1 0
1223 882 61 74 1 0
1617 500 23 24 1 0
1096 819 61 74 2 0
1683 532 23 24 1 0
156 733 51 52 1 0
1731 593 32 32 2 0
2755 842 77 93 1 0
632 540 23 24 1 0
1815 588 32 32 1 0
375 651 49 45 1 0
2701 571 23 23 1 0
2666 560 23 23 1 0
1659 676 49 45 1 0
1304 578 32 32 1 0
415 639 49 45 1 0
649 640 49 45 2 0
1544 694 51 52 1 0
377 530 23 24 1 0
1695 599 32 32 1 0
2365 583 23 23 1 0
478 755 51 52 2 0
825 929 85 88 1 0
2377 812 56 67 1 0
2682 593 33 37 1 0
2203 652 44 51 1 0
1056 638 49 45 1 0
956 854 61 74 1 0
2486 608 33 37 1 0
2372 631 33 37 1 0
9 641 48 50 1 0
630 602 32 32 1 0
1132 670 49 45 1 0
1544 430 23 24 1 0
1413 900 57 68 1 0
1043 744 51 52 1 0
2234 765 56 67 1 0
2417 598 33 37 1 0
248 692 51 52 2 0
1356 752 56 67 1 0
1493 443 23 24 1 0
501 782 51 52 1 0
1498 646 49 45 2 0
1129 632 49 45 1 0
1850 522 23 24 1 0
1419 792 56 67 2 0
2129 788 56 67 2 0
421 1074 106 105 1 0
412 702 51 52 2 0
1545 780 56 67 1 0
1395 584 32 32 2 0
112 688 50 50 1 0
1423 656 49 45 1 0
1772 569 32 32 1 0
1797 603 32 32 1 0
888 600 32 32 1 0
1809 640 49 45 1 0
1 811 61 74 1 0
2164 774 56 67 1 0
1095 688 49 45 1 0
2179 621 33 37 1 0
1374 620 40 38 1 0
643 618 49 45 2 0
1630 627 49 45 1 0
2758 585 33 37 1 0
1387 597 32 32 2 0
1316 630 49 45 1 0
1141 546 23 24 1 0
2004 813 56 67 1 0
2000 647 36 42 1 0
2252 583 23 23 1 0
1287 598 32 32 2 0
144 610 41 40 1 0
2052 522 23 23 1 0
1794 779 56 67 1 0
1004 687 49 45 2 0
721 656 49 45 2 0
2107 844 56 67 1 0
1191 754 51 52 1 0
1189 687 49 45 1 0
2333 584 33 37 1 0
2130 674 44 51 1 0
755 606 32 32 2 0
332 968 85 88 1 0
1762 836 56 67 1 0
1000 641 49 45 2 0
611 639 49 45 1 0
2435 648 33 37 1 0
941 604 32 32 1 0
1425 463 23 24 1 0
2076 610 33 37 1 0
91 747 56 63 1 0
1923 506 23 23 1 0
1201 662 49 45 2 0
287 558 23 24 1 0
996 915 85 88 1 0
5 1005 61 74 1 0
2715 590 33 37 1 0
2526 700 75 82 1 0
452 640 49 45 1 0
2574 628 33 37 1 0
227 721 51 52 1 0
827 831 61 74 1 0
791 702 51 52 1 0
2611 529 23 23 1 0
695 661 49 45 2 0
1550 647 49 45 1 0
232 673 49 45 2 0
1745 625 36 35 1 0
2120 755 56 67 2 0
2963 563 25 29 1 0
535 773 51 52 1 0
2233 612 33 37 1 0
1425 755 56 67 2 0
747 648 49 45 1 0
2537 614 33 37 1 0
2113 602 33 37 1 0
1218 623 40 38 2 0
1510 816 56 67 1 0
525 602 32 32 1 0
1469 567 32 32 1 0
557 658 49 45 2 0
2314 640 33 37 1 0
1783 905 62 78 1 0
1207 607 32 32 1 0
788 665 49 45 1 0
751 675 49 45 1 0
317 870 61 74 1 0
2927 606 33 37 1 0
547 805 61 74 1 0
1888 770 56 67 1 0
2535 586 33 37 1 0
445 790 61 74 1 0
601 899 61 74 1 0
2661 613 33 37 1 0
1234 605 32 32 1 0
1904 652 36 42 1 0
2631 554 23 23 1 0
1255 689 49 45 1 0
299 774 51 52 1 0
332 690 49 45 1 0
922 647 49 45 1 0
86 708 55 61 1 0
1101 643 49 45 1 0
891 490 23 24 1 0
2018 687 36 42 1 0
1820 680 49 45 1 0
1533 575 32 32 1 0
2044 606 36 42 1 0
1347 651 49 45 1 0
392 692 51 52 2 0
1582 627 49 45 1 0
1454 504 23 24 1 0
1518 535 23 24 1 0
1464 485 23 24 1 0
1115 611 44 41 2 0
282 717 51 52 2 0
787 625 44 41 2 0
546 651 49 45 2 0
1945 598 23 23 1 0
2172 697 44 51 1 0
2600 687 75 82 1 0
2102 522 23 23 1 0
2555 589 33 37 1 0
372 875 61 74 1 0
1211 641 49 45 2 0
2156 602 33 37 1 0
1536 869 56 67 1 0
2642 580 23 23 1 0
2281 943 80 114 1 0
190 736 51 52 1 0
2858 583 25 29 1 0
1654 647 49 45 1 0
1526 506 23 24 2 0
118 609 41 40 1 0
1533 490 23 24 1 0
1172 640 49 45 1 0
840 741 51 52 1 0
239 612 40 38 1 0
986 628 49 45 2 0
1894 602 36 42 1 0
2328 529 23 23 1 0
1706 692 51 52 1 0
742 550 23 24 1 0
813 628 49 45 2 0
550 597 32 32 1 0
971 614 44 41 2 0
184 599 32 32 1 0
1451 738 51 52 1 0
132 788 61 74 1 0
2497 652 33 37 1 0
552 723 51 52 1 0
69 652 45 45 1 0
889 874 61 74 1 0
1133 603 32 32 2 0
633 670 49 45 1 0
62 790 61 74 1 0
1519 643 49 45 2 0
2120 1018 80 114 1 0
2024 525 23 23 1 0
1263 598 32 32 1 0
2250 821 56 67 1 0
2206 597 33 37 1 0
675 629 49 45 1 0
272 696 51 52 2 0
1839 626 40 38 1 0
579 754 51 52 1 0
894 657 49 45 1 0
962 810 61 74 1 0
2515 595 33 37 1 0
2617 790 77 93 1 0
731 620 49 45 1 0
1319 726 51 52 1 0
2595 537 23 23 1 0
1063 819 61 74 2 0
1385 806 61 74 1 0
524 669 49 45 1 0
1343 613 36 35 1 0
2025 634 36 42 1 0
1522 595 32 32 1 0
473 811 61 74 1 0
1646 568 32 32 1 0
654 827 61 74 1 0
1443 517 23 24 1 0
462 610 42 39 1 0
1341 1039 80 114 1 0
1746 953 80 114 1 0
607 1271 106 105 1 0
18 707 52 54 1 0
214 606 32 32 1 0
2426 569 23 23 1 0
1732 574 32 32 2 0
1938 644 36 42 1 0
429 849 61 74 1 0
1534 465 23 24 1 0
642 698 51 52 1 0
759 625 49 45 2 0
1587 454 23 24 1 0
1608 970 80 114 1 0
1831 726 52 56 1 0
364 812 61 74 1 0
1417 627 49 45 2 0
119 880 61 74 1 0
1117 917 85 88 1 0
1220 527 23 24 1 0
198 698 51 52 1 0
1600 565 23 24 1 0
925 615 40 38 1 0
2939 508 25 29 1 0
173 644 49 45 1 0
1995 522 23 23 1 0
1331 549 23 24 1 0
2468 653 33 37 1 0
286 653 49 45 1 0
1063 1017 80 114 1 0
2624 583 23 23 1 0
1714 611 36 35 1 0
1153 758 51 52 1 0
2139 622 33 37 1 0
510 698 51 52 1 0
852 644 49 45 1 0
1442 969 80 114 1 0
2677 663 33 37 1 0
1182 922 61 74 1 0
2178 952 80 114 1 0
2758 561 23 23 1 0
473 734 51 52 2 0
2613 908 77 93 1 0
686 701 51 52 2 0
461 688 49 45 1 0
2922 561 25 29 1 0
2837 607 33 37 1 0
1635 530 23 24 1 0
1282 620 40 38 1 0
2870 542 25 29 1 0
899 731 51 52 1 0
496 627 49 45 1 0
1673 625 44 41 1 0
286 605 32 32 1 0
746 984 85 88 1 0
2080 551 23 23 1 0
2811 838 77 93 1 0
2054 675 44 51 1 0
994 617 44 41 2 0
361 710 51 52 1 0
1634 507 23 24 1 0
2332 979 80 114 1 0
235 553 29 30 1 0
879 627 49 45 2 0
1462 611 44 41 1 0
1574 532 23 24 1 0
1861 650 49 45 1 0
2041 577 23 23 1 0
942 553 23 24 1 0
1155 617 40 38 2 0
905 608 32 32 1 0
1585 756 56 67 1 0
2429 744 75 82 1 0
577 643 49 45 1 0
1313 609 32 32 1 0
441 708 51 52 1 0
1027 685 49 45 2 0
2293 638 33 37 1 0
1786 688 49 45 1 0
951 659 49 45 1 0
381 773 51 52 1 0
39 733 55 61 1 0
1242 649 49 45 1 0
2392 590 33 37 1 0
1612 591 32 32 1 0
1606 518 23 24 1 0
2366 738 75 82 1 0
1247 825 61 74 1 0
1480 475 23 24 1 0
433 561 23 24 1 0
669 763 51 52 1 0
1891 1029 80 114 1 0
1769 604 32 32 1 0
1152 600 32 32 2 0
1545 742 51 52 1 0
317 646 49 45 1 0
1333 692 51 52 1 0
2224 690 44 51 1 0
975 992 85 88 1 0
1450 431 23 24 1 0
492 655 49 45 1 0
376 621 49 46 1 0
2717 573 23 23 1 0
688 726 51 52 2 0
351 662 49 45 1 0
2267 630 33 37 1 0
1676 570 32 32 1 0
1603 615 38 36 1 0
36 611 41 40 1 0
2576 538 23 23 1 0
1243 753 51 52 1 0
583 552 23 24 1 0
2781 587 33 37 1 0
1789 532 23 24 1 0
2821 576 29 33 1 0
2758 626 33 37 1 0
905 681 49 45 1 0
871 608 32 32 2 0
2911 774 77 93 1 0
5 941 61 74 1 0
2293 593 33 37 1 0
785 777 51 52 1 0
165 824 61 74 2 0
1489 615 44 41 1 0
1162 705 51 52 1 0
2748 730 75 82 1 0
1273 769 51 52 1 0
1089 543 23 24 1 0
276 826 61 74 1 0
1348 578 32 32 1 0
1208 1028 80 114 1 0
1201 563 23 24 1 0
1473 640 49 45 2 0
1497 678 49 45 1 0
1699 639 49 45 1 0
1736 528 23 24 1 0
570 685 49 45 1 0
135 836 61 74 2 0
1956 540 23 23 1 0
731 707 51 52 1 0
1277 649 49 45 1 0
859 702 51 52 1 0
1973 650 36 42 1 0
1142 802 61 74 1 0
1582 492 23 24 1 0
1281 585 32 32 2 0
2714 624 33 37 1 0
507 874 61 74 1 0
1394 417 23 24 1 0
336 555 23 24 1 0
2625 628 33 37 1 0
503 560 23 24 1 0
568 611 44 41 1 0
2732 543 23 23 1 0
146 639 49 45 1 0
893 823 61 74 1 0
1477 703 51 52 1 0
1516 500 23 24 2 0
1457 538 23 24 1 0
2345 648 33 37 1 0
2453 600 33 37 1 0
1909 560 23 23 1 0
2597 587 33 37 1 0
1009 827 61 74 1 0
1441 630 49 45 2 0
