374 204 3 4 1 1
419 191 3 4 1 1
192 440 5 6 1 1
191 190 3 4 1 1
152 191 3 4 1 1
418 308 5 6 1 1
77 443 5 6 1 1
30 87 3 4 1 1
52 131 3 4 1 1
459 86 3 4 1 1
333 180 3 4 1 1
25 492 5 6 1 1
356 191 3 4 1 1
337 77 3 4 1 1
299 50 3 4 1 1
273 504 5 6 1 1
453 56 3 4 1 1
132 260 3 4 1 1
1 71 3 4 1 1
260 193 3 4 1 1
378 454 5 6 1 1
277 204 3 4 1 1
408 368 5 6 1 1
169 104 3 4 1 1
46 221 3 4 1 1
46 159 3 4 1 1
110 438 5 6 1 1
222 112 3 4 1 1
412 292 3 4 1 1
144 325 5 6 1 1
171 130 3 4 1 1
439 71 3 4 1 1
281 439 5 6 1 1
395 83 3 4 1 1
410 36 3 4 1 1
23 112 3 4 1 1
384 399 5 6 1 1
425 233 3 4 1 1
371 106 3 4 1 1
78 155 3 4 1 1
214 614 5 6 1 1
439 572 5 6 1 1
349 122 3 4 1 1
32 581 5 6 1 1
189 144 3 4 1 1
451 15 3 4 1 1
352 132 3 4 1 1
80 206 3 4 1 1
127 486 5 6 1 1
180 447 5 6 1 1
104 49 3 4 1 1
292 555 5 6 1 1
148 94 3 4 1 1
408 192 3 4 1 1
53 204 3 4 1 1
402 167 3 4 1 1
222 410 5 6 1 1
81 283 3 4 1 1
120 468 5 6 1 1
268 82 3 4 1 1
305 318 5 6 1 1
213 447 5 6 1 1
181 106 3 4 1 1
413 40 3 4 1 1
116 463 5 6 1 1
313 38 3 4 1 1
328 307 5 6 1 1
288 203 3 4 1 1
221 84 3 4 1 1
193 235 3 4 1 1
268 106 3 4 1 1
251 39 3 4 1 1
4 199 3 4 1 1
49 320 5 6 1 1
233 472 5 6 1 1
423 94 3 4 1 1
313 166 3 4 1 1
257 539 5 6 1 1
369 39 3 4 1 1
377 132 3 4 1 1
312 248 3 4 1 1
291 617 5 6 1 1
12 192 3 4 1 1
437 166 3 4 1 1
191 443 5 6 1 1
282 276 3 4 1 1
68 145 3 4 1 1
10 45 3 4 1 1
264 194 3 4 1 1
450 400 5 6 1 1
115 71 3 4 1 1
307 43 3 4 1 1
358 287 3 4 1 1
3 128 3 4 1 1
7 150 3 4 1 1
338 457 5 6 1 1
329 389 5 6 1 1
142 179 3 4 1 1
120 214 3 4 1 1
148 248 3 4 1 1
56 116 3 4 1 1
19 167 3 4 1 1
31 561 5 6 1 1
237 156 3 4 1 1
366 117 3 4 1 1
386 272 3 4 1 1
191 38 3 4 1 1
106 207 3 4 1 1
53 167 3 4 1 1
144 493 5 6 1 1
162 40 3 4 1 1
371 167 3 4 1 1
249 229 3 4 1 1
177 179 3 4 1 1
362 192 3 4 1 1
29 54 3 4 1 1
223 614 5 6 1 1
321 278 3 4 1 1
111 179 3 4 1 1
399 182 3 4 1 1
67 24 3 4 1 1
350 107 3 4 1 1
159 87 3 4 1 1
285 648 5 6 1 1
346 181 3 4 1 1
38 198 3 4 1 1
170 248 3 4 1 1
67 466 5 6 1 1
217 119 3 4 1 1
117 321 5 6 1 1
186 210 3 4 1 1
144 569 5 6 1 1
162 62 3 4 1 1
417 178 3 4 1 1
194 302 5 6 1 1
154 447 5 6 1 1
25 103 3 4 1 1
207 254 3 4 1 1
316 190 3 4 1 1
32 316 5 6 1 1
457 121 3 4 1 1
414 406 5 6 1 1
129 71 3 4 1 1
433 144 3 4 1 1
423 40 3 4 1 1
447 106 3 4 1 1
200 644 5 6 1 1
147 486 5 6 1 1
339 221 3 4 1 1
349 388 5 6 1 1
43 175 3 4 1 1
276 69 3 4 1 1
124 257 3 4 1 1
139 209 3 4 1 1
452 496 5 6 1 1
10 29 3 4 1 1
207 22 3 4 1 1
142 283 3 4 1 1
345 377 5 6 1 1
129 468 5 6 1 1
122 42 3 4 1 1
258 119 3 4 1 1
192 100 3 4 1 1
107 494 5 6 1 1
58 600 5 6 1 1
4 244 3 4 1 1
71 179 3 4 1 1
430 332 5 6 1 1
451 276 3 4 1 1
369 358 5 6 1 1
381 180 3 4 1 1
155 117 3 4 1 1
35 156 3 4 1 1
271 216 3 4 1 1
136 72 3 4 1 1
278 61 3 4 1 1
379 66 3 4 1 1
161 132 3 4 1 1
104 36 3 4 1 1
22 251 3 4 1 1
1 158 3 4 1 1
460 606 5 6 1 1
233 140 3 4 1 1
323 105 3 4 1 1
418 504 5 6 1 1
339 60 3 4 1 1
223 639 5 6 1 1
430 618 5 6 1 1
410 89 3 4 1 1
109 154 3 4 1 1
153 268 3 4 1 1
301 281 3 4 1 1
247 408 5 6 1 1
30 275 3 4 1 1
441 334 5 6 1 1
148 633 5 6 1 1
29 154 3 4 1 1
226 207 3 4 1 1
276 146 3 4 1 1
324 318 5 6 1 1
2 329 5 6 1 1
87 570 5 6 1 1
227 555 5 6 1 1
459 595 5 6 1 1
380 360 5 6 1 1
304 121 3 4 1 1
409 231 3 4 1 1
428 13 3 4 1 1
74 28 3 4 1 1
266 168 3 4 1 1
335 191 3 4 1 1
11 104 3 4 1 1
132 151 3 4 1 1
343 259 3 4 1 1
97 309 5 6 1 1
237 280 3 4 1 1
105 261 3 4 1 1
454 570 5 6 1 1
421 52 3 4 1 1
444 353 5 6 1 1
314 169 3 4 1 1
114 52 3 4 1 1
408 72 3 4 1 1
339 646 5 6 1 1
14 69 3 4 1 1
77 355 5 6 1 1
81 96 3 4 1 1
335 209 3 4 1 1
174 152 3 4 1 1
261 216 3 4 1 1
3 437 5 6 1 1
315 263 3 4 1 1
115 485 5 6 1 1
287 192 3 4 1 1
400 389 5 6 1 1
36 288 3 4 1 1
307 180 3 4 1 1
432 315 5 6 1 1
438 35 3 4 1 1
10 165 3 4 1 1
337 379 5 6 1 1
59 88 3 4 1 1
426 211 3 4 1 1
305 251 3 4 1 1
162 260 3 4 1 1
88 71 3 4 1 1
177 362 5 6 1 1
142 117 3 4 1 1
226 564 5 6 1 1
326 370 5 6 1 1
319 506 5 6 1 1
92 144 3 4 1 1
330 273 3 4 1 1
33 180 3 4 1 1
13 151 3 4 1 1
81 183 3 4 1 1
33 392 5 6 1 1
268 591 5 6 1 1
282 103 3 4 1 1
274 119 3 4 1 1
256 556 5 6 1 1
343 115 3 4 1 1
135 51 3 4 1 1
92 156 3 4 1 1
343 143 3 4 1 1
359 294 3 4 1 1
89 104 3 4 1 1
158 431 5 6 1 1
45 206 3 4 1 1
402 359 5 6 1 1
13 281 3 4 1 1
357 233 3 4 1 1
123 169 3 4 1 1
399 269 3 4 1 1
421 438 5 6 1 1
76 276 3 4 1 1
10 425 5 6 1 1
146 190 3 4 1 1
167 86 3 4 1 1
397 507 5 6 1 1
111 117 3 4 1 1
165 121 3 4 1 1
270 193 3 4 1 1
27 313 5 6 1 1
442 395 5 6 1 1
157 230 3 4 1 1
5 93 3 4 1 1
437 306 5 6 1 1
291 216 3 4 1 1
460 143 3 4 1 1
35 167 3 4 1 1
37 502 5 6 1 1
24 260 3 4 1 1
296 605 5 6 1 1
286 415 5 6 1 1
168 450 5 6 1 1
417 464 5 6 1 1
187 194 3 4 1 1
302 417 5 6 1 1
382 535 5 6 1 1
443 294 3 4 1 1
86 157 3 4 1 1
379 272 3 4 1 1
427 425 5 6 1 1
362 371 5 6 1 1
447 39 3 4 1 1
132 576 5 6 1 1
316 204 3 4 1 1
238 600 5 6 1 1
142 122 3 4 1 1
430 285 3 4 1 1
283 145 3 4 1 1
84 26 3 4 1 1
60 59 3 4 1 1
138 68 3 4 1 1
142 86 3 4 1 1
420 454 5 6 1 1
379 190 3 4 1 1
326 553 5 6 1 1
20 244 3 4 1 1
7 279 3 4 1 1
274 345 5 6 1 1
326 458 5 6 1 1
201 592 5 6 1 1
15 453 5 6 1 1
245 165 3 4 1 1
12 93 3 4 1 1
52 122 3 4 1 1
122 274 3 4 1 1
297 308 5 6 1 1
201 61 3 4 1 1
200 578 5 6 1 1
156 614 5 6 1 1
210 84 3 4 1 1
386 332 5 6 1 1
138 538 5 6 1 1
180 428 5 6 1 1
201 328 5 6 1 1
346 362 5 6 1 1
417 129 3 4 1 1
90 564 5 6 1 1
379 15 3 4 1 1
213 576 5 6 1 1
153 22 3 4 1 1
155 207 3 4 1 1
281 313 5 6 1 1
177 575 5 6 1 1
287 50 3 4 1 1
182 60 3 4 1 1
384 561 5 6 1 1
156 484 5 6 1 1
228 110 3 4 1 1
340 182 3 4 1 1
28 233 3 4 1 1
167 413 5 6 1 1
10 267 3 4 1 1
263 174 3 4 1 1
267 18 3 4 1 1
252 36 3 4 1 1
216 209 3 4 1 1
239 102 3 4 1 1
41 93 3 4 1 1
46 236 3 4 1 1
268 609 5 6 1 1
221 155 3 4 1 1
15 26 3 4 1 1
64 132 3 4 1 1
168 320 5 6 1 1
459 645 5 6 1 1
343 418 5 6 1 1
247 446 5 6 1 1
103 609 5 6 1 1
96 122 3 4 1 1
136 306 5 6 1 1
42 275 3 4 1 1
291 34 3 4 1 1
441 190 3 4 1 1
219 273 3 4 1 1
248 567 5 6 1 1
384 378 5 6 1 1
300 88 3 4 1 1
405 378 5 6 1 1
244 61 3 4 1 1
171 287 3 4 1 1
364 95 3 4 1 1
335 166 3 4 1 1
381 118 3 4 1 1
85 321 5 6 1 1
66 304 5 6 1 1
432 121 3 4 1 1
71 40 3 4 1 1
242 586 5 6 1 1
207 140 3 4 1 1
197 512 5 6 1 1
288 430 5 6 1 1
237 95 3 4 1 1
56 480 5 6 1 1
420 589 5 6 1 1
270 483 5 6 1 1
341 435 5 6 1 1
260 279 3 4 1 1
31 285 3 4 1 1
236 147 3 4 1 1
103 635 5 6 1 1
107 102 3 4 1 1
93 324 5 6 1 1
177 459 5 6 1 1
23 146 3 4 1 1
394 234 3 4 1 1
353 39 3 4 1 1
173 235 3 4 1 1
265 539 5 6 1 1
342 275 3 4 1 1
417 377 5 6 1 1
47 131 3 4 1 1
289 276 3 4 1 1
82 412 5 6 1 1
56 167 3 4 1 1
330 155 3 4 1 1
188 640 5 6 1 1
365 334 5 6 1 1
216 570 5 6 1 1
208 64 3 4 1 1
14 524 5 6 1 1
347 61 3 4 1 1
418 200 3 4 1 1
204 198 3 4 1 1
400 434 5 6 1 1
101 297 3 4 1 1
84 222 3 4 1 1
82 300 3 4 1 1
415 20 3 4 1 1
347 224 3 4 1 1
282 18 3 4 1 1
19 366 5 6 1 1
328 118 3 4 1 1
422 497 5 6 1 1
117 505 5 6 1 1
214 166 3 4 1 1
428 503 5 6 1 1
187 594 5 6 1 1
345 38 3 4 1 1
21 507 5 6 1 1
349 456 5 6 1 1
16 584 5 6 1 1
202 175 3 4 1 1
152 51 3 4 1 1
251 110 3 4 1 1
134 526 5 6 1 1
208 602 5 6 1 1
335 325 5 6 1 1
375 157 3 4 1 1
112 392 5 6 1 1
231 155 3 4 1 1
293 640 5 6 1 1
47 82 3 4 1 1
374 286 3 4 1 1
351 398 5 6 1 1
110 602 5 6 1 1
176 159 3 4 1 1
376 313 5 6 1 1
242 48 3 4 1 1
332 407 5 6 1 1
344 511 5 6 1 1
440 507 5 6 1 1
244 105 3 4 1 1
24 278 3 4 1 1
374 83 3 4 1 1
429 88 3 4 1 1
63 47 3 4 1 1
144 154 3 4 1 1
190 467 5 6 1 1
339 127 3 4 1 1
43 138 3 4 1 1
257 419 5 6 1 1
52 283 3 4 1 1
3 357 5 6 1 1
215 100 3 4 1 1
304 192 3 4 1 1
189 576 5 6 1 1
67 203 3 4 1 1
447 276 3 4 1 1
238 319 5 6 1 1
351 50 3 4 1 1
287 221 3 4 1 1
371 315 5 6 1 1
7 250 3 4 1 1
9 332 5 6 1 1
71 132 3 4 1 1
19 391 5 6 1 1
217 77 3 4 1 1
117 632 5 6 1 1
305 310 5 6 1 1
12 546 5 6 1 1
319 132 3 4 1 1
378 210 3 4 1 1
385 29 3 4 1 1
319 283 3 4 1 1
396 566 5 6 1 1
83 405 5 6 1 1
360 456 5 6 1 1
163 350 5 6 1 1
279 638 5 6 1 1
346 83 3 4 1 1
92 132 3 4 1 1
96 495 5 6 1 1
76 570 5 6 1 1
280 343 5 6 1 1
439 122 3 4 1 1
152 468 5 6 1 1
454 315 4 5 1 1
396 211 3 4 1 1
155 33 3 4 1 1
33 222 3 4 1 1
166 211 3 4 1 1
316 30 3 4 1 1
277 82 3 4 1 1
418 444 5 6 1 1
452 214 3 4 1 1
245 70 3 4 1 1
340 247 3 4 1 1
171 179 3 4 1 1
131 504 5 6 1 1
260 566 5 6 1 1
96 222 3 4 1 1
367 261 3 4 1 1
455 477 5 6 1 1
7 474 5 6 1 1
400 90 3 4 1 1
322 93 3 4 1 1
400 447 5 6 1 1
406 157 3 4 1 1
21 40 3 4 1 1
242 547 5 6 1 1
453 65 3 4 1 1
393 178 3 4 1 1
409 117 3 4 1 1
301 61 3 4 1 1
367 235 3 4 1 1
227 364 5 6 1 1
137 484 5 6 1 1
52 494 5 6 1 1
142 392 5 6 1 1
364 82 3 4 1 1
63 145 3 4 1 1
292 190 3 4 1 1
47 380 5 6 1 1
209 38 3 4 1 1
29 133 3 4 1 1
287 59 3 4 1 1
220 19 3 4 1 1
208 293 3 4 1 1
200 363 5 6 1 1
268 152 3 4 1 1
242 179 3 4 1 1
295 103 3 4 1 1
412 436 5 6 1 1
147 75 3 4 1 1
10 481 5 6 1 1
398 205 3 4 1 1
190 430 5 6 1 1
406 216 3 4 1 1
446 116 3 4 1 1
460 132 3 4 1 1
156 605 5 6 1 1
389 140 3 4 1 1
423 315 5 6 1 1
307 24 3 4 1 1
271 493 5 6 1 1
145 608 5 6 1 1
450 550 5 6 1 1
69 69 3 4 1 1
10 410 5 6 1 1
339 70 3 4 1 1
1 121 3 4 1 1
438 97 3 4 1 1
214 96 3 4 1 1
13 645 5 6 1 1
216 303 5 6 1 1
2 44 3 4 1 1
283 39 3 4 1 1
174 142 3 4 1 1
391 120 3 4 1 1
213 642 5 6 1 1
423 32 3 4 1 1
195 503 5 6 1 1
451 219 3 4 1 1
367 155 3 4 1 1
180 274 3 4 1 1
204 155 3 4 1 1
11 169 3 4 1 1
345 167 3 4 1 1
284 567 5 6 1 1
18 103 3 4 1 1
394 271 3 4 1 1
9 305 5 6 1 1
407 131 3 4 1 1
412 284 3 4 1 1
398 551 5 6 1 1
221 476 5 6 1 1
300 26 3 4 1 1
131 286 3 4 1 1
188 487 5 6 1 1
385 489 5 6 1 1
103 506 5 6 1 1
363 517 5 6 1 1
316 388 5 6 1 1
279 194 3 4 1 1
147 131 3 4 1 1
361 444 5 6 1 1
162 437 5 6 1 1
440 178 3 4 1 1
203 263 3 4 1 1
124 234 3 4 1 1
186 168 3 4 1 1
391 437 5 6 1 1
34 206 3 4 1 1
254 486 5 6 1 1
227 222 3 4 1 1
449 542 5 6 1 1
111 145 3 4 1 1
42 81 3 4 1 1
183 120 3 4 1 1
78 253 3 4 1 1
401 140 3 4 1 1
59 387 5 6 1 1
111 295 3 4 1 1
430 180 3 4 1 1
133 461 5 6 1 1
22 58 3 4 1 1
69 96 3 4 1 1
199 625 5 6 1 1
414 577 5 6 1 1
313 270 3 4 1 1
455 27 3 4 1 1
247 170 3 4 1 1
218 70 3 4 1 1
427 389 5 6 1 1
309 430 5 6 1 1
238 210 3 4 1 1
87 368 5 6 1 1
172 66 3 4 1 1
227 490 5 6 1 1
422 543 5 6 1 1
209 75 3 4 1 1
69 282 3 4 1 1
438 387 5 6 1 1
301 216 3 4 1 1
443 339 5 6 1 1
351 636 5 6 1 1
138 549 5 6 1 1
420 569 5 6 1 1
237 371 5 6 1 1
39 517 5 6 1 1
422 246 3 4 1 1
70 104 3 4 1 1
377 388 5 6 1 1
308 122 3 4 1 1
3 582 5 6 1 1
369 51 3 4 1 1
431 553 5 6 1 1
126 53 3 4 1 1
424 533 5 6 1 1
228 138 3 4 1 1
34 553 5 6 1 1
309 399 5 6 1 1
371 587 5 6 1 1
189 258 3 4 1 1
294 220 3 4 1 1
60 287 3 4 1 1
318 84 3 4 1 1
425 416 5 6 1 1
460 99 3 4 1 1
12 573 5 6 1 1
195 585 5 6 1 1
460 459 5 6 1 1
202 68 3 4 1 1
64 498 5 6 1 1
165 572 5 6 1 1
405 285 3 4 1 1
392 606 5 6 1 1
433 58 3 4 1 1
406 208 3 4 1 1
439 325 5 6 1 1
168 310 5 6 1 1
215 199 3 4 1 1
306 236 3 4 1 1
378 29 3 4 1 1
383 16 3 4 1 1
10 381 5 6 1 1
142 82 3 4 1 1
405 49 3 4 1 1
363 327 5 6 1 1
6 132 3 4 1 1
301 140 3 4 1 1
112 550 5 6 1 1
401 15 3 4 1 1
426 271 3 4 1 1
356 361 5 6 1 1
141 297 3 4 1 1
223 600 5 6 1 1
71 300 3 4 1 1
64 319 5 6 1 1
142 502 5 6 1 1
181 93 3 4 1 1
230 62 3 4 1 1
400 544 5 6 1 1
206 569 5 6 1 1
29 122 3 4 1 1
449 388 5 6 1 1
71 594 5 6 1 1
14 77 3 4 1 1
366 65 3 4 1 1
355 317 5 6 1 1
32 506 5 6 1 1
2 226 3 4 1 1
248 189 3 4 1 1
39 454 5 6 1 1
193 270 3 4 1 1
216 244 3 4 1 1
58 537 5 6 1 1
446 64 3 4 1 1
349 114 3 4 1 1
411 221 3 4 1 1
195 289 3 4 1 1
414 139 3 4 1 1
14 499 5 6 1 1
233 485 5 6 1 1
6 101 3 4 1 1
326 42 3 4 1 1
340 298 3 4 1 1
277 280 3 4 1 1
276 426 5 6 1 1
395 230 3 4 1 1
110 309 5 6 1 1
139 603 5 6 1 1
22 343 5 6 1 1
27 470 5 6 1 1
41 102 3 4 1 1
428 397 5 6 1 1
258 340 5 6 1 1
252 143 3 4 1 1
166 339 5 6 1 1
40 177 3 4 1 1
158 578 5 6 1 1
458 490 5 6 1 1
236 623 5 6 1 1
65 80 3 4 1 1
217 64 3 4 1 1
454 232 3 4 1 1
114 310 5 6 1 1
278 97 3 4 1 1
159 180 3 4 1 1
326 647 5 6 1 1
374 92 3 4 1 1
21 131 3 4 1 1
62 178 3 4 1 1
322 18 3 4 1 1
90 82 3 4 1 1
400 102 3 4 1 1
252 327 5 6 1 1
337 508 5 6 1 1
366 299 3 4 1 1
212 273 3 4 1 1
237 386 5 6 1 1
218 502 5 6 1 1
56 248 3 4 1 1
449 632 5 6 1 1
221 179 3 4 1 1
432 352 5 6 1 1
187 344 5 6 1 1
390 396 5 6 1 1
113 262 3 4 1 1
413 590 5 6 1 1
262 535 5 6 1 1
437 426 5 6 1 1
309 113 3 4 1 1
151 243 3 4 1 1
204 22 3 4 1 1
49 139 3 4 1 1
56 27 3 4 1 1
10 130 3 4 1 1
86 267 3 4 1 1
166 206 3 4 1 1
159 28 3 4 1 1
211 279 3 4 1 1
209 551 5 6 1 1
302 165 3 4 1 1
394 166 3 4 1 1
250 22 3 4 1 1
390 71 3 4 1 1
406 508 5 6 1 1
420 122 3 4 1 1
197 603 5 6 1 1
154 274 3 4 1 1
316 243 3 4 1 1
158 586 5 6 1 1
162 100 3 4 1 1
212 558 5 6 1 1
247 533 5 6 1 1
303 79 3 4 1 1
7 79 3 4 1 1
53 272 3 4 1 1
416 273 3 4 1 1
59 95 3 4 1 1
225 10 3 4 1 1
172 95 3 4 1 1
242 455 5 6 1 1
285 547 5 6 1 1
335 627 5 6 1 1
348 248 3 4 1 1
104 452 5 6 1 1
350 323 5 6 1 1
91 114 3 4 1 1
413 316 5 6 1 1
241 328 5 6 1 1
351 82 3 4 1 1
119 223 3 4 1 1
346 317 5 6 1 1
387 244 3 4 1 1
439 63 3 4 1 1
271 438 5 6 1 1
231 247 3 4 1 1
34 48 3 4 1 1
369 252 3 4 1 1
291 132 3 4 1 1
62 626 5 6 1 1
214 188 3 4 1 1
25 286 3 4 1 1
400 35 3 4 1 1
235 124 3 4 1 1
33 249 3 4 1 1
147 253 3 4 1 1
450 94 3 4 1 1
63 238 3 4 1 1
49 102 3 4 1 1
287 278 3 4 1 1
411 468 5 6 1 1
297 428 5 6 1 1
142 49 3 4 1 1
234 467 5 6 1 1
286 603 5 6 1 1
375 70 3 4 1 1
206 640 5 6 1 1
339 143 3 4 1 1
401 72 3 4 1 1
387 83 3 4 1 1
319 70 3 4 1 1
165 243 3 4 1 1
393 88 3 4 1 1
202 101 3 4 1 1
299 41 3 4 1 1
328 436 5 6 1 1
76 48 3 4 1 1
241 40 3 4 1 1
221 422 5 6 1 1
30 434 5 6 1 1
443 618 5 6 1 1
96 423 5 6 1 1
185 273 3 4 1 1
115 255 3 4 1 1
99 285 3 4 1 1
27 28 3 4 1 1
175 568 5 6 1 1
118 83 3 4 1 1
233 93 3 4 1 1
201 189 3 4 1 1
439 58 3 4 1 1
129 93 3 4 1 1
305 35 3 4 1 1
359 39 3 4 1 1
333 512 5 6 1 1
124 71 3 4 1 1
323 264 3 4 1 1
3 51 3 4 1 1
199 44 3 4 1 1
5 112 3 4 1 1
335 104 3 4 1 1
407 410 5 6 1 1
53 186 3 4 1 1
37 349 5 6 1 1
434 83 3 4 1 1
40 184 3 4 1 1
164 157 3 4 1 1
22 81 3 4 1 1
328 279 3 4 1 1
353 407 5 6 1 1
310 439 5 6 1 1
197 168 3 4 1 1
198 272 3 4 1 1
339 309 5 6 1 1
253 457 5 6 1 1
243 121 3 4 1 1
376 234 3 4 1 1
119 59 3 4 1 1
190 178 3 4 1 1
84 532 5 6 1 1
88 169 3 4 1 1
309 220 3 4 1 1
447 74 3 4 1 1
66 196 3 4 1 1
378 37 3 4 1 1
147 80 3 4 1 1
23 647 5 6 1 1
259 14 3 4 1 1
119 643 5 6 1 1
225 176 3 4 1 1
14 272 3 4 1 1
89 93 3 4 1 1
151 82 3 4 1 1
136 221 3 4 1 1
241 56 3 4 1 1
372 191 3 4 1 1
108 286 3 4 1 1
152 234 3 4 1 1
455 71 3 4 1 1
84 38 3 4 1 1
187 50 3 4 1 1
84 120 3 4 1 1
142 194 3 4 1 1
114 560 5 6 1 1
380 476 5 6 1 1
144 274 3 4 1 1
395 641 5 6 1 1
243 248 3 4 1 1
460 192 3 4 1 1
180 146 3 4 1 1
79 515 5 6 1 1
319 403 5 6 1 1
73 80 3 4 1 1
353 168 3 4 1 1
272 110 3 4 1 1
58 570 5 6 1 1
330 222 3 4 1 1
360 134 3 4 1 1
324 146 3 4 1 1
261 405 5 6 1 1
210 221 3 4 1 1
367 143 3 4 1 1
219 630 5 6 1 1
220 258 3 4 1 1
324 58 3 4 1 1
297 182 3 4 1 1
227 61 3 4 1 1
17 43 3 4 1 1
229 354 5 6 1 1
249 79 3 4 1 1
386 94 3 4 1 1
398 625 5 6 1 1
402 598 5 6 1 1
421 285 3 4 1 1
176 513 5 6 1 1
349 503 5 6 1 1
184 270 3 4 1 1
224 437 5 6 1 1
452 40 3 4 1 1
201 93 3 4 1 1
44 372 5 6 1 1
163 614 5 6 1 1
431 220 3 4 1 1
387 369 5 6 1 1
412 536 5 6 1 1
357 82 3 4 1 1
125 320 5 6 1 1
113 242 3 4 1 1
72 344 5 6 1 1
393 103 3 4 1 1
61 167 3 4 1 1
341 599 5 6 1 1
363 263 3 4 1 1
62 40 3 4 1 1
154 337 5 6 1 1
234 61 3 4 1 1
97 103 3 4 1 1
226 191 3 4 1 1
212 162 3 4 1 1
253 178 3 4 1 1
359 29 3 4 1 1
100 626 5 6 1 1
169 100 3 4 1 1
173 281 3 4 1 1
401 145 3 4 1 1
11 403 5 6 1 1
86 439 5 6 1 1
120 71 3 4 1 1
262 39 3 4 1 1
161 403 5 6 1 1
87 430 5 6 1 1
214 371 5 6 1 1
257 19 3 4 1 1
224 126 3 4 1 1
87 469 5 6 1 1
336 39 3 4 1 1
401 121 3 4 1 1
282 68 3 4 1 1
150 227 3 4 1 1
69 417 5 6 1 1
120 359 5 6 1 1
75 177 3 4 1 1
334 231 3 4 1 1
329 399 5 6 1 1
37 270 3 4 1 1
393 16 3 4 1 1
428 580 5 6 1 1
40 304 5 6 1 1
119 189 3 4 1 1
198 548 5 6 1 1
311 105 3 4 1 1
361 109 3 4 1 1
314 231 3 4 1 1
16 239 3 4 1 1
361 50 3 4 1 1
21 192 3 4 1 1
358 247 3 4 1 1
331 284 3 4 1 1
17 400 5 6 1 1
184 156 3 4 1 1
372 206 3 4 1 1
235 640 5 6 1 1
43 144 3 4 1 1
435 29 3 4 1 1
213 380 5 6 1 1
296 84 3 4 1 1
154 122 3 4 1 1
401 246 3 4 1 1
156 579 5 6 1 1
175 391 5 6 1 1
126 352 5 6 1 1
251 629 5 6 1 1
352 18 3 4 1 1
173 487 5 6 1 1
418 646 5 6 1 1
384 631 5 6 1 1
148 70 3 4 1 1
431 133 3 4 1 1
188 611 5 6 1 1
271 70 3 4 1 1
109 82 3 4 1 1
436 634 5 6 1 1
387 60 3 4 1 1
268 50 3 4 1 1
77 264 3 4 1 1
380 469 5 6 1 1
417 14 3 4 1 1
294 318 5 6 1 1
88 60 3 4 1 1
327 192 3 4 1 1
422 472 5 6 1 1
59 145 3 4 1 1
168 222 3 4 1 1
364 491 5 6 1 1
121 133 3 4 1 1
333 317 5 6 1 1
179 191 3 4 1 1
184 234 3 4 1 1
116 167 3 4 1 1
74 585 5 6 1 1
205 180 3 4 1 1
342 103 3 4 1 1
33 39 3 4 1 1
437 378 5 6 1 1
280 381 5 6 1 1
451 453 5 6 1 1
40 313 5 6 1 1
426 71 3 4 1 1
283 213 3 4 1 1
93 458 5 6 1 1
311 264 3 4 1 1
190 271 3 4 1 1
369 133 3 4 1 1
168 468 5 6 1 1
230 391 5 6 1 1
347 218 3 4 1 1
267 70 3 4 1 1
291 282 3 4 1 1
130 223 3 4 1 1
223 133 3 4 1 1
318 41 3 4 1 1
362 14 3 4 1 1
340 636 5 6 1 1
423 464 5 6 1 1
405 29 3 4 1 1
181 46 3 4 1 1
245 66 3 4 1 1
162 281 3 4 1 1
52 28 3 4 1 1
324 271 3 4 1 1
299 30 3 4 1 1
258 613 5 6 1 1
383 168 3 4 1 1
445 232 3 4 1 1
199 439 5 6 1 1
13 459 5 6 1 1
348 535 5 6 1 1
65 120 3 4 1 1
39 133 3 4 1 1
142 287 3 4 1 1
17 285 3 4 1 1
24 74 3 4 1 1
321 618 5 6 1 1
174 251 3 4 1 1
222 270 3 4 1 1
35 65 3 4 1 1
145 421 5 6 1 1
133 156 3 4 1 1
15 156 3 4 1 1
67 222 3 4 1 1
344 16 3 4 1 1
134 32 3 4 1 1
373 272 3 4 1 1
256 210 3 4 1 1
360 300 3 4 1 1
27 522 5 6 1 1
162 623 5 6 1 1
133 329 5 6 1 1
346 156 3 4 1 1
110 191 3 4 1 1
338 397 5 6 1 1
212 32 3 4 1 1
345 106 3 4 1 1
360 122 3 4 1 1
16 119 3 4 1 1
86 542 5 6 1 1
132 512 5 6 1 1
133 39 3 4 1 1
332 78 3 4 1 1
314 320 5 6 1 1
174 49 3 4 1 1
389 474 5 6 1 1
396 378 5 6 1 1
152 62 3 4 1 1
300 18 3 4 1 1
405 81 3 4 1 1
404 471 5 6 1 1
410 633 5 6 1 1
395 452 5 6 1 1
330 71 3 4 1 1
313 341 5 6 1 1
18 307 5 6 1 1
46 553 5 6 1 1
379 247 3 4 1 1
188 623 5 6 1 1
313 629 5 6 1 1
178 122 3 4 1 1
365 221 3 4 1 1
323 547 5 6 1 1
90 289 3 4 1 1
181 280 3 4 1 1
215 336 5 6 1 1
371 562 5 6 1 1
357 60 3 4 1 1
335 220 3 4 1 1
402 342 5 6 1 1
321 180 3 4 1 1
312 143 3 4 1 1
250 93 3 4 1 1
158 81 3 4 1 1
292 144 3 4 1 1
305 244 3 4 1 1
265 145 3 4 1 1
90 553 5 6 1 1
144 509 5 6 1 1
159 211 3 4 1 1
5 161 3 4 1 1
190 457 5 6 1 1
364 435 5 6 1 1
163 116 3 4 1 1
268 552 5 6 1 1
147 431 5 6 1 1
314 506 5 6 1 1
323 334 5 6 1 1
402 294 3 4 1 1
127 61 3 4 1 1
430 40 3 4 1 1
450 373 5 6 1 1
88 330 5 6 1 1
55 562 5 6 1 1
388 133 3 4 1 1
61 274 3 4 1 1
143 142 3 4 1 1
270 584 5 6 1 1
120 146 3 4 1 1
263 69 3 4 1 1
123 262 3 4 1 1
375 379 5 6 1 1
122 296 3 4 1 1
276 570 5 6 1 1
458 208 3 4 1 1
73 319 5 6 1 1
106 276 3 4 1 1
22 311 5 6 1 1
144 62 3 4 1 1
261 572 5 6 1 1
35 481 5 6 1 1
264 202 3 4 1 1
435 500 5 6 1 1
36 120 3 4 1 1
270 132 3 4 1 1
46 302 5 6 1 1
27 191 3 4 1 1
110 515 5 6 1 1
185 298 3 4 1 1
259 102 3 4 1 1
58 319 5 6 1 1
277 90 3 4 1 1
111 540 5 6 1 1
135 614 5 6 1 1
9 157 3 4 1 1
314 221 3 4 1 1
196 71 3 4 1 1
434 416 5 6 1 1
402 496 5 6 1 1
170 431 5 6 1 1
76 544 5 6 1 1
4 282 3 4 1 1
23 544 5 6 1 1
167 22 3 4 1 1
189 295 3 4 1 1
139 303 5 6 1 1
58 47 3 4 1 1
342 167 3 4 1 1
309 140 3 4 1 1
222 91 3 4 1 1
310 156 3 4 1 1
238 507 5 6 1 1
248 494 5 6 1 1
440 132 3 4 1 1
429 444 5 6 1 1
410 105 3 4 1 1
320 206 3 4 1 1
193 520 5 6 1 1
244 150 3 4 1 1
213 493 5 6 1 1
445 643 5 6 1 1
163 191 3 4 1 1
434 65 3 4 1 1
51 68 3 4 1 1
119 580 5 6 1 1
241 93 3 4 1 1
71 384 5 6 1 1
219 126 3 4 1 1
156 497 5 6 1 1
391 84 3 4 1 1
326 281 3 4 1 1
194 251 3 4 1 1
51 514 5 6 1 1
395 308 5 6 1 1
320 140 3 4 1 1
250 601 5 6 1 1
325 507 5 6 1 1
185 603 5 6 1 1
32 443 5 6 1 1
78 498 5 6 1 1
327 180 3 4 1 1
86 272 3 4 1 1
74 190 3 4 1 1
281 110 3 4 1 1
245 620 5 6 1 1
304 210 3 4 1 1
218 355 5 6 1 1
40 121 3 4 1 1
393 518 5 6 1 1
216 220 3 4 1 1
148 220 3 4 1 1
200 409 5 6 1 1
415 322 5 6 1 1
66 314 5 6 1 1
194 632 5 6 1 1
52 76 3 4 1 1
145 543 5 6 1 1
79 461 5 6 1 1
212 181 3 4 1 1
199 155 3 4 1 1
213 235 3 4 1 1
359 562 5 6 1 1
266 449 5 6 1 1
106 122 3 4 1 1
347 255 3 4 1 1
333 351 5 6 1 1
342 520 5 6 1 1
425 80 3 4 1 1
17 472 5 6 1 1
253 69 3 4 1 1
358 504 5 6 1 1
135 192 3 4 1 1
425 512 5 6 1 1
148 208 3 4 1 1
152 180 3 4 1 1
376 120 3 4 1 1
352 507 5 6 1 1
161 226 3 4 1 1
95 247 3 4 1 1
211 512 5 6 1 1
439 111 3 4 1 1
443 246 3 4 1 1
58 440 5 6 1 1
94 261 3 4 1 1
250 371 5 6 1 1
52 246 3 4 1 1
234 69 3 4 1 1
409 273 3 4 1 1
64 376 5 6 1 1
159 93 3 4 1 1
160 631 5 6 1 1
55 461 5 6 1 1
77 122 3 4 1 1
163 21 3 4 1 1
355 645 5 6 1 1
40 50 3 4 1 1
110 64 3 4 1 1
182 312 5 6 1 1
260 494 5 6 1 1
188 514 5 6 1 1
179 217 3 4 1 1
218 296 3 4 1 1
120 180 3 4 1 1
141 328 5 6 1 1
155 549 5 6 1 1
181 38 3 4 1 1
54 104 3 4 1 1
380 600 5 6 1 1
83 130 3 4 1 1
252 210 3 4 1 1
352 287 3 4 1 1
149 379 5 6 1 1
388 37 3 4 1 1
237 135 3 4 1 1
191 222 3 4 1 1
187 117 3 4 1 1
448 9 3 4 1 1
110 433 5 6 1 1
293 564 5 6 1 1
293 25 3 4 1 1
319 271 3 4 1 1
85 248 3 4 1 1
157 300 3 4 1 1
37 313 5 6 1 1
162 71 3 4 1 1
24 135 3 4 1 1
331 116 3 4 1 1
444 415 5 6 1 1
306 603 5 6 1 1
43 27 3 4 1 1
222 547 5 6 1 1
324 52 3 4 1 1
31 46 3 4 1 1
360 65 3 4 1 1
260 602 5 6 1 1
11 340 5 6 1 1
420 615 5 6 1 1
59 346 5 6 1 1
171 258 3 4 1 1
334 17 3 4 1 1
261 93 3 4 1 1
124 189 3 4 1 1
368 390 5 6 1 1
216 465 5 6 1 1
325 606 5 6 1 1
123 559 5 6 1 1
256 58 3 4 1 1
401 464 5 6 1 1
271 222 3 4 1 1
16 132 3 4 1 1
324 382 5 6 1 1
156 566 5 6 1 1
343 206 3 4 1 1
59 303 5 6 1 1
379 639 5 6 1 1
250 196 3 4 1 1
366 231 3 4 1 1
431 107 3 4 1 1
437 40 3 4 1 1
189 71 3 4 1 1
363 257 3 4 1 1
274 144 3 4 1 1
244 18 3 4 1 1
148 117 3 4 1 1
2 181 3 4 1 1
342 156 3 4 1 1
393 537 5 6 1 1
298 511 5 6 1 1
241 189 3 4 1 1
440 143 3 4 1 1
309 269 3 4 1 1
287 117 3 4 1 1
107 168 3 4 1 1
43 564 5 6 1 1
380 444 5 6 1 1
360 71 3 4 1 1
125 47 3 4 1 1
124 157 3 4 1 1
253 245 3 4 1 1
228 120 3 4 1 1
256 168 3 4 1 1
102 146 3 4 1 1
139 413 5 6 1 1
145 318 5 6 1 1
211 439 5 6 1 1
191 22 3 4 1 1
412 261 3 4 1 1
235 187 3 4 1 1
348 207 3 4 1 1
323 417 5 6 1 1
385 103 3 4 1 1
342 95 3 4 1 1
429 627 5 6 1 1
399 49 3 4 1 1
349 277 3 4 1 1
231 179 3 4 1 1
122 207 3 4 1 1
151 285 3 4 1 1
414 15 3 4 1 1
253 362 5 6 1 1
399 368 5 6 1 1
257 446 5 6 1 1
83 234 3 4 1 1
427 19 3 4 1 1
170 541 5 6 1 1
368 407 5 6 1 1
407 233 3 4 1 1
126 31 3 4 1 1
23 271 3 4 1 1
95 433 5 6 1 1
155 265 3 4 1 1
301 110 3 4 1 1
99 208 3 4 1 1
374 399 5 6 1 1
293 93 3 4 1 1
349 626 5 6 1 1
302 640 5 6 1 1
142 20 3 4 1 1
168 375 5 6 1 1
110 385 5 6 1 1
245 484 5 6 1 1
15 434 5 6 1 1
141 458 5 6 1 1
147 19 3 4 1 1
445 153 3 4 1 1
440 284 3 4 1 1
50 49 3 4 1 1
252 319 5 6 1 1
289 154 3 4 1 1
223 120 3 4 1 1
203 521 5 6 1 1
239 81 3 4 1 1
159 192 3 4 1 1
414 169 3 4 1 1
195 230 3 4 1 1
145 169 3 4 1 1
454 625 5 6 1 1
128 551 5 6 1 1
399 406 5 6 1 1
182 538 5 6 1 1
154 133 3 4 1 1
86 626 5 6 1 1
365 168 3 4 1 1
415 154 3 4 1 1
199 484 5 6 1 1
221 263 3 4 1 1
147 38 3 4 1 1
448 578 5 6 1 1
194 475 5 6 1 1
81 106 3 4 1 1
447 595 5 6 1 1
195 62 3 4 1 1
267 620 5 6 1 1
187 328 5 6 1 1
259 621 5 6 1 1
76 216 3 4 1 1
420 556 5 6 1 1
192 92 3 4 1 1
57 220 3 4 1 1
227 145 3 4 1 1
31 376 5 6 1 1
413 50 3 4 1 1
229 629 5 6 1 1
64 247 3 4 1 1
201 611 5 6 1 1
343 192 3 4 1 1
105 321 5 6 1 1
370 453 5 6 1 1
314 238 3 4 1 1
248 131 3 4 1 1
451 293 3 4 1 1
97 73 3 4 1 1
269 406 5 6 1 1
429 93 3 4 1 1
365 173 3 4 1 1
13 230 3 4 1 1
236 193 3 4 1 1
289 511 5 6 1 1
425 377 5 6 1 1
250 472 5 6 1 1
80 330 5 6 1 1
335 143 3 4 1 1
307 262 3 4 1 1
174 400 5 6 1 1
181 383 5 6 1 1
183 133 3 4 1 1
351 71 3 4 1 1
215 235 3 4 1 1
424 327 5 6 1 1
166 179 3 4 1 1
340 334 5 6 1 1
129 610 5 6 1 1
37 423 5 6 1 1
12 120 3 4 1 1
96 157 3 4 1 1
245 205 3 4 1 1
318 352 5 6 1 1
302 72 3 4 1 1
407 138 3 4 1 1
449 270 3 4 1 1
45 263 3 4 1 1
26 200 3 4 1 1
309 575 5 6 1 1
387 408 5 6 1 1
408 646 5 6 1 1
116 329 5 6 3 1
317 105 3 4 1 1
212 410 5 6 1 1
24 207 3 4 1 1
236 535 5 6 1 1
47 41 3 4 1 1
168 513 5 6 1 1
216 590 5 6 1 1
328 59 3 4 1 1
350 295 3 4 1 1
301 158 3 4 1 1
207 248 3 4 1 1
185 552 5 6 1 1
451 333 5 6 1 1
354 108 3 4 1 1
83 81 3 4 1 1
271 95 3 4 1 1
289 166 3 4 1 1
333 41 3 4 1 1
359 478 5 6 1 1
376 261 3 4 1 1
226 280 3 4 1 1
252 119 3 4 1 1
165 460 5 6 1 1
31 143 3 4 1 1
91 193 3 4 1 1
96 516 5 6 1 1
410 144 3 4 1 1
140 252 3 4 1 1
67 401 5 6 1 1
212 363 5 6 1 1
69 291 3 4 1 1
225 622 5 6 1 1
278 49 3 4 1 1
133 296 3 4 1 1
460 15 3 4 1 1
162 234 3 4 1 1
326 203 3 4 1 1
324 234 3 4 1 1
188 352 5 6 1 1
227 371 5 6 1 1
157 287 3 4 1 1
69 116 3 4 1 1
374 174 3 4 1 1
270 565 5 6 1 1
109 320 5 6 1 1
357 95 3 4 1 1
351 93 3 4 1 1
407 617 5 6 1 1
273 599 5 6 1 1
347 132 3 4 1 1
128 211 3 4 1 1
334 504 5 6 1 1
132 145 3 4 1 1
386 65 3 4 1 1
388 191 3 4 1 1
48 193 3 4 1 1
138 402 5 6 1 1
297 211 3 4 1 1
56 154 3 4 1 1
104 305 5 6 1 1
235 421 5 6 1 1
153 626 5 6 1 1
348 545 5 6 1 1
352 259 3 4 1 1
204 163 3 4 1 1
102 154 3 4 1 1
302 370 5 6 1 1
402 192 3 4 1 1
169 439 5 6 1 1
106 234 3 4 1 1
397 326 5 6 1 1
43 378 5 6 1 1
322 221 3 4 1 1
73 145 3 4 1 1
179 233 3 4 1 1
272 281 3 4 1 1
151 136 3 4 1 1
106 156 3 4 1 1
227 232 3 4 1 1
452 386 5 6 1 1
60 313 5 6 1 1
303 273 3 4 1 1
36 94 3 4 1 1
204 272 3 4 1 1
414 35 3 4 1 1
112 566 5 6 1 1
60 133 3 4 1 1
212 42 3 4 1 1
171 110 3 4 1 1
148 302 5 6 1 1
330 105 3 4 1 1
32 104 3 4 1 1
367 469 5 6 1 1
70 191 3 4 1 1
44 309 5 6 1 1
274 151 3 4 1 1
83 60 3 4 1 1
267 92 3 4 1 1
16 141 3 4 1 1
218 251 3 4 1 1
134 560 5 6 1 1
155 139 3 4 1 1
308 212 3 4 1 1
396 155 3 4 1 1
364 21 3 4 1 1
452 51 3 4 1 1
449 122 3 4 1 1
445 101 3 4 1 1
163 274 3 4 1 1
444 454 5 6 1 1
337 522 5 6 1 1
319 582 5 6 1 1
386 260 3 4 1 1
414 393 5 6 1 1
257 132 3 4 1 1
419 59 3 4 1 1
288 20 3 4 1 1
415 423 5 6 1 1
190 383 5 6 1 1
198 144 3 4 1 1
283 217 3 4 1 1
181 87 3 4 1 1
295 578 5 6 1 1
166 167 3 4 1 1
26 365 5 6 1 1
297 19 3 4 1 1
25 266 3 4 1 1
318 562 5 6 1 1
228 286 3 4 1 1
357 210 3 4 1 1
160 52 3 4 1 1
450 134 3 4 1 1
426 60 3 4 1 1
373 440 5 6 1 1
88 298 3 4 1 1
413 32 3 4 1 1
116 102 3 4 1 1
431 49 3 4 1 1
9 64 3 4 1 1
378 51 3 4 1 1
416 234 3 4 1 1
158 312 5 6 1 1
177 477 5 6 1 1
75 633 5 6 1 1
12 375 5 6 1 1
25 62 3 4 1 1
395 50 3 4 1 1
144 449 5 6 1 1
37 358 5 6 1 1
449 27 3 4 1 1
37 28 3 4 1 1
444 83 3 4 1 1
372 122 3 4 1 1
129 429 5 6 1 1
252 104 3 4 1 1
6 406 5 6 1 1
101 194 3 4 1 1
209 89 3 4 1 1
419 41 3 4 1 1
113 47 3 4 1 1
291 592 5 6 1 1
172 276 3 4 1 1
336 618 5 6 1 1
450 164 3 4 1 1
368 378 5 6 1 1
236 492 5 6 1 1
136 234 3 4 1 1
272 277 3 4 1 1
54 144 3 4 1 1
385 72 3 4 1 1
320 574 5 6 1 1
355 270 3 4 1 1
236 18 3 4 1 1
264 427 5 6 1 1
47 541 5 6 1 1
92 235 3 4 1 1
78 146 3 4 1 1
322 154 3 4 1 1
415 479 5 6 1 1
433 153 3 4 1 1
334 279 3 4 1 1
191 82 3 4 1 1
270 180 3 4 1 1
331 245 3 4 1 1
91 534 5 6 1 1
236 610 5 6 1 1
390 144 3 4 1 1
360 210 3 4 1 1
172 627 5 6 1 1
103 540 5 6 1 1
260 228 3 4 1 1
446 13 3 4 1 1
171 459 5 6 1 1
404 182 3 4 1 1
297 536 5 6 1 1
114 523 5 6 1 1
384 305 5 6 1 1
51 311 5 6 1 1
286 533 5 6 1 1
387 49 3 4 1 1
418 91 3 4 1 1
385 233 3 4 1 1
83 206 3 4 1 1
115 122 3 4 1 1
404 94 3 4 1 1
146 556 5 6 1 1
160 380 5 6 1 1
406 387 5 6 1 1
20 54 3 4 1 1
41 282 3 4 1 1
348 618 5 6 1 1
117 329 5 6 3 1
162 105 3 4 1 1
231 282 3 4 1 1
196 293 3 4 1 1
438 447 5 6 1 1
429 190 3 4 1 1
458 9 3 4 1 1
453 179 3 4 1 1
7 601 5 6 1 1
395 248 3 4 1 1
318 326 5 6 1 1
453 139 3 4 1 1
393 262 3 4 1 1
448 306 5 6 1 1
331 581 5 6 1 1
308 215 3 4 1 1
355 18 3 4 1 1
351 424 5 6 1 1
310 188 3 4 1 1
283 584 5 6 1 1
142 469 5 6 1 1
90 176 3 4 1 1
232 164 3 4 1 1
171 585 5 6 1 1
320 229 3 4 1 1
419 318 5 6 1 1
8 203 3 4 1 1
44 120 3 4 1 1
204 371 5 6 1 1
135 430 5 6 1 1
189 493 5 6 1 1
435 246 3 4 1 1
40 646 5 6 1 1
115 362 5 6 1 1
229 273 3 4 1 1
119 209 3 4 1 1
326 362 5 6 1 1
158 521 5 6 1 1
444 218 3 4 1 1
212 19 3 4 1 1
255 585 5 6 1 1
150 581 5 6 1 1
100 443 5 6 1 1
425 605 5 6 1 1
102 363 5 6 1 1
268 60 3 4 1 1
209 357 5 6 1 1
394 187 3 4 1 1
3 235 3 4 1 1
460 302 3 4 1 1
317 308 5 6 1 1
269 352 5 6 1 1
456 50 3 4 1 1
189 361 5 6 1 1
243 20 3 4 1 1
432 15 3 4 1 1
426 164 3 4 1 1
309 84 3 4 1 1
230 510 5 6 1 1
456 187 3 4 1 1
339 31 3 4 1 1
350 192 3 4 1 1
184 568 5 6 1 1
76 507 5 6 1 1
217 90 3 4 1 1
152 145 3 4 1 1
50 545 5 6 1 1
207 208 3 4 1 1
171 39 3 4 1 1
404 106 3 4 1 1
389 327 5 6 1 1
101 82 3 4 1 1
233 120 3 4 1 1
456 95 3 4 1 1
363 204 3 4 1 1
421 142 3 4 1 1
286 80 3 4 1 1
105 71 3 4 1 1
410 20 3 4 1 1
278 180 3 4 1 1
36 488 5 6 1 1
228 132 3 4 1 1
21 480 5 6 1 1
366 182 3 4 1 1
104 523 5 6 1 1
363 272 3 4 1 1
102 60 3 4 1 1
444 404 5 6 1 1
97 165 3 4 1 1
268 639 5 6 1 1
445 141 3 4 1 1
185 286 3 4 1 1
245 467 5 6 1 1
211 262 3 4 1 1
51 586 5 6 1 1
262 132 3 4 1 1
397 106 3 4 1 1
402 261 3 4 1 1
41 157 3 4 1 1
447 471 5 6 1 1
54 82 3 4 1 1
296 80 3 4 1 1
226 465 5 6 1 1
416 32 3 4 1 1
155 71 3 4 1 1
198 210 3 4 1 1
9 51 3 4 1 1
208 123 3 4 1 1
362 486 5 6 1 1
427 103 3 4 1 1
48 153 3 4 1 1
118 194 3 4 1 1
458 576 5 6 1 1
93 205 3 4 1 1
280 32 3 4 1 1
217 287 3 4 1 1
250 219 3 4 1 1
441 15 3 4 1 1
366 164 3 4 1 1
51 57 3 4 1 1
434 209 3 4 1 1
298 122 3 4 1 1
400 83 3 4 1 1
391 389 5 6 1 1
54 176 3 4 1 1
139 357 5 6 1 1
192 104 3 4 1 1
425 178 3 4 1 1
270 312 5 6 1 1
413 94 3 4 1 1
207 216 3 4 1 1
249 180 3 4 1 1
421 211 3 4 1 1
426 34 3 4 1 1
391 543 5 6 1 1
16 181 3 4 1 1
132 543 5 6 1 1
192 140 3 4 1 1
74 239 3 4 1 1
10 181 3 4 1 1
275 133 3 4 1 1
226 319 5 6 1 1
312 15 3 4 1 1
126 604 5 6 1 1
229 277 3 4 1 1
380 285 3 4 1 1
98 179 3 4 1 1
226 329 5 6 1 1
407 261 3 4 1 1
95 278 3 4 1 1
455 346 5 6 1 1
231 17 3 4 1 1
286 308 5 6 1 1
22 47 3 4 1 1
64 156 3 4 1 1
184 73 3 4 1 1
190 320 5 6 1 1
387 39 3 4 1 1
366 58 3 4 1 1
228 575 5 6 1 1
73 490 5 6 1 1
268 87 3 4 1 1
303 590 5 6 1 1
296 445 5 6 1 1
227 102 3 4 1 1
175 23 3 4 1 1
278 627 5 6 1 1
199 282 3 4 1 1
180 139 3 4 1 1
148 461 5 6 1 1
378 144 3 4 1 1
289 208 3 4 1 1
249 49 3 4 1 1
340 48 3 4 1 1
39 220 3 4 1 1
223 304 5 6 1 1
310 49 3 4 1 1
355 378 5 6 1 1
406 427 5 6 1 1
345 161 3 4 1 1
149 157 3 4 1 1
212 154 3 4 1 1
309 585 5 6 1 1
55 444 5 6 1 1
406 246 3 4 1 1
278 447 5 6 1 1
112 167 3 4 1 1
266 103 3 4 1 1
436 471 5 6 1 1
277 166 3 4 1 1
227 380 5 6 1 1
420 207 3 4 1 1
158 541 5 6 1 1
343 404 5 6 1 1
64 337 5 6 1 1
380 322 5 6 1 1
26 464 5 6 1 1
250 155 3 4 1 1
130 595 5 6 1 1
438 260 3 4 1 1
355 119 3 4 1 1
404 399 5 6 1 1
366 29 3 4 1 1
202 319 5 6 1 1
273 82 3 4 1 1
357 469 5 6 1 1
47 440 5 6 1 1
58 269 3 4 1 1
74 373 5 6 1 1
418 333 5 6 1 1
135 103 3 4 1 1
134 634 5 6 1 1
371 21 3 4 1 1
64 453 5 6 1 1
286 408 5 6 1 1
367 209 3 4 1 1
316 379 5 6 1 1
30 66 3 4 1 1
358 305 5 6 1 1
368 498 5 6 1 1
236 567 5 6 1 1
340 122 3 4 1 1
141 598 5 6 1 1
99 59 3 4 1 1
155 455 5 6 1 1
417 261 3 4 1 1
121 153 3 4 1 1
221 514 5 6 1 1
335 260 3 4 1 1
240 217 3 4 1 1
80 69 3 4 1 1
100 571 5 6 1 1
56 238 3 4 1 1
453 245 3 4 1 1
456 42 3 4 1 1
175 603 5 6 1 1
103 67 3 4 1 1
7 73 3 4 1 1
20 589 5 6 1 1
354 182 3 4 1 1
14 352 5 6 1 1
48 180 3 4 1 1
455 607 5 6 1 1
6 628 5 6 1 1
222 310 5 6 1 1
431 31 3 4 1 1
18 28 3 4 1 1
390 116 3 4 1 1
370 604 5 6 1 1
298 270 3 4 1 1
130 271 3 4 1 1
38 233 3 4 1 1
325 324 5 6 1 1
154 532 5 6 1 1
450 89 3 4 1 1
36 138 3 4 1 1
242 118 3 4 1 1
68 167 3 4 1 1
50 330 5 6 1 1
38 572 5 6 1 1
137 627 5 6 1 1
23 122 3 4 1 1
30 82 3 4 1 1
314 371 5 6 1 1
357 144 3 4 1 1
372 183 3 4 1 1
128 246 3 4 1 1
137 274 3 4 1 1
166 271 3 4 1 1
259 179 3 4 1 1
393 334 5 6 1 1
28 450 5 6 1 1
163 138 3 4 1 1
386 591 5 6 1 1
131 494 5 6 1 1
432 98 3 4 1 1
90 394 5 6 1 1
201 121 3 4 1 1
454 158 3 4 1 1
454 512 5 6 1 1
153 363 5 6 1 1
7 26 3 4 1 1
411 182 3 4 1 1
370 285 3 4 1 1
138 570 5 6 1 1
279 591 5 6 1 1
78 552 5 6 1 1
101 554 5 6 1 1
118 269 3 4 1 1
312 410 5 6 1 1
224 100 3 4 1 1
363 426 5 6 1 1
251 573 5 6 1 1
148 234 3 4 1 1
415 206 3 4 1 1
399 636 5 6 1 1
177 493 5 6 1 1
233 274 3 4 1 1
353 569 5 6 1 1
421 634 5 6 1 1
25 93 3 4 1 1
198 21 3 4 1 1
427 262 3 4 1 1
215 400 5 6 1 1
285 92 3 4 1 1
177 166 3 4 1 1
243 352 5 6 1 1
212 419 5 6 1 1
249 281 3 4 1 1
417 72 3 4 1 1
450 300 3 4 1 1
388 360 5 6 1 1
9 175 3 4 1 1
441 47 3 4 1 1
83 384 5 6 1 1
266 327 5 6 1 1
219 191 3 4 1 1
99 92 3 4 1 1
173 503 5 6 1 1
339 388 5 6 1 1
205 220 3 4 1 1
162 375 5 6 1 1
354 154 3 4 1 1
294 205 3 4 1 1
259 309 5 6 1 1
101 345 5 6 1 1
406 443 5 6 1 1
263 20 3 4 1 1
271 17 3 4 1 1
24 637 5 6 1 1
274 547 5 6 1 1
373 297 3 4 1 1
165 328 5 6 1 1
264 549 5 6 1 1
184 420 5 6 1 1
317 116 3 4 1 1
33 589 5 6 1 1
165 363 5 6 1 1
65 257 3 4 1 1
181 243 3 4 1 1
157 370 5 6 1 1
92 485 5 6 1 1
173 79 3 4 1 1
164 493 5 6 1 1
325 166 3 4 1 1
453 287 3 4 1 1
425 246 3 4 1 1
44 459 5 6 1 1
446 461 5 6 1 1
93 48 3 4 1 1
444 203 3 4 1 1
444 479 5 6 1 1
76 95 3 4 1 1
115 173 3 4 1 1
178 320 5 6 1 1
1 457 5 6 1 1
159 255 3 4 1 1
228 92 3 4 1 1
326 638 5 6 1 1
200 421 5 6 1 1
1 116 3 4 1 1
440 20 3 4 1 1
142 75 3 4 1 1
327 598 5 6 1 1
68 470 5 6 1 1
291 69 3 4 1 1
135 166 3 4 1 1
260 143 3 4 1 1
358 259 3 4 1 1
14 161 3 4 1 1
86 261 3 4 1 1
51 95 3 4 1 1
291 501 5 6 1 1
94 505 5 6 1 1
110 327 5 6 1 1
202 381 5 6 1 1
396 133 3 4 1 1
243 309 5 6 1 1
199 36 3 4 1 1
59 122 3 4 1 1
340 281 3 4 1 1
4 144 3 4 1 1
225 168 3 4 1 1
2 79 3 4 1 1
290 630 5 6 1 1
143 94 3 4 1 1
50 305 5 6 1 1
181 441 5 6 1 1
456 327 5 6 1 1
199 256 3 4 1 1
121 544 5 6 1 1
42 57 3 4 1 1
449 325 5 6 1 1
173 61 3 4 1 1
176 352 5 6 1 1
403 132 3 4 1 1
405 307 5 6 1 1
266 282 3 4 1 1
447 59 3 4 1 1
243 227 3 4 1 1
55 256 3 4 1 1
78 286 3 4 1 1
327 81 3 4 1 1
55 40 3 4 1 1
111 93 3 4 1 1
274 40 3 4 1 1
151 323 5 6 1 1
425 155 3 4 1 1
382 418 5 6 1 1
404 203 3 4 1 1
373 340 5 6 1 1
198 221 3 4 1 1
314 638 5 6 1 1
328 27 3 4 1 1
335 156 3 4 1 1
157 324 5 6 1 1
141 102 3 4 1 1
404 61 3 4 1 1
366 551 5 6 1 1
282 366 5 6 1 1
214 286 3 4 1 1
129 132 3 4 1 1
74 250 3 4 1 1
394 28 3 4 1 1
296 630 5 6 1 1
51 275 3 4 1 1
316 590 5 6 1 1
76 167 3 4 1 1
278 118 3 4 1 1
107 24 3 4 1 1
229 335 5 6 1 1
269 208 3 4 1 1
427 52 3 4 1 1
25 175 3 4 1 1
228 70 3 4 1 1
416 317 5 6 1 1
121 287 3 4 1 1
119 246 3 4 1 1
192 132 3 4 1 1
396 71 3 4 1 1
126 368 5 6 1 1
166 79 3 4 1 1
240 163 3 4 1 1
10 208 3 4 1 1
442 433 5 6 1 1
95 616 5 6 1 1
252 322 5 6 1 1
47 244 3 4 1 1
326 132 3 4 1 1
351 156 3 4 1 1
33 71 3 4 1 1
338 286 3 4 1 1
299 132 3 4 1 1
183 22 3 4 1 1
17 191 3 4 1 1
246 540 5 6 1 1
84 145 3 4 1 1
254 204 3 4 1 1
230 105 3 4 1 1
32 279 3 4 1 1
99 24 3 4 1 1
240 279 3 4 1 1
79 392 5 6 1 1
74 170 3 4 1 1
338 117 3 4 1 1
444 29 3 4 1 1
107 382 5 6 1 1
421 106 3 4 1 1
383 437 5 6 1 1
390 318 5 6 1 1
202 243 3 4 1 1
60 104 3 4 1 1
315 601 5 6 1 1
281 620 5 6 1 1
129 23 3 4 1 1
214 621 5 6 1 1
116 24 3 4 1 1
309 71 3 4 1 1
414 219 3 4 1 1
106 249 3 4 1 1
45 506 5 6 1 1
81 312 5 6 1 1
285 152 3 4 1 1
58 642 5 6 1 1
234 40 3 4 1 1
50 288 3 4 1 1
447 190 3 4 1 1
217 38 3 4 1 1
2 26 3 4 1 1
29 166 3 4 1 1
208 192 3 4 1 1
331 17 3 4 1 1
402 221 3 4 1 1
111 609 5 6 1 1
60 68 3 4 1 1
391 285 3 4 1 1
211 130 3 4 1 1
267 133 3 4 1 1
366 71 3 4 1 1
115 156 3 4 1 1
441 532 5 6 1 1
125 523 5 6 1 1
211 485 5 6 1 1
182 524 5 6 1 1
259 69 3 4 1 1
142 220 3 4 1 1
245 184 3 4 1 1
247 646 5 6 1 1
174 291 3 4 1 1
354 113 3 4 1 1
309 60 3 4 1 1
141 268 3 4 1 1
376 61 3 4 1 1
358 161 3 4 1 1
214 319 5 6 1 1
306 515 5 6 1 1
99 324 5 6 1 1
398 286 3 4 1 1
72 222 3 4 1 1
271 35 3 4 1 1
129 191 3 4 1 1
397 589 5 6 1 1
227 39 3 4 1 1
374 15 3 4 1 1
78 114 3 4 1 1
385 156 3 4 1 1
75 311 5 6 1 1
337 419 5 6 1 1
228 592 5 6 1 1
257 80 3 4 1 1
283 280 3 4 1 1
71 59 3 4 1 1
131 61 3 4 1 1
144 525 5 6 1 1
208 268 3 4 1 1
123 309 5 6 1 1
239 361 5 6 1 1
221 187 3 4 1 1
201 252 3 4 1 1
285 131 3 4 1 1
142 346 5 6 1 1
158 22 3 4 1 1
438 202 3 4 1 1
342 506 5 6 1 1
382 430 5 6 1 1
60 295 3 4 1 1
335 429 5 6 1 1
375 513 5 6 1 1
348 30 3 4 1 1
229 125 3 4 1 1
201 82 3 4 1 1
304 615 5 6 1 1
406 40 3 4 1 1
192 262 3 4 1 1
225 584 5 6 1 1
414 132 3 4 1 1
78 58 3 4 1 1
134 450 5 6 1 1
426 40 3 4 1 1
209 58 3 4 1 1
228 47 3 4 1 1
171 189 3 4 1 1
259 152 3 4 1 1
362 508 5 6 1 1
116 236 3 4 1 1
107 223 3 4 1 1
101 112 3 4 1 1
119 94 3 4 1 1
219 140 3 4 1 1
181 128 3 4 1 1
123 102 3 4 1 1
112 132 3 4 1 1
111 452 5 6 1 1
261 371 5 6 1 1
204 132 3 4 1 1
454 260 3 4 1 1
389 442 5 6 1 1
156 168 3 4 1 1
70 481 5 6 1 1
102 240 3 4 1 1
409 58 3 4 1 1
433 229 3 4 1 1
392 201 3 4 1 1
369 57 3 4 1 1
42 73 3 4 1 1
125 24 3 4 1 1
291 40 3 4 1 1
110 71 3 4 1 1
236 223 3 4 1 1
367 265 3 4 1 1
218 347 5 6 1 1
288 100 3 4 1 1
259 21 3 4 1 1
28 333 5 6 1 1
329 231 3 4 1 1
388 462 5 6 1 1
410 342 5 6 1 1
151 40 3 4 1 1
261 504 5 6 1 1
217 58 3 4 1 1
373 197 3 4 1 1
176 411 5 6 1 1
266 362 5 6 1 1
15 51 3 4 1 1
83 191 3 4 1 1
204 299 3 4 1 1
343 131 3 4 1 1
9 57 3 4 1 1
37 598 5 6 1 1
236 201 3 4 1 1
422 227 3 4 1 1
441 319 5 6 1 1
460 399 5 6 1 1
123 122 3 4 1 1
277 516 5 6 1 1
401 535 5 6 1 1
70 275 3 4 1 1
415 82 3 4 1 1
306 353 5 6 1 1
146 262 3 4 1 1
175 270 3 4 1 1
439 271 3 4 1 1
247 145 3 4 1 1
291 18 3 4 1 1
415 59 3 4 1 1
136 22 3 4 1 1
209 502 5 6 1 1
308 389 5 6 1 1
206 346 5 6 1 1
381 295 3 4 1 1
307 130 3 4 1 1
137 320 5 6 1 1
134 91 3 4 1 1
168 49 3 4 1 1
64 546 5 6 1 1
98 320 5 6 1 1
310 417 5 6 1 1
317 221 3 4 1 1
352 418 5 6 1 1
296 280 3 4 1 1
348 308 5 6 1 1
142 615 5 6 1 1
165 147 3 4 1 1
80 171 3 4 1 1
417 117 3 4 1 1
111 206 3 4 1 1
40 41 3 4 1 1
54 262 3 4 1 1
441 496 5 6 1 1
455 203 3 4 1 1
294 343 5 6 1 1
339 104 3 4 1 1
127 393 5 6 1 1
312 94 3 4 1 1
46 86 3 4 1 1
21 286 3 4 1 1
331 50 3 4 1 1
147 28 3 4 1 1
208 285 3 4 1 1
113 274 3 4 1 1
438 214 3 4 1 1
210 69 3 4 1 1
130 84 3 4 1 1
193 310 5 6 1 1
18 92 3 4 1 1
91 25 3 4 1 1
457 103 3 4 1 1
435 232 3 4 1 1
439 605 5 6 1 1
255 280 3 4 1 1
287 178 3 4 1 1
90 260 3 4 1 1
213 176 3 4 1 1
7 258 3 4 1 1
360 310 5 6 1 1
361 546 5 6 1 1
285 231 3 4 1 1
281 327 5 6 1 1
86 278 3 4 1 1
182 261 3 4 1 1
348 232 3 4 1 1
430 595 5 6 1 1
3 209 3 4 1 1
306 51 3 4 1 1
389 296 3 4 1 1
92 59 3 4 1 1
185 502 5 6 1 1
193 157 3 4 1 1
433 204 3 4 1 1
95 231 3 4 1 1
24 220 3 4 1 1
124 588 5 6 1 1
241 559 5 6 1 1
256 436 5 6 1 1
284 360 5 6 1 1
438 581 5 6 1 1
134 181 3 4 1 1
436 191 3 4 1 1
151 393 5 6 1 1
345 286 3 4 1 1
258 49 3 4 1 1
388 211 3 4 1 1
1 312 5 6 1 1
75 431 5 6 1 1
352 333 5 6 1 1
427 117 3 4 1 1
195 560 5 6 1 1
424 130 3 4 1 1
174 298 3 4 1 1
154 411 5 6 1 1
337 274 3 4 1 1
404 14 3 4 1 1
79 605 5 6 1 1
340 21 3 4 1 1
302 381 5 6 1 1
241 629 5 6 1 1
4 396 5 6 1 1
23 71 3 4 1 1
36 194 3 4 1 1
36 414 5 6 1 1
86 347 5 6 1 1
276 540 5 6 1 1
311 279 3 4 1 1
415 246 3 4 1 1
70 602 5 6 1 1
395 60 3 4 1 1
83 525 5 6 1 1
304 204 3 4 1 1
141 131 3 4 1 1
135 152 3 4 1 1
49 169 3 4 1 1
46 268 3 4 1 1
452 254 3 4 1 1
181 101 3 4 1 1
422 293 3 4 1 1
174 228 3 4 1 1
439 299 3 4 1 1
103 132 3 4 1 1
296 165 3 4 1 1
98 413 5 6 1 1
460 201 3 4 1 1
186 21 3 4 1 1
185 584 5 6 1 1
9 443 5 6 1 1
168 524 5 6 1 1
124 567 5 6 1 1
236 551 5 6 1 1
140 72 3 4 1 1
70 262 3 4 1 1
57 502 5 6 1 1
108 409 5 6 1 1
243 593 5 6 1 1
430 36 3 4 1 1
455 532 5 6 1 1
316 50 3 4 1 1
199 286 3 4 1 1
346 272 3 4 1 1
320 60 3 4 1 1
24 179 3 4 1 1
230 402 5 6 1 1
110 57 3 4 1 1
394 96 3 4 1 1
198 538 5 6 1 1
42 248 3 4 1 1
10 141 3 4 1 1
