120 159 21 23 1 0
9 159 10 11 1 0
358 136 21 23 1 0
463 140 15 17 1 0
577 142 21 23 1 1
330 147 21 23 1 1
235 148 21 23 1 0
21 142 10 11 1 1
70 139 21 23 1 1
236 139 21 23 1 1
378 136 21 23 1 0
293 149 21 23 1 0
492 143 21 23 1 0
208 148 21 23 1 0
597 141 21 23 1 1
22 148 10 11 1 1
178 147 21 23 1 0
261 135 21 23 1 1
420 145 15 17 1 1
197 157 21 23 1 0
593 166 21 23 1 0
539 148 21 23 1 1
530 146 21 23 1 1
557 152 21 23 1 1
140 146 21 23 1 0
411 145 15 17 1 1
81 146 21 23 1 1
280 139 21 23 1 0
197 141 21 23 1 1
117 145 21 23 1 0
604 151 21 23 1 1
