316 326 13 17 1 1
638 95 12 15 1 1
444 175 12 15 1 1
477 171 12 15 1 1
403 172 12 15 1 1
1404 230 12 17 1 1
590 189 12 15 1 1
1317 191 12 17 1 1
1122 21 12 17 1 1
706 463 21 23 1 1
1576 150 12 17 1 1
1137 436 21 23 1 1
963 426 21 23 1 1
1555 192 12 17 1 1
454 150 12 15 1 1
1487 200 12 17 1 1
251 128 12 15 1 1
372 332 13 17 1 1
329 146 12 15 1 1
1000 350 17 23 1 1
1295 38 12 17 1 1
997 374 17 23 1 1
227 96 12 15 1 1
558 199 12 15 1 1
1382 16 12 17 1 1
1462 474 17 23 1 1
1266 449 21 23 1 1
382 110 12 15 1 1
742 362 17 23 1 1
296 370 13 17 1 1
468 112 12 15 1 1
1153 419 17 23 1 1
900 480 21 23 1 1
723 468 21 23 1 1
930 486 21 23 1 1
1413 200 12 17 1 1
677 130 12 15 1 1
1302 161 12 17 1 1
197 69 12 15 1 1
415 136 12 15 1 1
1059 530 20 25 1 1
835 356 17 23 1 1
206 379 13 17 1 1
1569 176 12 17 1 1
1085 403 17 23 1 1
711 706 20 25 1 1
1567 422 17 23 1 1
498 63 12 15 1 1
160 55 12 15 1 1
327 166 12 15 1 1
728 428 21 23 1 1
1562 267 17 23 1 1
417 109 12 15 1 1
293 163 12 15 1 1
865 480 21 23 1 1
693 486 21 23 1 1
1410 253 17 23 1 1
792 461 21 23 1 1
18 333 12 16 1 1
646 314 17 23 1 1
667 931 22 39 1 1
612 313 17 23 1 1
1334 154 12 17 1 1
1508 624 20 25 1 1
1532 178 12 17 1 1
170 301 13 17 1 1
1569 222 12 17 1 1
805 617 20 25 1 1
1268 413 17 23 1 1
632 444 21 23 1 1
1453 244 12 17 1 1
533 909 22 39 1 1
263 329 13 17 1 1
293 289 13 17 1 1
785 507 20 25 1 1
162 118 12 15 1 1
1131 627 20 25 1 1
347 617 20 25 1 1
1528 240 12 17 1 1
1113 407 17 23 1 1
1368 248 12 17 1 1
545 144 12 15 1 1
1336 571 20 25 1 1
961 489 21 23 1 1
1024 374 17 23 1 1
888 503 20 25 1 1
311 27 12 15 1 1
394 655 20 25 1 1
618 385 17 23 1 1
529 150 12 15 1 1
368 75 12 15 1 1
765 398 17 23 1 1
603 132 12 15 1 1
947 676 20 25 1 1
1194 506 20 25 1 1
1163 436 21 23 1 1
74 39 12 15 1 1
810 469 21 23 1 1
905 355 17 23 1 1
211 118 12 15 1 1
887 455 21 23 1 1
670 393 17 23 1 1
1362 217 12 17 1 1
756 874 22 39 1 1
1500 471 17 23 1 1
101 138 12 15 1 1
57 150 12 15 1 1
1442 272 17 23 1 1
647 1011 22 39 1 1
824 473 21 23 1 1
548 310 17 23 1 1
848 461 21 23 1 1
1369 185 12 17 1 1
434 379 13 17 1 1
1555 468 17 23 1 1
521 305 13 17 1 1
679 360 17 23 1 1
1532 429 17 23 1 1
1538 200 12 17 1 1
946 361 17 23 1 1
187 91 12 15 1 1
1003 421 17 23 1 1
196 138 12 15 1 1
560 374 17 23 1 1
520 191 12 15 1 1
774 763 22 39 1 1
1049 478 21 23 1 1
504 94 12 15 1 1
1512 409 17 23 1 1
869 363 17 23 1 1
266 158 12 15 1 1
581 324 17 23 1 1
708 305 17 23 1 1
1162 486 21 23 1 1
977 585 20 25 1 1
416 588 20 25 1 1
992 476 21 23 1 1
832 502 20 25 1 1
350 349 13 17 1 1
521 403 13 17 1 1
1490 268 17 23 1 1
349 76 12 15 1 1
1534 220 12 17 1 1
808 408 17 23 1 1
792 363 17 23 1 1
33 366 13 17 1 1
606 491 21 23 1 1
480 607 20 25 1 1
21 144 12 15 1 1
424 84 12 15 1 1
1222 435 21 23 1 1
1567 244 12 17 1 1
577 104 12 15 1 1
365 30 12 15 1 1
1035 389 17 23 1 1
531 376 15 20 1 1
935 561 20 25 1 1
1382 63 12 17 1 1
374 128 12 15 1 1
1561 396 17 23 1 1
159 87 12 15 1 1
58 727 22 39 1 1
81 372 13 17 1 1
1411 419 17 23 1 1
1484 237 12 17 1 1
490 148 12 15 1 1
79 87 12 15 1 1
250 107 12 15 1 1
255 370 13 17 1 1
456 90 12 15 1 1
1252 28 12 17 1 1
256 260 12 15 1 1
1041 24 12 17 1 1
335 312 13 17 1 1
1453 432 17 23 1 1
795 487 21 23 1 1
425 358 13 17 1 1
526 123 12 15 1 1
110 87 12 15 1 1
1308 235 12 17 1 1
1449 203 12 17 1 1
667 482 21 23 1 1
359 586 20 25 1 1
720 403 17 23 1 1
376 314 13 17 1 1
343 103 12 15 1 1
866 408 17 23 1 1
190 633 20 25 1 1
383 352 13 17 1 1
1334 425 17 23 1 1
657 455 21 23 1 1
369 164 12 15 1 1
548 93 12 15 1 1
1467 421 17 23 1 1
493 342 13 17 1 1
853 309 17 23 1 1
243 301 13 17 1 1
1336 667 20 25 1 1
1379 401 17 23 1 1
1045 367 17 23 1 1
476 394 13 17 1 1
620 153 12 15 1 1
110 57 12 15 1 1
1528 260 17 23 1 1
1452 158 12 17 1 1
306 88 12 15 1 1
