86 428 37 39 1 0
800 423 32 45 1 0
374 273 26 28 1 1
258 526 38 46 1 0
281 346 38 43 1 0
551 342 33 47 1 0
365 329 38 43 1 0
363 248 26 28 2 1
314 270 26 28 1 0
146 294 26 28 1 0
59 227 22 24 1 1
420 237 26 28 1 1
450 298 33 47 1 0
595 416 32 45 1 0
331 262 26 28 2 0
535 244 26 28 1 1
443 266 26 28 1 0
260 236 22 24 1 1
582 356 33 47 1 0
53 455 37 39 1 0
287 238 26 28 1 1
93 517 37 39 1 0
176 204 13 15 1 1
48 295 26 28 1 0
115 253 26 28 1 0
23 504 37 39 1 0
235 487 37 39 1 0
511 261 26 28 1 1
433 409 39 49 1 0
219 259 26 28 1 0
73 237 22 24 1 1
644 245 26 28 2 1
693 317 33 47 1 0
521 288 26 28 1 0
382 516 39 49 1 0
361 264 26 28 2 1
656 237 26 34 2 1
649 290 33 47 1 0
159 332 38 43 1 0
313 529 38 46 1 0
0 501 37 39 1 0
759 185 13 15 1 1
784 277 26 28 1 0
610 173 13 15 1 1
75 497 37 39 1 0
307 373 39 49 1 0
153 205 13 15 1 1
743 409 32 45 1 0
51 373 37 39 1 0
232 211 13 15 1 1
490 249 26 28 1 1
574 285 26 28 1 0
119 531 37 39 1 0
679 433 32 45 1 0
268 280 26 28 1 0
3 242 28 30 1 1
682 238 26 28 1 1
182 261 26 28 1 0
637 237 26 34 2 1
340 262 26 28 2 1
416 264 26 28 1 0
620 311 33 47 1 0
57 249 26 28 1 1
425 483 39 49 1 0
