1603 1113 41 49 1 0
1713 728 41 49 1 0
85 1276 31 44 1 0
1396 330 27 41 1 0
884 298 18 37 1 0
363 878 31 44 1 0
660 1187 31 44 1 0
1891 993 41 49 1 0
850 849 31 44 1 0
1652 312 27 41 1 0
351 560 18 37 1 0
1888 405 27 41 2 0
225 737 18 37 1 0
1339 627 27 41 1 0
713 530 18 37 1 0
1020 557 20 38 2 0
522 873 31 44 1 0
1191 559 27 41 1 0
399 567 18 37 1 0
1856 1094 41 49 1 0
270 971 31 44 1 0
457 609 18 37 1 0
1682 457 27 41 1 0
1077 753 41 49 1 0
903 849 31 44 1 0
961 837 31 44 1 0
487 641 18 37 1 0
274 559 18 37 1 0
334 1028 31 44 1 0
1004 434 22 39 1 0
1051 373 27 41 1 0
392 631 18 37 1 0
920 294 18 37 1 0
48 342 18 37 1 0
1189 797 41 49 1 0
309 1118 31 44 1 0
1980 622 27 41 1 0
189 488 18 37 1 0
219 640 18 37 1 0
284 677 18 37 1 0
886 407 18 37 1 0
1314 872 41 49 1 0
1410 1131 41 49 1 0
662 434 18 37 1 0
934 791 31 44 1 0
1142 321 27 41 1 0
1207 855 41 49 1 0
401 793 31 44 1 0
966 642 18 37 1 0
149 537 18 37 1 0
1446 1015 41 49 1 0
1518 780 41 49 1 0
102 605 18 37 1 0
1773 1020 41 49 1 0
1883 643 27 41 1 0
334 700 18 37 1 0
1386 1224 41 49 1 0
1288 189 27 41 1 0
1716 515 27 41 1 0
341 367 18 37 1 0
306 426 18 37 1 0
1232 739 41 49 1 0
1850 691 41 49 1 0
772 1218 31 44 1 0
207 361 18 37 1 0
1553 1105 41 49 1 0
796 274 18 37 1 0
1213 991 41 49 1 0
369 646 18 37 1 0
617 309 18 37 1 0
554 1029 31 44 1 0
32 424 18 37 1 0
707 854 31 44 1 0
1495 618 27 41 1 0
478 349 18 37 1 0
278 1188 31 44 1 0
34 1102 31 44 1 0
1882 215 27 41 1 0
82 1204 31 44 1 0
1026 751 41 49 1 0
1466 837 41 49 1 0
52 616 18 37 1 0
810 916 31 44 1 0
1075 712 41 49 1 0
957 1173 31 44 1 0
1891 692 41 49 1 0
119 405 18 37 1 0
1302 788 41 49 1 0
1233 376 27 41 1 0
865 583 18 37 1 0
761 789 31 44 1 0
244 483 18 37 1 0
159 473 18 37 1 0
1753 441 27 41 1 0
1328 1211 41 49 1 0
508 556 18 37 1 0
1447 385 27 41 1 0
552 695 18 37 1 0
1368 610 27 41 1 0
1710 925 41 49 1 0
735 936 31 44 1 0
8 672 18 37 1 0
1417 287 27 41 1 0
537 519 18 37 1 0
1532 1030 41 49 1 0
853 778 31 44 1 0
1190 618 27 41 1 0
1485 584 27 41 1 0
1029 555 26 41 2 0
65 655 18 37 1 0
1350 475 27 41 1 0
1644 525 27 41 1 0
1188 304 27 41 1 0
600 390 18 37 1 0
1762 468 27 41 1 0
1094 1152 41 49 1 0
1064 972 41 49 1 0
1924 930 41 49 1 0
894 1218 31 44 1 0
1978 189 27 41 1 0
1291 251 27 41 1 0
1271 692 41 49 1 0
753 578 18 37 1 0
1448 226 27 41 1 0
19 640 18 37 1 0
336 456 18 37 1 0
1521 419 27 41 1 0
454 704 18 37 1 0
182 440 18 37 1 0
1581 762 41 49 1 0
1317 1124 41 49 1 0
1971 462 27 41 1 0
440 514 18 37 1 0
1475 724 41 49 1 0
864 1157 31 44 1 0
211 1121 31 44 1 0
621 446 18 37 1 0
1805 441 27 41 1 0
1959 245 27 41 1 0
1560 948 41 49 1 0
624 604 18 37 1 0
146 572 18 37 1 0
161 634 18 37 1 0
438 863 31 44 1 0
861 525 18 37 1 0
78 349 18 37 1 0
228 1188 31 44 1 0
491 742 21 38 1 0
1228 1221 41 49 1 0
389 529 18 37 1 0
1591 201 27 41 1 0
740 430 18 37 1 0
1293 482 27 41 1 0
1927 335 27 41 1 0
523 536 18 37 1 0
1022 1159 41 49 1 0
634 914 31 44 1 0
187 889 31 44 1 0
407 672 18 37 1 0
697 790 31 44 1 0
31 489 18 37 1 0
367 508 18 37 1 0
1104 497 27 41 1 0
6 344 18 37 1 0
7 463 18 37 1 0
560 441 18 37 1 0
170 974 31 44 1 0
1817 422 27 41 1 0
1179 685 27 41 1 0
794 486 18 37 1 0
1174 1051 41 49 1 0
91 678 18 37 1 0
1211 1113 41 49 1 0
1988 406 27 41 1 0
1650 1033 41 49 1 0
1866 570 27 41 1 0
605 1023 31 44 1 0
31 877 31 44 1 0
458 1025 31 44 1 0
1740 380 27 41 1 0
265 886 31 44 1 0
242 1240 31 44 1 0
115 897 31 44 1 0
1731 582 27 41 1 0
445 1138 31 44 1 0
478 415 18 37 1 0
901 466 18 37 1 0
1499 1100 41 49 1 0
1260 484 27 41 1 0
1796 1201 41 49 1 0
277 1036 31 44 1 0
1130 752 41 49 1 0
1937 1104 41 49 1 0
603 495 18 37 1 0
1800 298 27 41 1 0
1097 332 27 41 1 0
658 524 18 37 1 0
1613 453 27 41 1 0
161 1212 31 44 1 0
582 758 24 40 1 0
1646 384 27 41 1 0
1873 406 27 41 2 0
1757 1105 41 49 1 0
1656 707 41 49 1 0
1591 688 27 41 1 0
1007 626 35 46 1 0
1825 372 27 41 1 0
1 923 31 44 1 0
494 429 18 37 1 0
702 294 18 37 1 0
1403 666 27 41 1 0
6 1272 31 44 1 0
1380 1016 41 49 1 0
791 860 31 44 1 0
1572 393 27 41 1 0
1379 730 41 49 1 0
