896 263 43 53 1 1
969 449 53 58 1 0
714 270 43 53 1 1
824 421 53 58 1 0
146 344 53 58 1 0
227 522 60 92 1 0
698 125 36 32 1 1
219 454 56 75 1 0
697 88 20 18 1 1
759 297 43 53 1 0
164 242 43 53 1 1
937 286 43 53 1 1
50 133 36 32 1 1
132 393 53 58 1 0
385 659 58 83 1 0
92 223 43 53 1 1
451 114 51 48 1 1
845 318 53 58 1 0
91 323 53 58 1 0
957 177 36 32 1 1
216 117 32 28 1 1
936 582 60 92 1 0
938 204 36 32 1 1
619 51 20 18 1 1
52 168 36 32 1 1
801 240 43 53 1 1
551 233 131 125 1 0
647 132 36 32 1 1
156 157 36 32 1 1
614 153 36 32 1 1
264 560 60 92 1 0
190 328 53 58 1 0
33 232 43 53 1 1
963 521 60 92 1 0
645 175 36 32 1 1
3 399 50 56 1 0
199 143 36 32 1 1
486 111 51 48 1 1
270 411 53 58 1 0
214 365 53 58 1 0
59 381 53 58 1 0
236 152 36 32 1 1
868 249 43 53 1 1
579 65 20 18 1 1
697 191 36 32 1 1
197 192 36 32 1 1
649 218 43 53 1 1
737 155 36 32 1 1
310 69 20 18 1 1
793 465 60 92 1 0
47 298 43 53 1 1
975 250 43 53 1 1
733 363 53 58 1 0
639 192 36 32 1 1
23 146 39 42 1 1
525 86 20 18 1 1
21 319 48 55 1 0
65 602 60 92 1 0
859 397 53 58 1 0
681 159 36 32 1 1
89 548 60 92 1 0
