283 251 5 5 1 1
442 256 8 13 1 1
468 289 16 24 1 1
176 255 5 5 1 1
131 258 5 5 1 1
493 300 16 24 1 1
150 256 5 5 1 1
152 273 6 9 1 1
434 273 16 24 1 1
346 279 11 13 1 1
115 266 6 9 1 1
295 269 11 13 1 1
226 257 5 5 1 1
47 273 6 9 1 1
79 252 5 5 1 1
455 256 8 13 1 1
377 281 8 13 1 1
159 256 5 5 1 1
613 279 16 24 1 1
330 269 11 13 1 1
508 256 8 13 1 1
41 254 5 5 1 1
559 277 16 24 1 1
34 254 5 5 1 1
205 283 6 9 1 1
480 277 16 24 1 1
339 269 11 13 1 1
242 256 5 5 1 1
23 255 5 5 1 1
430 256 8 13 1 1
108 255 5 5 1 1
261 268 6 9 1 1
86 255 5 5 1 1
611 258 8 13 1 1
250 267 6 9 1 1
381 252 8 13 1 1
59 254 5 5 1 1
401 256 8 13 1 1
294 255 5 5 1 1
542 278 16 24 1 1
646 287 16 24 1 1
634 273 16 24 1 1
530 285 16 24 1 1
330 254 5 5 1 1
29 272 6 9 1 1
214 255 5 5 1 1
569 298 16 24 1 1
65 272 6 9 1 1
214 269 6 9 1 1
590 281 16 24 1 1
476 256 8 13 1 1
305 278 11 13 1 1
181 270 6 9 1 1
165 267 6 9 1 1
306 254 5 5 1 1
265 256 5 5 1 1
416 269 8 13 1 1
317 254 5 5 1 1
248 256 5 5 1 1
518 269 8 13 1 1
373 252 8 13 1 1
409 289 8 13 1 1
234 255 5 5 1 1
368 275 11 13 1 1
424 269 8 13 1 1
454 273 16 24 1 1
635 282 16 24 1 1
181 255 5 5 1 1
292 275 11 13 1 1
201 257 5 5 1 1
77 263 5 5 1 1
401 270 8 13 1 1
639 300 16 24 1 1
419 256 8 13 1 1
496 257 8 13 1 1
206 273 6 9 1 1
189 257 5 5 1 1
680 296 16 24 1 1
408 256 8 13 1 1
135 274 6 9 1 1
487 257 8 13 1 1
495 281 16 24 1 1
391 269 8 13 1 1
517 257 8 13 1 1
466 270 8 13 1 1
85 276 6 9 1 1
277 252 5 5 1 1
647 274 16 24 1 1
51 255 5 5 1 1
346 253 5 5 1 1
254 256 5 5 1 1
576 267 8 13 1 1
166 256 5 5 1 1
93 254 5 5 1 1
269 266 6 9 1 1
