470 171 21 27 1 1
380 215 36 42 1 0
407 226 36 42 1 0
577 200 36 42 1 0
618 162 19 18 1 1
177 175 13 15 1 1
439 176 21 27 1 1
72 435 78 103 1 0
557 273 55 56 1 0
455 166 21 27 1 1
160 235 28 34 1 0
245 463 78 103 1 0
214 164 24 26 1 0
541 192 36 42 1 1
571 161 19 18 1 1
484 181 21 27 1 1
589 170 19 18 1 1
444 346 78 103 1 0
244 225 21 25 1 0
121 234 28 34 3 0
255 190 11 15 1 1
509 202 36 42 1 1
452 209 36 42 3 0
471 204 36 42 3 0
582 178 19 18 1 1
225 334 78 103 1 0
642 170 30 31 3 0
352 219 36 42 1 1
654 179 30 31 3 0
193 229 28 34 1 0
400 170 21 27 1 1
665 252 55 56 1 0
109 229 28 34 3 0
563 184 19 18 1 1
604 228 36 42 1 0
420 162 21 27 1 1
148 183 13 15 1 1
497 165 21 27 1 1
122 180 13 15 1 1
158 179 13 15 1 1
559 162 19 18 1 1
