462 481 32 34 1 0
212 428 13 14 1 1
535 462 20 25 1 1
450 414 7 10 1 1
419 461 22 32 1 1
707 520 32 34 1 0
383 470 28 33 2 0
546 443 16 17 2 1
192 428 13 14 2 1
743 476 19 22 1 1
47 467 21 23 2 0
369 471 28 33 2 0
257 467 28 33 1 1
751 450 10 10 1 1
770 459 19 22 1 1
116 449 21 23 2 1
303 540 23 27 1 0
418 483 22 32 1 1
338 478 28 33 1 0
643 498 42 42 1 0
615 466 20 25 1 0
142 422 13 14 1 1
580 462 20 25 1 1
709 444 10 10 1 1
196 431 13 14 2 1
233 450 15 18 1 1
598 465 20 25 1 1
713 461 19 22 1 1
779 437 10 10 1 1
357 435 18 24 1 1
538 443 16 17 2 1
469 567 23 27 1 0
526 444 16 17 1 1
687 461 19 22 1 1
146 472 21 23 1 0
131 426 13 14 1 1
434 444 7 10 1 1
437 456 22 32 1 0
223 456 21 23 1 1
101 450 21 23 1 1
315 454 18 24 1 1
47 457 21 23 2 0
25 465 21 23 1 1
672 482 42 42 1 0
100 436 14 18 1 1
244 444 15 18 1 1
374 447 18 24 1 1
242 481 28 33 1 1
575 479 20 25 1 1
481 398 7 10 1 1
630 447 16 17 1 1
501 504 30 35 1 0
77 477 21 23 1 0
239 430 13 14 2 1
301 435 18 24 2 1
581 529 23 27 1 0
123 427 13 14 1 1
445 469 22 32 1 0
390 451 18 24 1 1
142 502 22 28 1 0
781 482 19 22 1 0
455 445 7 10 1 1
198 456 21 23 1 1
266 446 15 18 1 1
115 462 21 23 2 0
332 447 18 24 1 1
200 498 21 23 1 0
385 504 30 35 1 0
445 399 7 10 1 1
728 457 19 22 1 1
168 466 21 23 1 1
160 428 13 14 2 1
91 444 14 18 1 1
411 440 18 24 1 1
600 448 16 17 1 1
419 399 7 10 1 1
567 431 16 17 1 1
507 474 20 25 1 1
551 466 20 25 1 1
235 429 13 14 2 1
352 492 28 33 1 0
198 426 13 14 2 1
168 444 15 18 1 1
766 446 10 10 1 1
247 431 13 14 1 1
294 433 18 24 2 0
277 464 28 33 1 1
293 456 18 24 1 1
155 427 13 14 2 1
105 502 22 28 1 0
154 452 21 23 1 1
116 423 13 14 1 1
