134 51 10 13 1 1
136 3 10 13 1 1
466 183 14 15 1 1
66 256 16 23 1 1
429 82 10 13 1 1
618 85 10 13 1 1
9 7 10 13 1 1
187 191 14 15 1 1
403 51 10 13 1 1
364 295 16 23 1 1
328 33 10 13 1 1
76 85 10 13 1 1
405 68 10 13 1 1
7 66 10 13 1 1
356 54 10 13 1 1
530 92 10 13 1 1
303 65 10 13 1 1
273 21 10 13 1 1
16 99 10 13 1 1
711 22 10 13 1 1
504 30 10 13 1 1
25 11 10 13 1 1
634 20 10 13 1 1
236 16 10 13 1 1
561 283 16 23 1 1
224 90 10 13 1 1
289 49 10 13 1 1
200 78 10 13 1 1
286 72 10 13 1 1
134 291 16 23 1 1
310 47 10 13 1 1
241 66 10 13 1 1
35 59 10 13 1 1
365 28 10 13 1 1
320 66 10 13 1 1
423 64 10 13 1 1
417 19 10 13 1 1
427 51 10 13 1 1
199 28 10 13 1 1
441 66 10 13 1 1
265 71 10 13 1 1
217 10 10 13 1 1
384 7 10 13 1 1
31 29 10 13 1 1
685 10 10 13 1 1
405 89 10 13 1 1
450 16 10 13 1 1
11 26 10 13 1 1
461 34 10 13 1 1
446 3 10 13 1 1
274 135 7 12 1 1
482 4 10 13 1 1
219 47 10 13 1 1
371 190 14 15 1 1
86 13 10 13 1 1
255 21 10 13 1 1
706 4 10 13 1 1
555 88 10 13 1 1
661 217 14 15 1 1
373 83 10 13 1 1
415 50 10 13 1 1
126 84 10 13 1 1
234 302 16 23 1 1
663 24 10 13 1 1
291 36 10 13 1 1
376 4 10 13 1 1
570 2 10 13 1 1
339 181 14 15 1 1
176 58 10 13 1 1
136 193 14 15 1 1
28 0 10 13 1 1
381 47 10 13 1 1
359 66 10 13 1 1
592 202 14 15 1 1
666 93 10 13 1 1
179 15 10 13 1 1
457 77 10 13 1 1
682 22 10 13 1 1
670 276 16 23 1 1
504 185 14 15 1 1
6 48 10 13 1 1
197 53 10 13 1 1
393 37 10 13 1 1
304 15 10 13 1 1
669 5 10 13 1 1
35 43 10 13 1 1
642 89 10 13 1 1
288 16 10 13 1 1
463 3 10 13 1 1
329 148 7 12 1 1
192 135 7 12 1 1
432 19 10 13 1 1
90 45 10 13 1 1
236 189 14 15 1 1
537 35 10 13 1 1
322 13 10 13 1 1
650 59 10 13 1 1
80 257 16 23 1 1
268 50 10 13 1 1
164 17 10 13 1 1
350 38 10 13 1 1
359 19 10 13 1 1
551 10 10 13 1 1
266 33 10 13 1 1
472 21 10 13 1 1
676 244 14 18 1 1
697 23 10 13 1 1
384 67 10 13 1 1
309 32 10 13 1 1
283 190 14 15 1 1
144 21 10 13 1 1
344 17 10 13 1 1
602 70 10 13 1 1
487 293 16 23 1 1
104 219 14 15 1 1
401 7 10 13 1 1
