707 663 12 15 1 1
709 622 8 13 1 1
762 618 8 13 1 1
452 691 28 42 1 1
705 695 12 20 1 1
649 631 8 13 1 1
787 545 10 11 1 1
584 693 28 42 1 1
1211 744 21 31 1 1
753 680 12 15 1 1
609 675 21 31 1 1
1302 616 13 16 1 1
1265 683 21 31 1 1
771 723 18 23 1 1
455 592 8 11 1 1
1166 547 6 9 1 1
781 628 8 13 1 1
484 671 28 42 1 1
415 602 8 11 1 1
188 459 128 165 1 0
1112 603 13 16 1 1
610 614 8 13 1 1
570 603 8 11 1 1
643 685 12 15 1 1
660 663 12 15 1 1
400 621 8 11 1 1
520 590 8 11 1 1
435 603 8 11 1 1
1110 657 13 16 1 1
1269 723 21 31 1 1
708 637 8 13 1 1
1128 637 13 16 1 1
1068 601 13 16 1 1
891 552 64 82 1 1
743 640 8 13 1 1
397 602 8 11 1 1
716 547 10 11 1 1
502 604 8 11 1 1
724 730 18 23 1 1
556 592 8 11 1 1
972 591 53 63 1 1
722 676 12 15 1 1
1301 635 13 16 1 1
855 586 4 4 1 1
1082 637 13 16 1 1
318 564 45 71 1 1
420 681 28 42 1 1
1248 74 266 276 1 0
1279 640 13 16 1 1
601 640 8 13 1 1
1307 732 21 31 1 1
823 620 8 13 1 1
533 685 28 42 1 1
739 696 12 20 1 1
530 617 8 11 1 1
