2533 1451 39 41 1 1
2677 1520 39 41 1 1
1873 2140 85 109 1 0
2401 2426 94 95 1 0
3205 2441 94 95 1 0
988 1623 39 41 1 1
2535 1165 23 31 1 1
3053 1446 39 41 1 1
3090 1576 39 41 1 1
2942 1532 39 41 1 1
2500 530 9 12 1 1
2396 1232 23 31 1 1
2335 1265 23 31 1 1
2687 1435 39 41 1 1
2558 1120 23 31 1 1
2476 1277 23 31 1 1
1822 1963 85 109 2 1
2695 1060 23 31 1 1
2054 1344 23 31 1 1
2950 1407 39 41 1 1
252 1898 39 41 1 1
2469 964 10 18 1 1
3062 1324 23 31 1 1
2776 1552 39 41 1 1
2714 1819 39 41 1 1
3540 2522 94 95 1 0
1456 2279 85 109 1 0
2984 2262 85 109 1 0
3248 2097 85 109 2 0
2358 2300 85 109 1 0
2748 1609 39 41 1 1
2987 2130 85 109 1 0
2720 1107 23 31 1 1
2303 1246 23 31 1 1
2203 1426 39 41 1 1
3041 1702 39 41 1 1
3872 2965 94 95 1 0
1805 1695 39 41 1 1
3000 1491 39 41 1 1
3456 2687 94 95 1 0
3219 2048 85 109 1 0
2933 1377 39 41 1 1
3077 1768 39 41 1 1
2610 2083 85 109 1 0
3270 2051 85 109 2 0
3433 2177 85 109 1 0
2121 1174 23 31 1 1
3080 1385 39 41 1 1
2913 1556 39 41 1 1
2538 1547 39 41 1 1
2670 2160 85 109 1 0
3073 3421 94 95 1 0
2523 562 9 12 1 1
2043 1324 23 31 1 1
2177 1072 23 31 1 1
2861 1262 23 31 1 1
2775 942 10 18 1 1
1554 1950 85 109 1 1
3197 1652 39 41 1 1
3091 2340 85 109 1 0
2560 2639 94 95 1 0
2347 911 10 18 1 1
2798 1917 85 109 1 1
2480 1304 23 31 1 1
3361 2244 85 109 1 0
3594 2596 94 95 1 0
2512 1290 23 31 1 1
2441 1647 39 41 1 1
2787 1042 23 31 1 1
2776 974 10 18 1 1
1636 2027 85 109 1 0
1713 2135 85 109 1 0
2435 1888 85 109 1 1
3311 1772 39 41 1 1
2707 1232 23 31 1 1
2160 1268 23 31 1 1
3233 1605 39 41 1 1
3533 2251 85 109 1 0
3017 1437 39 41 1 1
2568 967 10 18 1 1
2427 1605 39 41 1 1
4018 3314 94 95 1 0
2693 2014 85 109 1 0
2567 2040 85 109 1 0
2322 1243 23 31 1 1
1278 2265 85 109 1 0
2255 1301 23 31 1 1
2237 1090 23 31 1 1
1696 1713 39 41 1 1
3012 1340 23 31 1 1
3384 2645 94 95 1 0
843 1694 39 41 1 1
2134 1352 23 31 1 1
2705 2201 85 109 1 0
3554 2369 85 109 1 0
2971 1245 23 31 1 1
2825 1025 23 31 1 1
2668 1298 23 31 1 1
118 1714 39 41 1 1
3171 1665 39 41 1 1
2726 1296 23 31 1 1
2653 1457 39 41 1 1
2661 1414 39 41 1 1
2860 1445 39 41 1 1
2540 1749 39 41 1 1
2002 2792 94 95 1 0
2713 3328 94 95 1 0
1184 1219 23 31 1 1
1595 1254 23 31 1 1
2876 1586 39 41 1 1
2289 1882 50 58 1 1
1709 1643 39 41 1 1
2742 2053 85 109 1 0
3597 2198 85 109 1 0
2385 1418 39 41 1 1
1709 1104 23 31 1 1
2792 1250 23 31 1 1
2856 1019 23 31 1 1
3091 2635 94 95 1 0
3362 2517 94 95 1 0
3234 1767 39 41 1 1
3044 2884 94 95 1 0
3163 1631 39 41 1 1
3350 1878 73 92 1 1
1995 1755 39 41 1 1
3167 1706 39 41 1 1
901 1778 39 41 1 1
2226 1513 39 41 1 1
1814 2144 85 109 1 0
2736 2124 85 109 1 0
1005 1680 39 41 1 1
2902 1235 23 31 1 1
436 1902 39 41 1 1
2228 1925 85 109 1 1
2905 2484 94 95 1 0
3171 1795 39 41 1 1
3088 1480 39 41 1 1
2760 959 10 18 1 1
1902 1462 39 41 1 1
2098 1184 23 31 1 1
2952 1222 23 31 1 1
2305 943 10 18 1 1
2680 1140 23 31 1 1
4911 1404 73 92 1 1
2651 1776 39 41 1 1
1314 3295 94 95 1 0
2166 1107 23 31 1 1
2948 1671 39 41 1 1
2497 2377 85 109 1 0
2807 988 10 18 1 1
2184 1092 23 31 1 1
3021 3015 94 95 1 0
2346 1558 39 41 1 1
2069 1212 23 31 1 1
2516 515 9 12 1 1
2394 2259 85 109 1 0
2733 1530 39 41 1 1
2833 1250 23 31 1 1
2013 1340 23 31 1 1
2053 1188 23 31 1 1
2472 1781 39 41 1 1
2133 2575 94 95 1 0
1458 1522 39 41 1 1
2520 1242 23 31 1 1
2841 1549 39 41 1 1
2745 1227 23 31 1 1
2319 1434 39 41 1 1
3128 2274 85 109 1 0
2757 1147 23 31 1 1
3371 1975 85 109 1 1
3467 2385 85 109 1 0
1411 1942 85 109 1 1
1719 1981 85 109 1 1
2496 3284 94 95 1 0
3849 2795 94 95 1 0
3033 1787 39 41 1 1
3122 2746 94 95 1 0
2438 1514 39 41 1 1
3632 2453 94 95 1 0
3078 1526 39 41 1 1
2791 989 10 18 1 1
2653 1053 23 31 1 1
2732 1705 39 41 1 1
1969 2599 94 95 1 0
3408 1934 85 109 1 1
3867 3198 94 95 1 0
2539 1004 10 18 1 1
1640 1803 39 41 1 1
2138 1871 39 41 1 1
2465 1030 23 31 1 1
2520 986 10 18 1 1
1838 1714 39 41 1 1
3038 1332 23 31 1 1
2873 1367 39 41 1 1
3046 1671 39 41 1 1
1517 2596 94 95 1 0
1210 1845 39 41 1 1
2810 1218 23 31 1 1
3329 2706 94 95 1 0
1483 1420 39 41 1 1
2645 2297 85 109 1 0
2071 1427 39 41 1 1
2549 1794 39 41 1 1
2106 1122 23 31 1 1
2180 3189 94 95 1 0
2931 1225 23 31 1 1
2947 1252 23 31 1 1
2745 1123 23 31 1 1
2160 2406 85 109 1 0
2802 1592 39 41 1 1
2881 1636 39 41 1 1
1254 1641 39 41 1 1
2962 2002 85 109 1 1
2661 1893 85 109 1 1
2091 1107 23 31 1 1
3093 1426 39 41 1 1
1701 2650 94 95 1 0
3175 1495 39 41 1 1
2742 1060 23 31 1 1
442 1576 39 41 1 1
1997 2180 85 109 1 0
2755 1894 85 109 1 1
3339 2026 85 109 1 0
3082 1731 39 41 1 1
3005 1380 39 41 1 1
2775 1661 39 41 1 1
3001 1279 23 31 1 1
3137 2515 94 95 1 0
2866 2649 94 95 1 0
1753 2253 85 109 1 0
2035 1797 39 41 1 1
2196 1749 39 41 1 1
2698 1108 23 31 1 1
2353 2410 85 109 1 0
1934 1447 39 41 1 1
1786 1547 39 41 1 1
2795 1012 23 31 1 1
2209 1477 39 41 1 1
3100 1868 39 41 1 1
2653 1364 39 41 1 1
2735 1168 23 31 1 1
3204 1765 39 41 1 1
2913 1913 85 109 2 1
2235 976 10 18 1 1
2952 1464 39 41 1 1
1050 3268 94 95 1 0
2863 2551 94 95 1 0
1786 1894 85 109 1 1
3264 1969 85 109 1 1
1721 1246 23 31 1 1
3590 2853 94 95 1 0
2868 1716 39 41 1 1
2598 3084 94 95 1 0
2798 2332 85 109 1 0
2687 1672 39 41 1 1
3127 1634 39 41 1 1
1843 1680 39 41 1 1
2490 603 9 12 1 1
2820 2017 85 109 1 0
2299 2166 85 109 1 0
2940 1948 85 109 2 1
2930 1296 23 31 1 1
2975 1319 23 31 1 1
2661 1107 23 31 1 1
2708 918 10 18 1 1
2875 2038 85 109 1 0
2846 2353 85 109 1 0
2792 1297 23 31 1 1
1566 2511 94 95 1 0
3603 3096 94 95 1 0
2867 1507 39 41 1 1
2065 2572 94 95 1 0
2774 2156 85 109 1 0
3548 3191 94 95 1 0
2838 1039 23 31 1 1
2872 2248 85 109 1 0
2746 1184 23 31 1 1
4163 3146 94 95 1 0
740 1798 39 41 1 1
2869 1903 85 109 2 1
1808 2012 85 109 2 1
1773 2585 94 95 1 0
3172 1840 39 41 1 1
2112 984 19 27 1 1
1419 2056 85 109 1 0
2508 1914 85 109 1 1
2022 1362 39 41 1 1
2766 1114 23 31 1 1
1703 1765 39 41 1 1
2139 2139 85 109 1 0
2203 1088 23 31 1 1
2185 1204 23 31 1 1
3160 1730 39 41 1 1
2552 510 9 12 1 1
1656 1919 85 109 1 1
