557 164 17 17 1 1
436 196 12 16 1 1
507 262 18 29 1 0
143 640 59 59 1 0
1096 223 12 16 1 1
628 168 17 17 2 1
714 140 6 12 1 1
465 305 18 29 1 0
869 172 17 17 1 1
362 147 6 12 1 1
1189 247 15 22 1 0
673 259 18 29 1 0
371 202 12 16 1 1
983 195 12 16 1 1
557 286 18 29 2 0
695 180 17 17 1 1
332 195 12 16 2 1
242 144 6 12 1 1
917 276 18 29 1 0
960 242 18 29 1 1
871 156 17 17 1 1
486 143 6 12 1 1
353 200 12 16 1 1
352 135 6 12 1 1
202 306 18 29 1 0
722 152 6 12 1 1
694 143 6 12 1 1
51 222 12 16 1 1
884 281 18 29 1 0
1032 213 12 16 1 1
57 201 12 16 1 1
147 455 52 59 1 0
113 217 12 16 1 1
652 509 52 59 1 0
1120 481 52 59 1 0
1020 242 18 29 1 1
879 142 6 12 1 1
421 177 17 17 1 1
218 731 59 59 1 0
901 440 52 59 1 0
413 443 52 59 1 0
1068 327 30 37 1 0
1068 289 18 29 1 0
741 223 12 16 1 1
316 290 18 29 1 0
1125 185 17 17 1 1
1005 172 17 17 1 1
54 141 6 12 1 1
19 273 18 29 1 1
746 206 12 16 1 1
1071 532 59 59 1 0
1070 240 18 29 1 1
557 232 12 16 1 1
491 161 17 17 1 1
222 168 17 17 1 1
911 146 6 12 1 1
923 348 30 37 1 0
993 249 18 29 1 0
536 163 17 17 1 1
808 420 52 59 1 0
801 219 12 16 1 1
776 194 12 16 1 1
791 189 12 16 1 1
410 169 17 17 1 1
932 186 17 17 1 1
833 182 17 17 1 1
354 156 17 17 1 1
27 172 17 17 1 1
231 192 12 16 1 1
471 140 6 12 1 1
616 464 52 59 1 0
760 143 6 12 1 1
1192 177 13 16 1 1
1087 176 17 17 1 1
212 196 12 16 1 1
463 196 12 16 1 1
774 236 12 16 1 1
1105 414 52 59 1 0
706 148 6 12 1 1
229 142 6 12 1 1
77 148 6 12 1 1
437 140 6 12 1 1
413 394 30 37 1 0
581 492 52 59 1 0
710 232 12 16 1 1
258 178 17 17 1 1
1012 224 12 16 1 1
493 434 52 59 1 0
193 248 18 29 1 0
301 258 18 29 1 0
364 226 12 16 1 1
581 254 18 29 1 0
46 172 17 17 1 1
336 202 12 16 2 1
634 283 18 29 1 0
435 322 18 29 1 0
1157 309 18 29 1 0
850 195 12 16 1 1
873 208 12 16 1 1
354 216 12 16 1 1
458 161 17 17 1 1
956 306 18 29 1 0
425 167 17 17 1 1
724 154 6 12 1 1
814 242 18 29 1 1
374 137 6 12 1 1
972 302 18 29 1 0
1076 256 18 29 1 0
86 153 6 12 1 1
177 220 12 16 1 1
80 492 52 59 1 0
698 286 18 29 1 0
171 285 18 29 1 0
570 198 12 16 1 1
1043 266 18 29 1 0
707 207 12 16 1 1
748 145 6 12 1 1
1064 309 18 29 1 0
587 303 18 29 1 0
642 205 12 16 1 1
121 207 12 16 1 1
153 166 17 17 2 1
539 142 6 12 1 1
536 295 18 29 1 0
506 376 30 37 2 0
1162 252 18 29 1 0
1167 278 18 29 1 0
780 262 18 29 1 0
202 216 12 16 1 1
919 207 12 16 1 1
1155 210 12 16 1 1
637 167 17 17 2 1
435 533 59 59 1 0
106 223 12 16 1 1
560 139 6 12 1 1
884 199 12 16 1 1
589 397 30 37 1 0
797 138 6 12 1 1
255 543 59 59 1 0
221 400 30 37 1 0
578 177 17 17 1 1
331 574 59 59 1 0
209 168 17 17 1 1
355 357 30 37 1 0
1122 301 18 29 1 0
422 190 12 16 1 1
448 202 12 16 1 1
336 157 17 17 1 1
126 372 30 37 1 0
665 341 30 37 1 0
998 197 12 16 1 1
30 190 17 17 1 1
65 129 6 12 1 1
503 357 30 37 2 0
678 231 12 16 1 1
1074 405 30 37 1 0
813 184 17 17 2 1
1078 186 17 17 1 1
495 150 6 12 1 1
99 619 59 59 1 0
1024 151 6 12 1 1
542 242 18 29 1 1
313 324 30 37 1 0
211 136 6 12 1 1
670 205 12 16 1 1
470 181 17 17 1 1
631 251 18 29 1 0
986 213 12 16 1 1
1172 293 18 29 1 0
52 643 59 59 1 0
276 201 12 16 1 1
567 266 18 29 2 0
75 204 12 16 1 1
1066 215 12 16 1 1
268 179 17 17 1 1
614 174 17 17 1 1
1048 158 17 17 1 1
787 157 17 17 1 1
415 137 6 12 1 1
96 337 30 37 1 0
853 234 12 16 1 1
383 155 17 17 1 1
389 220 12 16 1 1
120 295 18 29 1 0
52 298 18 29 1 0
584 235 12 16 1 1
776 211 12 16 1 1
934 169 17 17 1 1
84 190 12 16 1 1
834 236 12 16 1 1
403 178 17 17 1 1
488 177 17 17 1 1
909 176 17 17 2 1
421 147 6 12 1 1
591 242 18 29 1 1
472 208 12 16 1 1
1028 231 12 16 1 1
188 168 17 17 1 1
257 293 18 29 1 0
510 154 6 12 1 1
297 140 6 12 1 1
315 149 6 12 1 1
1065 202 12 16 1 1
518 280 18 29 1 0
255 146 6 12 1 1
713 392 30 37 1 0
12 348 30 37 1 0
597 173 17 17 1 1
1112 182 17 17 1 1
147 144 6 12 1 1
843 353 30 37 1 0
555 151 6 12 1 1
966 266 18 29 1 0
313 206 12 16 1 1
764 318 18 29 1 0
3 152 11 14 1 1
373 476 52 59 1 0
1118 206 12 16 1 1
384 204 12 16 1 1
367 245 18 29 1 0
595 271 18 29 1 0
984 230 12 16 1 1
153 184 17 17 1 1
254 310 18 29 1 0
189 141 6 12 1 1
557 269 18 29 2 0
240 193 12 16 1 1
234 161 17 17 1 1
524 186 17 17 1 1
899 267 18 29 1 0
642 177 17 17 1 1
457 184 17 17 1 1
190 194 12 16 1 1
585 212 12 16 1 1
464 270 18 29 1 0
419 248 18 29 1 0
852 269 18 29 1 0
1136 211 12 16 1 1
908 209 12 16 1 1
360 168 17 17 1 1
282 233 12 16 1 1
1043 179 17 17 1 1
818 196 12 16 1 1
394 268 18 29 1 0
819 275 18 29 1 0
335 264 18 29 1 0
238 252 18 29 1 0
1105 341 30 37 1 0
727 196 12 16 1 1
772 178 17 17 1 1
893 125 6 12 1 1
917 324 30 37 1 0
237 220 12 16 1 1
153 308 18 29 1 0
859 308 18 29 1 0
900 240 18 29 1 1
77 177 17 17 1 1
437 172 17 17 1 1
886 167 17 17 1 1
342 144 6 12 1 1
283 143 6 12 1 1
200 193 12 16 1 1
554 177 17 17 1 1
288 154 6 12 1 1
507 140 6 12 1 1
116 184 17 17 2 1
128 242 18 29 1 1
900 174 17 17 2 1
944 420 52 59 1 0
892 752 59 59 1 0
518 244 18 29 1 0
1036 382 30 37 1 0
879 233 12 16 1 1
596 157 17 17 1 1
233 324 30 37 1 0
434 266 18 29 1 0
585 198 12 16 1 1
499 303 18 29 1 0
156 225 12 16 1 1
620 234 12 16 1 1
488 188 17 17 1 1
1147 177 17 17 1 1
899 122 6 12 1 1
915 296 18 29 1 0
915 196 12 16 1 1
66 193 12 16 1 1
793 271 18 29 1 0
887 156 17 17 1 1
265 231 12 16 1 1
348 292 18 29 1 0
165 181 17 17 1 1
545 155 17 17 1 1
639 314 18 29 1 0
760 292 18 29 1 0
567 741 59 59 1 0
526 338 30 37 1 0
280 315 18 29 1 0
813 175 17 17 2 1
235 453 52 59 1 0
385 141 6 12 1 1
328 138 6 12 1 1
646 165 17 17 2 1
748 271 18 29 1 0
1098 152 6 12 1 1
706 430 52 59 1 0
106 184 17 17 2 1
269 204 12 16 1 1
900 161 17 17 1 1
208 261 18 29 1 0
551 217 12 16 1 1
23 440 52 59 1 0
505 210 12 16 1 1
998 294 18 29 1 0
194 185 17 17 1 1
148 165 17 17 2 1
432 225 12 16 1 1
148 151 6 12 1 1
567 143 6 12 1 1
394 152 6 12 1 1
486 271 18 29 1 0
91 266 18 29 1 0
905 142 6 12 1 1
926 234 12 16 1 1
556 138 6 12 1 1
