342 113 12 13 1 1
161 125 12 13 1 0
392 111 6 6 1 1
185 108 6 6 1 1
27 123 12 13 1 0
262 140 12 13 1 0
310 108 6 6 1 1
212 104 6 6 1 1
432 108 6 6 1 1
292 120 12 13 1 0
151 107 6 6 1 1
316 95 6 6 1 1
201 174 28 34 1 0
358 98 6 6 1 1
519 140 12 13 1 0
586 135 14 16 1 0
147 142 12 13 1 0
400 103 6 6 1 1
321 96 6 6 1 1
120 174 28 34 1 0
323 95 6 6 1 1
418 153 28 34 1 0
72 122 12 13 1 0
196 118 12 13 1 1
372 119 12 13 1 0
301 159 28 34 1 0
147 116 12 13 1 1
372 104 6 6 1 1
281 114 12 13 1 1
324 138 12 13 1 0
330 102 6 6 1 1
295 84 6 6 1 1
393 99 6 6 1 1
251 125 12 13 1 0
255 97 6 6 1 1
203 93 6 6 1 1
382 99 6 6 1 1
108 108 10 11 1 1
402 124 12 13 1 0
486 111 6 6 1 1
384 94 6 6 1 1
337 121 12 13 1 0
449 118 12 13 1 1
243 108 6 6 1 1
361 92 6 6 1 1
332 74 6 6 1 1
416 101 6 6 1 1
342 95 6 6 1 1
202 141 12 13 1 0
515 170 28 34 1 0
39 167 28 34 1 0
361 107 6 6 1 1
219 95 6 6 1 1
451 108 6 6 1 1
88 131 12 13 1 0
280 83 6 6 1 1
352 93 6 6 1 1
379 139 12 13 1 0
124 114 12 13 1 1
457 138 12 13 1 0
410 112 6 6 1 1
473 122 12 13 1 0
