658 88 12 11 1 1
1421 130 12 11 1 1
128 7 12 11 1 1
1125 29 12 11 1 1
1982 137 12 11 1 1
1956 28 12 11 1 1
128 728 35 43 1 0
1602 378 19 35 1 1
305 6 12 11 1 1
1816 75 12 11 1 1
997 102 12 11 2 1
1576 276 12 11 1 1
1316 65 12 11 1 1
788 119 12 11 1 1
1088 193 12 11 1 1
2539 129 12 11 1 1
2956 141 12 11 1 1
1372 59 12 11 1 1
335 339 19 35 1 1
2387 29 12 11 1 1
2353 72 12 11 1 1
1923 184 12 11 1 1
1250 71 12 11 1 1
8 181 13 17 1 1
386 360 19 35 1 1
1556 140 12 11 1 1
1446 277 12 11 1 1
2370 18 12 11 1 1
2126 27 12 11 1 1
604 362 19 35 1 1
1868 92 12 11 1 1
2249 210 12 11 1 1
2347 22 12 11 1 1
102 6 12 11 1 1
995 691 35 43 1 0
1731 102 12 11 1 1
192 364 19 35 1 1
1164 70 12 11 1 1
1176 272 12 11 1 1
1390 218 12 11 1 1
1575 401 19 35 1 1
2826 119 12 11 1 1
546 17 12 11 1 1
2632 109 12 11 1 1
190 50 12 11 1 1
1612 27 12 11 1 1
245 320 19 35 1 1
2148 87 12 11 1 1
2514 45 12 11 1 1
1893 97 12 11 1 1
2836 170 12 11 1 1
2695 50 12 11 1 1
1070 55 12 11 1 1
581 80 12 11 1 1
1892 31 12 11 1 1
1979 81 12 11 1 1
1938 38 12 11 1 1
680 166 12 11 1 1
2017 4 12 11 1 1
822 225 12 11 1 1
2712 136 12 11 1 1
1015 75 12 11 1 1
1266 712 35 43 1 0
1486 396 19 35 1 1
209 719 35 43 1 0
1686 248 12 11 1 1
61 320 19 35 1 1
2457 99 12 11 1 1
2654 43 12 11 1 1
623 7 12 11 1 1
804 681 35 43 1 0
2019 170 12 11 1 1
2824 619 28 29 1 0
1359 694 35 43 1 0
1226 176 12 11 1 1
452 354 19 35 1 1
2470 64 12 11 1 1
2638 145 12 11 1 1
473 187 12 11 1 1
1231 51 12 11 1 1
1211 113 12 11 1 1
1324 667 35 43 1 0
250 113 12 11 1 1
66 33 12 11 1 1
313 80 12 11 1 1
289 214 12 11 1 1
398 338 19 35 1 1
2620 18 12 11 1 1
2720 158 12 11 1 1
5 456 19 35 1 1
798 84 12 11 1 1
2289 25 12 11 1 1
2907 626 28 29 1 0
2606 158 12 11 1 1
1351 87 12 11 1 1
263 431 19 35 1 1
1216 281 12 11 1 1
315 99 12 11 1 1
1594 77 12 11 1 1
1303 237 12 11 1 1
1442 85 12 11 1 1
1780 10 12 11 1 1
2448 73 12 11 1 1
2118 354 19 35 1 1
1514 48 12 11 1 1
197 5 12 11 1 1
529 28 12 11 1 1
1864 33 12 11 1 1
1003 102 12 11 2 1
756 667 35 43 1 0
150 486 19 35 1 1
2842 69 12 11 1 1
2816 72 12 11 1 1
1913 361 19 35 1 1
1717 654 35 43 1 0
194 315 19 35 1 1
1329 107 12 11 1 1
1073 184 12 11 1 1
2280 123 12 11 1 1
465 83 12 11 1 1
351 68 12 11 1 1
2446 119 12 11 1 1
1712 76 12 11 1 1
1751 65 12 11 1 1
1199 79 12 11 1 1
1218 204 12 11 1 1
404 155 12 11 1 1
1034 205 12 11 1 1
1583 124 12 11 1 1
1268 99 12 11 1 1
1180 449 19 35 1 1
1751 90 12 11 1 1
2919 166 12 11 1 1
552 441 19 35 1 1
1628 147 12 11 1 1
2573 89 12 11 1 1
580 65 12 11 1 1
2417 103 12 11 1 1
2130 239 12 11 1 1
1187 4 12 11 1 1
1912 85 12 11 1 1
656 165 12 11 1 1
2124 200 12 11 1 1
2315 83 12 11 1 1
2193 205 12 11 1 1
896 192 12 11 1 1
1356 70 12 11 1 1
2151 114 12 11 1 1
46 76 12 11 1 1
429 193 12 11 1 1
1872 267 12 11 1 1
1109 449 19 35 1 1
1305 214 12 11 1 1
775 44 12 11 1 1
1133 77 12 11 1 1
348 382 19 35 1 1
25 476 19 35 1 1
934 70 12 11 1 1
1730 247 12 11 1 1
1792 112 12 11 1 1
1402 3 12 11 1 1
1098 276 12 11 1 1
532 376 19 35 1 1
370 80 12 11 1 1
2372 40 12 11 1 1
1660 74 12 11 1 1
1776 248 12 11 1 1
1920 264 12 11 1 1
1720 334 19 35 1 1
1668 337 19 35 1 1
1647 62 12 11 1 1
851 6 12 11 1 1
1469 98 12 11 1 1
1534 77 12 11 1 1
574 226 12 11 1 1
269 70 12 11 1 1
2591 134 12 11 1 1
2386 91 12 11 1 1
1447 136 12 11 1 1
29 545 23 37 1 1
461 50 12 11 1 1
1819 245 12 11 1 1
1921 2 12 11 1 1
2713 69 12 11 1 1
1070 6 12 11 1 1
1444 9 12 11 1 1
2425 54 12 11 1 1
234 3 12 11 1 1
1725 5 12 11 1 1
2079 77 12 11 1 1
851 82 12 11 1 1
900 85 12 11 1 1
1960 356 19 35 1 1
2163 42 12 11 1 1
2977 116 12 11 1 1
2907 70 12 11 1 1
1531 281 12 11 1 1
1748 155 12 11 1 1
946 187 12 11 1 1
1357 221 12 11 1 1
644 51 12 11 1 1
2053 132 12 11 1 1
691 4 12 11 1 1
475 24 12 11 1 1
850 190 12 11 1 1
2536 100 12 11 1 1
1016 50 12 11 1 1
1665 368 19 35 1 1
387 134 12 11 1 1
120 316 19 35 1 1
428 137 12 11 1 1
1679 661 35 43 1 0
2350 195 12 11 1 1
993 25 12 11 1 1
104 69 12 11 1 1
1786 268 12 11 1 1
2116 473 19 35 1 1
2001 356 19 35 1 1
2911 107 12 11 1 1
1649 399 19 35 1 1
150 170 12 11 1 1
1949 136 12 11 1 1
455 388 19 35 1 1
279 52 12 11 1 1
1892 160 12 11 1 1
1486 497 19 35 1 1
2306 192 12 11 1 1
2590 48 12 11 1 1
461 154 12 11 1 1
282 381 19 35 1 1
2915 307 19 35 1 1
1273 44 12 11 1 1
1688 2 12 11 1 1
1065 89 12 11 1 1
2598 598 28 29 1 0
402 49 12 11 1 1
2284 80 12 11 1 1
1027 5 12 11 1 1
2664 155 12 11 1 1
156 62 12 11 1 1
1682 117 12 11 1 1
1305 76 12 11 1 1
1641 51 12 11 1 1
2081 357 19 35 1 1
123 449 19 35 1 1
1780 656 35 43 1 0
2011 245 12 11 1 1
2741 134 12 11 1 1
615 54 12 11 1 1
2434 11 12 11 1 1
2022 73 12 11 1 1
2677 633 35 43 1 0
1054 112 12 11 1 1
1829 114 12 11 1 1
961 28 12 11 1 1
400 4 12 11 1 1
2900 138 12 11 1 1
1555 661 35 43 1 0
2787 57 12 11 1 1
600 60 12 11 1 1
