238 176 38 46 1 0
32 125 23 33 1 0
84 138 16 26 1 0
58 81 16 26 1 0
511 113 23 26 1 0
335 92 21 23 1 1
523 61 8 10 1 1
165 127 23 23 1 0
353 124 30 30 1 0
285 85 21 23 1 1
512 65 8 10 1 1
461 102 14 14 1 0
3 116 23 33 1 0
329 215 38 46 1 0
595 103 23 26 1 0
508 89 23 26 1 1
481 67 8 10 1 1
492 73 8 10 1 1
98 243 38 46 1 0
48 228 34 40 1 0
321 150 31 25 1 0
193 102 23 23 1 0
224 115 23 23 1 0
58 144 16 26 1 0
395 105 14 14 1 0
134 98 16 26 1 0
479 132 23 26 1 0
477 86 14 14 1 1
590 220 23 26 1 0
472 65 8 10 1 1
467 61 8 10 1 1
359 80 21 23 1 1
403 184 30 30 1 0
453 75 8 10 1 1
155 114 23 23 1 0
549 92 23 26 1 1
6 215 34 40 1 0
490 100 23 26 1 0
529 101 23 26 1 0
341 87 21 23 1 1
459 59 8 10 1 1
341 112 30 30 1 0
562 98 23 26 1 0
453 88 14 14 1 1
179 101 23 23 1 0
298 158 31 25 1 0
212 91 23 23 1 1
272 130 21 23 1 0
428 72 14 14 1 1
146 139 23 23 1 0
188 117 23 23 1 0
214 102 23 23 1 0
528 70 8 10 1 1
358 101 21 23 1 0
305 96 21 23 1 0
122 170 38 46 1 0
283 102 21 23 1 0
64 122 16 26 1 0
407 133 30 30 1 0
320 120 21 23 1 0
72 209 34 40 1 0
275 162 31 25 1 0
422 89 14 14 1 1
442 75 8 10 1 1
175 108 23 23 1 0
466 86 14 14 1 1
480 76 8 10 1 1
441 65 8 10 1 1
384 126 30 30 1 0
346 98 21 23 1 0
268 103 21 23 1 0
542 98 23 26 1 0
422 67 14 14 1 1
161 104 23 23 1 0
242 132 21 23 1 0
373 104 14 14 1 0
394 90 14 14 1 1
8 162 23 33 1 0
526 88 23 26 1 1
544 132 23 26 1 0
46 131 23 33 1 0
265 84 21 23 1 1
427 109 14 14 1 0
520 73 8 10 1 1
200 125 23 23 1 0
181 140 23 23 1 0
415 79 14 14 1 1
504 65 8 10 1 1
118 131 16 26 1 0
182 162 31 25 1 0
17 124 23 33 1 0
447 106 14 14 1 0
333 137 30 30 1 0
229 94 23 23 1 0
390 83 14 14 1 1
491 85 23 26 1 1
16 132 23 33 1 0
510 73 8 10 1 1
320 97 21 23 1 0
244 97 21 23 1 0
142 105 23 23 1 0
295 109 21 23 1 0
377 93 14 14 1 0
437 129 30 30 1 0
