531 153 21 21 1 0
155 75 14 13 1 1
283 49 13 15 1 1
14 60 14 13 1 1
207 63 13 15 1 1
63 68 14 13 1 1
182 235 22 28 1 0
320 91 21 25 1 1
476 129 21 21 1 0
177 83 14 18 1 1
603 162 12 14 1 0
598 314 23 28 1 0
139 65 14 13 1 1
411 62 12 14 1 1
20 131 22 32 1 0
487 146 21 21 1 0
591 234 23 28 1 0
23 103 14 18 1 1
99 67 14 13 1 1
470 37 12 11 1 1
90 120 22 32 1 0
287 190 24 31 1 0
327 155 26 33 1 0
123 23 13 15 1 1
416 143 26 33 1 0
592 203 23 28 1 0
142 93 14 18 1 1
44 69 14 13 1 1
93 20 13 15 1 1
216 195 22 28 1 0
151 23 13 15 1 1
248 59 13 15 1 1
224 48 13 15 1 1
128 284 27 35 1 0
78 179 28 31 1 0
123 130 22 32 1 0
221 155 22 28 1 0
168 73 14 13 1 1
595 214 23 28 1 0
459 59 12 11 1 1
407 94 12 14 1 1
277 86 21 25 1 1
112 66 14 13 1 1
567 235 23 28 1 0
284 67 13 15 1 1
133 103 14 18 1 1
185 189 22 28 1 0
425 14 12 11 1 1
316 55 13 15 1 1
65 155 22 32 1 0
175 106 14 18 1 1
287 153 22 28 1 0
554 255 23 28 1 0
365 120 21 25 1 0
450 165 26 33 1 0
342 123 21 25 1 0
263 124 21 25 1 0
535 188 21 21 1 0
179 175 22 28 1 0
46 114 22 32 1 1
581 117 12 14 1 0
88 83 14 18 1 1
382 64 12 14 1 1
235 78 15 17 1 1
129 82 14 18 1 1
575 94 12 14 1 1
61 173 28 31 1 0
546 105 12 14 1 1
513 54 12 11 1 1
541 202 23 28 1 0
461 146 26 33 1 0
55 352 37 55 1 0
435 71 12 14 1 1
30 53 14 13 1 1
