501 40 11 13 1 1
40 46 5 6 1 1
551 289 46 52 1 0
400 97 14 17 1 0
392 56 11 13 1 1
619 139 14 17 1 0
350 81 11 13 1 1
375 76 11 13 1 1
165 50 5 6 1 1
195 46 5 6 1 1
564 49 11 13 1 1
66 98 13 18 1 0
103 59 5 6 1 1
18 96 13 18 1 0
399 41 11 13 1 1
392 79 11 13 1 1
57 69 5 6 1 1
398 54 11 13 1 1
157 87 13 18 1 0
351 177 25 33 1 0
366 43 11 13 1 1
40 105 13 18 1 0
133 70 5 6 1 1
465 59 11 13 1 1
222 61 5 6 1 1
377 151 25 33 1 0
440 113 14 17 1 1
176 90 13 18 1 0
222 70 5 6 1 1
372 38 11 13 1 1
207 51 5 6 1 1
336 87 14 17 1 1
123 50 5 6 1 1
226 220 25 33 1 0
232 74 5 6 1 1
481 68 11 13 1 1
268 39 0 0 1 1
490 56 11 13 1 1
339 35 11 13 1 1
344 40 11 13 1 1
508 223 25 33 1 0
67 54 5 6 1 1
6 58 0 0 1 1
456 69 11 13 1 1
426 84 14 17 1 1
582 75 11 13 1 1
264 50 0 0 1 1
247 309 46 52 1 0
377 43 11 13 1 1
358 321 46 52 1 0
325 79 11 13 1 1
509 41 11 13 1 1
170 94 13 18 1 0
605 61 11 13 1 1
568 70 11 13 1 1
241 45 5 6 1 1
195 41 5 6 1 1
527 73 11 13 1 1
578 66 11 13 1 1
83 216 25 33 1 0
206 101 13 18 1 0
208 67 5 6 1 1
467 85 14 17 1 1
585 57 11 13 1 1
376 56 11 13 1 1
514 182 25 33 1 0
490 49 11 13 1 1
477 61 11 13 1 1
606 86 14 17 1 1
113 58 5 6 1 1
63 76 5 6 1 1
128 46 5 6 1 1
535 110 14 17 1 1
307 57 0 0 1 1
447 57 11 13 1 1
26 50 5 6 1 1
407 38 11 13 1 1
153 43 5 6 1 1
152 38 5 6 1 1
364 198 25 33 1 0
225 129 13 18 1 0
149 59 5 6 1 1
85 44 5 6 1 1
260 40 0 0 1 1
112 65 5 6 1 1
472 119 14 17 1 0
461 137 14 17 1 0
251 50 5 6 1 1
61 43 5 6 1 1
430 58 11 13 1 1
408 46 11 13 1 1
73 81 5 6 1 1
386 67 11 13 1 1
128 51 5 6 1 1
56 81 5 6 1 1
173 43 5 6 1 1
581 49 11 13 1 1
260 47 0 0 1 1
57 62 5 6 1 1
378 97 14 17 1 0
539 73 11 13 1 1
439 200 25 33 1 0
303 37 0 0 1 1
448 77 11 13 1 1
534 41 11 13 1 1
368 47 11 13 1 1
4 153 25 33 1 0
409 122 14 17 1 0
216 113 13 18 1 0
411 38 11 13 1 1
350 37 11 13 1 1
189 66 5 6 1 1
492 72 11 13 1 1
44 52 5 6 1 1
362 39 11 13 1 1
391 88 14 17 1 1
228 61 5 6 1 1
129 162 25 33 1 0
596 57 11 13 1 1
193 77 5 6 1 1
16 54 5 6 1 1
242 127 13 18 1 0
479 74 11 13 1 1
296 44 22 27 1 0
193 37 5 6 1 1
61 53 5 6 1 1
574 108 14 17 1 1
179 34 5 6 1 1
428 73 11 13 1 1
136 97 13 18 1 0
512 156 25 33 1 0
344 52 11 13 1 1
361 55 11 13 1 1
329 46 11 13 1 1
497 61 11 13 1 1
522 61 11 13 1 1
441 42 11 13 1 1
512 76 11 13 1 1
488 117 14 17 1 0
336 40 11 13 1 1
204 37 5 6 1 1
53 92 13 18 1 0
71 52 5 6 1 1
119 90 13 18 1 0
185 73 5 6 1 1
430 43 11 13 1 1
596 40 11 13 1 1
268 46 0 0 1 1
87 106 13 18 1 0
191 87 13 18 1 0
404 49 11 13 1 1
200 84 5 6 1 1
328 99 14 17 1 1
472 41 11 13 1 1
197 50 5 6 1 1
450 114 14 17 1 0
339 53 11 13 1 1
321 53 11 13 1 1
108 82 5 6 1 0
441 49 11 13 1 1
206 58 5 6 1 1
146 45 5 6 1 1
85 61 5 6 1 1
319 246 25 33 1 0
208 39 5 6 1 1
146 135 13 18 1 0
441 139 14 17 1 0
287 180 25 33 1 0
382 42 11 13 1 1
396 47 11 13 1 1
316 42 0 0 1 1
548 79 11 13 1 1
55 52 5 6 1 1
323 42 11 13 1 1
44 136 13 18 1 0
440 69 11 13 1 1
246 44 5 6 1 1
614 53 11 13 1 1
69 44 5 6 1 1
586 187 25 33 1 0
26 118 13 18 1 0
64 128 13 18 1 0
614 95 14 17 1 1
414 70 11 13 1 1
328 34 11 13 1 1
184 42 5 6 1 1
75 45 5 6 1 1
41 70 5 6 1 1
1 70 4 5 1 1
487 98 14 17 1 1
194 127 13 18 1 0
164 42 5 6 1 1
30 95 13 18 1 0
387 51 11 13 1 1
3 108 10 14 1 0
251 118 13 18 1 0
360 70 11 13 1 1
284 126 10 14 1 0
315 46 0 0 1 1
215 38 5 6 1 1
393 65 11 13 1 1
55 43 5 6 1 1
418 53 11 13 1 1
41 62 5 6 1 1
81 43 5 6 1 1
410 107 14 17 1 0
83 67 5 6 1 1
45 112 13 18 1 0
308 50 0 0 1 1
297 64 0 0 1 1
349 47 11 13 1 1
504 63 11 13 1 1
79 128 13 18 1 0
219 161 25 33 1 0
419 98 14 17 1 1
578 58 11 13 1 1
601 74 11 13 1 1
374 109 14 17 1 0
264 57 0 0 1 1
339 69 11 13 1 1
551 65 11 13 1 1
449 93 14 17 1 1
412 81 11 13 1 1
596 118 14 17 1 0
205 43 5 6 1 1
91 90 13 18 1 0
303 42 0 0 1 1
557 50 11 13 1 1
478 41 11 13 1 1
201 56 5 6 1 1
598 49 11 13 1 1
160 48 5 6 1 1
146 84 5 6 1 0
527 83 14 17 1 1
87 173 25 33 1 0
440 58 11 13 1 1
21 184 25 33 1 0
250 39 5 6 1 1
349 108 14 17 1 0
26 58 5 6 1 1
189 39 5 6 1 1
450 161 25 33 1 0
123 304 46 52 1 0
552 48 11 13 1 1
237 65 5 6 1 1
613 111 14 17 1 1
476 53 11 13 1 1
348 56 11 13 1 1
114 148 25 33 1 0
355 48 11 13 1 1
137 46 5 6 1 1
571 49 11 13 1 1
434 90 14 17 1 1
200 36 5 6 1 1
359 84 14 17 1 1
5 54 0 0 1 1
548 58 11 13 1 1
499 324 46 52 1 0
287 47 22 27 1 0
182 215 25 33 1 0
496 50 11 13 1 1
176 108 13 18 1 0
109 71 5 6 1 0
5 214 25 33 1 0
171 62 5 6 1 1
371 62 11 13 1 1
247 96 13 18 1 0
243 39 5 6 1 1
76 55 5 6 1 1
552 150 25 33 1 0
448 49 11 13 1 1
191 150 25 33 1 0
481 53 11 13 1 1
313 33 0 0 1 1
264 40 0 0 1 1
181 150 25 33 1 0
