316 129 13 15 1 1
202 87 8 9 1 1
305 96 8 9 1 1
100 140 13 15 1 0
381 142 13 15 1 0
151 107 8 9 1 1
251 135 13 15 1 0
194 111 8 9 1 1
184 180 12 15 1 0
473 169 12 15 1 0
101 122 13 15 1 1
371 116 13 15 1 1
350 180 12 15 1 0
176 110 8 9 1 1
255 92 8 9 1 1
59 116 13 15 1 1
295 110 8 9 1 1
124 100 8 9 1 1
266 93 8 9 1 1
299 127 13 15 1 1
281 100 8 9 1 1
266 111 8 9 1 1
397 177 12 15 1 0
307 109 8 9 1 1
62 180 12 15 1 0
239 146 13 15 1 0
125 112 8 9 1 1
197 126 13 15 1 1
226 101 8 9 1 1
341 114 11 13 1 1
420 150 13 15 1 0
130 95 8 9 1 1
420 169 12 15 1 0
182 85 8 9 1 1
404 127 13 15 1 1
128 127 13 15 1 1
33 132 13 15 1 1
142 181 12 15 1 0
170 96 8 9 1 1
165 126 13 15 1 1
64 125 13 15 1 1
210 126 13 15 1 1
248 112 8 9 1 1
397 116 13 15 1 1
113 148 13 15 1 0
310 120 13 15 1 1
277 133 13 15 1 1
340 102 11 13 1 1
232 128 13 15 1 1
277 147 13 15 1 0
365 155 12 15 1 0
235 100 8 9 1 1
327 127 13 15 1 1
371 129 13 15 1 1
448 157 12 15 1 0
344 133 13 15 1 1
224 166 12 15 1 0
290 89 8 9 1 1
161 85 8 9 1 1
321 107 8 9 1 1
177 146 13 15 1 0
199 97 8 9 1 1
139 86 8 9 1 1
142 141 13 15 1 0
227 85 8 9 1 1
91 120 13 15 1 1
223 116 13 15 1 1
263 177 12 15 1 0
