562 343 8 11 1 1
187 484 21 31 1 1
951 467 18 20 1 1
149 132 4 5 1 1
416 263 8 8 1 1
206 136 4 5 1 1
298 323 5 5 1 1
640 418 8 11 1 1
497 223 8 8 1 1
476 219 8 8 1 1
451 273 8 8 1 1
8 483 24 48 1 0
337 309 5 5 1 1
234 212 8 8 1 1
254 81 4 5 1 1
386 219 8 8 1 1
891 518 18 20 1 1
228 474 29 40 1 0
507 258 8 8 1 1
178 203 8 8 1 1
298 70 4 5 1 1
646 528 16 18 1 1
195 139 4 5 1 1
405 306 5 5 1 1
278 195 8 8 1 1
542 561 15 18 1 1
151 572 21 31 1 1
494 305 5 5 1 1
201 110 4 5 1 1
267 81 4 5 1 1
239 186 8 8 1 1
382 305 5 5 1 1
215 105 4 5 1 1
539 264 8 8 1 1
379 220 8 8 1 1
304 81 4 5 1 1
231 109 4 5 1 1
169 214 8 8 1 1
501 526 14 16 1 1
215 204 8 8 1 1
462 361 8 11 1 1
766 364 55 76 1 1
316 81 4 5 1 1
324 312 5 5 1 1
521 263 8 8 1 1
379 257 8 8 1 1
514 333 8 11 1 1
538 401 8 11 1 1
220 183 8 8 1 1
527 472 14 16 1 1
346 306 5 5 1 1
261 77 4 5 1 1
520 509 14 16 1 1
930 511 18 20 1 1
140 142 4 5 1 1
186 136 4 5 1 1
401 295 8 8 1 1
346 317 5 5 1 1
208 185 8 8 1 1
454 224 8 8 1 1
155 531 21 31 1 1
281 83 4 5 1 1
865 513 18 20 1 1
168 130 4 5 1 1
237 110 4 5 1 1
386 323 37 51 1 1
211 124 4 5 1 1
291 200 8 8 1 1
189 111 4 5 1 1
277 110 4 5 1 1
159 132 4 5 1 1
320 193 8 8 1 1
480 313 8 11 1 1
221 132 4 5 1 1
542 343 8 11 1 1
710 550 16 18 1 1
128 196 8 8 1 1
497 470 14 16 1 1
455 298 5 5 1 1
155 232 8 8 1 1
186 123 4 5 1 1
613 449 8 11 1 1
441 303 5 5 1 1
590 524 24 39 1 1
301 547 10 18 1 1
346 205 8 8 1 1
273 521 34 45 1 1
399 277 8 8 1 1
429 335 5 5 1 1
433 220 8 8 1 1
402 220 8 8 1 1
176 146 4 5 1 1
285 177 8 8 1 1
481 347 8 11 1 1
288 80 4 5 1 1
881 477 18 20 1 1
652 443 8 11 1 1
355 310 5 5 1 1
325 76 4 5 1 1
421 306 5 5 1 1
471 303 5 5 1 1
163 194 8 8 1 1
628 422 8 11 1 1
206 203 8 8 1 1
196 227 8 8 1 1
476 529 14 16 1 1
365 245 8 8 1 1
513 211 8 8 1 1
296 181 8 8 1 1
680 540 16 18 1 1
502 295 8 8 1 1
170 172 8 8 1 1
178 133 4 5 1 1
261 189 8 8 1 1
477 260 8 8 1 1
184 220 8 8 1 1
