934 322 17 17 1 0
846 316 10 17 1 0
397 342 14 17 1 0
511 164 3 1 1 0
759 319 14 12 1 0
480 316 24 33 1 0
773 340 56 66 1 0
824 326 20 27 1 0
493 353 59 66 1 0
421 351 8 9 1 0
854 328 10 17 1 0
665 331 11 10 1 0
644 326 11 6 1 0
950 326 17 17 1 0
927 304 0 0 1 0
50 364 48 58 1 0
475 168 3 1 1 0
652 313 11 10 1 0
404 372 24 33 1 0
210 369 27 33 1 0
531 365 24 33 1 0
614 197 3 1 1 0
399 139 3 1 1 0
267 355 36 48 1 0
217 388 27 33 1 0
449 336 24 33 1 0
704 314 23 20 1 0
710 345 23 20 1 0
730 339 23 20 1 0
926 310 0 0 1 0
952 349 24 23 1 0
183 411 30 48 1 0
727 319 14 14 1 0
568 362 23 35 1 0
878 325 10 17 1 0
344 105 17 33 1 0
133 121 20 26 1 0
615 338 11 6 1 0
751 313 14 12 1 0
597 359 24 33 1 0
936 307 0 0 1 0
934 346 24 23 1 0
381 363 20 20 1 0
565 339 23 35 1 0
444 142 3 1 1 0
164 335 36 48 1 0
901 318 31 38 1 0
233 386 27 33 1 0
532 333 24 33 1 0
437 325 8 9 1 0
296 332 36 48 1 0
323 367 7 10 1 0
862 352 31 38 1 0
567 186 3 1 1 0
636 358 21 32 1 0
628 326 11 6 1 0
666 375 56 66 1 0
862 317 10 17 1 0
431 344 8 9 1 0
794 297 20 27 1 0
500 314 24 33 1 0
316 358 7 10 1 0
361 326 38 63 1 0
