1404 356 14 15 1 1
711 311 19 18 1 1
1032 529 39 43 1 0
2111 74 14 15 1 1
1826 362 21 25 1 1
86 141 13 11 1 1
284 145 13 11 1 1
394 131 13 11 1 1
697 266 18 19 1 1
906 60 9 7 1 1
1550 314 14 15 1 1
2236 206 20 19 1 1
348 152 13 11 1 1
1690 615 33 37 1 0
471 70 11 11 1 1
667 267 18 19 1 1
1452 372 14 15 1 1
1739 351 15 15 1 1
1482 666 50 61 1 0
1888 381 21 25 1 1
2192 96 14 15 1 1
868 312 19 18 1 1
2294 207 20 19 1 1
2126 341 20 25 1 1
630 216 10 11 1 1
1788 380 15 15 1 1
2115 42 14 15 1 1
267 81 13 11 1 1
2103 253 19 20 1 1
799 31 9 7 1 1
2248 467 20 25 1 0
582 251 18 20 1 1
111 407 44 61 1 1
1155 341 14 15 1 1
1624 2 10 9 1 1
1822 343 21 25 1 1
754 578 51 65 1 0
2280 337 20 25 1 1
1116 451 39 34 1 0
2145 179 20 19 1 1
274 326 29 34 1 1
2328 185 20 19 1 1
775 270 19 18 1 1
109 161 13 11 1 1
515 233 18 20 1 1
2098 161 20 19 1 1
616 450 32 35 1 0
127 170 13 11 1 1
2172 61 14 15 1 1
1296 575 39 43 1 0
1927 283 19 20 1 1
2245 267 19 20 1 1
331 240 18 19 1 1
817 307 19 18 1 1
450 95 13 11 1 1
1258 370 39 34 1 1
947 343 19 18 1 1
1657 7 10 9 1 1
512 429 44 61 1 0
145 139 13 11 1 1
2209 341 20 25 1 1
1943 52 14 15 1 1
1593 333 15 15 1 1
1754 94 9 7 1 1
616 283 18 20 1 1
201 77 13 11 1 1
2061 97 14 15 1 1
2033 258 19 20 1 1
2173 359 20 25 1 1
1149 126 9 7 1 1
789 289 19 18 1 1
2086 360 19 23 1 1
133 194 18 19 1 1
2188 271 19 20 1 1
624 256 18 20 1 1
234 64 13 11 1 1
69 111 13 11 1 1
2193 201 20 19 1 1
1198 295 14 15 1 1
342 110 13 11 1 1
943 606 51 65 1 0
1531 488 33 37 1 0
1272 598 39 43 1 0
581 559 68 101 1 0
2321 333 20 25 1 1
1972 245 19 20 1 1
1632 320 15 15 1 1
211 59 13 11 1 1
1614 549 33 37 1 0
833 268 19 18 1 1
2168 207 20 19 1 1
2258 179 20 19 1 1
171 122 13 11 1 1
2201 283 19 20 1 1
1641 5 10 9 1 1
88 56 13 11 1 1
297 224 18 19 1 1
1435 355 14 15 1 1
635 267 18 20 1 1
26 331 29 34 1 1
1769 323 15 15 1 1
1046 351 19 20 1 1
2289 44 14 15 1 1
257 449 44 61 1 0
2166 274 19 20 1 1
1262 498 39 43 1 0
485 165 10 11 1 1
2257 312 20 25 1 1
442 115 13 11 1 1
204 130 13 11 1 1
2151 162 20 19 1 1
863 500 32 35 1 0
514 152 10 11 1 1
220 192 18 19 1 1
2007 280 19 20 1 1
334 500 44 61 1 0
2341 489 19 23 1 0
422 481 44 61 1 0
1829 318 21 25 1 1
577 155 10 11 1 1
550 149 10 11 1 1
1007 302 19 18 1 1
2035 283 19 20 1 1
617 239 18 20 1 1
308 195 18 19 1 1
877 282 19 18 1 1
796 266 19 18 1 1
2020 353 21 25 1 1
808 540 32 35 1 0
335 546 47 58 1 0
376 76 13 11 1 1
676 313 19 18 1 1
882 674 51 65 1 0
158 60 13 11 1 1
892 324 19 18 1 1
1370 78 9 7 1 1
924 71 9 7 1 1
557 268 18 20 1 1
2283 213 20 19 1 1
1513 373 18 19 1 1
61 131 13 11 1 1
2357 241 19 19 1 1
130 52 13 11 1 1
997 311 19 18 1 1
431 222 18 19 1 1
1000 347 19 20 1 1
2197 127 14 15 1 1
2078 304 19 20 1 1
2115 197 20 19 1 1
2301 295 19 20 1 1
406 91 13 11 1 1
899 436 32 35 1 0
124 341 29 34 1 1
2084 173 20 19 1 1
266 238 18 19 1 1
886 67 9 7 1 1
140 21 13 11 1 1
247 220 18 19 1 1
162 375 44 61 1 1
1858 280 19 20 1 1
1699 362 15 15 1 1
1290 412 39 34 1 1
758 303 19 18 1 1
406 148 13 11 1 1
775 295 19 18 1 1
527 513 47 58 1 0
2139 188 20 19 1 1
1859 306 21 25 1 1
1956 254 19 20 1 1
1829 555 33 37 1 0
1734 400 31 34 1 1
1224 333 14 15 1 1
1329 389 39 34 1 1
1729 522 33 37 1 0
284 355 29 34 1 1
463 110 11 11 1 1
197 87 13 11 1 1
1960 295 21 25 1 1
1390 364 14 15 1 1
897 283 19 18 1 1
706 421 39 34 1 1
483 429 44 61 1 0
461 260 18 20 1 1
1165 511 39 43 1 0
199 372 44 61 1 1
770 318 19 18 1 1
154 118 13 11 1 1
931 305 19 18 1 1
2104 145 20 19 1 1
1591 318 15 15 1 1
1709 347 15 15 1 1
653 248 18 20 1 1
357 101 13 11 1 1
1835 401 31 34 1 1
767 487 32 35 1 0
2133 19 14 15 1 1
1948 273 19 20 1 1
329 190 18 19 1 1
372 50 13 11 1 1
84 35 13 11 1 1
183 126 13 11 1 1
1713 326 15 15 1 1
535 253 18 20 1 1
75 174 13 11 1 1
2055 252 19 20 1 1
423 188 18 19 1 1
994 530 40 46 1 0
227 127 13 11 1 1
1172 300 14 15 1 1
2265 113 14 15 1 1
29 628 57 108 1 0
280 108 13 11 1 1
2270 82 14 15 1 1
571 291 18 20 1 1
552 288 18 20 1 1
89 104 13 11 1 1
817 277 19 18 1 1
2170 707 81 91 1 0
2344 251 19 19 1 1
2129 521 35 41 1 0
1669 355 15 15 1 1
1548 577 33 37 1 0
1432 234 14 15 1 1
166 27 13 11 1 1
1514 567 33 37 1 0
322 80 13 11 1 1
2214 142 20 19 1 1
35 139 13 11 1 1
21 34 13 11 1 1
948 488 32 35 1 0
259 76 13 11 1 1
1376 350 14 15 1 1
229 159 13 11 1 1
1984 255 19 20 1 1
2171 252 19 20 1 1
487 27 12 11 1 1
2087 233 19 20 1 1
839 39 9 7 1 1
2228 109 14 15 1 1
671 610 68 101 1 0
848 293 19 18 1 1
358 60 13 11 1 1
2229 278 19 20 1 1
304 180 18 19 1 1
1838 307 21 25 1 1
2134 299 19 20 1 1
89 338 29 34 1 1
460 226 10 11 1 1
2105 300 19 20 1 1
1681 522 33 37 1 0
129 108 13 11 1 1
862 287 19 18 1 1
1126 326 21 21 1 1
537 213 10 11 1 1
2015 232 19 20 1 1
246 100 13 11 1 1
2138 112 14 15 1 1
1795 399 31 34 1 1
1140 627 49 64 1 0
2219 303 19 20 1 1
399 350 29 34 1 1
2217 170 20 19 1 1
751 380 39 34 1 1
1897 296 21 25 1 1
258 411 44 61 1 1
439 528 47 58 1 0
1869 346 21 25 1 1
349 449 44 61 1 0
1216 318 14 15 1 1
2127 272 19 20 1 1
2245 502 20 25 1 0
1351 359 39 34 1 1
2191 501 20 25 1 0
225 138 13 11 1 1
285 204 18 19 1 1
1884 332 21 25 1 1
498 202 10 11 1 1
323 119 13 11 1 1
1449 530 39 43 1 0
1394 349 14 15 1 1
380 100 13 11 1 1
807 271 19 18 1 1
525 278 18 20 1 1
1415 501 39 43 1 0
2201 181 20 19 1 1
416 72 13 11 1 1
2124 47 14 15 1 1
905 294 19 18 1 1
2252 192 20 19 1 1
395 233 18 19 1 1
1608 314 15 15 1 1
2337 541 35 41 1 0
961 522 32 35 1 0
1680 330 15 15 1 1
2003 265 19 20 1 1
1882 275 19 20 1 1
1214 576 39 43 1 0
419 31 13 11 1 1
693 281 19 18 1 1
492 378 44 61 1 1
367 24 13 11 1 1
51 85 13 11 1 1
2278 262 19 20 1 1
2048 271 19 20 1 1
2210 156 20 19 1 1
2181 201 20 19 1 1
450 135 10 11 1 1
1731 749 37 43 1 0
12 119 13 11 1 1
1957 347 21 25 1 1
2152 259 19 20 1 1
1310 368 39 34 1 1
1070 354 19 20 1 1
180 218 18 19 1 1
2231 153 20 19 1 1
2128 258 19 20 1 1
1076 633 49 64 1 0
446 379 44 61 1 1
1235 312 14 15 1 1
1374 702 46 58 1 0
1777 339 15 15 1 1
2323 110 14 15 1 1
1982 706 81 91 1 0
198 186 18 19 1 1
186 24 13 11 1 1
384 179 18 19 1 1
2105 326 20 25 1 1
327 20 13 11 1 1
2286 303 19 20 1 1
347 78 13 11 1 1
740 269 19 18 1 1
1897 270 19 20 1 1
198 307 29 34 1 1
2245 240 19 20 1 1
1973 613 81 91 1 0
296 129 13 11 1 1
417 103 12 11 1 1
1406 539 39 43 1 0
964 79 9 7 1 1
2074 186 20 19 1 1
1852 357 21 25 1 1
2096 348 20 25 1 1
307 361 29 34 1 1
1576 434 31 34 1 0
1931 338 21 25 1 1
2322 162 20 19 1 1
1083 532 39 43 1 0
2324 202 20 19 1 1
2049 211 20 19 1 1
19 170 17 16 1 1
2114 149 20 19 1 1
189 106 13 11 1 1
2214 27 14 15 1 1
2152 125 14 15 1 1
1344 202 14 15 1 1
2337 19 14 15 1 1
2061 206 20 19 1 1
1441 675 50 61 1 0
437 190 18 19 1 1
828 328 19 18 1 1
255 162 13 11 1 1
1797 314 15 15 1 1
1782 563 33 37 1 0
1946 387 21 25 1 1
853 268 19 18 1 1
323 50 13 11 1 1
497 120 10 11 1 1
2242 200 20 19 1 1
147 79 13 11 1 1
1435 606 39 43 1 0
1793 431 31 34 1 0
50 67 13 11 1 1
4 84 13 11 1 1
85 512 44 61 1 0
208 90 13 11 1 1
380 60 13 11 1 1
2316 41 14 15 1 1
1270 672 49 64 1 0
2214 70 14 15 1 1
1299 324 14 15 1 1
119 302 29 34 1 1
2330 57 14 15 1 1
604 491 32 35 1 0
2190 38 14 15 1 1
1194 478 39 43 1 0
867 327 19 18 1 1
2088 64 14 15 1 1
2318 32 14 15 1 1
1262 330 14 15 1 1
1783 300 16 17 1 1
626 575 68 101 1 0
1909 284 19 20 1 1
1360 504 39 43 1 0
2289 36 14 15 1 1
2255 335 20 25 1 1
2323 256 19 20 1 1
239 31 13 11 1 1
1237 689 49 64 1 0
1708 381 15 15 1 1
175 544 47 58 1 0
944 294 19 18 1 1
2198 466 20 25 1 0
1708 125 9 7 1 1
2184 245 19 20 1 1
2309 347 20 25 1 1
2147 15 14 15 1 1
495 468 44 61 1 0
216 99 13 11 1 1
2264 171 20 19 1 1
372 365 29 34 1 1
1979 335 21 25 1 1
1759 302 16 17 1 1
1803 304 21 25 1 1
179 178 18 19 1 1
1614 673 50 61 1 0
1744 103 9 7 1 1
1993 285 19 20 1 1
1002 387 39 34 1 1
317 134 13 11 1 1
2255 14 14 15 1 1
682 508 32 35 1 0
1829 680 81 91 1 0
2215 127 14 15 1 1
2075 24 14 15 1 1
224 121 13 11 1 1
989 397 39 34 1 1
2091 279 19 20 1 1
1074 384 39 34 1 1
2224 34 14 15 1 1
1916 342 21 25 1 1
2109 215 20 19 1 1
2019 259 19 20 1 1
196 53 13 11 1 1
385 216 18 19 1 1
2139 74 14 15 1 1
396 31 13 11 1 1
975 297 19 18 1 1
48 395 44 61 1 1
251 140 13 11 1 1
1790 353 15 15 1 1
63 23 13 11 1 1
12 253 29 34 1 1
366 141 13 11 1 1
80 79 13 11 1 1
2362 273 19 21 1 1
1746 326 15 15 1 1
502 272 18 20 1 1
2359 31 14 15 1 1
1831 353 21 25 1 1
867 542 32 35 1 0
2143 340 20 25 1 1
2096 266 19 20 1 1
2269 240 19 20 1 1
995 95 9 7 1 1
2065 263 19 20 1 1
59 283 29 34 1 1
2066 191 20 19 1 1
2354 70 14 15 1 1
2355 347 19 22 1 1
538 191 10 11 1 1
131 469 44 61 1 0
1141 311 14 15 1 1
373 239 18 19 1 1
2054 340 19 22 1 1
