241 665 7 10 1 1
231 609 6 8 1 1
884 635 4 7 1 1
236 689 7 10 1 1
519 569 0 0 1 1
695 640 4 7 1 1
22 760 6 8 1 1
4 642 2 2 1 1
783 635 4 7 1 1
338 679 7 10 1 1
941 576 0 0 1 1
402 609 6 8 1 1
224 702 7 10 1 1
558 783 11 14 1 1
34 567 0 0 1 1
896 638 4 7 1 1
1196 692 7 9 1 1
677 609 4 7 1 1
149 697 7 10 1 1
6 561 0 0 1 1
230 660 7 10 1 1
853 571 0 0 1 1
111 603 6 8 1 1
996 702 7 9 1 1
666 621 4 7 1 1
128 604 6 8 1 1
363 705 7 10 1 1
1180 571 0 0 1 1
1120 593 0 0 1 1
671 625 4 7 1 1
215 687 7 10 1 1
832 760 11 14 1 1
68 661 7 10 1 1
927 688 7 9 1 1
531 573 0 0 1 1
770 611 4 7 1 1
649 713 7 10 1 1
458 557 0 0 1 1
493 565 0 0 1 1
486 575 0 0 1 1
621 585 0 0 1 1
162 622 6 8 1 1
578 772 11 14 1 1
571 684 7 10 1 1
74 565 0 0 1 1
132 685 7 10 1 1
59 610 6 8 1 1
465 706 7 10 1 1
154 639 7 10 1 1
579 705 7 10 1 1
37 739 6 8 1 1
1049 578 0 0 1 1
246 640 7 10 1 1
500 688 7 10 1 1
952 790 11 14 1 1
848 621 4 7 1 1
1163 691 7 9 1 1
1001 699 7 9 1 1
1126 613 4 7 1 1
894 624 4 7 1 1
166 665 7 10 1 1
216 580 0 0 1 1
615 709 7 10 1 1
867 695 7 9 1 1
724 621 4 7 1 1
464 610 6 8 1 1
903 637 4 7 1 1
923 690 7 9 1 1
181 609 6 8 1 1
191 609 6 8 1 1
447 557 0 0 1 1
648 574 0 0 1 1
176 649 7 10 1 1
188 649 7 10 1 1
488 627 6 8 1 1
479 575 0 0 1 1
588 586 0 0 1 1
1060 616 4 7 1 1
1118 621 4 7 1 1
51 632 6 8 1 1
141 692 7 10 1 1
221 611 6 8 1 1
118 652 7 10 1 1
1112 588 0 0 1 1
54 669 7 10 1 1
41 648 7 10 1 1
187 703 7 10 1 1
972 608 4 7 1 1
487 768 11 14 1 1
502 571 0 0 1 1
385 610 6 8 1 1
470 687 7 10 1 1
1034 704 7 9 1 1
244 610 6 8 1 1
990 592 0 0 1 1
922 584 0 0 1 1
112 567 0 0 1 1
449 702 7 10 1 1
537 690 7 10 1 1
238 614 6 8 1 1
1001 794 11 14 1 1
140 607 6 8 1 1
6 632 2 2 1 1
731 750 11 14 1 1
107 697 7 10 1 1
755 605 4 7 1 1
490 573 0 0 1 1
225 580 0 0 1 1
167 626 6 8 1 1
417 704 7 10 1 1
421 614 6 8 1 1
1015 591 0 0 1 1
167 609 6 8 1 1
181 623 6 8 1 1
181 614 6 8 1 1
155 607 6 8 1 1
837 690 7 9 1 1
100 750 6 8 1 1
199 672 7 10 1 1
86 612 6 8 1 1
1026 575 0 0 1 1
211 697 7 10 1 1
332 679 7 10 1 1
72 604 6 8 1 1
432 612 6 8 1 1
1010 595 4 7 1 1
42 604 6 8 1 1
106 601 6 8 1 1
312 675 7 10 1 1
384 682 7 10 1 1
442 689 7 10 1 1
973 587 0 0 1 1
1097 633 4 7 1 1
364 667 7 10 1 1
206 677 7 10 1 1
933 689 7 9 1 1
945 580 0 0 1 1
973 577 0 0 1 1
211 613 6 8 1 1
400 678 7 10 1 1
764 609 4 7 1 1
1089 620 4 7 1 1
2 622 5 1 1 1
148 676 7 10 1 1
23 607 6 8 1 1
90 605 6 8 1 1
271 692 7 10 1 1
259 612 6 8 1 1
252 691 7 10 1 1
124 610 6 8 1 1
1072 616 4 7 1 1
645 622 4 7 1 1
615 686 7 10 1 1
555 682 7 10 1 1
905 576 0 0 1 1
924 789 11 14 1 1
758 705 7 9 1 1
1077 704 7 9 1 1
1181 701 7 9 1 1
148 687 7 10 1 1
176 612 6 8 1 1
261 671 7 10 1 1
326 681 7 10 1 1
993 790 11 14 1 1
193 614 6 8 1 1
857 637 4 7 1 1
198 611 6 8 1 1
446 741 11 14 1 1
968 592 0 0 1 1
101 692 7 10 1 1
288 690 7 10 1 1
394 609 6 8 1 1
993 609 4 7 1 1
1031 595 4 7 1 1
1003 781 11 14 1 1
32 595 6 8 1 1
139 700 7 10 1 1
18 560 0 0 1 1
544 795 11 14 1 1
66 612 6 8 1 1
867 635 4 7 1 1
85 565 0 0 1 1
626 621 4 7 1 1
1050 699 7 9 1 1
1065 685 7 9 1 1
877 639 4 7 1 1
728 725 11 14 1 1
605 609 4 7 1 1
353 674 7 10 1 1
78 611 6 8 1 1
873 685 7 9 1 1
79 650 7 10 1 1
127 579 0 0 1 1
705 631 4 7 1 1
960 591 0 0 1 1
209 617 6 8 1 1
16 695 7 10 1 1
185 674 7 10 1 1
1007 790 11 14 1 1
830 639 4 7 1 1
963 594 0 0 1 1
94 655 7 10 1 1
442 707 7 10 1 1
481 619 6 8 1 1
9 689 7 10 1 1
992 576 0 0 1 1
626 632 4 7 1 1
1178 689 7 9 1 1
114 647 7 10 1 1
39 564 0 0 1 1
607 582 0 0 1 1
876 694 7 9 1 1
771 573 0 0 1 1
283 689 7 10 1 1
179 723 6 8 1 1
494 619 6 8 1 1
121 567 0 0 1 1
874 570 0 0 1 1
748 759 11 14 1 1
1004 577 0 0 1 1
920 616 4 7 1 1
978 593 0 0 1 1
166 719 6 8 1 1
764 578 0 0 1 1
719 622 4 7 1 1
1083 686 7 9 1 1
1151 587 0 0 1 1
668 573 0 0 1 1
937 612 4 7 1 1
434 617 6 8 1 1
661 636 4 7 1 1
659 716 7 10 1 1
516 707 7 10 1 1
242 686 7 10 1 1
890 571 0 0 1 1
860 584 0 0 1 1
122 671 7 10 1 1
204 614 6 8 1 1
15 685 7 10 1 1
475 617 6 8 1 1
977 618 4 7 1 1
112 590 6 8 1 1
110 565 0 0 1 1
46 658 7 10 1 1
823 742 11 14 1 1
202 619 6 8 1 1
259 665 7 10 1 1
926 586 0 0 1 1
84 679 7 10 1 1
611 583 0 0 1 1
27 644 7 10 1 1
771 591 0 0 1 1
553 705 7 10 1 1
65 564 0 0 1 1
16 612 6 8 1 1
32 612 6 8 1 1
376 607 6 8 1 1
429 743 11 14 1 1
763 720 7 9 1 1
41 627 6 8 1 1
1058 702 7 9 1 1
242 603 6 8 1 1
107 628 6 8 1 1
1140 594 0 0 1 1
129 654 7 10 1 1
736 631 4 7 1 1
610 681 7 10 1 1
693 620 4 7 1 1
55 603 6 8 1 1
889 614 4 7 1 1
23 632 6 8 1 1
764 737 11 14 1 1
1042 579 0 0 1 1
32 649 7 10 1 1
171 670 7 10 1 1
1012 581 0 0 1 1
1175 626 4 7 1 1
516 686 7 10 1 1
