1125 521 22 18 1 1
587 533 22 18 1 1
558 433 22 18 1 1
511 642 27 27 1 0
373 558 23 20 1 1
681 502 22 18 1 1
1747 480 22 18 1 1
1191 651 27 27 1 0
30 598 25 24 1 1
465 483 22 18 1 1
1504 472 22 18 1 1
1340 446 22 18 1 1
686 585 27 27 1 1
664 599 27 27 1 1
423 442 22 18 1 1
1543 884 57 73 1 0
1057 468 22 18 1 1
304 520 22 18 1 1
1258 586 27 27 1 1
1409 505 22 18 1 1
773 462 22 18 1 1
1913 608 27 27 1 1
288 634 27 27 1 0
1779 583 27 27 1 1
1095 446 22 18 1 1
551 928 57 73 1 0
128 448 22 18 1 1
1669 521 22 18 1 1
1815 621 27 27 1 0
1082 659 27 27 1 0
233 896 57 73 1 0
1515 503 22 18 1 1
522 479 22 18 1 1
364 494 22 18 1 1
50 565 27 27 1 1
1768 604 27 27 1 1
665 548 22 18 1 1
394 868 57 73 1 0
1710 659 27 27 1 0
525 493 22 18 1 1
795 473 22 18 1 1
1575 448 22 18 1 1
1550 414 22 18 1 1
1512 484 22 18 1 1
7 477 22 18 1 1
201 524 22 18 1 1
812 473 22 18 1 1
924 741 27 27 1 0
1445 568 27 27 1 1
243 504 22 18 1 1
1453 590 27 27 1 1
997 465 22 18 1 1
1052 591 27 27 1 1
170 626 27 27 1 0
1836 534 22 18 1 1
1263 511 22 18 1 1
154 522 22 18 1 1
427 525 22 18 1 1
801 484 22 18 1 1
1566 443 22 18 1 1
1568 542 22 18 1 1
1581 529 22 18 1 1
26 570 24 22 1 1
631 500 22 18 1 1
1131 584 27 27 1 1
717 502 22 18 1 1
470 775 57 73 1 0
1860 628 27 27 1 0
49 616 27 27 1 0
143 936 57 73 1 0
853 558 24 22 1 1
1050 482 22 18 1 1
1902 495 22 18 1 1
1898 463 22 18 1 1
266 543 22 18 1 1
229 605 27 27 1 1
470 654 27 27 1 0
473 442 22 18 1 1
1003 437 22 18 1 1
1068 416 22 18 1 1
759 467 22 18 1 1
911 568 27 27 1 1
1083 545 22 18 1 1
1475 635 27 27 1 0
886 614 27 27 1 0
685 922 57 73 1 0
692 521 22 18 1 1
1176 509 22 18 1 1
310 467 22 18 1 1
527 443 22 18 1 1
644 455 22 18 1 1
845 608 27 27 1 1
428 500 22 18 1 1
127 459 22 18 1 1
1127 642 27 27 1 0
835 460 22 18 1 1
1174 550 22 18 1 1
741 498 22 18 1 1
553 786 57 73 1 0
856 627 27 27 1 0
45 449 22 18 1 1
1143 510 22 18 1 1
43 699 27 27 1 0
1908 552 24 22 1 1
680 451 22 18 1 1
910 464 22 18 1 1
512 486 22 18 1 1
1115 446 22 18 1 1
988 488 22 18 1 1
738 852 57 73 1 0
1256 916 57 73 1 0
1260 433 22 18 1 1
1028 562 23 20 1 1
1064 616 27 27 1 0
196 592 27 27 1 1
447 444 22 18 1 1
1533 743 27 27 1 0
1181 678 27 27 1 0
639 485 22 18 1 1
1425 900 57 73 1 0
874 590 27 27 1 1
59 462 22 18 1 1
1296 472 22 18 1 1
1620 488 22 18 1 1
1100 547 22 18 1 1
362 524 22 18 1 1
1775 1053 57 73 1 0
1394 692 27 27 1 0
1308 532 22 18 1 1
1099 476 22 18 1 1
1430 430 22 18 1 1
1217 986 57 73 1 0
784 479 22 18 1 1
1655 571 27 27 1 1
668 1045 57 73 1 0
353 550 22 18 1 1
1484 533 22 18 1 1
1731 578 27 27 1 1
1782 567 27 27 1 1
1292 888 57 73 1 0
460 738 27 27 1 0
405 566 27 27 1 1
1167 480 22 18 1 1
804 531 22 18 1 1
1322 479 22 18 1 1
405 530 22 18 1 1
1677 633 27 27 1 0
1147 631 27 27 1 0
566 633 27 27 1 0
207 494 22 18 1 1
607 522 22 18 1 1
786 448 22 18 1 1
624 943 57 73 1 0
646 542 22 18 1 1
1203 472 22 18 1 1
353 487 22 18 1 1
232 565 27 27 1 1
718 590 27 27 1 1
880 497 22 18 1 1
209 684 27 27 1 0
13 663 27 27 1 0
654 515 22 18 1 1
652 498 22 18 1 1
900 548 22 18 1 1
24 551 22 18 1 1
1671 440 22 18 1 1
113 462 22 18 1 1
139 645 27 27 1 0
53 523 22 18 1 1
1442 662 27 27 1 0
802 465 22 18 1 1
877 572 27 27 1 1
1061 438 22 18 1 1
864 1027 57 73 1 0
1362 519 22 18 1 1
1807 511 22 18 1 1
28 486 22 18 1 1
1720 606 27 27 1 1
1297 563 22 18 1 1
1763 624 27 27 1 0
1179 529 22 18 1 1
557 579 27 27 1 1
915 454 22 18 1 1
866 518 22 18 1 1
1533 1048 57 73 1 0
600 469 22 18 1 1
693 555 22 18 1 1
1905 479 22 18 1 1
129 574 27 27 1 1
77 563 24 22 1 1
1733 552 22 18 1 1
141 530 22 18 1 1
1025 499 22 18 1 1
1433 462 22 18 1 1
1683 467 22 18 1 1
390 667 27 27 1 0
1488 513 22 18 1 1
1785 548 22 18 1 1
429 925 57 73 1 0
888 467 22 18 1 1
1248 438 22 18 1 1
1090 462 22 18 1 1
1319 555 22 18 1 1
1888 499 22 18 1 1
1092 530 22 18 1 1
865 747 57 73 1 0
543 454 22 18 1 1
1378 592 27 27 1 1
1022 1058 57 73 1 0
1032 507 22 18 1 1
140 578 27 27 1 1
649 567 27 27 1 1
94 549 22 18 1 1
305 545 22 18 1 1
1881 558 24 22 1 1
832 882 57 73 1 0
1388 632 27 27 1 0
662 691 27 27 1 0
963 450 22 18 1 1
1070 486 22 18 1 1
1606 445 22 18 1 1
1729 464 22 18 1 1
593 645 27 27 1 0
1800 489 22 18 1 1
1192 567 27 27 1 1
642 470 22 18 1 1
604 795 57 73 1 0
1873 597 27 27 1 1
1111 559 25 24 1 1
180 555 22 18 1 1
1154 466 22 18 1 1
1474 514 22 18 1 1
722 620 27 27 1 0
963 491 22 18 1 1
1415 548 22 18 1 1
216 514 22 18 1 1
603 664 27 27 1 0
1765 479 22 18 1 1
1706 453 22 18 1 1
1210 568 27 27 1 1
731 552 22 18 1 1
626 822 57 73 1 0
429 597 27 27 1 1
946 563 23 20 1 1
1910 442 22 18 1 1
1429 536 22 18 1 1
1120 485 22 18 1 1
281 675 27 27 1 0
1900 521 22 18 1 1
1622 596 27 27 1 1
1378 438 22 18 1 1
552 468 22 18 1 1
1647 435 22 18 1 1
342 678 27 27 1 0
1135 497 22 18 1 1
624 481 22 18 1 1
92 681 27 27 1 0
1568 491 22 18 1 1
1012 448 22 18 1 1
713 565 27 27 1 1
110 563 24 22 1 1
1863 569 27 27 1 1
495 562 23 20 1 1
1912 699 27 27 1 0
1348 488 22 18 1 1
700 497 22 18 1 1
176 472 22 18 1 1
1521 436 22 18 1 1
68 688 27 27 1 0
1779 473 22 18 1 1
1706 547 22 18 1 1
1239 606 27 27 1 1
1443 499 22 18 1 1
204 511 22 18 1 1
1244 483 22 18 1 1
1647 492 22 18 1 1
1135 530 22 18 1 1
1650 505 22 18 1 1
1059 494 22 18 1 1
1391 515 22 18 1 1
987 472 22 18 1 1
1257 536 22 18 1 1
339 842 57 73 1 0
186 855 57 73 1 0
578 663 27 27 1 0
1264 490 22 18 1 1
1327 720 27 27 1 0
1614 465 22 18 1 1
1058 700 27 27 1 0
871 484 22 18 1 1
1746 437 22 18 1 1
1260 455 22 18 1 1
1233 509 22 18 1 1
253 706 27 27 1 0
33 633 27 27 1 0
894 451 22 18 1 1
1322 618 27 27 1 0
798 507 22 18 1 1
1590 481 22 18 1 1
1484 595 27 27 1 1
1681 739 27 27 1 0
667 467 22 18 1 1
1686 522 22 18 1 1
740 564 27 27 1 1
935 484 22 18 1 1
569 503 22 18 1 1
1575 765 57 73 1 0
1371 966 57 73 1 0
373 454 22 18 1 1
762 495 22 18 1 1
586 495 22 18 1 1
1540 551 22 18 1 1
650 717 27 27 1 0
1362 454 22 18 1 1
758 658 27 27 1 0
220 543 22 18 1 1
1476 462 22 18 1 1
1653 519 22 18 1 1
578 556 22 18 1 1
658 453 22 18 1 1
531 504 22 18 1 1
787 566 27 27 1 1
278 594 27 27 1 1
1389 458 22 18 1 1
1316 458 22 18 1 1
368 469 22 18 1 1
394 442 22 18 1 1
1309 625 27 27 1 0
1060 446 22 18 1 1
1607 501 22 18 1 1
912 477 22 18 1 1
438 766 57 73 1 0
137 489 22 18 1 1
329 616 27 27 1 0
851 498 22 18 1 1
1828 751 57 73 1 0
163 504 22 18 1 1
451 575 27 27 1 1
1477 686 27 27 1 0
1041 617 27 27 1 0
162 512 22 18 1 1
430 469 22 18 1 1
907 450 22 18 1 1
16 543 23 20 1 1
144 475 22 18 1 1
384 500 22 18 1 1
475 555 22 18 1 1
998 474 22 18 1 1
709 726 27 27 1 0
1190 746 57 73 1 0
1848 486 22 18 1 1
991 566 27 27 1 1
417 464 22 18 1 1
66 553 22 18 1 1
1873 498 22 18 1 1
573 470 22 18 1 1
520 462 22 18 1 1
494 690 27 27 1 0
1289 510 22 18 1 1
1529 460 22 18 1 1
337 471 22 18 1 1
460 501 22 18 1 1
470 590 27 27 1 1
1755 501 22 18 1 1
872 697 27 27 1 0
1597 433 22 18 1 1
181 524 22 18 1 1
4 986 57 73 1 0
525 573 27 27 1 1
319 563 24 22 1 1
1867 466 22 18 1 1
240 525 22 18 1 1
653 483 22 18 1 1
240 548 22 18 1 1
1904 986 57 73 1 0
105 643 27 27 1 0
1791 664 27 27 1 0
56 505 22 18 1 1
492 469 22 18 1 1
236 778 57 73 1 0
1035 525 22 18 1 1
1228 494 22 18 1 1
205 625 27 27 1 0
635 585 27 27 1 1
1021 658 27 27 1 0
1771 499 22 18 1 1
1552 675 27 27 1 0
1787 433 22 18 1 1
1826 454 22 18 1 1
817 487 22 18 1 1
969 893 57 73 1 0
1723 634 27 27 1 0
166 593 27 27 1 1
1620 571 27 27 1 1
718 523 22 18 1 1
1143 550 22 18 1 1
1419 746 57 73 1 0
282 553 22 18 1 1
1395 427 22 18 1 1
1498 537 22 18 1 1
1633 675 27 27 1 0
1001 714 27 27 1 0
856 780 57 73 1 0
1656 626 27 27 1 0
1536 493 22 18 1 1
1345 567 27 27 1 1
603 484 22 18 1 1
940 526 22 18 1 1
955 604 27 27 1 1
1580 511 22 18 1 1
880 452 22 18 1 1
1623 507 22 18 1 1
417 813 57 73 1 0
1602 624 27 27 1 0
605 619 27 27 1 0
758 596 27 27 1 1
787 466 22 18 1 1
462 622 27 27 1 0
277 478 22 18 1 1
80 544 22 18 1 1
1811 551 22 18 1 1
90 618 27 27 1 0
1418 604 27 27 1 1
1866 427 22 18 1 1
1311 495 22 18 1 1
488 453 22 18 1 1
59 483 22 18 1 1
928 520 22 18 1 1
414 490 22 18 1 1
614 546 22 18 1 1
927 535 22 18 1 1
776 531 22 18 1 1
669 640 27 27 1 0
870 544 22 18 1 1
726 493 22 18 1 1
1040 442 22 18 1 1
1050 448 22 18 1 1
125 470 22 18 1 1
362 447 22 18 1 1
1155 593 27 27 1 1
1650 606 27 27 1 1
1476 439 22 18 1 1
1896 878 57 73 1 0
710 451 22 18 1 1
1018 473 22 18 1 1
1879 452 22 18 1 1
105 484 22 18 1 1
536 481 22 18 1 1
1449 524 22 18 1 1
285 463 22 18 1 1
1343 819 57 73 1 0
123 671 27 27 1 0
831 554 22 18 1 1
1717 423 22 18 1 1
94 563 24 22 1 1
764 556 22 18 1 1
73 588 27 27 1 1
286 525 22 18 1 1
1768 897 57 73 1 0
1194 504 22 18 1 1
1266 616 27 27 1 0
27 506 22 18 1 1
1275 647 27 27 1 0
499 592 27 27 1 1
142 457 22 18 1 1
1656 1038 57 73 1 0
1594 466 22 18 1 1
1583 466 22 18 1 1
1687 455 22 18 1 1
1393 492 22 18 1 1
1633 710 27 27 1 0
365 630 27 27 1 0
1308 443 22 18 1 1
223 693 27 27 1 0
174 446 22 18 1 1
822 522 22 18 1 1
828 467 22 18 1 1
115 522 22 18 1 1
1242 520 22 18 1 1
927 495 22 18 1 1
703 660 27 27 1 0
1361 440 22 18 1 1
1152 918 57 73 1 0
595 508 22 18 1 1
781 517 22 18 1 1
374 541 22 18 1 1
125 485 22 18 1 1
988 624 27 27 1 0
1087 508 22 18 1 1
1332 534 22 18 1 1
1370 548 22 18 1 1
620 458 22 18 1 1
1069 447 22 18 1 1
1489 449 22 18 1 1
1886 543 22 18 1 1
1326 447 22 18 1 1
1114 576 27 27 1 1
92 596 27 27 1 1
557 557 22 18 1 1
626 555 22 18 1 1
1164 755 57 73 1 0
29 463 22 18 1 1
1100 462 22 18 1 1
1761 438 22 18 1 1
550 524 22 18 1 1
1232 627 27 27 1 0
81 492 22 18 1 1
1847 582 27 27 1 1
1090 436 22 18 1 1
22 527 23 20 1 1
1014 627 27 27 1 0
1273 529 22 18 1 1
907 664 27 27 1 0
109 474 22 18 1 1
1817 579 27 27 1 1
1505 431 22 18 1 1
96 785 57 73 1 0
211 577 27 27 1 1
837 677 27 27 1 0
488 857 57 73 1 0
367 544 22 18 1 1
1088 568 27 27 1 1
1320 509 22 18 1 1
1380 534 22 18 1 1
424 553 22 18 1 1
582 517 22 18 1 1
1114 858 57 73 1 0
1549 532 22 18 1 1
1043 646 27 27 1 0
1371 504 22 18 1 1
1291 494 22 18 1 1
1428 585 27 27 1 1
534 554 22 18 1 1
971 603 27 27 1 1
1084 470 22 18 1 1
1360 594 27 27 1 1
920 916 57 73 1 0
632 528 22 18 1 1
1325 494 22 18 1 1
610 732 27 27 1 0
1882 464 22 18 1 1
1409 666 27 27 1 0
195 445 22 18 1 1
1489 609 27 27 1 1
1026 452 22 18 1 1
606 752 57 73 1 0
324 457 22 18 1 1
263 513 22 18 1 1
1232 536 22 18 1 1
1648 547 22 18 1 1
1210 497 22 18 1 1
217 556 22 18 1 1
693 605 27 27 1 1
991 680 27 27 1 0
1392 561 24 22 1 1
1364 767 57 73 1 0
891 442 22 18 1 1
33 784 57 73 1 0
1707 492 22 18 1 1
381 448 22 18 1 1
826 657 27 27 1 0
966 510 22 18 1 1
508 452 22 18 1 1
1295 537 22 18 1 1
1435 448 22 18 1 1
343 509 22 18 1 1
1162 447 22 18 1 1
1193 535 22 18 1 1
1861 798 57 73 1 0
1189 489 22 18 1 1
999 507 22 18 1 1
807 436 22 18 1 1
907 522 22 18 1 1
984 509 22 18 1 1
154 475 22 18 1 1
148 665 27 27 1 0
564 443 22 18 1 1
474 575 27 27 1 1
1512 555 22 18 1 1
1864 479 22 18 1 1
113 759 57 73 1 0
1482 491 22 18 1 1
1524 527 22 18 1 1
1587 432 22 18 1 1
980 523 22 18 1 1
1604 458 22 18 1 1
226 652 27 27 1 0
1844 441 22 18 1 1
139 481 22 18 1 1
1005 487 22 18 1 1
1296 440 22 18 1 1
1416 468 22 18 1 1
1534 589 27 27 1 1
1563 476 22 18 1 1
581 598 27 27 1 1
301 591 27 27 1 1
819 600 27 27 1 1
356 724 27 27 1 0
1004 526 22 18 3 1
1400 473 22 18 1 1
336 587 27 27 1 1
397 478 22 18 1 1
1436 790 57 73 1 0
1756 657 27 27 1 0
442 509 22 18 1 1
1711 810 57 73 1 0
1068 639 27 27 1 0
1244 662 27 27 1 0
482 517 22 18 1 1
610 705 27 27 1 0
411 513 22 18 1 1
457 547 22 18 1 1
1726 681 27 27 1 0
747 517 22 18 1 1
1222 604 27 27 1 1
1200 856 57 73 1 0
439 702 27 27 1 0
1421 447 22 18 1 1
1293 682 27 27 1 0
1351 682 27 27 1 0
513 515 22 18 1 1
1841 455 22 18 1 1
1818 647 27 27 1 0
281 809 57 73 1 0
732 664 27 27 1 0
1715 507 22 18 1 1
406 451 22 18 1 1
1067 537 22 18 1 1
792 497 22 18 1 1
1833 547 22 18 1 1
1261 548 22 18 1 1
822 500 22 18 1 1
1159 527 22 18 1 1
731 464 22 18 1 1
192 649 27 27 1 0
86 520 22 18 1 1
397 700 27 27 1 0
748 585 27 27 1 1
251 597 27 27 1 1
1460 509 22 18 1 1
1869 535 22 18 1 1
761 525 22 18 1 1
194 569 27 27 1 1
1395 599 27 27 1 1
1181 483 22 18 1 1
380 656 27 27 1 0
1151 498 22 18 1 1
1174 612 27 27 1 0
1772 516 22 18 1 1
1833 510 22 18 1 1
885 564 27 27 1 1
805 559 23 20 1 1
669 770 57 73 1 0
1058 802 57 73 1 0
144 561 24 22 1 1
1017 461 22 18 1 1
1090 495 22 18 1 1
1281 472 22 18 1 1
547 602 27 27 1 1
1017 526 22 18 1 1
481 536 22 18 1 1
1085 602 27 27 1 1
1072 508 22 18 1 1
1299 808 57 73 1 0
791 547 22 18 1 1
513 545 22 18 1 1
1200 524 22 18 1 1
906 468 22 18 1 1
1687 483 22 18 1 1
772 478 22 18 1 1
159 453 22 18 1 1
357 584 27 27 1 1
918 597 27 27 1 1
1137 487 22 18 1 1
1557 520 22 18 1 1
972 461 22 18 1 1
490 1047 57 73 1 0
556 543 22 18 1 1
1483 555 22 18 1 1
1141 436 22 18 1 1
1730 497 22 18 1 1
523 452 22 18 1 1
1562 591 27 27 1 1
1220 441 22 18 1 1
1332 457 22 18 1 1
1247 564 27 27 1 1
929 463 22 18 1 1
744 632 27 27 1 0
1514 635 27 27 1 0
632 451 22 18 1 1
117 994 57 73 1 0
1523 989 57 73 1 0
1465 534 22 18 1 1
1252 467 22 18 1 1
984 436 22 18 1 1
153 698 27 27 1 0
1459 451 22 18 1 1
184 461 22 18 1 1
1523 547 22 18 1 1
1700 429 22 18 1 1
1549 490 22 18 1 1
264 557 22 18 1 1
413 595 27 27 1 1
412 969 57 73 1 0
337 457 22 18 1 1
1910 456 22 18 1 1
1679 655 27 27 1 0
707 544 22 18 1 1
614 475 22 18 1 1
106 576 27 27 1 1
1771 688 27 27 1 0
1216 510 22 18 1 1
799 646 27 27 1 0
330 551 22 18 1 1
695 464 22 18 1 1
764 760 57 73 1 0
527 470 22 18 1 1
880 444 22 18 1 1
974 556 22 18 1 1
1123 688 27 27 1 0
6 502 22 18 1 1
1637 958 57 73 1 0
290 702 27 27 1 0
391 511 22 18 1 1
196 553 22 18 1 1
114 448 22 18 1 1
1363 627 27 27 1 0
788 707 27 27 1 0
1109 500 22 18 1 1
1075 465 22 18 1 1
1686 554 22 18 1 1
618 574 27 27 1 1
328 486 22 18 1 1
1450 623 27 27 1 0
582 740 27 27 1 0
1773 458 22 18 1 1
514 605 27 27 1 1
839 535 22 18 1 1
1101 523 22 18 1 1
840 719 27 27 1 0
482 723 27 27 1 0
1302 744 57 73 1 0
1032 486 22 18 1 1
77 452 22 18 1 1
88 467 22 18 1 1
1712 465 22 18 1 1
402 546 22 18 1 1
1082 446 22 18 1 1
1299 628 27 27 1 0
1591 653 27 27 1 0
1727 719 27 27 1 0
1598 537 22 18 1 1
150 750 57 73 1 0
271 578 27 27 1 1
1600 603 27 27 1 1
1246 874 57 73 1 0
644 624 27 27 1 0
