132 115 10 9 1 1
616 145 9 11 1 1
288 97 24 28 1 0
682 155 9 11 1 1
598 161 9 11 1 1
57 208 11 16 1 1
103 288 16 23 1 1
135 136 9 11 1 1
766 270 16 23 1 1
274 57 24 28 1 0
703 342 32 37 1 0
436 119 24 28 1 0
113 186 9 11 1 1
145 168 9 11 1 1
32 381 32 37 1 0
722 215 11 16 1 1
579 226 11 16 1 1
556 171 9 11 1 1
694 285 16 23 1 0
729 189 9 11 1 1
545 185 9 11 1 1
771 295 16 23 1 0
718 154 9 11 1 1
105 344 32 37 1 0
165 144 9 11 1 1
644 166 9 11 1 1
94 165 9 11 1 1
530 162 9 11 1 1
597 201 11 16 1 1
669 192 9 11 1 1
20 237 10 13 1 1
131 201 11 16 1 1
629 197 9 11 1 1
40 182 9 11 1 1
555 132 9 11 1 1
751 217 11 16 1 1
684 194 9 11 1 1
768 164 9 11 1 1
600 184 9 11 1 1
579 184 9 11 1 1
599 307 16 23 1 0
45 243 11 16 1 1
62 183 9 11 1 1
81 212 11 16 1 1
648 222 11 16 1 1
85 153 9 11 1 1
19 171 10 13 1 1
657 356 32 37 1 0
542 159 9 11 1 1
702 395 32 37 1 0
476 107 24 28 1 0
125 239 11 16 1 1
383 106 24 28 1 0
58 314 16 23 1 1
734 242 11 16 1 1
627 180 9 11 1 1
723 235 11 16 1 1
701 142 9 11 1 1
