466 509 3 1 1 1
891 1338 5 5 1 1
549 296 3 1 1 1
592 250 3 1 1 1
910 900 4 4 1 1
446 190 2 3 1 1
1049 1204 5 5 1 1
1151 1918 5 5 1 1
1070 1356 5 5 1 1
947 1310 5 5 1 1
377 230 2 3 1 1
1027 1470 5 5 1 1
721 980 4 4 1 1
823 770 4 4 1 1
1047 975 4 4 1 1
424 286 3 1 1 1
442 365 3 1 1 1
470 321 3 1 1 1
879 1226 5 5 1 1
666 880 4 4 1 1
564 666 3 1 1 1
874 1333 5 5 1 1
545 119 2 3 1 1
558 105 2 3 1 1
1138 1288 5 5 1 1
721 753 4 4 1 1
512 464 3 1 1 1
1115 1743 5 5 1 1
1263 1590 5 5 1 1
1316 1379 5 5 1 1
570 144 2 3 1 1
351 441 3 1 1 1
1237 1914 5 5 1 1
1107 1504 5 5 1 1
383 333 3 1 1 1
1155 1815 5 5 1 1
758 609 3 1 1 1
810 1289 5 5 1 1
1264 1526 5 5 1 1
460 208 2 3 1 1
1283 1801 5 5 1 1
539 412 3 1 1 1
1163 1782 5 5 1 1
456 404 3 1 1 1
581 201 2 3 1 1
459 473 3 1 1 1
448 258 3 1 1 1
436 224 2 3 1 1
557 200 2 3 1 1
409 547 3 1 1 1
880 1324 5 5 1 1
387 282 3 1 1 1
959 1060 4 4 1 1
956 1410 5 5 1 1
618 177 2 3 1 1
671 560 3 1 1 1
929 887 4 4 1 1
907 1283 5 5 1 1
701 491 3 1 1 1
1074 1392 5 5 1 1
564 448 3 1 1 1
550 89 2 3 1 1
404 223 2 3 1 1
427 429 3 1 1 1
898 1227 5 5 1 1
634 768 4 4 1 1
516 475 3 1 1 1
562 717 3 1 1 1
889 1307 5 5 1 1
795 804 4 4 1 1
578 435 3 1 1 1
1077 1687 5 5 1 1
761 989 4 4 1 1
610 454 3 1 1 1
429 252 3 1 1 1
442 541 3 1 1 1
1111 1761 5 5 1 1
1499 42 3 1 1 0
469 491 3 1 1 1
632 838 4 4 1 1
372 526 3 1 1 1
1178 1825 5 5 1 1
488 278 3 1 1 1
1529 82 3 1 1 0
634 796 4 4 1 1
741 637 3 1 1 1
573 276 3 1 1 1
1358 8 3 1 1 1
363 440 3 1 1 1
478 283 3 1 1 1
780 761 4 4 1 1
555 444 3 1 1 1
481 511 3 1 1 1
573 253 3 1 1 1
462 255 3 1 1 1
484 317 3 1 1 1
468 593 3 1 1 1
443 274 3 1 1 1
633 167 2 3 1 1
488 649 3 1 1 1
1645 303 3 1 1 0
480 559 3 1 1 1
590 644 3 1 1 1
679 306 3 1 1 1
1125 1264 5 5 1 1
458 289 3 1 1 1
525 383 3 1 1 1
639 342 3 1 1 1
604 184 2 3 1 1
811 807 4 4 1 1
519 457 3 1 1 1
785 937 4 4 1 1
530 548 3 1 1 1
1402 69 3 1 1 1
894 1378 5 5 1 1
576 408 3 1 1 1
917 1395 5 5 1 1
903 1430 5 5 1 1
626 496 3 1 1 1
668 979 4 4 1 1
533 326 3 1 1 1
417 311 3 1 1 1
887 1050 4 4 1 1
459 381 3 1 1 1
1584 530 3 1 1 0
846 883 4 4 1 1
713 739 4 4 1 1
521 561 3 1 1 1
1333 72 3 1 1 1
1195 1741 5 5 1 1
254 583 3 1 1 1
860 1188 5 5 1 1
583 493 3 1 1 1
494 173 2 3 1 1
404 293 3 1 1 1
516 361 3 1 1 1
1639 400 3 1 1 0
886 1366 5 5 1 1
362 387 3 1 1 1
885 1226 5 5 1 1
541 239 2 1 1 1
487 322 3 1 1 1
1022 1429 5 5 1 1
458 388 3 1 1 1
531 225 2 3 1 1
618 488 3 1 1 1
711 313 3 1 1 1
534 283 3 1 1 1
695 605 3 1 1 1
466 285 3 1 1 1
401 561 3 1 1 1
1439 704 3 2 1 0
913 1259 5 5 1 1
573 445 3 1 1 1
850 1292 5 5 1 1
333 456 3 1 1 1
378 504 3 1 1 1
1249 1645 5 5 1 1
444 330 3 1 1 1
1165 1336 5 5 1 1
688 940 4 4 1 1
580 254 3 1 1 1
555 182 2 3 1 1
617 324 3 1 1 1
1189 1543 5 5 1 1
1202 1824 5 5 1 1
621 497 3 1 1 1
552 530 3 1 1 1
955 692 3 1 1 1
549 636 3 1 1 1
1338 421 3 1 1 1
457 493 3 1 1 1
1612 343 3 1 1 0
1152 1379 5 5 1 1
1137 1429 5 5 1 1
1270 1388 5 5 1 1
1411 75 3 1 1 1
1112 1330 5 5 1 1
749 812 4 4 1 1
1354 591 3 1 1 1
520 508 3 1 1 1
1007 1556 5 5 1 1
1021 1121 4 4 1 1
446 326 3 1 1 1
403 422 3 1 1 1
577 358 3 1 1 1
596 283 3 1 1 1
849 899 4 4 1 1
739 675 3 1 1 1
413 402 3 1 1 1
1289 1948 5 5 1 1
580 403 3 1 1 1
849 916 4 4 1 1
1315 1316 5 5 1 1
787 331 3 1 1 1
611 746 4 4 1 1
1339 47 3 1 1 1
814 759 4 4 1 1
506 377 3 1 1 1
742 760 4 4 1 1
784 946 4 4 1 1
850 930 4 4 1 1
869 1678 5 5 1 1
1275 1698 5 5 1 1
1003 1500 5 5 1 1
868 968 4 4 1 1
505 309 3 1 1 1
382 231 2 3 1 1
627 141 2 3 1 1
562 415 3 1 1 1
1313 1956 5 5 1 1
1236 1827 5 5 1 1
848 1233 5 5 1 1
526 412 3 1 1 1
414 254 3 1 1 1
512 326 3 1 1 1
716 625 3 1 1 1
644 938 4 4 1 1
1182 1776 5 5 1 1
488 661 3 1 1 1
598 252 3 1 1 1
1067 1528 5 5 1 1
599 210 2 3 1 1
1148 1967 5 5 1 1
485 204 2 3 1 1
521 680 3 1 1 1
542 706 3 1 1 1
373 365 3 1 1 1
1291 1571 5 5 1 1
26 1181 4 4 1 1
1006 1126 4 4 1 1
1544 654 3 1 1 0
949 1440 5 5 1 1
1415 385 3 1 1 1
1051 1388 5 5 1 1
880 1041 4 4 1 1
451 511 3 1 1 1
682 558 3 1 1 1
686 875 4 4 1 1
434 365 3 1 1 1
655 216 2 3 1 1
580 281 3 1 1 1
1008 1516 5 5 1 1
1233 1518 5 5 1 1
594 199 2 3 1 1
1014 1430 5 5 1 1
437 238 2 2 1 1
527 472 3 1 1 1
1385 12 3 1 1 1
924 1269 5 5 1 1
1272 1477 5 5 1 1
478 384 3 1 1 1
730 1022 4 4 1 1
930 1119 4 4 1 1
404 283 3 1 1 1
840 1175 5 5 1 1
1569 254 3 1 1 0
410 412 3 1 1 1
400 550 3 1 1 1
676 1203 5 5 1 1
762 789 4 4 1 1
577 398 3 1 1 1
462 578 3 1 1 1
817 1115 4 4 1 1
1397 116 3 1 1 1
918 1094 4 4 1 1
1453 74 3 1 1 0
397 335 3 1 1 1
958 1525 5 5 1 1
401 363 3 1 1 1
542 426 3 1 1 1
576 470 3 1 1 1
999 1559 5 5 1 1
492 163 2 3 1 1
1284 1976 5 5 1 1
497 311 3 1 1 1
469 316 3 1 1 1
740 657 3 1 1 1
499 275 3 1 1 1
472 279 3 1 1 1
484 485 3 1 1 1
1103 1178 5 5 1 1
1298 1869 5 5 1 1
588 143 2 3 1 1
964 695 3 1 1 1
1183 1686 5 5 1 1
710 909 4 4 1 1
655 164 2 3 1 1
915 1010 4 4 1 1
1235 1337 5 5 1 1
1152 1264 5 5 1 1
1032 1276 5 5 1 1
1329 393 3 1 1 1
956 1106 4 4 1 1
1147 1817 5 5 1 1
606 449 3 1 1 1
1121 1577 5 5 1 1
1233 1976 5 5 1 1
853 1452 5 5 1 1
653 563 3 1 1 1
587 569 3 1 1 1
634 541 3 1 1 1
936 1330 5 5 1 1
981 1252 5 5 1 1
379 266 3 1 1 1
492 488 3 1 1 1
637 452 3 1 1 1
1309 1943 5 5 1 1
806 1092 4 4 1 1
1226 1389 5 5 1 1
1469 586 3 1 1 0
505 465 3 1 1 1
676 878 4 4 1 1
462 412 3 1 1 1
543 85 2 3 1 1
589 614 3 1 1 1
611 470 3 1 1 1
533 484 3 1 1 1
462 161 2 3 1 1
679 644 3 1 1 1
549 466 3 1 1 1
471 222 2 3 1 1
512 365 3 1 1 1
591 280 3 1 1 1
572 633 3 1 1 1
558 563 3 1 1 1
742 862 4 4 1 1
616 120 2 3 1 1
420 261 3 1 1 1
244 410 3 1 1 1
501 623 3 1 1 1
857 970 4 4 1 1
1001 1456 5 5 1 1
738 798 4 4 1 1
414 411 3 1 1 1
430 267 3 1 1 1
577 149 2 3 1 1
1133 1351 5 5 1 1
1097 1618 5 5 1 1
491 604 3 1 1 1
1324 1794 5 5 1 1
462 402 3 1 1 1
566 818 4 4 1 1
1171 1531 5 5 1 1
451 320 3 1 1 1
531 239 3 1 1 1
431 281 3 1 1 1
502 489 3 1 1 1
752 678 3 1 1 1
1114 1837 5 5 1 1
389 384 3 1 1 1
552 185 2 3 1 1
604 327 3 1 1 1
443 416 3 1 1 1
660 527 3 1 1 1
534 513 3 1 1 1
1410 280 3 1 1 1
460 446 3 1 1 1
1517 292 3 1 1 0
1221 1475 5 5 1 1
1441 321 3 1 1 0
1264 1839 5 5 1 1
550 264 3 1 1 1
602 265 3 1 1 1
625 1024 4 4 1 1
1083 1526 5 5 1 1
387 428 3 1 1 1
603 724 3 1 1 1
1411 481 3 1 1 1
1473 189 3 1 1 0
1519 194 3 1 1 0
458 218 2 3 1 1
475 404 3 1 1 1
1447 290 3 1 1 0
422 499 3 1 1 1
478 446 3 1 1 1
967 1482 5 5 1 1
567 506 3 1 1 1
863 974 4 4 1 1
944 1085 4 4 1 1
840 1916 5 5 1 1
1005 1487 5 5 1 1
479 194 2 3 1 1
1039 982 4 4 1 1
599 290 3 1 1 1
431 409 3 1 1 1
925 1165 4 4 1 1
927 1057 4 4 1 1
458 186 2 3 1 1
1158 1260 5 5 1 1
384 269 3 1 1 1
416 234 2 3 1 1
1123 1528 5 5 1 1
718 606 3 1 1 1
1249 1824 5 5 1 1
757 1388 5 5 1 1
598 237 2 2 1 1
1188 1702 5 5 1 1
820 855 4 4 1 1
1548 403 3 1 1 0
438 318 3 1 1 1
897 806 4 4 1 1
506 477 3 1 1 1
592 230 2 3 1 1
1104 1268 5 5 1 1
704 312 3 1 1 1
935 955 4 4 1 1
557 292 3 1 1 1
255 411 3 1 1 1
734 930 4 4 1 1
553 495 3 1 1 1
810 1733 5 5 1 1
590 170 2 3 1 1
1309 1510 5 5 1 1
1201 1839 5 5 1 1
1171 1820 5 5 1 1
603 211 2 3 1 1
671 825 4 4 1 1
1298 1329 5 5 1 1
488 185 2 3 1 1
528 208 2 3 1 1
999 1626 5 5 1 1
1380 82 3 1 1 1
530 428 3 1 1 1
560 378 3 1 1 1
409 258 3 1 1 1
648 813 4 4 1 1
696 791 4 4 1 1
1115 1251 5 5 1 1
491 158 2 3 1 1
811 885 4 4 1 1
456 435 3 1 1 1
404 460 3 1 1 1
510 194 2 3 1 1
1058 1289 5 5 1 1
417 380 3 1 1 1
624 475 3 1 1 1
1057 1270 5 5 1 1
1134 1635 5 5 1 1
483 161 2 3 1 1
1363 346 3 1 1 1
836 1329 5 5 1 1
1020 1082 4 4 1 1
677 780 4 4 1 1
1250 1558 5 5 1 1
876 1278 5 5 1 1
1071 1813 5 5 1 1
456 262 3 1 1 1
444 105 2 3 1 1
464 218 2 3 1 1
596 747 4 4 1 1
1381 174 3 1 1 1
1266 1466 5 5 1 1
649 1019 4 4 1 1
582 261 3 1 1 1
607 897 4 4 1 1
416 363 3 1 1 1
925 1369 5 5 1 1
526 317 3 1 1 1
1321 1570 5 5 1 1
707 561 3 1 1 1
549 410 3 1 1 1
607 266 3 1 1 1
745 833 4 4 1 1
346 493 3 1 1 1
487 365 3 1 1 1
592 119 2 3 1 1
1695 244 3 1 1 0
1041 1543 5 5 1 1
1088 1572 5 5 1 1
571 159 2 3 1 1
562 311 3 1 1 1
976 1513 5 5 1 1
545 485 3 1 1 1
1215 1827 5 5 1 1
1027 1206 5 5 1 1
1039 1501 5 5 1 1
536 253 3 1 1 1
487 344 3 1 1 1
725 1047 4 4 1 1
1019 1354 5 5 1 1
849 970 4 4 1 1
804 1130 4 4 1 1
893 1360 5 5 1 1
514 314 3 1 1 1
401 463 3 1 1 1
432 425 3 1 1 1
597 226 2 3 1 1
519 320 3 1 1 1
1723 302 3 1 1 0
1160 1618 5 5 1 1
401 380 3 1 1 1
350 346 3 1 1 1
511 486 3 1 1 1
786 1111 4 4 1 1
1032 1966 5 5 1 1
850 1255 5 5 1 1
458 329 3 1 1 1
1476 321 3 1 1 0
905 1540 5 5 1 1
979 1089 4 4 1 1
578 341 3 1 1 1
447 374 3 1 1 1
421 411 3 1 1 1
1217 1417 5 5 1 1
1362 565 3 1 1 1
426 416 3 1 1 1
1028 1181 5 5 1 1
1023 1494 5 5 1 1
1009 1726 5 5 1 1
724 803 4 4 1 1
520 617 3 1 1 1
874 1304 5 5 1 1
689 627 3 1 1 1
652 339 3 1 1 1
417 435 3 1 1 1
368 76 2 3 1 1
603 218 2 3 1 1
741 773 4 4 1 1
440 387 3 1 1 1
334 349 3 1 1 1
452 339 3 1 1 1
916 1531 5 5 1 1
1300 1972 5 5 1 1
511 289 3 1 1 1
1213 1663 5 5 1 1
1115 1441 5 5 1 1
790 1157 4 4 1 1
975 1037 4 4 1 1
755 986 4 4 1 1
996 1795 5 5 1 1
572 372 3 1 1 1
606 467 3 1 1 1
1389 228 3 1 1 1
1321 1679 5 5 1 1
669 760 4 4 1 1
373 388 3 1 1 1
711 1025 4 4 1 1
520 366 3 1 1 1
1629 359 3 1 1 0
621 787 4 4 1 1
440 71 2 3 1 1
11 1185 4 4 1 1
947 1101 4 4 1 1
635 443 3 1 1 1
528 419 3 1 1 1
541 398 3 1 1 1
618 893 4 4 1 1
599 313 3 1 1 1
556 65 2 3 1 1
534 384 3 1 1 1
849 818 4 4 1 1
1257 1786 5 5 1 1
410 383 3 1 1 1
523 348 3 1 1 1
515 210 2 3 1 1
1189 1564 5 5 1 1
405 277 3 1 1 1
606 193 2 3 1 1
987 1627 5 5 1 1
1125 1226 5 5 1 1
1503 646 3 1 1 0
439 530 3 1 1 1
730 1274 5 5 1 1
946 692 3 1 1 1
1082 1388 5 5 1 1
1478 381 3 1 1 0
522 265 3 1 1 1
1402 192 3 1 1 1
1049 1429 5 5 1 1
1055 1546 5 5 1 1
653 537 3 1 1 1
474 465 3 1 1 1
1073 1615 5 5 1 1
914 1037 4 4 1 1
579 476 3 1 1 1
547 276 3 1 1 1
729 802 4 4 1 1
1022 1500 5 5 1 1
501 158 2 3 1 1
478 578 3 1 1 1
629 405 3 1 1 1
444 398 3 1 1 1
438 405 3 1 1 1
403 434 3 1 1 1
437 311 3 1 1 1
1115 1243 5 5 1 1
513 430 3 1 1 1
1101 1202 5 5 1 1
1159 1744 5 5 1 1
452 243 3 1 1 1
633 911 4 4 1 1
646 764 4 4 1 1
1307 1869 5 5 1 1
474 202 2 3 1 1
621 461 3 1 1 1
486 331 3 1 1 1
677 608 3 1 1 1
970 956 4 4 1 1
728 647 3 1 1 1
447 105 2 3 1 1
857 1131 4 4 1 1
580 174 2 3 1 1
771 810 4 4 1 1
636 731 3 3 1 1
457 152 2 3 1 1
348 488 3 1 1 1
1534 345 3 1 1 0
469 291 3 1 1 1
583 366 3 1 1 1
1319 1898 5 5 1 1
434 51 2 3 1 1
603 463 3 1 1 1
1176 1464 5 5 1 1
579 808 4 4 1 1
116 1193 4 4 1 1
702 707 3 1 1 1
544 223 2 3 1 1
472 190 2 3 1 1
1029 1645 5 5 1 1
727 960 4 4 1 1
1115 1656 5 5 1 1
574 213 2 3 1 1
456 462 3 1 1 1
545 410 3 1 1 1
797 939 4 4 1 1
611 493 3 1 1 1
508 273 3 1 1 1
528 197 2 3 1 1
511 450 3 1 1 1
433 274 3 1 1 1
609 834 4 4 1 1
420 470 3 1 1 1
439 469 3 1 1 1
1181 1855 5 5 1 1
594 797 4 4 1 1
976 1430 5 5 1 1
1583 424 3 1 1 0
388 454 3 1 1 1
1451 12 3 1 1 0
1281 1867 5 5 1 1
590 520 3 1 1 1
1301 1767 5 5 1 1
591 773 4 4 1 1
556 413 3 1 1 1
825 891 4 4 1 1
927 976 4 4 1 1
622 546 3 1 1 1
1129 1548 5 5 1 1
559 451 3 1 1 1
1509 566 3 1 1 0
470 379 3 1 1 1
836 894 4 4 1 1
272 583 3 1 1 1
560 734 3 1 1 1
502 438 3 1 1 1
855 831 4 4 1 1
646 748 4 4 1 1
707 962 4 4 1 1
589 536 3 1 1 1
1056 1567 5 5 1 1
602 481 3 1 1 1
827 1297 5 5 1 1
1035 1671 5 5 1 1
603 337 3 1 1 1
1222 1321 5 5 1 1
462 491 3 1 1 1
514 666 3 1 1 1
371 444 3 1 1 1
735 986 4 4 1 1
509 491 3 1 1 1
1055 1450 5 5 1 1
592 313 3 1 1 1
732 822 4 4 1 1
958 1466 5 5 1 1
867 1344 5 5 1 1
567 124 2 3 1 1
1000 1366 5 5 1 1
550 334 3 1 1 1
711 669 3 1 1 1
466 244 3 1 1 1
1279 1592 5 5 1 1
570 476 3 1 1 1
541 263 3 1 1 1
644 196 2 3 1 1
1128 1380 5 5 1 1
462 115 2 3 1 1
745 947 4 4 1 1
595 330 3 1 1 1
873 1132 4 4 1 1
711 633 3 1 1 1
582 445 3 1 1 1
443 253 3 1 1 1
1099 1837 5 5 1 1
1263 1896 5 5 1 1
472 392 3 1 1 1
501 149 2 3 1 1
1377 421 3 1 1 1
674 695 3 1 1 1
683 700 3 1 1 1
1017 1385 5 5 1 1
1495 456 3 1 1 0
568 177 2 3 1 1
623 166 2 3 1 1
742 1254 5 5 1 1
1724 493 3 1 1 0
554 268 3 1 1 1
716 645 3 1 1 1
644 688 3 1 1 1
1449 200 3 1 1 0
607 595 3 1 1 1
1063 1668 5 5 1 1
987 1446 5 5 1 1
445 322 3 1 1 1
466 493 3 1 1 1
726 313 3 1 1 1
463 480 3 1 1 1
457 223 2 3 1 1
713 769 4 4 1 1
613 430 3 1 1 1
527 456 3 1 1 1
793 934 4 4 1 1
459 104 2 3 1 1
1538 628 3 1 1 0
569 375 3 1 1 1
402 288 3 1 1 1
386 258 3 1 1 1
859 1366 5 5 1 1
387 415 3 1 1 1
487 209 2 3 1 1
743 853 4 4 1 1
1084 1228 5 5 1 1
379 323 3 1 1 1
1213 1884 5 5 1 1
1301 1531 5 5 1 1
619 227 2 3 1 1
1296 1506 5 5 1 1
706 799 4 4 1 1
1099 1576 5 5 1 1
781 893 4 4 1 1
1090 1393 5 5 1 1
504 284 3 1 1 1
474 209 2 3 1 1
1357 46 3 1 1 1
576 427 3 1 1 1
1148 1461 5 5 1 1
884 1182 5 5 1 1
470 241 3 1 1 1
645 1051 4 4 1 1
714 786 4 4 1 1
454 283 3 1 1 1
997 1980 5 5 1 1
484 119 2 3 1 1
464 168 2 3 1 1
706 852 4 4 1 1
473 293 3 1 1 1
442 315 3 1 1 1
670 774 4 4 1 1
537 354 3 1 1 1
803 884 4 4 1 1
680 889 4 4 1 1
1141 1356 5 5 1 1
1227 1810 5 5 1 1
568 765 4 4 1 1
373 395 3 1 1 1
1034 977 4 4 1 1
428 257 3 1 1 1
530 489 3 1 1 1
1167 1972 5 5 1 1
373 261 3 1 1 1
389 485 3 1 1 1
897 1304 5 5 1 1
632 879 4 4 1 1
574 709 3 1 1 1
386 393 3 1 1 1
1335 364 3 1 1 1
780 1146 4 4 1 1
632 338 3 1 1 1
499 295 3 1 1 1
659 856 4 4 1 1
666 812 4 4 1 1
818 1212 5 5 1 1
421 378 3 1 1 1
486 280 3 1 1 1
1019 1291 5 5 1 1
1651 327 3 1 1 0
336 340 3 1 1 1
437 516 3 1 1 1
730 715 3 1 1 1
1050 1633 5 5 1 1
1311 1617 5 5 1 1
1145 1781 5 5 1 1
792 1208 5 5 1 1
492 543 3 1 1 1
526 202 2 3 1 1
873 911 4 4 1 1
722 738 3 2 1 1
1415 136 3 1 1 1
1449 224 3 1 1 0
691 1824 5 5 1 1
1112 1607 5 5 1 1
489 519 3 1 1 1
832 1020 4 4 1 1
200 574 3 1 1 1
376 392 3 1 1 1
680 1878 5 5 1 1
640 501 3 1 1 1
552 126 2 3 1 1
1161 1859 5 5 1 1
1120 1635 5 5 1 1
1174 1918 5 5 1 1
886 806 4 4 1 1
479 265 3 1 1 1
1610 640 3 1 1 0
1239 1453 5 5 1 1
494 285 3 1 1 1
1316 1870 5 5 1 1
866 1247 5 5 1 1
955 977 4 4 1 1
1243 1796 5 5 1 1
397 98 2 3 1 1
1057 1621 5 5 1 1
1236 1385 5 5 1 1
1209 1701 5 5 1 1
584 207 2 3 1 1
694 751 4 4 1 1
883 1130 4 4 1 1
1062 1287 5 5 1 1
625 171 2 3 1 1
1255 1897 5 5 1 1
566 285 3 1 1 1
1408 580 3 1 1 1
1364 541 3 1 1 1
476 666 3 1 1 1
437 464 3 1 1 1
779 936 4 4 1 1
460 258 3 1 1 1
601 199 2 3 1 1
390 38 2 3 1 1
531 373 3 1 1 1
1038 1981 5 5 1 1
342 341 3 1 1 1
407 87 2 3 1 1
397 83 2 3 1 1
624 527 3 1 1 1
513 590 3 1 1 1
1027 1042 4 4 1 1
504 424 3 1 1 1
919 948 4 4 1 1
368 429 3 1 1 1
407 57 2 3 1 1
627 310 3 1 1 1
777 1069 4 4 1 1
1574 236 3 1 1 0
1025 1595 5 5 1 1
841 1125 4 4 1 1
427 360 3 1 1 1
490 590 3 1 1 1
1100 1774 5 5 1 1
1625 589 3 1 1 0
428 499 3 1 1 1
560 190 2 3 1 1
1092 1833 5 5 1 1
574 198 2 3 1 1
644 782 4 4 1 1
1358 678 3 1 1 1
1146 1566 5 5 1 1
1275 1796 5 5 1 1
936 1350 5 5 1 1
450 573 3 1 1 1
1322 1748 5 5 1 1
1143 1706 5 5 1 1
1031 1253 5 5 1 1
1055 1797 5 5 1 1
370 423 3 1 1 1
515 94 2 3 1 1
522 1889 5 5 1 1
420 283 3 1 1 1
454 387 3 1 1 1
1111 1532 5 5 1 1
616 471 3 1 1 1
537 471 3 1 1 1
239 411 3 1 1 1
725 919 4 4 1 1
427 309 3 1 1 1
1460 37 3 1 1 0
574 414 3 1 1 1
1256 1818 5 5 1 1
584 216 2 3 1 1
527 605 3 1 1 1
611 185 2 3 1 1
399 468 3 1 1 1
910 1312 5 5 1 1
1062 1170 5 5 1 1
791 1804 5 5 1 1
1039 1384 5 5 1 1
465 309 3 1 1 1
422 250 3 1 1 1
753 865 4 4 1 1
395 54 2 3 1 1
769 889 4 4 1 1
925 1306 5 5 1 1
850 1160 4 4 1 1
676 762 4 4 1 1
1088 1324 5 5 1 1
499 326 3 1 1 1
912 1466 5 5 1 1
408 248 3 1 1 1
1363 322 3 1 1 1
602 188 2 3 1 1
808 1311 5 5 1 1
1260 1922 5 5 1 1
376 454 3 1 1 1
1001 1121 4 4 1 1
576 302 3 1 1 1
556 704 3 1 1 1
581 766 4 4 1 1
381 260 3 1 1 1
1329 645 3 1 1 1
356 459 3 1 1 1
1439 102 3 1 1 0
1311 1694 5 5 1 1
1265 1753 5 5 1 1
473 327 3 1 1 1
583 235 2 2 1 1
965 1365 5 5 1 1
476 270 3 1 1 1
1141 1796 5 5 1 1
1070 1385 5 5 1 1
436 431 3 1 1 1
662 1001 4 4 1 1
984 1825 5 5 1 1
1059 1477 5 5 1 1
588 309 3 1 1 1
592 244 3 1 1 1
451 178 2 3 1 1
1109 1552 5 5 1 1
387 305 3 1 1 1
390 529 3 1 1 1
708 686 3 1 1 1
575 137 2 3 1 1
576 235 2 2 1 1
1376 159 3 1 1 1
389 496 3 1 1 1
457 247 3 1 1 1
1095 1366 5 5 1 1
260 413 3 1 1 1
451 402 3 1 1 1
531 403 3 1 1 1
369 379 3 1 1 1
1265 1716 5 5 1 1
477 310 3 1 1 1
707 626 3 1 1 1
205 586 3 1 1 1
844 1711 5 5 1 1
1594 554 3 1 1 0
876 899 4 4 1 1
827 1282 5 5 1 1
492 185 2 3 1 1
1101 1758 5 5 1 1
1343 446 3 1 1 1
404 479 3 1 1 1
977 948 4 4 1 1
501 78 2 3 1 1
905 968 4 4 1 1
622 447 3 1 1 1
580 239 2 2 1 1
570 225 2 3 1 1
682 1098 4 4 1 1
875 929 4 4 1 1
572 696 3 1 1 1
477 173 2 3 1 1
1154 1319 5 5 1 1
701 642 3 1 1 1
393 302 3 1 1 1
1187 1722 5 5 1 1
1491 38 3 1 1 0
483 185 2 3 1 1
704 1185 5 5 1 1
1302 1479 5 5 1 1
763 1061 4 4 1 1
924 1482 5 5 1 1
1219 1352 5 5 1 1
445 456 3 1 1 1
538 501 3 1 1 1
476 215 2 3 1 1
577 195 2 3 1 1
1001 1425 5 5 1 1
1081 1280 5 5 1 1
895 946 4 4 1 1
467 485 3 1 1 1
573 418 3 1 1 1
777 871 4 4 1 1
713 867 4 4 1 1
852 1681 5 5 1 1
425 349 3 1 1 1
1508 24 3 1 1 0
1058 1723 5 5 1 1
933 1270 5 5 1 1
584 118 2 3 1 1
746 1090 4 4 1 1
456 455 3 1 1 1
468 212 2 3 1 1
594 367 3 1 1 1
542 279 3 1 1 1
785 647 3 1 1 1
617 462 3 1 1 1
587 252 3 1 1 1
1169 1700 5 5 1 1
1046 1184 5 5 1 1
1039 1638 5 5 1 1
1372 215 3 1 1 1
416 292 3 1 1 1
515 200 2 3 1 1
496 262 3 1 1 1
530 410 3 1 1 1
1047 1805 5 5 1 1
1362 138 3 1 1 1
621 456 3 1 1 1
473 275 3 1 1 1
1307 1641 5 5 1 1
587 189 2 3 1 1
530 711 3 1 1 1
474 644 3 1 1 1
396 446 3 1 1 1
373 406 3 1 1 1
590 213 2 3 1 1
1458 554 3 1 1 0
551 611 3 1 1 1
654 598 3 1 1 1
528 254 3 1 1 1
613 209 2 3 1 1
839 819 4 4 1 1
487 485 3 1 1 1
1315 1987 5 5 1 1
1077 1803 5 5 1 1
970 1560 5 5 1 1
686 825 4 4 1 1
614 455 3 1 1 1
545 387 3 1 1 1
652 653 3 1 1 1
464 447 3 1 1 1
438 456 3 1 1 1
623 753 4 4 1 1
529 444 3 1 1 1
652 206 2 3 1 1
476 418 3 1 1 1
669 499 3 1 1 1
1033 1078 4 4 1 1
780 800 4 4 1 1
465 408 3 1 1 1
657 630 3 1 1 1
750 859 4 4 1 1
1314 1522 5 5 1 1
761 757 4 4 1 1
391 268 3 1 1 1
486 138 2 3 1 1
917 465 3 1 1 1
576 282 3 1 1 1
478 275 3 1 1 1
1156 1436 5 5 1 1
1401 341 3 1 1 1
586 834 4 4 1 1
376 264 3 1 1 1
673 730 3 1 1 1
549 416 3 1 1 1
1172 1775 5 5 1 1
856 901 4 4 1 1
432 313 3 1 1 1
358 441 3 1 1 1
1163 1713 5 5 1 1
562 270 3 1 1 1
700 556 3 1 1 1
952 1149 4 4 1 1
468 338 3 1 1 1
427 482 3 1 1 1
731 772 4 4 1 1
445 438 3 1 1 1
1410 541 3 1 1 1
1140 1720 5 5 1 1
486 575 3 1 1 1
763 874 4 4 1 1
507 165 2 3 1 1
556 371 3 1 1 1
448 253 3 1 1 1
677 719 3 1 1 1
606 433 3 1 1 1
620 605 3 1 1 1
492 433 3 1 1 1
1119 1560 5 5 1 1
842 1204 5 5 1 1
453 527 3 1 1 1
943 1131 4 4 1 1
451 64 2 3 1 1
359 390 3 1 1 1
454 50 2 3 1 1
1161 1550 5 5 1 1
1005 1295 5 5 1 1
467 257 3 1 1 1
806 1170 4 4 1 1
596 1013 4 4 1 1
1074 1014 4 4 1 1
646 636 3 1 1 1
948 714 3 1 1 1
1213 1394 5 5 1 1
1334 123 3 1 1 1
830 1089 4 4 1 1
935 1165 4 4 1 1
1283 1327 5 5 1 1
1150 1322 5 5 1 1
509 736 3 2 1 1
566 656 3 1 1 1
756 1231 5 5 1 1
607 664 3 1 1 1
566 333 3 1 1 1
515 270 3 1 1 1
855 1847 5 5 1 1
1027 1710 5 5 1 1
842 912 4 4 1 1
418 397 3 1 1 1
543 403 3 1 1 1
345 461 3 1 1 1
1121 1735 5 5 1 1
791 885 4 4 1 1
443 478 3 1 1 1
1312 1792 5 5 1 1
1230 1552 5 5 1 1
416 50 2 3 1 1
1315 1533 5 5 1 1
474 150 2 3 1 1
1043 1239 5 5 1 1
584 374 3 1 1 1
487 130 2 3 1 1
523 219 2 3 1 1
407 368 3 1 1 1
460 489 3 1 1 1
773 677 3 1 1 1
586 415 3 1 1 1
518 413 3 1 1 1
986 1579 5 5 1 1
946 1232 5 5 1 1
381 394 3 1 1 1
490 203 2 3 1 1
647 206 2 3 1 1
780 327 3 1 1 1
1082 1305 5 5 1 1
581 291 3 1 1 1
520 282 3 1 1 1
1026 1516 5 5 1 1
755 790 4 4 1 1
605 473 3 1 1 1
520 768 4 4 1 1
683 529 3 1 1 1
609 278 3 1 1 1
629 212 2 3 1 1
939 705 3 1 1 1
1515 78 3 1 1 0
664 933 4 4 1 1
468 431 3 1 1 1
881 943 4 4 1 1
493 406 3 1 1 1
775 1241 5 5 1 1
911 1351 5 5 1 1
464 457 3 1 1 1
1233 1594 5 5 1 1
359 456 3 1 1 1
439 491 3 1 1 1
339 457 3 1 1 1
619 138 2 3 1 1
1190 1260 5 5 1 1
480 429 3 1 1 1
490 261 3 1 1 1
753 945 4 4 1 1
465 272 3 1 1 1
391 405 3 1 1 1
466 299 3 1 1 1
1724 247 3 1 1 0
1134 1568 5 5 1 1
705 919 4 4 1 1
536 397 3 1 1 1
584 703 3 1 1 1
1011 1297 5 5 1 1
1172 1847 5 5 1 1
484 1905 5 5 1 1
647 210 2 3 1 1
923 1960 5 5 1 1
424 394 3 1 1 1
888 1275 5 5 1 1
944 505 3 1 1 1
286 579 3 1 1 1
570 187 2 3 1 1
558 346 3 1 1 1
907 1044 4 4 1 1
1382 366 3 1 1 1
809 837 4 4 1 1
474 490 3 1 1 1
1000 1299 5 5 1 1
1010 1738 5 5 1 1
1251 1792 5 5 1 1
1105 1637 5 5 1 1
717 1820 5 5 1 1
613 104 2 3 1 1
490 70 2 3 1 1
620 179 2 3 1 1
1494 135 3 1 1 0
260 571 3 1 1 1
397 256 3 1 1 1
410 462 3 1 1 1
567 265 3 1 1 1
571 493 3 1 1 1
1225 1653 5 5 1 1
551 251 3 1 1 1
549 203 2 3 1 1
1389 136 3 1 1 1
963 1098 4 4 1 1
592 894 4 4 1 1
439 302 3 1 1 1
1073 1968 5 5 1 1
1064 1192 5 5 1 1
1191 1894 5 5 1 1
552 326 3 1 1 1
1225 1882 5 5 1 1
607 369 3 1 1 1
1292 1546 5 5 1 1
675 546 3 1 1 1
591 1891 5 5 1 1
616 195 2 3 1 1
596 205 2 3 1 1
1017 1129 4 4 1 1
910 982 4 4 1 1
834 907 4 4 1 1
1128 1425 5 5 1 1
773 990 4 4 1 1
460 456 3 1 1 1
1240 1886 5 5 1 1
750 333 3 1 1 1
852 1339 5 5 1 1
1005 1804 5 5 1 1
546 326 3 1 1 1
564 444 3 1 1 1
1077 1540 5 5 1 1
563 201 2 3 1 1
467 544 3 1 1 1
395 349 3 1 1 1
538 380 3 1 1 1
1229 1673 5 5 1 1
445 309 3 1 1 1
1301 1412 5 5 1 1
411 342 3 1 1 1
518 397 3 1 1 1
453 331 3 1 1 1
637 501 3 1 1 1
452 410 3 1 1 1
471 266 3 1 1 1
828 1063 4 4 1 1
618 362 3 1 1 1
528 584 3 1 1 1
646 510 3 1 1 1
1367 403 3 1 1 1
463 67 2 3 1 1
795 726 3 1 1 1
1279 1987 5 5 1 1
970 1280 5 5 1 1
474 128 2 3 1 1
310 1051 4 4 1 1
697 547 3 1 1 1
524 273 3 1 1 1
638 543 3 1 1 1
516 195 2 3 1 1
1232 1792 5 5 1 1
822 1160 4 4 1 1
514 346 3 1 1 1
1253 1327 5 5 1 1
741 313 3 1 1 1
810 1044 4 4 1 1
444 98 2 3 1 1
968 1089 4 4 1 1
591 302 3 1 1 1
742 1387 5 5 1 1
1151 1657 5 5 1 1
646 552 3 1 1 1
955 702 3 1 1 1
1544 298 3 1 1 0
500 514 3 1 1 1
817 952 4 4 1 1
947 972 4 4 1 1
1179 1797 5 5 1 1
610 318 3 1 1 1
976 1057 4 4 1 1
897 1042 4 4 1 1
497 134 2 3 1 1
1113 1815 5 5 1 1
471 357 3 1 1 1
676 619 3 1 1 1
405 340 3 1 1 1
735 691 3 1 1 1
805 1281 5 5 1 1
431 228 2 3 1 1
769 1056 4 4 1 1
1227 1353 5 5 1 1
1371 656 3 1 1 1
516 493 3 1 1 1
1028 1382 5 5 1 1
582 211 2 3 1 1
969 705 3 1 1 1
419 96 2 3 1 1
736 1067 4 4 1 1
488 419 3 1 1 1
937 1131 4 4 1 1
1017 1610 5 5 1 1
1041 1519 5 5 1 1
1265 1228 5 5 1 1
395 296 3 1 1 1
746 1140 4 4 1 1
357 276 3 1 1 1
1149 1631 5 5 1 1
722 1092 4 4 1 1
467 276 3 1 1 1
1367 311 3 1 1 1
1009 1149 4 4 1 1
674 639 3 1 1 1
1014 1470 5 5 1 1
1284 1522 5 5 1 1
486 302 3 1 1 1
1459 106 3 1 1 0
1320 1908 5 5 1 1
1091 1685 5 5 1 1
1411 110 3 1 1 1
1092 1358 5 5 1 1
441 224 2 3 1 1
674 843 4 4 1 1
543 435 3 1 1 1
1275 1856 5 5 1 1
603 203 2 3 1 1
404 299 3 1 1 1
1271 1537 5 5 1 1
1245 1704 5 5 1 1
912 809 4 4 1 1
562 178 2 3 1 1
536 449 3 1 1 1
571 558 3 1 1 1
621 326 3 1 1 1
769 1138 4 4 1 1
443 178 2 3 1 1
791 946 4 4 1 1
590 256 3 1 1 1
475 300 3 1 1 1
490 405 3 1 1 1
934 1231 5 5 1 1
380 36 2 3 1 1
1145 1436 5 5 1 1
626 446 3 1 1 1
885 1018 4 4 1 1
530 505 3 1 1 1
486 370 3 1 1 1
507 400 3 1 1 1
609 357 3 1 1 1
675 518 3 1 1 1
893 1368 5 5 1 1
472 447 3 1 1 1
500 609 3 1 1 1
718 508 3 1 1 1
543 352 3 1 1 1
572 141 2 3 1 1
1580 659 3 2 1 0
870 1858 5 5 1 1
415 81 2 3 1 1
809 1238 5 5 1 1
1128 1314 5 5 1 1
961 712 3 1 1 1
439 201 2 3 1 1
599 185 2 3 1 1
773 1117 4 4 1 1
687 310 3 1 1 1
611 223 2 3 1 1
1233 1481 5 5 1 1
591 492 3 1 1 1
521 725 3 1 1 1
674 971 4 4 1 1
686 974 4 4 1 1
788 1134 4 4 1 1
562 86 2 3 1 1
447 51 2 3 1 1
504 445 3 1 1 1
1265 1305 5 5 1 1
1358 478 3 1 1 1
411 391 3 1 1 1
547 588 3 1 1 1
482 539 3 1 1 1
1129 1658 5 5 1 1
470 64 2 3 1 1
789 795 4 4 1 1
556 490 3 1 1 1
377 237 2 3 1 1
1267 1611 5 5 1 1
830 1040 4 4 1 1
530 280 3 1 1 1
1064 1637 5 5 1 1
508 684 3 1 1 1
862 910 4 4 1 1
720 666 3 1 1 1
936 1013 4 4 1 1
1549 594 3 1 1 0
688 657 3 1 1 1
538 418 3 1 1 1
911 970 4 4 1 1
683 599 3 1 1 1
936 982 4 4 1 1
1411 175 3 1 1 1
590 235 2 2 1 1
571 450 3 1 1 1
864 862 4 4 1 1
497 671 3 1 1 1
782 1215 5 5 1 1
704 533 3 1 1 1
495 484 3 1 1 1
1148 1547 5 5 1 1
769 924 4 4 1 1
448 444 3 1 1 1
1042 1268 5 5 1 1
438 337 3 1 1 1
404 232 2 3 1 1
623 734 3 3 1 1
1457 357 3 1 1 0
448 198 2 3 1 1
627 506 3 1 1 1
669 891 4 4 1 1
1019 1262 5 5 1 1
482 418 3 1 1 1
379 411 3 1 1 1
518 270 3 1 1 1
1093 1193 5 5 1 1
431 63 2 3 1 1
1241 1325 5 5 1 1
705 904 4 4 1 1
211 579 3 1 1 1
578 379 3 1 1 1
377 482 3 1 1 1
1161 1525 5 5 1 1
477 370 3 1 1 1
715 1086 4 4 1 1
470 303 3 1 1 1
1008 1061 4 4 1 1
352 460 3 1 1 1
797 329 3 1 1 1
1083 1215 5 5 1 1
827 1122 4 4 1 1
274 575 3 1 1 1
691 715 3 1 1 1
1221 1786 5 5 1 1
672 673 3 1 1 1
506 316 3 1 1 1
543 650 3 1 1 1
1708 437 3 1 1 0
782 1058 4 4 1 1
960 1293 5 5 1 1
431 327 3 1 1 1
427 397 3 1 1 1
433 405 3 1 1 1
678 1300 5 5 1 1
545 252 3 1 1 1
741 1027 4 4 1 1
1456 633 3 1 1 0
696 922 4 4 1 1
499 166 2 3 1 1
393 223 2 3 1 1
616 815 4 4 1 1
656 547 3 1 1 1
766 313 3 1 1 1
1191 1766 5 5 1 1
807 1154 4 4 1 1
944 1466 5 5 1 1
890 1199 5 5 1 1
556 388 3 1 1 1
474 454 3 1 1 1
787 816 4 4 1 1
649 717 3 1 1 1
679 983 4 4 1 1
707 751 4 4 1 1
1149 1940 5 5 1 1
715 799 4 4 1 1
366 272 3 1 1 1
1231 1706 5 5 1 1
469 228 2 3 1 1
383 75 2 3 1 1
477 621 3 1 1 1
685 721 3 1 1 1
588 503 3 1 1 1
513 415 3 1 1 1
599 305 3 1 1 1
421 299 3 1 1 1
1483 205 3 1 1 0
588 109 2 3 1 1
536 271 3 1 1 1
635 198 2 3 1 1
1277 1654 5 5 1 1
1661 342 3 1 1 0
1611 323 3 1 1 0
709 1086 4 4 1 1
798 1001 4 4 1 1
874 1021 4 4 1 1
1164 1365 5 5 1 1
421 52 2 3 1 1
816 1040 4 4 1 1
572 304 3 1 1 1
1069 1546 5 5 1 1
695 733 3 2 1 1
449 226 2 3 1 1
485 68 2 3 1 1
1130 1794 5 5 1 1
1210 1787 5 5 1 1
486 374 3 1 1 1
513 262 3 1 1 1
668 752 4 4 1 1
590 261 3 1 1 1
459 338 3 1 1 1
398 429 3 1 1 1
381 214 2 3 1 1
1068 966 4 4 1 1
408 281 3 1 1 1
1030 1793 5 5 1 1
772 331 3 1 1 1
1695 407 3 1 1 0
419 447 3 1 1 1
608 120 2 3 1 1
990 1600 5 5 1 1
531 530 3 1 1 1
522 431 3 1 1 1
472 114 2 3 1 1
586 259 3 1 1 1
339 492 3 1 1 1
533 316 3 1 1 1
483 197 2 3 1 1
1428 664 3 1 1 0
543 478 3 1 1 1
506 353 3 1 1 1
1177 1490 5 5 1 1
466 346 3 1 1 1
1009 1193 5 5 1 1
600 491 3 1 1 1
602 451 3 1 1 1
1290 1331 5 5 1 1
363 430 3 1 1 1
584 139 2 3 1 1
346 444 3 1 1 1
213 589 3 1 1 1
474 335 3 1 1 1
1092 1720 5 5 1 1
391 380 3 1 1 1
1570 174 3 1 1 0
505 156 2 3 1 1
467 465 3 1 1 1
1547 357 3 1 1 0
1079 1608 5 5 1 1
667 839 4 4 1 1
611 451 3 1 1 1
1024 1210 5 5 1 1
452 267 3 1 1 1
643 206 2 3 1 1
407 444 3 1 1 1
546 316 3 1 1 1
1515 327 3 1 1 0
367 384 3 1 1 1
1041 1135 4 4 1 1
496 355 3 1 1 1
927 1509 5 5 1 1
1156 1399 5 5 1 1
713 715 3 1 1 1
655 442 3 1 1 1
623 698 3 1 1 1
1288 1354 5 5 1 1
650 901 4 4 1 1
895 976 4 4 1 1
859 1297 5 5 1 1
294 574 3 1 1 1
1716 452 3 1 1 0
898 1120 4 4 1 1
522 317 3 1 1 1
1243 1868 5 5 1 1
483 490 3 1 1 1
491 386 3 1 1 1
1294 1655 5 5 1 1
761 683 3 1 1 1
456 255 3 1 1 1
516 631 3 1 1 1
870 1186 5 5 1 1
956 502 3 1 1 1
1197 1575 5 5 1 1
654 157 2 3 1 1
450 367 3 1 1 1
584 436 3 1 1 1
1129 1368 5 5 1 1
580 306 3 1 1 1
1268 1398 5 5 1 1
1629 530 3 1 1 0
419 268 3 1 1 1
1362 182 3 1 1 1
1611 308 3 1 1 0
780 1173 4 4 1 1
1251 1519 5 5 1 1
699 1208 5 5 1 1
407 373 3 1 1 1
357 399 3 1 1 1
632 311 3 1 1 1
1005 1134 4 4 1 1
1014 1445 5 5 1 1
398 434 3 1 1 1
417 324 3 1 1 1
951 697 3 1 1 1
1019 1021 4 4 1 1
651 1052 4 4 1 1
461 243 3 1 1 1
1690 302 3 1 1 0
469 473 3 1 1 1
524 419 3 1 1 1
429 451 3 1 1 1
968 1352 5 5 1 1
803 806 4 4 1 1
432 258 3 1 1 1
623 617 3 1 1 1
816 1063 4 4 1 1
507 295 3 1 1 1
418 223 2 3 1 1
702 823 4 4 1 1
558 358 3 1 1 1
914 1232 5 5 1 1
482 405 3 1 1 1
699 623 3 1 1 1
427 463 3 1 1 1
1085 1120 4 4 1 1
934 1090 4 4 1 1
926 986 4 4 1 1
959 1345 5 5 1 1
480 473 3 1 1 1
456 623 3 1 1 1
619 310 3 1 1 1
1301 1431 5 5 1 1
561 580 3 1 1 1
1153 1796 5 5 1 1
697 763 4 4 1 1
862 763 4 4 1 1
757 837 4 4 1 1
288 576 3 1 1 1
221 588 3 1 1 1
638 563 3 1 1 1
864 1843 5 5 1 1
574 159 2 3 1 1
657 348 3 1 1 1
608 137 2 3 1 1
921 937 4 4 1 1
1033 1435 5 5 1 1
501 657 3 1 1 1
466 400 3 1 1 1
1259 1468 5 5 1 1
1253 1884 5 5 1 1
426 403 3 1 1 1
1307 1779 5 5 1 1
490 378 3 1 1 1
437 251 3 1 1 1
950 964 4 4 1 1
758 1092 4 4 1 1
538 663 3 1 1 1
906 945 4 4 1 1
552 750 4 4 1 1
682 618 3 1 1 1
1153 1722 5 5 1 1
720 1210 5 5 1 1
1096 1306 5 5 1 1
293 1046 4 4 1 1
1077 1129 4 4 1 1
563 426 3 1 1 1
461 251 3 1 1 1
470 198 2 3 1 1
448 628 3 1 1 1
420 276 3 1 1 1
758 1161 4 4 1 1
477 485 3 1 1 1
460 319 3 1 1 1
1246 1479 5 5 1 1
527 406 3 1 1 1
1124 1817 5 5 1 1
559 432 3 1 1 1
484 435 3 1 1 1
1195 1792 5 5 1 1
564 458 3 1 1 1
1466 14 3 1 1 0
416 465 3 1 1 1
796 972 4 4 1 1
684 851 4 4 1 1
553 481 3 1 1 1
576 733 3 1 1 1
409 494 3 1 1 1
1049 1825 5 5 1 1
434 355 3 1 1 1
560 469 3 1 1 1
551 490 3 1 1 1
476 461 3 1 1 1
556 431 3 1 1 1
576 259 3 1 1 1
470 286 3 1 1 1
657 1019 4 4 1 1
1004 1017 4 4 1 1
606 707 3 1 1 1
527 466 3 1 1 1
1100 1263 5 5 1 1
522 406 3 1 1 1
1295 1991 5 5 1 1
535 440 3 1 1 1
606 359 3 1 1 1
734 737 3 2 1 1
836 648 3 1 1 1
1122 1391 5 5 1 1
687 635 3 1 1 1
425 454 3 1 1 1
605 454 3 1 1 1
1135 1817 5 5 1 1
514 405 3 1 1 1
399 93 2 3 1 1
872 766 4 4 1 1
564 1893 5 5 1 1
695 1878 5 5 1 1
1254 1470 5 5 1 1
387 299 3 1 1 1
550 401 3 1 1 1
1140 1340 5 5 1 1
1019 1542 5 5 1 1
440 331 3 1 1 1
1707 609 3 1 1 0
385 226 2 3 1 1
474 409 3 1 1 1
465 231 2 3 1 1
668 1130 4 4 1 1
608 520 3 1 1 1
1150 1756 5 5 1 1
702 686 3 1 1 1
1269 1891 5 5 1 1
409 285 3 1 1 1
864 1415 5 5 1 1
484 289 3 1 1 1
691 738 3 2 1 1
821 986 4 4 1 1
470 418 3 1 1 1
569 470 3 1 1 1
797 1282 5 5 1 1
1621 248 3 1 1 0
926 1089 4 4 1 1
478 607 3 1 1 1
768 1022 4 4 1 1
789 1050 4 4 1 1
1284 1763 5 5 1 1
1037 1167 4 4 1 1
1610 656 3 2 1 0
492 573 3 1 1 1
1025 1219 5 5 1 1
1298 1960 5 5 1 1
586 727 3 1 1 1
1077 1710 5 5 1 1
601 367 3 1 1 1
648 734 3 2 1 1
506 471 3 1 1 1
380 308 3 1 1 1
763 309 3 1 1 1
1546 337 3 1 1 0
1012 1248 5 5 1 1
1474 219 3 1 1 0
365 403 3 1 1 1
424 89 2 3 1 1
559 803 4 4 1 1
788 704 3 1 1 1
56 1187 4 4 1 1
1334 311 3 1 1 1
498 443 3 1 1 1
564 298 3 1 1 1
1158 1460 5 5 1 1
489 166 2 3 1 1
853 1188 5 5 1 1
610 868 4 4 1 1
985 1474 5 5 1 1
348 398 3 1 1 1
543 734 3 1 1 1
358 393 3 1 1 1
1095 1541 5 5 1 1
606 394 3 1 1 1
999 1254 5 5 1 1
562 258 3 1 1 1
392 473 3 1 1 1
437 347 3 1 1 1
400 450 3 1 1 1
1461 295 3 1 1 0
1397 623 3 1 1 1
451 356 3 1 1 1
448 428 3 1 1 1
1552 96 3 1 1 0
699 899 4 4 1 1
690 856 4 4 1 1
617 445 3 1 1 1
790 1002 4 4 1 1
724 823 4 4 1 1
1360 83 3 1 1 1
1241 1311 5 5 1 1
547 343 3 1 1 1
779 1129 4 4 1 1
539 307 3 1 1 1
502 189 2 3 1 1
680 910 4 4 1 1
412 63 2 3 1 1
768 329 3 1 1 1
440 265 3 1 1 1
975 1290 5 5 1 1
546 470 3 1 1 1
464 325 3 1 1 1
421 402 3 1 1 1
666 1882 5 5 1 1
615 466 3 1 1 1
602 174 2 3 1 1
1177 1736 5 5 1 1
579 540 3 1 1 1
611 153 2 3 1 1
570 281 3 1 1 1
588 313 3 1 1 1
982 1360 5 5 1 1
1110 1722 5 5 1 1
683 550 3 1 1 1
551 664 3 1 1 1
690 768 4 4 1 1
826 1258 5 5 1 1
1133 1528 5 5 1 1
742 1209 5 5 1 1
383 383 3 1 1 1
1594 508 3 1 1 0
799 1213 5 5 1 1
377 493 3 1 1 1
1578 344 3 1 1 0
683 760 4 4 1 1
1118 1082 4 4 1 1
1443 446 3 1 1 0
1190 1823 5 5 1 1
1152 1429 5 5 1 1
556 218 2 3 1 1
471 480 3 1 1 1
266 1065 4 4 1 1
826 1140 4 4 1 1
477 344 3 1 1 1
395 495 3 1 1 1
1404 95 3 1 1 1
582 468 3 1 1 1
1484 289 3 1 1 0
900 1877 5 5 1 1
644 339 3 1 1 1
566 196 2 3 1 1
553 303 3 1 1 1
433 185 2 3 1 1
1055 1700 5 5 1 1
1248 1473 5 5 1 1
539 484 3 1 1 1
595 147 2 3 1 1
1064 1500 5 5 1 1
813 1225 5 5 1 1
526 430 3 1 1 1
443 60 2 3 1 1
643 438 3 1 1 1
510 603 3 1 1 1
1287 1914 5 5 1 1
1403 14 3 1 1 1
1281 1853 5 5 1 1
868 819 4 4 1 1
1099 1293 5 5 1 1
782 1300 5 5 1 1
414 275 3 1 1 1
1075 1509 5 5 1 1
450 326 3 1 1 1
762 333 3 1 1 1
1414 62 3 1 1 1
733 857 4 4 1 1
877 1458 5 5 1 1
615 173 2 3 1 1
432 436 3 1 1 1
854 1912 5 5 1 1
598 367 3 1 1 1
954 1024 4 4 1 1
642 447 3 1 1 1
1425 218 3 1 1 1
530 337 3 1 1 1
1033 1212 5 5 1 1
703 631 3 1 1 1
1287 1615 5 5 1 1
683 799 4 4 1 1
638 194 2 3 1 1
951 1349 5 5 1 1
1031 1068 4 4 1 1
428 52 2 3 1 1
705 790 4 4 1 1
1244 1654 5 5 1 1
962 1607 5 5 1 1
1226 1942 5 5 1 1
636 352 3 1 1 1
411 220 2 3 1 1
488 146 2 3 1 1
1208 1397 5 5 1 1
620 331 3 1 1 1
450 415 3 1 1 1
1291 1704 5 5 1 1
403 45 2 3 1 1
501 285 3 1 1 1
424 326 3 1 1 1
1063 1232 5 5 1 1
1425 369 3 1 1 1
1432 347 3 1 1 0
693 553 3 1 1 1
1257 1482 5 5 1 1
521 424 3 1 1 1
1091 1511 5 5 1 1
1039 961 4 4 1 1
1203 1900 5 5 1 1
437 327 3 1 1 1
1301 1928 5 5 1 1
690 794 4 4 1 1
1100 1442 5 5 1 1
1364 126 3 1 1 1
717 922 4 4 1 1
645 861 4 4 1 1
1175 1494 5 5 1 1
538 440 3 1 1 1
590 270 3 1 1 1
628 638 3 1 1 1
1091 1706 5 5 1 1
398 477 3 1 1 1
998 1216 5 5 1 1
1325 1721 5 5 1 1
615 215 2 3 1 1
803 1043 4 4 1 1
237 1067 4 4 1 1
1223 1768 5 5 1 1
1272 1564 5 5 1 1
459 592 3 1 1 1
685 1186 5 5 1 1
1140 1845 5 5 1 1
594 559 3 1 1 1
456 394 3 1 1 1
249 1099 4 4 1 1
382 416 3 1 1 1
1195 1849 5 5 1 1
549 786 4 4 1 1
572 481 3 1 1 1
836 1235 5 5 1 1
463 328 3 1 1 1
447 489 3 1 1 1
704 878 4 4 1 1
1041 1597 5 5 1 1
541 472 3 1 1 1
1141 1758 5 5 1 1
903 1359 5 5 1 1
1101 1974 5 5 1 1
678 943 4 4 1 1
458 453 3 1 1 1
578 206 2 3 1 1
586 227 2 3 1 1
1669 394 3 1 1 0
757 824 4 4 1 1
1019 1052 4 4 1 1
410 363 3 1 1 1
557 327 3 1 1 1
1177 1417 5 5 1 1
976 1477 5 5 1 1
655 782 4 4 1 1
698 312 3 1 1 1
818 886 4 4 1 1
468 470 3 1 1 1
966 1436 5 5 1 1
501 455 3 1 1 1
413 96 2 3 1 1
1165 1377 5 5 1 1
866 900 4 4 1 1
607 507 3 1 1 1
438 280 3 1 1 1
466 474 3 1 1 1
854 879 4 4 1 1
1225 1827 5 5 1 1
535 299 3 1 1 1
596 270 3 1 1 1
725 785 4 4 1 1
497 481 3 1 1 1
1306 1742 5 5 1 1
379 349 3 1 1 1
456 446 3 1 1 1
655 195 2 3 1 1
863 1338 5 5 1 1
1025 1560 5 5 1 1
923 1445 5 5 1 1
506 291 3 1 1 1
525 283 3 1 1 1
1257 1405 5 5 1 1
485 446 3 1 1 1
940 701 3 1 1 1
410 331 3 1 1 1
824 866 4 4 1 1
446 277 3 1 1 1
1108 1569 5 5 1 1
473 564 3 1 1 1
495 204 2 3 1 1
633 154 2 3 1 1
485 422 3 1 1 1
464 461 3 1 1 1
1433 425 3 1 1 0
768 1095 4 4 1 1
641 348 3 1 1 1
426 410 3 1 1 1
414 533 3 1 1 1
550 230 2 3 1 1
1199 1890 5 5 1 1
671 537 3 1 1 1
464 200 2 3 1 1
1220 1633 5 5 1 1
430 482 3 1 1 1
578 385 3 1 1 1
1018 1124 4 4 1 1
411 319 3 1 1 1
853 1406 5 5 1 1
844 1846 5 5 1 1
906 1372 5 5 1 1
431 373 3 1 1 1
769 789 4 4 1 1
553 292 3 1 1 1
1207 1546 5 5 1 1
839 1270 5 5 1 1
694 940 4 4 1 1
546 567 3 1 1 1
630 446 3 1 1 1
357 470 3 1 1 1
1025 1247 5 5 1 1
627 941 4 4 1 1
557 271 3 1 1 1
387 294 3 1 1 1
847 1125 4 4 1 1
573 470 3 1 1 1
501 591 3 1 1 1
1107 1361 5 5 1 1
698 889 4 4 1 1
1109 1271 5 5 1 1
799 1157 4 4 1 1
1498 366 3 1 1 0
1038 1228 5 5 1 1
726 1063 4 4 1 1
677 595 3 1 1 1
710 954 4 4 1 1
1126 1708 5 5 1 1
483 344 3 1 1 1
387 363 3 1 1 1
894 1287 5 5 1 1
978 1833 5 5 1 1
1511 347 3 1 1 0
668 718 3 1 1 1
719 618 3 1 1 1
432 470 3 1 1 1
849 762 4 4 1 1
467 477 3 1 1 1
1011 1967 5 5 1 1
620 153 2 3 1 1
516 576 3 1 1 1
397 389 3 1 1 1
466 333 3 1 1 1
564 252 3 1 1 1
397 278 3 1 1 1
1013 1077 4 4 1 1
1165 1503 5 5 1 1
1186 1648 5 5 1 1
1083 1408 5 5 1 1
925 1940 5 5 1 1
631 452 3 1 1 1
1164 1498 5 5 1 1
1689 630 3 2 1 0
786 679 3 1 1 1
502 633 3 1 1 1
459 193 2 3 1 1
625 340 3 1 1 1
391 468 3 1 1 1
434 308 3 1 1 1
436 273 3 1 1 1
1140 1831 5 5 1 1
869 1226 5 5 1 1
593 481 3 1 1 1
1030 1324 5 5 1 1
374 383 3 1 1 1
735 788 4 4 1 1
482 370 3 1 1 1
808 861 4 4 1 1
665 548 3 1 1 1
599 478 3 1 1 1
407 323 3 1 1 1
799 1066 4 4 1 1
587 711 3 1 1 1
621 515 3 1 1 1
1221 1597 5 5 1 1
585 405 3 1 1 1
1036 1357 5 5 1 1
774 1234 5 5 1 1
280 583 3 1 1 1
512 473 3 1 1 1
1211 1940 5 5 1 1
481 485 3 1 1 1
610 170 2 3 1 1
1526 682 3 3 1 0
884 971 4 4 1 1
703 976 4 4 1 1
767 820 4 4 1 1
563 488 3 1 1 1
599 464 3 1 1 1
680 743 4 4 1 1
534 124 2 3 1 1
564 129 2 3 1 1
1207 1652 5 5 1 1
616 276 3 1 1 1
426 236 2 2 1 1
637 376 3 1 1 1
401 57 2 3 1 1
201 580 3 1 1 1
1235 1898 5 5 1 1
461 339 3 1 1 1
35 1195 4 4 1 1
1067 1408 5 5 1 1
85 1169 4 4 1 1
549 116 2 3 1 1
782 729 3 1 1 1
836 862 4 4 1 1
440 274 3 1 1 1
471 328 3 1 1 1
602 107 2 3 1 1
511 353 3 1 1 1
453 604 3 1 1 1
475 67 2 3 1 1
856 1152 4 4 1 1
1212 1853 5 5 1 1
630 570 3 1 1 1
1036 1305 5 5 1 1
526 257 3 1 1 1
524 658 3 1 1 1
383 372 3 1 1 1
770 327 3 1 1 1
757 1073 4 4 1 1
950 1195 5 5 1 1
404 220 2 3 1 1
1141 1380 5 5 1 1
390 480 3 1 1 1
63 1184 4 4 1 1
781 1093 4 4 1 1
670 661 3 1 1 1
1083 1970 5 5 1 1
604 945 4 4 1 1
408 220 2 3 1 1
415 228 2 3 1 1
1006 1352 5 5 1 1
819 1091 4 4 1 1
1303 1788 5 5 1 1
514 302 3 1 1 1
707 723 3 1 1 1
777 1216 5 5 1 1
843 857 4 4 1 1
698 379 3 1 1 1
795 818 4 4 1 1
399 352 3 1 1 1
601 280 3 1 1 1
456 414 3 1 1 1
609 374 3 1 1 1
651 837 4 4 1 1
432 244 3 1 1 1
1325 1856 5 5 1 1
752 313 3 1 1 1
588 495 3 1 1 1
1068 1273 5 5 1 1
977 1546 5 5 1 1
1257 1846 5 5 1 1
591 224 2 3 1 1
803 705 3 1 1 1
527 740 4 4 1 1
423 475 3 1 1 1
798 833 4 4 1 1
748 752 4 4 1 1
1317 1972 5 5 1 1
605 318 3 1 1 1
1167 1266 5 5 1 1
690 725 3 1 1 1
1286 1879 5 5 1 1
759 1045 4 4 1 1
343 378 3 1 1 1
653 351 3 1 1 1
367 372 3 1 1 1
1089 1810 5 5 1 1
690 898 4 4 1 1
512 426 3 1 1 1
1076 1278 5 5 1 1
739 1291 5 5 1 1
668 938 4 4 1 1
1299 1712 5 5 1 1
409 481 3 1 1 1
532 349 3 1 1 1
1297 1895 5 5 1 1
584 193 2 3 1 1
800 1020 4 4 1 1
504 108 2 3 1 1
1016 1456 5 5 1 1
579 109 2 3 1 1
247 410 3 1 1 1
356 487 3 1 1 1
556 679 3 1 1 1
1259 1686 5 5 1 1
440 287 3 1 1 1
686 906 4 4 1 1
1151 1829 5 5 1 1
942 1363 5 5 1 1
573 381 3 1 1 1
621 264 3 1 1 1
461 276 3 1 1 1
922 1037 4 4 1 1
1030 1345 5 5 1 1
723 313 3 1 1 1
534 358 3 1 1 1
1058 1372 5 5 1 1
488 644 3 1 1 1
811 830 4 4 1 1
589 275 3 1 1 1
843 616 3 1 1 1
499 398 3 1 1 1
426 330 3 1 1 1
447 297 3 1 1 1
490 269 3 1 1 1
521 439 3 1 1 1
476 306 3 1 1 1
1184 1238 5 5 1 1
552 382 3 1 1 1
1037 1568 5 5 1 1
1072 1559 5 5 1 1
691 1050 4 4 1 1
579 326 3 1 1 1
452 275 3 1 1 1
1057 1821 5 5 1 1
443 489 3 1 1 1
580 313 3 1 1 1
1041 1468 5 5 1 1
792 701 3 1 1 1
380 430 3 1 1 1
640 360 3 1 1 1
644 602 3 1 1 1
674 806 4 4 1 1
738 714 3 1 1 1
573 272 3 1 1 1
531 416 3 1 1 1
636 812 4 4 1 1
1115 1785 5 5 1 1
403 493 3 1 1 1
607 172 2 3 1 1
731 839 4 4 1 1
501 264 3 1 1 1
1163 1382 5 5 1 1
385 262 3 1 1 1
1184 1517 5 5 1 1
454 234 2 3 1 1
398 455 3 1 1 1
596 871 4 4 1 1
333 482 3 1 1 1
897 935 4 4 1 1
531 273 3 1 1 1
789 1018 4 4 1 1
610 571 3 1 1 1
684 956 4 4 1 1
1051 1510 5 5 1 1
924 1134 4 4 1 1
1011 1115 4 4 1 1
773 1161 4 4 1 1
606 533 3 1 1 1
474 137 2 3 1 1
751 971 4 4 1 1
1349 166 3 1 1 1
459 564 3 1 1 1
1324 1518 5 5 1 1
1604 438 3 1 1 0
1535 538 3 1 1 0
492 465 3 1 1 1
1474 467 3 1 1 0
419 361 3 1 1 1
784 1254 5 5 1 1
430 382 3 1 1 1
487 455 3 1 1 1
383 490 3 1 1 1
633 850 4 4 1 1
384 440 3 1 1 1
547 183 2 3 1 1
473 440 3 1 1 1
453 310 3 1 1 1
466 523 3 1 1 1
1726 660 4 4 1 0
405 95 2 3 1 1
1568 333 3 1 1 0
979 1596 5 5 1 1
555 171 2 3 1 1
1005 1054 4 4 1 1
809 851 4 4 1 1
368 267 3 1 1 1
393 317 3 1 1 1
521 299 3 1 1 1
791 329 3 1 1 1
445 304 3 1 1 1
1454 486 3 1 1 0
868 892 4 4 1 1
699 665 3 1 1 1
1116 1361 5 5 1 1
562 530 3 1 1 1
587 368 3 1 1 1
615 263 3 1 1 1
1197 1690 5 5 1 1
714 763 4 4 1 1
587 665 3 1 1 1
1174 1361 5 5 1 1
415 428 3 1 1 1
518 463 3 1 1 1
1059 1208 5 5 1 1
534 77 2 3 1 1
1271 1506 5 5 1 1
1117 1346 5 5 1 1
1349 220 3 1 1 1
494 438 3 1 1 1
898 1005 4 4 1 1
541 680 3 1 1 1
826 1206 5 5 1 1
1237 1842 5 5 1 1
815 1270 5 5 1 1
655 552 3 1 1 1
519 382 3 1 1 1
407 450 3 1 1 1
463 366 3 1 1 1
1422 128 3 1 1 1
1233 1872 5 5 1 1
374 436 3 1 1 1
637 207 2 3 1 1
576 245 3 1 1 1
548 307 3 1 1 1
961 702 3 1 1 1
1344 614 3 1 1 1
960 1195 5 5 1 1
616 684 3 1 1 1
443 213 2 3 1 1
610 460 3 1 1 1
548 398 3 1 1 1
476 184 2 3 1 1
45 1177 4 4 1 1
1344 79 3 1 1 1
525 369 3 1 1 1
593 129 2 3 1 1
443 446 3 1 1 1
401 406 3 1 1 1
574 434 3 1 1 1
1137 1655 5 5 1 1
426 424 3 1 1 1
413 92 2 3 1 1
385 346 3 1 1 1
721 710 3 1 1 1
540 300 3 1 1 1
1177 1708 5 5 1 1
840 829 4 4 1 1
348 498 3 1 1 1
1314 1729 5 5 1 1
590 470 3 1 1 1
369 261 3 1 1 1
388 231 2 3 1 1
570 233 2 3 1 1
529 435 3 1 1 1
599 232 2 3 1 1
617 1011 4 4 1 1
1013 1218 5 5 1 1
887 1342 5 5 1 1
808 723 3 1 1 1
1005 1595 5 5 1 1
1200 1714 5 5 1 1
576 462 3 1 1 1
407 268 3 1 1 1
426 314 3 1 1 1
411 55 2 3 1 1
579 219 2 3 1 1
691 1205 5 5 1 1
436 425 3 1 1 1
747 721 3 1 1 1
598 194 2 3 1 1
1083 1777 5 5 1 1
1130 1459 5 5 1 1
569 277 3 1 1 1
698 1036 4 4 1 1
1058 1785 5 5 1 1
1205 1964 5 5 1 1
434 95 2 3 1 1
780 923 4 4 1 1
1151 1583 5 5 1 1
766 1041 4 4 1 1
552 506 3 1 1 1
544 414 3 1 1 1
508 266 3 1 1 1
921 1236 5 5 1 1
728 677 3 1 1 1
429 403 3 1 1 1
333 310 3 1 1 1
527 307 3 1 1 1
463 155 2 3 1 1
818 1173 4 4 1 1
651 498 3 1 1 1
1103 1739 5 5 1 1
585 268 3 1 1 1
593 219 2 3 1 1
84 1182 4 4 1 1
1063 1780 5 5 1 1
747 790 4 4 1 1
1437 158 3 1 1 0
