274 212 6 9 1 1
412 221 9 14 1 1
359 222 10 11 1 1
157 225 16 22 1 1
335 217 7 9 1 1
14 225 17 21 1 1
502 213 7 9 1 1
570 270 36 36 1 0
579 215 10 12 1 1
169 216 16 22 1 1
590 216 10 12 1 1
620 219 8 9 1 1
186 218 16 22 1 1
135 214 8 9 1 1
300 227 7 9 1 1
233 221 6 9 1 1
37 212 8 9 1 1
531 221 7 9 1 1
480 224 6 8 1 1
61 219 8 9 1 1
95 214 8 9 1 1
448 222 6 8 1 1
289 219 6 9 1 1
211 220 6 9 1 1
17 210 8 9 1 1
121 215 8 9 1 1
626 214 8 9 1 1
522 214 7 9 1 1
97 243 13 17 1 1
416 232 9 14 1 1
348 221 10 11 1 1
368 218 10 11 1 1
82 212 8 9 1 1
539 239 11 15 1 1
547 216 10 12 1 1
565 216 10 12 1 1
558 223 10 12 1 1
310 223 7 9 1 1
327 217 7 9 1 1
252 222 6 9 1 1
258 211 6 9 1 1
109 216 8 9 1 1
