345 587 11 14 1 1
935 913 25 22 1 1
3094 1687 38 44 1 0
2408 968 18 26 1 1
628 792 25 22 1 1
1239 757 25 22 2 1
1310 776 25 22 1 1
1812 972 18 26 1 1
587 2081 47 62 1 0
369 463 11 14 1 1
1070 666 11 14 1 1
1038 871 25 22 1 1
1220 1154 18 26 1 1
2475 1683 38 44 1 0
2073 1648 38 44 1 0
1170 1507 34 40 1 0
803 1122 18 26 1 1
319 632 11 14 1 1
1304 824 25 22 1 1
891 2373 47 62 1 0
929 1883 38 44 2 0
527 625 11 14 1 1
940 842 25 22 1 1
443 666 11 14 1 1
2095 1183 18 26 2 1
187 537 11 14 1 1
481 1918 38 44 1 0
1138 989 18 26 1 1
1016 743 25 22 1 1
391 692 25 22 1 1
2340 1514 34 40 1 0
536 1111 18 26 1 1
1432 1133 18 26 1 1
588 1114 18 26 1 1
385 650 11 14 1 1
1208 830 25 22 1 1
657 682 11 14 1 1
205 435 11 14 1 1
1057 923 25 22 1 1
1647 971 18 26 1 1
1957 2212 47 62 1 0
2190 1050 18 26 1 1
2165 1032 18 26 1 1
1358 972 18 26 1 1
1255 752 25 22 1 1
356 950 25 22 2 1
3176 2130 47 62 1 0
2401 1623 34 40 1 0
629 1068 18 26 1 1
712 576 11 14 1 1
851 812 25 22 1 1
710 1041 18 26 1 1
1095 1104 18 26 1 1
866 622 11 14 1 1
51 1050 18 26 1 1
699 641 11 14 1 1
2479 950 18 26 1 1
1230 1495 34 40 1 0
681 1521 34 40 1 0
437 689 25 22 1 1
1403 881 25 22 1 1
1724 901 25 22 1 1
1225 774 25 22 1 1
1310 985 18 26 1 1
984 792 25 22 1 1
2062 1494 34 40 1 0
259 710 25 22 1 1
1910 1944 38 44 1 0
695 1724 38 44 1 0
212 857 25 22 1 1
1010 1016 18 26 1 1
904 1999 38 44 1 0
407 777 25 22 1 1
1165 1802 38 44 1 0
1279 1181 18 26 1 1
3591 2156 47 62 2 0
1078 2166 47 62 1 0
702 1010 18 26 1 1
1580 1649 38 44 1 0
511 1028 18 26 1 1
1110 1000 18 26 1 1
1509 1182 18 26 1 1
736 1576 34 40 1 0
1097 724 25 22 1 1
1327 839 25 22 1 1
2269 1110 18 26 1 1
1526 1781 38 44 1 0
1037 1066 18 26 1 1
101 1029 18 26 1 1
627 640 11 14 1 1
1053 828 25 22 1 1
206 335 11 14 1 1
267 1656 38 44 2 1
1406 938 25 22 1 1
1289 896 25 22 1 1
694 2437 47 62 1 0
883 1149 18 26 1 1
188 767 25 22 1 1
761 828 25 22 1 1
118 1804 38 44 1 1
2077 1180 18 26 1 1
1755 2009 38 44 1 0
3974 1740 38 44 1 0
663 629 11 14 1 1
1251 734 25 22 1 1
461 349 11 14 1 1
1076 832 25 22 1 1
501 350 11 14 1 1
847 1138 18 26 1 1
92 1799 38 44 1 1
1140 761 25 22 1 1
698 1115 18 26 1 1
433 661 11 14 1 1
151 2103 47 62 1 0
2901 1564 34 40 1 0
1303 795 25 22 1 1
1503 1168 18 26 1 1
1063 849 25 22 1 1
1688 1028 18 26 1 1
1632 2610 47 62 2 0
543 906 25 22 1 1
1466 2084 47 62 1 0
1312 752 25 22 1 1
1915 2115 47 62 2 0
848 2638 47 62 1 0
1292 1020 18 26 1 1
254 974 18 26 1 1
1211 2015 38 44 1 0
1664 1522 34 40 1 0
859 1513 34 40 1 0
2419 1119 18 26 1 1
435 747 25 22 1 1
1869 1545 34 40 2 0
1024 344 11 14 1 1
1751 1104 18 26 1 1
1791 916 25 22 1 1
476 456 11 14 1 1
577 805 25 22 1 1
1548 944 25 22 2 1
2375 1526 34 40 1 0
443 481 11 14 1 1
1390 900 25 22 1 1
1383 841 25 22 1 1
216 1798 38 44 1 1
914 1725 38 44 1 0
657 1849 38 44 1 0
109 1064 18 26 1 1
3747 2044 38 44 1 0
820 557 11 14 1 1
304 798 25 22 1 1
647 1096 18 26 2 1
3213 1183 18 26 1 1
1882 1015 18 26 1 1
1271 2071 47 62 1 0
1742 965 18 26 1 1
1426 1046 18 26 1 1
3792 1822 38 44 1 0
2086 1052 18 26 1 1
1571 890 25 22 1 1
1754 1008 18 26 2 1
1771 966 18 26 1 1
1022 988 18 26 1 1
461 1122 18 26 1 1
1168 1173 18 26 1 1
2215 2191 47 62 1 0
1074 969 18 26 1 1
953 586 11 14 1 1
3838 2047 38 44 1 0
1312 969 18 26 1 1
1439 977 18 26 1 1
1095 1665 38 44 1 0
2457 2409 47 62 1 0
686 1048 18 26 1 1
626 1034 18 26 1 1
336 937 25 22 1 1
415 756 25 22 1 1
1335 861 25 22 1 1
992 1066 18 26 1 1
216 454 11 14 1 1
2093 1028 18 26 1 1
830 880 25 22 1 1
885 976 18 26 1 1
1479 1070 18 26 1 1
2341 2179 47 62 1 0
645 1110 18 26 2 1
823 1114 18 26 1 1
1279 972 18 26 1 1
367 679 11 14 1 1
896 1086 18 26 1 1
535 1008 18 26 1 1
429 1594 34 40 1 0
3073 1623 34 40 1 0
2571 988 18 26 1 1
785 664 11 14 1 1
208 1034 18 26 1 1
1339 910 25 22 1 1
1379 788 25 22 1 1
2110 1028 18 26 1 1
1407 2299 47 62 1 0
1458 1150 18 26 1 1
1514 2632 47 62 1 0
1546 844 25 22 1 1
191 507 11 14 1 1
976 770 25 22 1 1
1221 678 11 14 1 1
521 948 25 22 1 1
2445 2592 47 62 1 0
1736 1161 18 26 1 1
3762 2094 47 62 1 0
1850 940 25 22 1 1
835 1101 18 26 1 1
1699 1141 18 26 2 1
3814 1975 38 44 1 0
1915 1870 38 44 1 0
2245 1709 38 44 1 0
1200 803 25 22 1 1
632 1008 18 26 1 1
3213 1846 38 44 1 0
275 444 11 14 1 1
1850 981 18 26 1 1
691 983 18 26 1 1
766 1481 34 40 1 0
567 542 11 14 1 1
931 1058 18 26 1 1
395 741 25 22 1 1
965 1178 18 26 1 1
2479 988 18 26 1 1
483 768 25 22 1 1
1617 1172 18 26 2 1
1046 1171 18 26 1 1
1177 685 25 22 1 1
1115 2524 47 62 1 0
3356 2151 47 62 1 0
1214 995 18 26 1 1
3521 2114 47 62 1 0
1141 1037 18 26 1 1
1232 1096 18 26 1 1
781 1536 34 40 1 0
1186 747 25 22 1 1
180 357 11 14 1 1
1351 1175 18 26 1 1
794 2192 47 62 1 0
392 929 25 22 1 1
1727 941 25 22 1 1
1461 2145 47 62 2 0
897 992 18 26 1 1
1712 1046 18 26 1 1
1010 925 25 22 1 1
1526 1076 18 26 1 1
1306 2111 47 62 1 0
195 1716 38 44 1 1
1989 2015 38 44 1 0
1104 1157 18 26 1 1
2256 934 18 26 1 1
1454 1120 18 26 1 1
1436 903 25 22 1 1
641 707 25 22 1 1
3131 1148 18 26 1 1
308 853 25 22 1 1
1221 893 25 22 1 1
693 774 25 22 1 1
992 659 11 14 1 1
1614 1183 18 26 2 1
1072 905 25 22 1 1
1852 1171 18 26 1 1
1301 1529 34 40 1 0
1706 1105 18 26 1 1
251 893 25 22 1 1
743 766 25 22 1 1
3147 2096 47 62 1 0
565 706 25 22 1 1
3207 1777 38 44 1 0
2795 1597 34 40 1 0
1101 553 11 14 1 1
2016 1146 18 26 1 1
521 1086 18 26 1 1
1839 2017 38 44 1 0
2220 1021 18 26 1 1
3934 2654 47 62 1 0
1359 902 25 22 1 1
765 1033 18 26 1 1
352 984 18 26 1 1
1311 1131 18 26 1 1
513 741 25 22 1 1
529 649 11 14 1 1
1817 1121 18 26 1 1
364 1098 18 26 1 1
1591 1497 34 40 1 0
3364 2061 47 62 1 0
2864 2012 38 44 1 0
2003 945 25 22 1 1
1388 1799 38 44 1 0
580 825 25 22 1 1
813 629 11 14 1 1
322 948 25 22 1 1
364 812 25 22 1 1
1404 988 18 26 1 1
5 1061 18 26 1 1
800 2086 47 62 1 0
1517 781 25 22 1 1
2182 1021 18 26 1 1
376 1025 18 26 1 1
327 846 25 22 1 1
317 590 11 14 1 1
1424 1009 18 26 1 1
84 1060 18 26 1 1
283 978 18 26 1 1
340 799 25 22 2 1
1046 698 25 22 1 1
2282 2634 47 62 1 0
642 536 11 14 1 1
246 858 25 22 1 1
2300 2480 47 62 1 0
2090 1005 18 26 2 1
234 717 25 22 1 1
688 878 25 22 1 1
563 970 18 26 1 1
502 584 11 14 1 1
897 691 25 22 1 1
780 718 25 22 1 1
1200 768 25 22 1 1
1176 1025 18 26 1 1
1055 1105 18 26 1 1
434 577 11 14 1 1
2611 1807 38 44 1 0
1268 757 25 22 1 1
1183 1859 38 44 1 0
3861 2265 47 62 1 0
1502 837 25 22 1 1
3146 1123 18 26 1 1
1500 2300 47 62 1 0
1672 950 25 22 1 1
375 748 25 22 1 1
1194 697 25 22 1 1
1515 981 18 26 1 1
3514 2224 47 62 1 0
1328 815 25 22 1 1
1139 1114 18 26 1 1
1478 948 25 22 2 1
864 1034 18 26 1 1
1640 900 25 22 2 1
545 558 11 14 1 1
2156 1680 38 44 1 0
1063 769 25 22 1 1
638 766 25 22 1 1
221 1666 38 44 1 1
2273 1547 34 40 1 0
578 1640 34 40 1 0
801 865 25 22 1 1
723 1613 34 40 1 0
2130 1042 18 26 1 1
933 888 25 22 1 1
1054 1128 18 26 1 1
1967 996 18 26 1 1
1488 786 25 22 1 1
968 888 25 22 1 1
670 508 11 14 1 1
2129 1473 34 40 1 0
1154 771 25 22 1 1
1493 1148 18 26 1 1
1233 1160 18 26 1 1
752 884 25 22 1 1
1927 1098 18 26 1 1
552 998 18 26 1 1
1615 961 25 22 1 1
1452 1902 38 44 1 0
1288 828 25 22 1 1
809 808 25 22 1 1
1639 1078 18 26 1 1
1799 1098 18 26 1 1
818 1017 18 26 1 1
1469 788 25 22 1 1
422 411 11 14 1 1
1386 1494 34 40 1 0
1206 1067 18 26 1 1
1089 754 25 22 1 1
848 645 11 14 1 1
553 680 11 14 1 1
906 829 25 22 1 1
871 819 25 22 1 1
1656 894 25 22 1 1
325 1056 18 26 1 1
1770 1147 18 26 1 1
589 1009 18 26 1 1
2187 1183 18 26 1 1
1988 949 25 22 1 1
954 760 25 22 1 1
2475 1757 38 44 1 0
2181 1963 38 44 1 0
513 1815 38 44 1 0
2608 985 18 26 1 1
889 1173 18 26 1 1
1476 989 18 26 1 1
1601 1122 18 26 1 1
963 650 11 14 1 1
3092 1130 18 26 1 1
1473 2138 47 62 2 0
223 664 11 14 1 1
926 780 25 22 1 1
448 519 11 14 1 1
558 1065 18 26 1 1
870 643 11 14 1 1
1806 1025 18 26 1 1
1375 864 25 22 1 1
3873 1961 38 44 1 0
1133 829 25 22 1 1
1049 714 25 22 1 1
779 1138 18 26 1 1
1644 910 25 22 2 1
1629 926 25 22 1 1
532 747 25 22 1 1
817 1697 38 44 2 0
1379 1184 18 26 1 1
2063 1152 18 26 1 1
1463 1184 18 26 1 1
1925 1182 18 26 1 1
709 759 25 22 1 1
2237 1468 34 40 1 0
584 756 25 22 1 1
1460 835 25 22 2 1
1878 1102 18 26 1 1
1120 743 25 22 1 1
1804 897 25 22 1 1
356 538 11 14 1 1
256 495 11 14 1 1
2339 1555 34 40 1 0
2406 1737 38 44 1 0
1202 1128 18 26 1 1
896 728 25 22 2 1
1256 943 25 22 1 1
351 881 25 22 2 1
2123 1551 34 40 1 0
1364 760 25 22 1 1
393 946 25 22 1 1
691 2551 47 62 1 0
723 1094 18 26 1 1
1842 2564 47 62 1 0
1834 1010 18 26 1 1
665 769 25 22 1 1
399 641 11 14 1 1
1285 2618 47 62 1 0
3127 1743 38 44 1 0
174 1036 18 26 1 1
908 733 25 22 2 1
541 1174 18 26 1 1
2439 991 18 26 1 1
2005 1013 18 26 1 1
817 728 25 22 1 1
1683 2509 47 62 1 0
3174 1178 18 26 1 1
416 725 25 22 1 1
1078 1076 18 26 1 1
2857 1717 38 44 1 0
1328 751 25 22 1 1
908 2194 47 62 1 0
748 785 25 22 2 1
788 1165 18 26 1 1
884 912 25 22 1 1
906 1605 34 40 1 0
461 468 11 14 1 1
1473 908 25 22 1 1
1402 1508 34 40 1 0
821 2361 47 62 1 0
2480 1795 38 44 1 0
603 1061 18 26 1 1
1549 1765 38 44 1 0
1460 1101 18 26 1 1
192 1770 38 44 1 1
488 507 11 14 1 1
667 1036 18 26 1 1
1431 1090 18 26 1 1
3155 1823 38 44 1 0
3294 1766 38 44 1 0
1820 1478 34 40 1 0
1706 1149 18 26 2 1
1249 1533 34 40 1 0
342 1137 18 26 1 1
1280 800 25 22 1 1
1630 1164 18 26 1 1
1896 971 18 26 1 1
2102 1944 38 44 1 0
482 972 18 26 1 1
881 703 25 22 1 1
3153 1891 38 44 1 0
589 548 11 14 1 1
2979 1922 38 44 1 0
263 662 11 14 1 1
3919 1917 38 44 1 0
1451 997 18 26 1 1
1696 925 25 22 1 1
669 850 25 22 1 1
1384 995 18 26 1 1
541 936 25 22 1 1
379 851 25 22 1 1
1194 1691 38 44 1 0
1770 1021 18 26 1 1
807 762 25 22 1 1
1217 1636 34 40 1 0
299 965 18 26 1 1
1034 1133 18 26 1 1
2444 1577 34 40 1 0
1614 1070 18 26 1 1
2963 1710 38 44 1 0
424 1098 18 26 1 1
1230 1747 38 44 1 0
2760 1923 38 44 1 0
324 1650 38 44 2 1
349 621 11 14 1 1
1097 846 25 22 1 1
2732 1609 34 40 2 0
2166 1182 18 26 1 1
2510 1580 34 40 1 0
1229 988 18 26 1 1
1117 1578 34 40 1 0
1189 957 25 22 1 1
713 660 11 14 1 1
2018 1120 18 26 1 1
775 804 25 22 1 1
1056 1054 18 26 1 1
196 642 11 14 1 1
209 1992 38 44 1 0
1220 1135 18 26 1 1
1518 872 25 22 1 1
1290 1119 18 26 1 1
851 886 25 22 1 1
345 839 25 22 1 1
1271 1081 18 26 1 1
1503 1121 18 26 1 1
1306 1736 38 44 1 0
685 854 25 22 1 1
773 848 25 22 1 1
284 1677 38 44 1 1
903 918 25 22 1 1
920 715 25 22 1 1
228 481 11 14 1 1
268 1693 38 44 1 1
781 1000 18 26 1 1
196 717 25 22 1 1
717 830 25 22 1 1
273 1628 34 40 2 1
728 622 11 14 1 1
1127 844 25 22 1 1
1326 1114 18 26 1 1
1820 983 18 26 1 1
525 593 11 14 1 1
844 665 11 14 1 1
1631 983 18 26 1 1
381 726 25 22 1 1
1471 886 25 22 1 1
1808 1504 34 40 1 0
475 484 11 14 1 1
1260 1149 18 26 1 1
913 761 25 22 1 1
881 669 11 14 1 1
882 766 25 22 1 1
1276 925 25 22 1 1
1203 1164 18 26 1 1
1082 1515 34 40 2 0
1355 872 25 22 1 1
328 1106 18 26 1 1
1804 1181 18 26 1 1
1061 874 25 22 1 1
1251 2196 47 62 2 0
1345 757 25 22 1 1
959 712 25 22 1 1
273 374 11 14 1 1
1065 810 25 22 1 1
1004 2033 38 44 1 0
978 2094 47 62 1 0
2810 1799 38 44 1 0
998 1154 18 26 1 1
399 844 25 22 1 1
720 1883 38 44 1 0
1180 723 25 22 1 1
1746 984 18 26 1 1
2322 1665 38 44 1 0
1532 1004 18 26 1 1
252 733 25 22 1 1
1349 2546 47 62 1 0
754 793 25 22 2 1
1297 1662 38 44 1 0
837 819 25 22 1 1
1833 1105 18 26 1 1
203 949 25 22 1 1
3313 2007 38 44 1 0
1613 897 25 22 1 1
2324 1033 18 26 1 1
3013 2031 38 44 1 0
918 675 11 14 1 1
235 793 25 22 1 1
2204 1147 18 26 1 1
1253 961 25 22 1 1
3282 1688 38 44 1 0
1638 1511 34 40 1 0
563 1019 18 26 1 1
1688 971 18 26 1 1
1454 1072 18 26 1 1
1422 1185 18 26 1 1
2493 998 18 26 1 1
908 1153 18 26 1 1
1062 896 25 22 1 1
1004 1048 18 26 1 1
597 496 11 14 1 1
543 1680 38 44 1 0
782 565 11 14 1 1
3528 1882 38 44 1 0
483 1057 18 26 1 1
1509 2347 47 62 1 0
1862 1136 18 26 1 1
3360 1747 38 44 1 0
847 848 25 22 1 1
255 620 11 14 1 1
736 891 25 22 1 1
974 1080 18 26 1 1
860 835 25 22 1 1
377 1057 18 26 1 1
1716 1012 18 26 1 1
2597 1041 18 26 1 1
1350 1048 18 26 1 1
189 597 11 14 1 1
1872 985 18 26 1 1
1428 2596 47 62 1 0
927 834 25 22 1 1
207 774 25 22 1 1
586 604 11 14 1 1
2157 898 18 26 1 1
1066 1024 18 26 1 1
410 459 11 14 1 1
1330 1027 18 26 1 1
1973 2159 47 62 1 0
1666 1125 18 26 1 1
824 345 11 14 1 1
699 803 25 22 1 1
913 1008 18 26 1 1
1043 1765 38 44 1 0
1511 958 25 22 1 1
937 1839 38 44 1 0
241 1046 18 26 1 1
306 884 25 22 1 1
1077 879 25 22 1 1
613 1121 18 26 1 1
664 1095 18 26 1 1
2507 986 18 26 1 1
967 1061 18 26 1 1
986 889 25 22 1 1
1276 1906 38 44 1 0
831 1026 18 26 1 1
1829 1033 18 26 1 1
759 1078 18 26 1 1
1422 959 25 22 1 1
317 470 11 14 1 1
469 560 11 14 1 1
344 1656 38 44 2 1
1267 1020 18 26 1 1
1041 777 25 22 1 1
1368 803 25 22 1 1
1745 1498 34 40 2 0
1212 1043 18 26 1 1
715 877 25 22 1 1
900 800 25 22 1 1
3488 1721 38 44 1 0
793 820 25 22 1 1
275 1064 18 26 1 1
326 1155 18 26 1 1
801 1697 38 44 2 0
1962 967 18 26 1 1
1337 969 18 26 1 1
1306 894 25 22 1 1
1495 1623 34 40 1 0
1015 869 25 22 1 1
700 561 11 14 1 1
1718 1174 18 26 1 1
2256 1520 34 40 1 0
2259 1036 18 26 1 1
595 1098 18 26 1 1
309 668 11 14 1 1
1112 709 25 22 1 1
31 144 11 14 1 1
276 896 25 22 1 1
296 1041 18 26 1 1
2795 1836 38 44 1 0
3599 2190 47 62 1 0
1443 2023 38 44 1 0
1479 849 25 22 1 1
1254 892 25 22 1 1
446 435 11 14 1 1
292 649 11 14 1 1
201 745 25 22 1 1
354 525 11 14 1 1
1559 981 18 26 1 1
479 680 11 14 1 1
1181 982 18 26 1 1
3895 2123 47 62 1 0
738 692 25 22 1 1
1492 983 18 26 1 1
1401 1133 18 26 1 1
1574 1943 38 44 1 0
1408 768 25 22 1 1
1390 872 25 22 2 1
3972 1848 38 44 1 0
1451 869 25 22 1 1
1198 933 25 22 1 1
1314 2414 47 62 1 0
265 406 11 14 1 1
1595 924 25 22 1 1
1491 1009 18 26 1 1
436 825 25 22 1 1
2186 1546 34 40 1 0
203 799 25 22 1 1
816 918 25 22 1 1
326 1669 38 44 2 1
1963 1550 34 40 2 0
671 1065 18 26 1 1
1462 966 18 26 1 1
1248 909 25 22 1 1
393 1062 18 26 1 1
2655 1607 34 40 1 0
480 733 25 22 1 1
1566 198 14 16 1 1
264 640 11 14 1 1
1310 1008 18 26 1 1
721 1121 18 26 1 1
3295 1485 34 40 1 0
2318 1133 18 26 2 1
1943 969 18 26 1 1
2789 1722 38 44 1 0
224 844 25 22 1 1
849 1079 18 26 1 1
271 625 11 14 1 1
405 680 11 14 1 1
2008 971 18 26 1 1
899 898 25 22 1 1
1426 856 25 22 1 1
2701 1577 34 40 1 0
347 893 25 22 2 1
1460 844 25 22 2 1
1534 946 25 22 2 1
778 607 11 14 1 1
2602 2629 47 62 1 0
1382 1137 18 26 1 1
1235 745 25 22 2 1
2405 1518 34 40 1 0
291 504 11 14 1 1
2097 1170 18 26 2 1
1341 1121 18 26 1 1
1428 936 25 22 1 1
363 957 25 22 2 1
1382 968 18 26 1 1
2417 1035 18 26 1 1
739 1112 18 26 1 1
1245 851 25 22 1 1
1010 762 25 22 1 1
2202 2344 47 62 1 0
2929 1619 34 40 1 0
1345 841 25 22 1 1
575 627 11 14 1 1
2525 1142 18 26 1 1
275 844 25 22 1 1
2090 994 18 26 2 1
198 996 18 26 1 1
3265 1865 38 44 1 0
1038 928 25 22 1 1
279 684 25 22 1 1
2838 1913 38 44 1 0
216 634 11 14 1 1
185 337 11 14 1 1
1519 924 25 22 1 1
1317 1593 34 40 1 0
651 2080 47 62 1 0
833 706 25 22 1 1
1939 1057 18 26 1 1
1188 1068 18 26 1 1
891 2076 47 62 1 0
1981 1550 34 40 2 0
540 598 11 14 1 1
263 916 25 22 1 1
457 622 11 14 1 1
329 516 11 14 1 1
1178 2302 47 62 1 0
2984 1834 38 44 1 0
457 982 18 26 1 1
799 1148 18 26 1 1
2232 1522 34 40 1 0
2690 2598 47 62 1 0
442 605 11 14 1 1
2011 986 18 26 2 1
1907 1178 18 26 1 1
1133 1162 18 26 1 1
1785 1474 34 40 1 0
598 619 11 14 1 1
1193 999 18 26 1 1
3299 1952 38 44 1 0
53 1086 18 26 1 1
1076 778 25 22 1 1
1238 811 25 22 1 1
3926 1870 38 44 1 0
1166 1045 18 26 1 1
56 1145 18 26 1 1
639 822 25 22 1 1
189 820 25 22 1 1
1956 1514 34 40 2 0
1411 900 25 22 1 1
1192 863 25 22 1 1
1323 1462 34 40 1 0
868 867 25 22 1 1
1526 1124 18 26 1 1
747 1009 18 26 1 1
1290 922 25 22 1 1
732 802 25 22 1 1
3324 1775 38 44 1 0
1009 782 25 22 1 1
675 817 25 22 1 1
476 1113 18 26 1 1
2240 2110 47 62 1 0
260 544 11 14 1 1
1219 1023 18 26 1 1
293 820 25 22 1 1
3750 1852 38 44 1 0
2024 1030 18 26 1 1
730 945 25 22 1 1
13 1136 18 26 1 1
728 710 25 22 1 1
1268 2023 38 44 1 0
476 1040 18 26 1 1
1081 740 25 22 1 1
203 680 11 14 1 1
1994 1006 18 26 1 1
1143 1585 34 40 1 0
2776 1606 34 40 1 0
1600 2008 38 44 1 0
2129 2632 47 62 1 0
1165 953 25 22 1 1
3119 1838 38 44 1 0
229 985 18 26 1 1
748 1098 18 26 1 1
1904 1026 18 26 1 1
676 754 25 22 1 1
395 709 25 22 1 1
2392 2384 47 62 1 0
1791 936 25 22 1 1
1815 996 18 26 1 1
340 536 11 14 1 1
679 1170 18 26 1 1
670 652 11 14 1 1
623 1168 18 26 1 1
494 994 18 26 1 1
1304 1075 18 26 1 1
1094 1617 34 40 1 0
2328 1575 34 40 1 0
1263 871 25 22 1 1
232 2407 47 62 1 0
697 704 25 22 1 1
884 792 25 22 1 1
1748 999 18 26 2 1
1232 1079 18 26 1 1
903 661 11 14 1 1
3604 1836 38 44 1 0
628 851 25 22 1 1
3149 1923 38 44 1 0
960 823 25 22 1 1
1510 900 25 22 1 1
336 449 11 14 1 1
308 446 11 14 1 1
1386 1043 18 26 1 1
846 621 11 14 2 1
284 564 11 14 1 1
2415 1001 18 26 1 1
898 609 11 14 1 1
744 660 11 14 1 1
1584 1094 18 26 1 1
1375 1095 18 26 1 1
497 1140 18 26 1 1
1356 1571 34 40 1 0
2885 1717 38 44 1 0
2643 2407 47 62 1 0
1547 1118 18 26 1 1
2033 1180 18 26 1 1
1338 626 11 14 1 1
1708 889 25 22 1 1
1469 2500 47 62 1 0
1634 2074 47 62 1 0
2192 1469 34 40 1 0
1474 1590 34 40 1 0
3398 1799 38 44 1 0
2464 2331 47 62 1 0
2048 1857 38 44 1 0
1202 749 25 22 1 1
218 613 11 14 1 1
1477 1520 34 40 1 0
3697 2184 47 62 1 0
1952 1592 34 40 1 0
2061 1526 34 40 1 0
1140 710 25 22 1 1
1787 1797 38 44 1 0
1954 1160 18 26 1 1
3625 2105 47 62 1 0
1939 1013 18 26 1 1
420 640 11 14 1 1
2322 1002 18 26 1 1
861 1153 18 26 1 1
480 643 11 14 1 1
2343 1650 38 44 1 0
3057 1718 38 44 1 0
1703 1082 18 26 1 1
1757 1894 38 44 1 0
231 444 11 14 1 1
2972 1788 38 44 1 0
1333 1077 18 26 1 1
715 1507 34 40 1 0
2760 1617 34 40 1 0
755 1171 18 26 1 1
3630 1764 38 44 1 0
563 493 11 14 1 1
2153 2037 38 44 1 0
426 874 25 22 2 1
2344 1183 18 26 1 1
600 795 25 22 1 1
239 654 11 14 1 1
1332 982 18 26 1 1
292 949 25 22 1 1
426 1071 18 26 1 1
911 1663 38 44 1 0
1825 318 21 20 1 1
2807 1579 34 40 1 0
884 628 11 14 1 1
1824 924 25 22 1 1
676 998 18 26 1 1
1989 1069 18 26 1 1
1165 993 18 26 1 1
1203 1086 18 26 1 1
3979 2179 47 62 1 0
560 1172 18 26 1 1
367 572 11 14 1 1
1264 855 25 22 2 1
2834 1625 34 40 1 0
1192 832 25 22 1 1
276 753 25 22 1 1
773 1649 38 44 1 0
1477 1118 18 26 1 1
1107 2428 47 62 1 0
1578 1181 18 26 1 1
248 937 25 22 1 1
1550 1463 34 40 1 0
371 1108 18 26 1 1
1230 868 25 22 2 1
2945 1980 38 44 1 0
2216 1045 18 26 1 1
2822 1688 38 44 1 0
765 766 25 22 1 1
712 601 11 14 1 1
1080 1037 18 26 1 1
1081 334 11 14 1 1
1712 1517 34 40 1 0
691 837 25 22 1 1
1742 930 25 22 1 1
519 681 11 14 1 1
645 566 11 14 1 1
2170 1467 34 40 1 0
787 965 18 26 1 1
225 936 25 22 1 1
3455 2069 47 62 1 0
1248 974 18 26 1 1
939 673 11 14 1 1
1751 1028 18 26 1 1
1569 954 25 22 1 1
1556 1146 18 26 1 1
900 877 25 22 1 1
380 618 11 14 1 1
986 1688 38 44 2 0
2723 1054 18 26 1 1
1033 802 25 22 1 1
1307 918 25 22 1 1
615 1153 18 26 1 1
1218 918 25 22 1 1
3107 2106 47 62 1 0
1697 1180 18 26 1 1
1160 741 25 22 1 1
1730 1010 18 26 1 1
1169 848 25 22 1 1
537 1070 18 26 1 1
1578 1149 18 26 1 1
1216 869 25 22 2 1
727 754 25 22 1 1
1550 904 25 22 1 1
892 748 25 22 1 1
339 421 11 14 1 1
435 455 11 14 1 1
3381 2094 47 62 1 0
884 852 25 22 1 1
219 544 11 14 1 1
1720 975 18 26 1 1
1036 667 11 14 1 1
327 497 11 14 1 1
895 2543 47 62 1 0
194 869 25 22 1 1
1574 982 18 26 1 1
1324 1004 18 26 1 1
828 850 25 22 1 1
773 944 25 22 1 1
1299 1044 18 26 1 1
1290 1720 38 44 1 0
627 681 11 14 1 1
867 713 25 22 1 1
1421 887 25 22 1 1
622 760 25 22 1 1
413 961 25 22 1 1
35 1098 18 26 1 1
2522 1666 38 44 1 0
371 501 11 14 1 1
623 1091 18 26 1 1
2205 2630 47 62 1 0
1493 961 25 22 1 1
665 578 11 14 1 1
787 1080 18 26 1 1
2294 1476 34 40 1 0
2351 1478 34 40 1 0
790 781 25 22 1 1
1546 918 25 22 1 1
498 927 25 22 1 1
306 989 18 26 1 1
1226 949 25 22 1 1
1192 1117 18 26 1 1
817 1588 34 40 1 0
477 540 11 14 1 1
1313 629 11 14 1 1
1288 771 25 22 1 1
1938 1086 18 26 1 1
405 516 11 14 1 1
453 1059 18 26 1 1
380 1633 34 40 1 0
387 581 11 14 1 1
732 1071 18 26 1 1
518 534 11 14 1 1
1341 1001 18 26 1 1
1112 799 25 22 1 1
424 1046 18 26 1 1
781 692 25 22 1 1
2264 1661 38 44 1 0
974 744 25 22 1 1
269 864 25 22 1 1
2037 1146 18 26 1 1
1343 1150 18 26 1 1
641 664 11 14 1 1
1985 996 18 26 1 1
1411 924 25 22 1 1
372 590 11 14 1 1
528 726 25 22 1 1
1112 1127 18 26 1 1
1026 957 25 22 1 1
33 1078 18 26 1 1
820 786 25 22 1 1
2032 996 18 26 1 1
419 926 25 22 1 1
731 972 18 26 1 1
655 1007 18 26 1 1
464 602 11 14 1 1
1342 1821 38 44 1 0
2030 1012 18 26 1 1
1403 963 18 26 1 1
702 1062 18 26 1 1
2106 1570 34 40 1 0
232 909 25 22 1 1
1294 942 25 22 1 1
433 854 25 22 1 1
575 1125 18 26 1 1
1871 1164 18 26 1 1
669 700 25 22 1 1
264 1056 18 26 1 1
149 1058 18 26 1 1
608 836 25 22 1 1
1586 967 18 26 1 1
415 867 25 22 1 1
961 797 25 22 1 1
1655 998 18 26 1 1
1202 680 11 14 1 1
1106 1539 34 40 1 0
946 1048 18 26 1 1
720 1173 18 26 1 1
361 850 25 22 1 1
358 912 25 22 1 1
239 776 25 22 1 1
1786 1025 18 26 1 1
329 1074 18 26 1 1
678 781 25 22 1 1
2010 1166 18 26 2 1
242 525 11 14 1 1
725 913 25 22 1 1
1157 1086 18 26 1 1
1534 783 25 22 1 1
1191 2359 47 62 1 0
256 761 25 22 1 1
1277 884 25 22 1 1
1763 1494 34 40 2 0
2405 1796 38 44 1 0
2113 1510 34 40 2 0
347 661 11 14 1 1
1285 1066 18 26 1 1
3908 2196 47 62 1 0
1936 938 25 22 1 1
674 734 25 22 1 1
1373 1652 38 44 1 0
1841 1152 18 26 1 1
497 692 25 22 1 1
2139 1519 34 40 1 0
461 667 11 14 1 1
580 785 25 22 1 1
1739 1538 34 40 1 0
1109 964 18 26 1 1
1217 713 25 22 1 1
1409 864 25 22 1 1
1612 1152 18 26 1 1
1177 1557 34 40 1 0
207 402 11 14 1 1
1041 847 25 22 1 1
1802 1131 18 26 1 1
346 508 11 14 1 1
486 888 25 22 1 1
596 986 18 26 1 1
435 537 11 14 1 1
2565 1906 38 44 1 0
989 853 25 22 1 1
891 642 11 14 1 1
919 660 11 14 1 1
2732 1594 34 40 2 0
478 599 11 14 1 1
496 1022 18 26 1 1
2878 1869 38 44 1 0
685 612 11 14 1 1
1320 1650 38 44 1 0
629 2178 47 62 1 0
1160 974 18 26 1 1
303 1650 38 44 2 1
673 1592 34 40 1 0
635 980 18 26 1 1
808 936 25 22 1 1
457 873 25 22 1 1
409 990 18 26 1 1
1296 749 25 22 1 1
195 1060 18 26 1 1
997 810 25 22 1 1
879 1475 34 40 1 0
2183 1169 18 26 1 1
943 783 25 22 1 1
188 568 11 14 1 1
357 1024 18 26 1 1
1084 860 25 22 1 1
1640 688 25 22 1 1
3796 2128 47 62 1 0
484 624 11 14 1 1
888 1120 18 26 1 1
935 684 25 22 1 1
1256 1030 18 26 1 1
1944 990 18 26 1 1
1099 1715 38 44 1 0
1307 1163 18 26 1 1
596 860 25 22 1 1
1866 955 25 22 1 1
2303 1562 34 40 1 0
1125 788 25 22 1 1
2124 2517 47 62 1 0
3239 1729 38 44 1 0
536 680 11 14 1 1
224 693 25 22 1 1
2096 1500 34 40 1 0
269 943 25 22 1 1
3981 2007 40 48 1 0
628 873 25 22 1 1
1130 1462 34 40 1 0
1439 1785 38 44 1 0
501 651 11 14 1 1
457 843 25 22 1 1
1601 1019 18 26 1 1
978 1667 38 44 2 0
2066 1001 18 26 1 1
1018 831 25 22 1 1
366 1662 38 44 1 1
192 487 11 14 1 1
2174 1100 18 26 1 1
1853 1010 18 26 1 1
2240 1173 18 26 1 1
2574 1563 34 40 1 0
1789 1156 18 26 1 1
232 1924 38 44 1 0
107 1117 18 26 1 1
1331 950 25 22 1 1
544 529 11 14 1 1
1546 862 25 22 1 1
1734 1912 38 44 1 0
2721 1632 34 40 1 0
1169 821 25 22 1 1
2038 971 18 26 1 1
2666 1553 34 40 1 0
440 501 11 14 1 1
1130 1126 18 26 1 1
2777 1072 18 26 1 1
42 1122 18 26 1 1
1548 2036 38 44 1 0
3190 2023 38 44 1 0
1364 942 25 22 1 1
316 563 11 14 1 1
1968 1457 34 40 1 0
999 1033 18 26 1 1
1970 1024 18 26 1 1
1177 809 25 22 1 1
255 837 25 22 1 1
603 596 11 14 1 1
1826 949 25 22 1 1
1696 2382 47 62 1 0
1509 1592 34 40 1 0
2058 1036 18 26 1 1
1363 834 25 22 1 1
1045 897 25 22 1 1
1788 2069 47 62 1 0
323 616 11 14 1 1
227 1061 18 26 1 1
1686 1121 18 26 1 1
722 991 18 26 1 1
615 814 25 22 1 1
910 1479 34 40 1 0
1996 1140 18 26 1 1
1683 1092 18 26 1 1
392 830 25 22 1 1
1016 2303 47 62 1 0
1764 1813 38 44 1 0
1026 941 25 22 1 1
351 1049 18 26 1 1
1780 1123 18 26 1 1
2558 1540 34 40 1 0
812 1038 18 26 1 1
1225 843 25 22 1 1
499 956 25 22 1 1
1171 706 25 22 1 1
1124 1041 18 26 1 1
975 864 25 22 1 1
1179 764 25 22 1 1
1151 1069 18 26 1 1
389 557 11 14 1 1
567 870 25 22 1 1
1084 1000 18 26 1 1
1860 1536 34 40 2 0
2750 1834 38 44 1 0
1780 989 18 26 1 1
2676 1075 18 26 1 1
1389 859 25 22 2 1
3430 1826 38 44 1 0
673 1153 18 26 1 1
1335 1568 34 40 1 0
815 1811 38 44 1 0
1768 1164 18 26 1 1
244 247 11 14 1 1
1296 1147 18 26 1 1
1801 951 25 22 1 1
3024 1918 38 44 1 0
663 879 25 22 1 1
1874 1568 34 40 1 0
977 680 11 14 1 1
716 1066 18 26 1 1
1609 1682 38 44 1 0
2002 1065 18 26 1 1
3584 2127 47 62 2 0
352 433 11 14 1 1
759 1509 34 40 1 0
625 1895 38 44 1 0
2735 1082 18 26 1 1
589 1570 34 40 1 0
1116 678 11 14 1 1
449 898 25 22 1 1
1786 974 18 26 1 1
845 615 11 14 2 1
603 770 25 22 1 1
1254 1056 18 26 1 1
1754 945 25 22 1 1
2280 2109 47 62 1 0
1683 1057 18 26 1 1
1635 1019 18 26 1 1
1480 938 25 22 2 1
3390 2135 47 62 1 0
2039 2505 47 62 1 0
3456 1969 38 44 1 0
2354 1810 38 44 1 0
983 1098 18 26 1 1
449 1086 18 26 1 1
246 677 11 14 1 1
460 694 25 22 1 1
913 1893 38 44 2 0
1108 758 25 22 1 1
266 513 11 14 1 1
441 719 25 22 1 1
880 1016 18 26 1 1
953 1093 18 26 1 1
477 917 25 22 1 1
735 1022 18 26 1 1
422 886 25 22 2 1
1881 1486 34 40 1 0
983 1024 18 26 1 1
732 644 11 14 1 1
1928 2106 47 62 2 0
618 1461 34 40 1 0
2738 2362 47 62 1 0
2142 1606 34 40 1 0
1660 912 25 22 1 1
467 788 25 22 1 1
1698 1000 18 26 1 1
3986 2085 42 53 1 0
3200 1943 38 44 1 0
2124 1078 18 26 1 1
778 1053 18 26 1 1
773 876 25 22 1 1
2520 1801 38 44 1 0
1083 1532 34 40 2 0
1696 900 25 22 1 1
2631 1969 38 44 1 0
1569 865 25 22 1 1
385 455 11 14 1 1
195 968 18 26 1 1
450 641 11 14 1 1
232 627 11 14 1 1
36 2085 38 44 1 0
1560 1011 18 26 1 1
1390 1016 18 26 1 1
795 837 25 22 1 1
3152 1181 18 26 1 1
956 734 25 22 1 1
932 1146 18 26 1 1
1798 1575 34 40 2 0
420 835 25 22 1 1
949 862 25 22 1 1
418 528 11 14 1 1
876 1086 18 26 1 1
353 1084 18 26 1 1
2276 1034 18 26 1 1
493 715 25 22 1 1
351 459 11 14 1 1
1357 1082 18 26 1 1
744 841 25 22 1 1
1002 1117 18 26 1 1
848 790 25 22 1 1
2165 1497 34 40 1 0
2139 1914 38 44 1 0
1679 1177 18 26 1 1
828 1137 18 26 1 1
622 534 11 14 1 1
2485 1545 34 40 1 0
837 728 25 22 1 1
1807 314 21 20 1 1
1573 2329 47 62 1 0
91 1111 18 26 1 1
958 1517 34 40 1 0
1894 1877 38 44 1 0
1495 914 25 22 1 1
1430 1061 18 26 1 1
1143 692 25 22 1 1
1425 984 18 26 1 1
1425 1169 18 26 1 1
1559 1723 38 44 1 0
1459 2044 38 44 1 0
981 706 25 22 1 1
956 844 25 22 1 1
753 977 18 26 1 1
811 1084 18 26 1 1
3775 2235 47 62 1 0
2209 1180 18 26 1 1
412 1015 18 26 1 1
1183 2072 47 62 1 0
2722 1802 38 44 1 0
345 479 11 14 1 1
1605 989 18 26 1 1
3365 1827 38 44 1 0
356 781 25 22 1 1
239 425 11 14 1 1
292 463 11 14 1 1
235 822 25 22 1 1
572 671 11 14 1 1
1778 1092 18 26 2 1
1314 872 25 22 1 1
1462 917 25 22 1 1
596 1147 18 26 1 1
816 893 25 22 1 1
1179 1932 38 44 1 0
2580 953 18 26 1 1
1048 1463 34 40 1 0
239 406 11 14 1 1
2235 1153 18 26 1 1
547 701 25 22 1 1
600 690 25 22 1 1
1076 929 25 22 1 1
573 1680 38 44 1 0
973 904 25 22 1 1
107 2514 47 62 1 0
520 440 11 14 1 1
1945 1526 34 40 2 0
657 793 25 22 1 1
1586 2127 47 62 1 0
1196 893 25 22 1 1
1727 1129 18 26 1 1
3119 2010 38 44 1 0
1552 1089 18 26 1 1
707 729 25 22 1 1
307 1062 18 26 1 1
467 940 25 22 1 1
1091 1177 18 26 1 1
1705 1473 34 40 1 0
937 650 11 14 1 1
391 1100 18 26 1 1
335 651 11 14 1 1
563 629 11 14 1 1
1097 955 25 22 1 1
568 740 25 22 1 1
3851 2118 47 62 1 0
901 848 25 22 1 1
1025 1113 18 26 1 1
798 555 11 14 1 1
990 763 25 22 1 1
1169 1110 18 26 1 1
500 1091 18 26 1 1
751 711 25 22 1 1
664 1122 18 26 1 1
192 621 11 14 1 1
973 1042 18 26 1 1
537 983 18 26 1 1
634 1945 38 44 1 0
1256 1091 18 26 1 1
799 692 25 22 1 1
1495 873 25 22 1 1
1262 993 18 26 1 1
1894 1138 18 26 1 1
1263 842 25 22 2 1
316 1024 18 26 1 1
313 913 25 22 1 1
1510 1029 18 26 1 1
935 751 25 22 1 1
1837 2373 47 62 1 0
2519 971 18 26 1 1
581 510 11 14 1 1
1238 1116 18 26 1 1
601 647 11 14 1 1
3113 1630 34 40 1 0
694 582 11 14 1 1
1726 1732 38 44 1 0
821 1470 34 40 1 0
2018 1172 18 26 2 1
634 1123 18 26 1 1
521 909 25 22 1 1
1074 1099 18 26 1 1
834 1744 38 44 1 0
1034 754 25 22 1 1
1275 946 25 22 1 1
2251 1165 18 26 1 1
208 823 25 22 1 1
257 994 18 26 1 1
3425 2065 47 62 1 0
3675 1945 38 44 1 0
857 946 25 22 1 1
924 1087 18 26 1 1
195 902 25 22 1 1
1955 943 25 22 1 1
407 895 25 22 1 1
1583 916 25 22 1 1
1300 853 25 22 1 1
701 1166 18 26 1 1
184 656 11 14 1 1
438 793 25 22 1 1
1201 1483 34 40 1 0
991 734 25 22 1 1
335 979 18 26 1 1
1410 845 25 22 1 1
1003 2638 47 62 1 0
410 662 11 14 1 1
2361 1008 18 26 1 1
627 729 25 22 1 1
1826 904 25 22 1 1
1658 872 25 22 1 1
1053 991 18 26 1 1
461 536 11 14 1 1
464 739 25 22 1 1
1617 2601 47 62 2 0
1102 982 18 26 1 1
1860 918 25 22 1 1
379 988 18 26 1 1
3301 1828 38 44 1 0
1125 961 25 22 1 1
2572 1626 34 40 1 0
1454 770 25 22 1 1
734 868 25 22 1 1
1402 1004 18 26 1 1
1655 1060 18 26 1 1
1078 1130 18 26 1 1
3534 2039 38 44 1 0
1679 934 25 22 1 1
1511 1099 18 26 1 1
2226 2494 47 62 1 0
1675 1001 18 26 1 1
272 469 11 14 1 1
421 593 11 14 1 1
315 867 25 22 1 1
344 810 25 22 2 1
264 739 25 22 1 1
1001 896 25 22 1 1
741 1048 18 26 1 1
2177 1737 38 44 1 0
1922 1134 18 26 1 1
1680 1486 34 40 1 0
550 653 11 14 1 1
1152 792 25 22 1 1
1860 1069 18 26 1 1
301 609 11 14 1 1
1445 935 25 22 1 1
392 535 11 14 1 1
666 552 11 14 1 1
605 562 11 14 1 1
282 419 11 14 1 1
306 517 11 14 1 1
787 897 25 22 1 1
431 984 18 26 1 1
400 1041 18 26 1 1
426 485 11 14 1 1
2015 998 18 26 2 1
898 950 25 22 1 1
2326 1134 18 26 2 1
1324 1180 18 26 1 1
561 1891 38 44 1 0
1460 1729 38 44 1 0
2239 1562 34 40 1 0
2135 1015 18 26 1 1
2265 1493 34 40 1 0
1657 1162 18 26 1 1
1220 814 25 22 1 1
2014 2247 47 62 1 0
89 1156 18 26 1 1
860 693 25 22 1 1
1378 1166 18 26 1 1
844 1050 18 26 1 1
1400 1150 18 26 1 1
1396 1115 18 26 1 1
1619 941 25 22 1 1
647 749 25 22 1 1
1260 786 25 22 1 1
1596 876 25 22 1 1
2191 918 18 26 1 1
931 697 25 22 1 1
759 917 25 22 1 1
278 1025 18 26 1 1
955 1570 34 40 1 0
1706 2258 47 62 1 0
337 1096 18 26 1 1
855 760 25 22 1 1
315 822 25 22 1 1
285 533 11 14 1 1
1811 1574 34 40 2 0
2318 1602 34 40 1 0
1618 1911 38 44 1 0
1447 891 25 22 1 1
231 581 11 14 1 1
1334 199 11 14 1 1
203 697 25 22 1 1
3233 1680 38 44 1 0
612 733 25 22 1 1
1036 1827 38 44 1 0
1677 2144 47 62 1 0
1902 998 18 26 1 1
937 815 25 22 1 1
761 746 25 22 1 1
1116 2059 47 62 1 0
93 1079 18 26 1 1
231 961 25 22 1 1
1304 1102 18 26 1 1
917 810 25 22 1 1
271 591 11 14 1 1
3018 1762 38 44 1 0
2920 1834 38 44 1 0
1437 880 25 22 1 1
3473 1918 38 44 1 0
370 873 25 22 1 1
2989 1713 38 44 1 0
1246 1142 18 26 1 1
835 982 18 26 1 1
364 657 11 14 1 1
1266 1112 18 26 1 1
2112 1525 34 40 2 0
3630 2004 38 44 1 0
1045 953 25 22 1 1
239 1017 18 26 1 1
715 854 25 22 1 1
331 884 25 22 1 1
2098 1074 18 26 1 1
959 674 11 14 1 1
1372 1072 18 26 1 1
752 1137 18 26 1 1
263 817 25 22 1 1
1020 1164 18 26 1 1
937 1122 18 26 1 1
793 645 11 14 1 1
899 1052 18 26 1 1
35 1030 18 26 1 1
1649 930 25 22 1 1
66 2465 42 53 1 0
746 617 11 14 1 1
1247 1177 18 26 1 1
866 664 11 14 1 1
970 1126 18 26 1 1
606 1750 38 44 1 0
1090 692 25 22 1 1
1036 915 25 22 1 1
508 759 25 22 1 1
785 733 25 22 1 1
1032 1021 18 26 1 1
1012 696 25 22 1 1
2213 1470 34 40 1 0
816 363 11 14 1 1
559 765 25 22 1 1
847 914 25 22 1 1
2132 1170 18 26 1 1
1639 958 25 22 1 1
523 500 11 14 1 1
808 1064 18 26 1 1
1388 826 25 22 1 1
1749 914 25 22 1 1
549 1089 18 26 1 1
3655 1969 38 44 1 0
1885 1114 18 26 1 1
653 1042 18 26 1 1
1392 1074 18 26 1 1
504 549 11 14 1 1
222 753 25 22 1 1
1587 195 11 14 1 1
2566 1078 18 26 1 1
689 725 25 22 1 1
1101 1032 18 26 1 1
1200 1017 18 26 1 1
875 739 25 22 1 1
1283 1159 18 26 1 1
524 1060 18 26 1 1
295 1709 38 44 1 1
2129 1091 18 26 1 1
913 639 11 14 1 1
589 1043 18 26 1 1
1246 2170 47 62 2 0
1532 985 18 26 1 1
403 477 11 14 1 1
1335 881 25 22 1 1
2389 1592 34 40 1 0
433 954 25 22 1 1
2923 2639 47 62 1 0
536 1132 18 26 1 1
1777 901 25 22 1 1
679 1026 18 26 1 1
545 1152 18 26 1 1
705 1086 18 26 1 1
2087 1162 18 26 1 1
1618 1110 18 26 1 1
1774 1080 18 26 2 1
1347 787 25 22 1 1
38 1165 18 26 1 1
1012 674 11 14 1 1
1712 938 25 22 1 1
1362 988 18 26 1 1
1013 1476 34 40 1 0
2757 1000 18 26 1 1
637 604 11 14 1 1
933 1099 18 26 1 1
347 560 11 14 1 1
1342 924 25 22 1 1
562 1042 18 26 1 1
3443 1734 38 44 1 0
1504 1084 18 26 1 1
2120 1050 18 26 1 1
1146 744 25 22 1 1
1594 891 25 22 1 1
1015 655 11 14 1 1
1168 1150 18 26 1 1
1246 878 25 22 1 1
578 1157 18 26 1 1
423 546 11 14 1 1
2421 1670 38 44 1 0
1143 817 25 22 1 1
1880 929 25 22 1 1
1004 715 25 22 1 1
279 1649 38 44 2 1
1392 1906 38 44 1 0
1034 1097 18 26 1 1
2176 1612 34 40 1 0
1315 1083 18 26 1 1
1369 893 25 22 1 1
2012 1478 34 40 1 0
