584 768 4 11 1 0
70 975 24 34 1 0
739 896 24 34 1 0
2377 684 14 14 1 1
2448 586 14 14 1 1
932 870 24 34 1 0
2214 1255 39 59 1 0
2547 630 14 14 1 1
2235 632 14 14 1 1
435 929 24 34 1 0
1375 1039 24 34 1 0
2412 675 14 14 1 1
2015 891 24 34 1 0
2231 1099 39 59 1 0
2536 657 14 14 1 1
283 846 24 34 1 0
2568 724 14 14 1 1
1724 910 24 34 1 0
2276 960 24 34 1 0
2508 942 24 34 1 0
512 868 24 34 1 0
1815 706 14 14 1 1
2372 643 14 14 1 1
2685 630 14 14 1 1
2691 668 14 14 1 1
2284 662 14 14 1 1
2338 665 14 14 1 1
2563 682 14 14 1 1
1542 829 24 34 1 0
2538 638 14 14 1 1
2195 634 14 14 1 1
2358 589 14 14 1 1
2546 763 14 14 1 1
1790 997 24 34 1 0
2569 1265 39 59 1 0
1982 855 24 34 1 0
1189 880 24 34 1 0
1772 862 24 34 1 0
1164 911 24 34 1 0
2341 675 14 14 1 1
2294 654 14 14 1 1
792 984 24 34 1 0
458 994 24 34 1 0
2419 667 14 14 1 1
2356 677 14 14 1 1
2241 620 14 14 1 1
600 862 24 34 1 0
2179 608 14 14 1 1
2150 684 14 14 1 1
649 954 24 34 1 0
1943 1346 39 59 1 0
842 1119 39 59 1 0
1992 744 14 14 1 1
1249 870 24 34 1 0
2412 699 14 14 1 1
1250 1181 39 59 1 0
2455 681 14 14 1 1
2669 635 14 14 1 1
2173 654 14 14 1 1
1382 893 24 34 1 0
480 905 24 34 1 0
1782 706 14 14 1 1
2184 678 14 14 1 1
1516 1184 39 59 1 0
2413 644 14 14 1 1
2285 783 14 14 1 1
2177 999 24 34 1 0
2453 610 14 14 1 1
2318 646 14 14 1 1
2483 626 14 14 1 1
1498 1363 39 59 1 0
2003 666 14 14 1 1
2397 642 14 14 1 1
1819 719 14 14 1 1
1887 735 14 14 1 1
2626 726 14 14 1 1
2028 779 14 14 1 1
532 1094 39 59 1 0
461 1154 39 59 1 0
2179 652 14 14 1 1
1422 1171 39 59 1 0
2035 675 14 14 1 1
900 784 4 11 1 0
2466 668 14 14 1 1
2415 588 14 14 1 1
2128 784 14 14 1 1
1334 831 24 34 1 0
811 872 24 34 1 0
77 1142 39 59 1 0
2529 578 14 14 1 1
1800 720 14 14 1 1
1850 689 14 14 1 1
960 778 4 11 1 0
2392 715 14 14 1 1
2102 674 14 14 1 1
2421 610 14 14 1 1
2220 883 24 34 1 0
2465 629 14 14 1 1
2501 672 14 14 1 1
999 1159 39 59 1 0
517 1188 39 59 1 0
2231 802 14 14 1 1
2266 610 14 14 1 1
1900 927 24 34 1 0
1936 705 14 14 1 1
34 1325 39 59 1 0
1979 700 14 14 1 1
2243 961 24 34 1 0
1354 1112 39 59 1 0
915 759 4 11 1 0
2359 624 14 14 1 1
2074 706 14 14 1 1
2444 648 14 14 1 1
2574 838 24 34 1 0
2271 856 24 34 1 0
1983 791 14 14 1 1
2309 669 14 14 1 1
2390 653 14 14 1 1
955 900 24 34 1 0
200 880 24 34 1 0
890 874 24 34 1 0
1592 1115 39 59 1 0
2032 750 14 14 1 1
2150 1300 39 59 1 0
900 803 12 17 1 0
2122 858 24 34 1 0
2077 684 14 14 1 1
1122 1012 24 34 1 0
2117 618 14 14 1 1
2289 837 24 34 1 0
1914 741 14 14 1 1
848 837 24 34 1 0
2388 796 14 14 1 1
1689 922 24 34 1 0
2281 624 14 14 1 1
2151 657 14 14 1 1
2686 940 21 29 1 0
570 876 24 34 1 0
2373 1323 39 59 1 0
2340 821 24 34 1 0
2396 704 14 14 1 1
1274 1084 39 59 1 0
1820 955 24 34 1 0
2257 593 14 14 1 1
2204 614 14 14 1 1
1407 1329 39 59 1 0
2429 767 14 14 1 1
668 1401 39 59 1 0
2380 638 14 14 1 1
173 906 24 34 1 0
1903 1184 39 59 1 0
2030 1239 39 59 1 0
2284 724 14 14 1 1
2490 899 24 34 1 0
528 846 24 34 1 0
1172 1153 39 59 1 0
979 1045 24 34 1 0
19 924 24 34 1 0
1922 708 14 14 1 1
2002 719 14 14 1 1
2277 713 14 14 1 1
1196 823 24 34 1 0
578 1232 39 59 1 0
2300 715 14 14 1 1
351 877 24 34 1 0
2626 1040 24 34 1 0
1199 1112 39 59 1 0
2164 688 14 14 1 1
2594 698 14 14 1 1
2615 765 14 14 1 1
2374 581 14 14 1 1
610 783 4 11 1 0
1947 1029 24 34 1 0
2169 611 14 14 1 1
2305 695 14 14 1 1
2124 598 14 14 1 1
1650 1046 24 34 1 0
2560 795 14 14 1 1
2592 660 14 14 1 1
763 848 24 34 1 0
2234 719 14 14 1 1
2331 633 14 14 1 1
2595 774 14 14 1 1
2473 601 14 14 1 1
2142 664 14 14 1 1
2196 598 14 14 1 1
1983 714 14 14 1 1
2437 670 14 14 1 1
1628 786 4 11 1 1
1963 760 14 14 1 1
1299 1016 24 34 1 0
8 1064 31 46 1 0
2109 784 14 14 1 1
2161 1330 39 59 1 0
2170 632 14 14 1 1
2565 658 14 14 1 1
2640 793 14 14 1 1
2615 778 14 14 1 1
1335 1196 39 59 1 0
786 778 4 11 1 0
500 897 24 34 1 0
1088 1340 39 59 1 0
2563 700 14 14 1 1
2268 1226 39 59 1 0
707 914 24 34 1 0
1858 790 14 14 1 1
338 1042 24 34 1 0
2128 767 14 14 1 1
940 907 24 34 1 0
1028 873 24 34 1 0
767 1432 39 59 1 0
2246 684 14 14 1 1
1815 759 14 14 1 1
2554 667 14 14 1 1
2260 787 14 14 1 1
2047 684 14 14 1 1
378 983 24 34 1 0
2160 589 14 14 1 1
2075 935 24 34 1 0
2385 1018 24 34 1 0
2048 742 14 14 1 1
2660 650 14 14 1 1
534 934 24 34 1 0
1771 839 24 34 1 0
2191 1516 39 59 1 0
2047 813 24 34 1 0
2125 698 14 14 1 1
2330 668 14 14 1 1
1449 1050 24 34 1 0
2266 628 14 14 1 1
2215 1005 24 34 1 0
1058 1067 24 34 1 0
2291 729 14 14 1 1
2109 738 14 14 1 1
896 960 24 34 1 0
992 903 24 34 1 0
2180 683 14 14 1 1
1527 866 24 34 1 0
2374 663 14 14 1 1
481 950 24 34 1 0
1013 800 12 17 1 0
749 827 24 34 1 0
2257 613 14 14 1 1
599 944 24 34 1 0
2295 763 14 14 1 1
413 1344 39 59 1 0
2288 635 14 14 1 1
161 956 24 34 1 0
1991 993 24 34 1 0
2130 651 14 14 1 1
1112 1482 39 59 1 0
2664 1409 39 59 1 0
1239 826 24 34 1 0
2066 801 14 14 1 1
1952 908 24 34 1 0
1203 943 24 34 1 0
2069 772 14 14 1 1
897 828 24 34 1 0
1889 992 24 34 1 0
2347 606 14 14 1 1
1106 935 24 34 1 0
2336 598 14 14 1 1
1878 940 24 34 1 0
620 838 24 34 1 0
518 981 24 34 1 0
2420 634 14 14 1 1
61 1230 39 59 1 0
2045 770 14 14 1 1
2210 660 14 14 1 1
154 1095 39 59 1 0
2537 688 14 14 1 1
1392 851 24 34 1 0
1755 787 11 17 1 1
1748 898 24 34 1 0
986 831 24 34 1 0
377 909 24 34 1 0
1719 1202 39 59 1 0
2216 618 14 14 1 1
784 1087 39 59 1 0
2271 725 14 14 1 1
1810 901 24 34 1 0
1599 827 24 34 1 0
388 887 24 34 1 0
825 835 24 34 1 0
2514 782 14 14 1 1
1139 806 12 17 1 0
1167 1033 24 34 1 0
351 963 24 34 1 0
2470 785 14 14 1 1
1231 1021 24 34 1 0
1824 734 14 14 1 1
2556 613 14 14 1 1
2682 782 14 14 1 1
2406 591 14 14 1 1
98 1241 39 59 1 0
2480 694 14 14 1 1
1785 740 14 14 1 1
2269 1382 39 59 1 0
2392 677 14 14 1 1
193 986 24 34 1 0
2372 718 14 14 1 1
1544 622 4 11 1 1
699 998 24 34 1 0
1697 1497 39 59 1 0
694 955 24 34 1 0
2192 662 14 14 1 1
722 1233 39 59 1 0
1234 917 24 34 1 0
1121 842 24 34 1 0
2385 778 14 14 1 1
2131 1127 39 59 1 0
2248 633 14 14 1 1
879 1131 39 59 1 0
155 1049 24 34 1 0
949 936 24 34 1 0
1640 874 24 34 1 0
2031 829 24 34 1 0
709 858 24 34 1 0
2536 601 14 14 1 1
2244 698 14 14 1 1
283 964 24 34 1 0
2517 764 14 14 1 1
400 1001 24 34 1 0
2302 627 14 14 1 1
1405 919 24 34 1 0
2203 640 14 14 1 1
1925 823 24 34 1 0
2476 1196 39 59 1 0
550 904 24 34 1 0
2502 781 14 14 1 1
2660 651 14 14 1 1
2217 648 14 14 1 1
2447 811 24 34 1 1
2673 653 14 14 1 1
1425 1091 39 59 1 0
2670 759 14 14 1 1
2254 677 14 14 1 1
878 903 24 34 1 0
2271 642 14 14 1 1
2606 1188 39 59 1 0
2392 600 14 14 1 1
242 1250 39 59 1 0
664 1139 39 59 1 0
2311 619 14 14 1 1
946 820 24 34 1 0
2424 675 14 14 1 1
2493 578 14 14 1 1
2420 1267 39 59 1 0
633 879 24 34 1 0
1934 986 24 34 1 0
1636 835 24 34 1 0
868 1409 39 59 1 0
1699 808 24 34 1 1
2640 765 14 14 1 1
2553 1351 39 59 1 0
2241 650 14 14 1 1
787 862 24 34 1 0
1235 1502 39 59 1 0
2579 808 24 34 1 1
659 997 24 34 1 0
547 888 24 34 1 0
141 982 24 34 1 0
2308 860 24 34 1 0
2089 794 14 14 1 1
2308 1142 39 59 1 0
1946 725 14 14 1 1
1445 987 24 34 1 0
2397 647 14 14 1 1
2151 716 14 14 1 1
823 1229 39 59 1 0
1825 807 14 14 1 1
2590 645 14 14 1 1
333 1106 39 59 1 0
1880 716 14 14 1 1
2408 620 14 14 1 1
1571 1040 24 34 1 0
2190 618 14 14 1 1
1820 1403 39 59 1 0
1042 950 24 34 1 0
1880 792 14 14 1 1
1675 877 24 34 1 0
2583 669 14 14 1 1
2575 690 14 14 1 1
284 948 24 34 1 0
705 786 4 11 1 0
389 1181 39 59 1 0
334 870 24 34 1 0
2158 628 14 14 1 1
2433 631 14 14 1 1
1970 731 14 14 1 1
2597 801 14 14 1 1
2161 667 14 14 1 1
1232 813 24 34 1 0
1205 1340 39 59 1 0
2574 645 14 14 1 1
1385 979 24 34 1 0
586 1001 24 34 1 0
2215 701 14 14 1 1
866 795 12 17 1 0
2061 658 14 14 1 1
927 1079 39 59 1 0
815 827 24 34 1 0
2253 869 24 34 1 0
2080 667 14 14 1 1
1070 819 24 34 1 0
1313 829 24 34 1 0
798 840 24 34 1 0
2210 763 14 14 1 1
2363 889 24 34 1 0
519 814 24 34 1 0
222 906 24 34 1 0
294 893 24 34 1 0
2667 693 14 14 1 1
776 800 12 17 1 0
831 1057 24 34 1 0
1514 808 24 34 1 1
1481 807 24 34 1 1
896 1276 39 59 1 0
281 875 24 34 1 0
776 884 24 34 1 0
1718 1319 39 59 1 0
2530 601 14 14 1 1
2566 625 14 14 1 1
921 803 12 17 1 0
616 1140 39 59 1 0
821 911 24 34 1 0
1003 964 24 34 1 0
379 1149 39 59 1 0
1778 791 14 14 1 1
2565 855 24 34 1 0
625 1065 24 34 1 0
2202 1114 39 59 1 0
2422 841 24 34 1 0
2369 800 14 14 1 1
2551 865 24 34 1 0
2195 627 14 14 1 1
1053 1023 24 34 1 0
452 1078 39 59 1 0
1307 1321 39 59 1 0
1728 957 24 34 1 0
1781 943 24 34 1 0
2145 584 14 14 1 1
185 1164 39 59 1 0
265 1035 24 34 1 0
2331 650 14 14 1 1
1865 721 14 14 1 1
2134 653 14 14 1 1
2284 675 14 14 1 1
2260 687 14 14 1 1
2606 786 14 14 1 1
1892 716 14 14 1 1
1846 714 14 14 1 1
1000 1399 39 59 1 0
2127 1009 24 34 1 0
1671 1113 39 59 1 0
2496 658 14 14 1 1
2490 782 14 14 1 1
1849 1005 24 34 1 0
2566 600 14 14 1 1
2228 599 14 14 1 1
1603 779 4 11 1 1
2561 601 14 14 1 1
2091 697 14 14 1 1
2196 775 14 14 1 1
2521 601 14 14 1 1
2505 651 14 14 1 1
2210 900 24 34 1 0
948 798 12 17 1 0
2673 694 14 14 1 1
2475 579 14 14 1 1
2137 739 14 14 1 1
745 1065 24 34 1 0
1724 818 24 34 1 0
1721 772 4 11 1 1
661 893 24 34 1 0
1957 700 14 14 1 1
2379 603 14 14 1 1
2215 650 14 14 1 1
570 899 24 34 1 0
1024 810 24 34 1 0
686 838 24 34 1 0
2437 675 14 14 1 1
2223 628 14 14 1 1
2507 616 14 14 1 1
2424 1143 39 59 1 0
2313 831 24 34 1 0
2075 722 14 14 1 1
1924 774 14 14 1 1
934 778 4 11 1 0
2182 711 14 14 1 1
1279 827 24 34 1 0
872 781 4 11 1 0
1502 839 24 34 1 0
1480 1118 39 59 1 0
419 838 24 34 1 0
2574 762 14 14 1 1
1133 1071 31 46 1 0
730 814 24 34 1 0
2167 721 14 14 1 1
771 1124 39 59 1 0
888 780 4 11 1 0
973 1000 24 34 1 0
2237 647 14 14 1 1
2378 1047 24 34 1 0
686 900 24 34 1 0
984 872 24 34 1 0
2118 604 14 14 1 1
1741 758 4 11 1 1
2152 581 14 14 1 1
248 883 24 34 1 0
2435 659 14 14 1 1
1503 987 24 34 1 0
2149 643 14 14 1 1
1101 817 24 34 1 0
2424 595 14 14 1 1
36 1114 39 59 1 0
2056 714 14 14 1 1
2422 733 14 14 1 1
2680 737 14 14 1 1
2647 724 14 14 1 1
2080 1034 24 34 1 0
1320 866 24 34 1 0
2502 603 14 14 1 1
455 942 24 34 1 0
2363 637 14 14 1 1
2478 716 14 14 1 1
992 795 12 17 1 0
1507 948 24 34 1 0
2157 828 24 34 1 0
2515 681 14 14 1 1
2585 631 14 14 1 1
1409 817 24 34 1 0
2461 984 24 34 1 0
2241 704 14 14 1 1
2541 699 14 14 1 1
1832 1200 39 59 1 0
1930 742 14 14 1 1
298 1319 39 59 1 0
2026 948 24 34 1 0
1508 1017 24 34 1 0
2204 635 14 14 1 1
1264 955 24 34 1 0
8 1460 39 59 1 0
505 852 24 34 1 0
1576 997 24 34 1 0
2524 652 14 14 1 1
2357 815 24 34 1 0
2556 737 14 14 1 1
1132 959 24 34 1 0
2031 687 14 14 1 1
1678 773 4 11 1 1
2264 666 14 14 1 1
429 1037 24 34 1 0
2119 917 24 34 1 0
2533 917 24 34 1 0
623 985 24 34 1 0
1191 800 12 17 1 0
2085 618 14 14 1 1
2417 776 14 14 1 1
1463 902 24 34 1 0
705 837 24 34 1 0
2465 807 14 14 1 1
811 798 12 17 1 0
480 838 24 34 1 0
2388 869 24 34 1 0
2474 608 14 14 1 1
1862 1060 24 34 1 0
1058 915 24 34 1 0
2208 813 24 34 1 0
738 771 4 11 1 0
2017 735 14 14 1 1
1836 847 24 34 1 0
2107 766 14 14 1 1
2158 610 14 14 1 1
691 797 12 17 1 0
2236 764 14 14 1 1
928 1165 39 59 1 0
2009 677 14 14 1 1
1000 1300 39 59 1 0
1088 872 24 34 1 0
1914 875 24 34 1 0
2338 623 14 14 1 1
2647 670 14 14 1 1
1749 1119 39 59 1 0
2053 732 14 14 1 1
2663 744 14 14 1 1
2182 826 24 34 1 0
2134 626 14 14 1 1
2160 847 24 34 1 0
1650 921 24 34 1 0
749 947 24 34 1 0
2612 1071 31 46 1 0
1965 819 24 34 1 0
1975 935 24 34 1 0
438 856 24 34 1 0
2446 635 14 14 1 1
362 828 24 34 1 0
2165 779 14 14 1 1
2352 628 14 14 1 1
2120 1183 39 59 1 0
1352 1358 39 59 1 0
1826 888 24 34 1 0
2280 674 14 14 1 1
2382 607 14 14 1 1
2442 841 24 34 1 0
515 1068 24 34 1 0
545 1379 39 59 1 0
1026 849 24 34 1 0
2450 1114 39 59 1 0
1698 768 4 11 1 1
2021 945 24 34 1 0
2465 734 14 14 1 1
1978 1498 39 59 1 0
2320 1083 39 59 1 0
2453 578 14 14 1 1
282 987 24 34 1 0
2361 576 14 14 1 1
2324 701 14 14 1 1
559 963 24 34 1 0
2608 647 14 14 1 1
2493 603 14 14 1 1
1956 795 14 14 1 1
2001 780 14 14 1 1
2025 889 24 34 1 0
1578 879 24 34 1 0
626 1256 39 59 1 0
1895 833 24 34 1 0
2328 761 14 14 1 1
2316 615 14 14 1 1
1802 863 24 34 1 0
1319 957 24 34 1 0
1625 1175 39 59 1 0
1491 902 24 34 1 0
2309 811 24 34 1 1
2595 867 24 34 1 0
2291 608 14 14 1 1
2477 674 14 14 1 1
2410 1504 39 59 1 0
1775 749 14 14 1 1
1867 889 24 34 1 0
2142 698 14 14 1 1
2665 712 14 14 1 1
720 883 24 34 1 0
1289 911 24 34 1 0
2322 679 14 14 1 1
1339 916 24 34 1 0
611 917 24 34 1 0
799 810 24 34 1 0
859 805 12 17 1 0
73 917 24 34 1 0
2532 624 14 14 1 1
195 1105 39 59 1 0
2230 685 14 14 1 1
2514 579 14 14 1 1
1415 1509 39 59 1 0
2430 1007 24 34 1 0
2639 658 14 14 1 1
2345 910 24 34 1 0
2313 758 14 14 1 1
2228 653 14 14 1 1
2014 825 24 34 1 0
1591 1371 39 59 1 0
2095 863 24 34 1 0
2351 656 14 14 1 1
1562 804 19 28 1 1
2530 880 24 34 1 0
1431 900 24 34 1 0
717 905 24 34 1 0
117 945 24 34 1 0
1077 1174 39 59 1 0
1589 846 24 34 1 0
876 977 24 34 1 0
1860 750 14 14 1 1
461 1421 39 59 1 0
1523 922 24 34 1 0
2104 714 14 14 1 1
1680 841 24 34 1 0
2347 586 14 14 1 1
2461 644 14 14 1 1
2307 675 14 14 1 1
411 902 24 34 1 0
427 885 24 34 1 0
1992 687 14 14 1 1
2127 840 24 34 1 0
