780 195 15 18 1 0
591 199 15 22 1 0
202 177 8 13 1 1
783 227 22 26 1 0
874 157 6 6 1 1
313 192 12 13 1 1
955 167 7 12 1 1
800 156 6 6 1 1
884 170 7 12 1 0
848 156 6 6 1 1
168 206 8 13 1 1
866 205 15 18 1 0
846 170 7 12 1 1
955 152 6 6 1 1
48 195 175 255 1 0
758 195 15 18 1 0
845 207 15 18 1 0
961 166 7 12 1 1
435 186 31 34 1 0
713 173 9 15 1 1
489 172 8 12 1 1
904 221 49 56 1 0
352 194 12 13 1 1
552 157 10 10 1 1
1004 155 6 6 1 1
631 210 6 12 1 0
769 193 15 18 1 0
338 259 38 41 1 0
494 190 8 12 1 0
376 192 12 13 1 1
922 156 6 6 1 1
621 202 6 12 1 0
986 198 21 22 1 0
505 198 8 12 1 0
468 194 8 12 1 0
332 199 12 13 1 0
143 201 11 24 1 0
892 154 6 6 1 1
586 162 10 10 1 1
658 176 9 15 1 1
825 208 15 18 1 0
461 247 38 41 1 0
200 202 8 13 1 1
467 174 8 12 1 1
509 186 8 12 1 1
790 156 6 6 1 1
816 197 15 18 1 1
832 158 6 6 1 1
696 191 9 15 1 0
863 171 7 12 1 1
977 216 21 22 1 0
226 199 8 13 1 1
401 189 12 13 1 1
689 243 38 41 1 0
948 188 12 17 1 0
560 239 38 41 1 0
1011 223 21 22 1 0
970 153 6 6 1 1
755 150 6 6 1 1
748 196 15 18 1 0
853 172 7 12 1 1
1009 181 12 17 1 1
216 178 8 13 1 1
521 202 15 22 1 1
815 154 6 6 1 1
737 192 15 18 1 0
538 161 10 10 1 1
573 164 10 10 1 1
932 163 7 12 1 1
809 202 15 18 1 1
158 206 8 13 1 1
794 205 15 18 1 0
769 156 6 6 1 1
1001 148 6 6 1 1
