92 257 6 6 1 1
77 228 6 6 1 1
196 217 8 12 1 1
39 123 4 6 1 1
122 247 6 6 1 1
133 253 6 6 1 1
146 257 6 6 1 1
347 192 8 14 1 1
385 327 13 21 1 0
40 242 6 6 1 1
356 277 8 14 1 0
616 215 11 25 1 1
143 244 6 6 1 1
169 260 8 12 1 1
206 250 8 12 1 1
400 234 8 14 1 1
677 243 11 25 1 0
521 273 7 19 1 0
366 280 8 14 1 0
196 292 8 12 1 0
176 282 8 12 1 1
540 185 11 25 1 1
61 107 4 6 1 1
275 291 8 12 1 0
340 217 8 14 1 1
152 257 6 6 1 1
213 252 8 12 1 1
122 233 6 6 1 1
140 253 6 6 1 1
410 250 8 14 1 0
453 251 7 19 1 0
508 187 11 25 1 1
344 389 21 26 1 0
503 447 39 39 1 0
257 260 8 12 1 1
121 221 6 6 1 1
526 310 17 28 1 0
35 111 4 6 1 1
267 335 13 21 1 0
472 238 11 25 1 1
351 232 8 14 1 1
430 350 21 26 1 0
364 314 13 21 1 0
424 229 8 14 1 1
168 238 8 12 1 1
591 174 11 25 1 1
83 105 4 6 1 1
38 234 6 6 1 1
218 215 8 12 1 1
197 265 8 12 1 1
91 228 6 6 1 1
452 191 11 25 1 1
544 224 11 25 1 1
387 195 8 14 1 1
288 289 8 12 1 0
689 228 11 25 1 0
436 293 7 19 1 0
431 265 7 19 1 0
281 231 8 12 1 1
342 302 13 21 1 0
505 253 7 19 1 0
477 302 17 28 1 0
59 233 6 6 1 1
229 203 8 12 1 1
417 263 8 14 1 0
259 212 8 12 1 1
304 442 29 32 1 0
481 190 11 25 1 1
216 231 8 12 1 1
393 216 8 14 1 1
639 396 39 39 1 0
522 207 11 25 1 1
453 219 11 25 1 1
490 200 11 25 1 1
647 262 17 28 1 0
382 235 8 14 1 1
487 253 7 19 1 0
109 262 6 6 1 1
545 289 7 19 1 0
527 239 11 25 1 1
400 210 8 14 1 1
85 246 6 6 1 1
438 230 11 25 2 1
52 256 6 6 1 1
513 235 11 25 1 1
491 237 11 25 1 1
35 249 3 4 1 1
460 299 7 19 1 0
291 230 8 12 1 1
591 262 17 28 1 0
219 273 8 12 1 1
495 274 7 19 1 0
180 235 8 12 1 1
378 214 8 14 1 1
103 248 6 6 1 1
364 210 8 14 1 1
256 328 13 21 1 0
596 331 17 28 1 0
311 370 21 26 1 0
705 309 17 28 1 0
470 191 11 25 1 1
598 217 11 25 1 1
135 228 6 6 1 1
237 315 13 21 1 0
468 275 7 19 1 0
137 269 6 6 1 1
598 291 17 28 1 0
202 221 8 12 1 1
353 309 13 21 1 0
606 176 11 25 1 1
216 292 8 12 1 0
407 282 8 14 1 0
225 238 8 12 1 1
645 292 17 28 1 0
511 217 11 25 1 1
712 228 11 25 1 0
166 223 8 12 1 1
365 241 8 14 1 1
299 349 13 21 1 0
177 218 8 12 1 1
472 222 11 25 1 1
67 240 6 6 1 1
607 263 17 28 1 0
339 202 8 14 1 1
390 264 8 14 1 0
223 254 8 12 1 1
247 314 13 21 1 0
144 224 6 6 1 1
540 240 11 25 1 1
259 228 8 12 1 1
632 219 11 25 1 1
368 220 8 14 1 1
273 206 8 12 1 1
47 243 6 6 1 1
273 342 13 21 1 0
252 251 8 12 1 1
353 217 8 14 1 1
276 262 8 12 1 0
404 196 8 14 1 1
439 218 11 25 2 1
170 248 8 12 1 1
646 241 11 25 1 0
233 278 8 12 1 0
183 266 8 12 1 1
278 214 8 12 1 1
274 237 8 12 1 1
159 272 8 12 1 1
71 97 4 6 1 1
288 252 8 12 1 1
445 267 7 19 1 0
348 277 8 14 1 0
333 271 8 14 1 0
184 226 8 12 1 1
505 307 17 28 1 0
633 234 11 25 1 1
131 222 6 6 1 1
230 218 8 12 1 1
52 118 4 6 1 1
157 283 8 12 1 1
99 237 6 6 1 1
195 234 8 12 1 1
379 259 8 14 1 0
337 240 8 14 1 1
470 208 11 25 1 1
67 252 6 6 1 1
176 262 8 12 1 1
47 109 4 6 1 1
617 234 11 25 1 1
183 250 8 12 1 1
457 238 11 25 1 1
534 256 7 19 1 0
398 332 13 21 1 0
455 361 17 28 1 0
294 212 8 12 1 1
74 113 4 6 1 1
