215 349 49 59 1 0
719 277 19 20 1 0
251 272 19 20 1 0
398 271 19 20 1 0
672 342 49 59 1 0
694 282 19 20 1 0
71 297 34 43 2 0
916 265 19 20 1 0
717 377 49 59 1 0
2 408 48 57 1 0
624 268 19 20 1 0
201 286 19 20 1 0
621 348 49 59 1 0
9 313 37 47 1 0
451 264 19 20 1 0
437 267 19 20 1 0
184 354 49 59 1 0
904 304 34 43 1 0
996 287 22 25 2 0
885 272 19 20 1 0
988 301 34 43 2 0
959 264 19 20 1 0
743 297 34 43 1 0
880 285 19 20 1 0
835 267 19 20 1 0
578 267 19 20 1 0
49 272 30 37 2 0
301 286 19 20 1 0
674 290 19 20 1 0
559 265 19 20 1 0
801 291 34 43 1 0
118 300 34 43 2 0
317 271 19 20 1 0
937 576 91 100 1 0
865 326 34 43 1 0
400 283 19 20 1 0
787 288 19 20 1 0
68 280 30 37 2 0
827 310 34 43 1 0
263 282 19 20 1 0
960 278 19 20 1 0
215 278 19 20 1 0
868 271 19 20 1 0
600 277 19 20 1 0
528 292 34 43 1 0
294 331 34 43 1 0
54 290 30 37 2 0
807 340 49 59 1 0
852 292 34 43 1 0
581 280 19 20 1 0
40 326 37 47 1 0
434 363 49 59 1 0
432 292 34 43 1 0
185 272 19 20 1 0
426 271 19 20 1 0
901 438 91 100 1 0
111 403 49 59 1 0
823 271 19 20 1 0
236 312 34 43 1 0
87 280 30 37 2 0
455 281 19 20 1 0
356 294 34 43 1 0
413 288 19 20 1 0
284 275 19 20 1 0
490 304 34 43 1 0
909 289 19 20 1 0
905 274 19 20 1 0
755 345 49 59 1 0
101 303 34 43 2 0
938 284 19 20 1 0
909 329 34 43 1 0
78 314 34 43 2 0
624 283 19 20 1 0
959 414 91 100 1 0
788 264 19 20 1 0
662 444 91 100 1 0
376 504 91 100 1 0
958 315 34 43 1 0
755 247 19 20 1 0
477 277 19 20 1 0
332 308 34 43 1 0
281 653 59 69 1 0
174 288 19 20 1 0
75 274 30 37 2 0
758 274 19 20 1 0
15 279 37 47 1 0
364 273 19 20 1 0
447 308 34 43 1 0
221 295 34 43 1 0
410 270 19 20 1 0
503 320 34 43 1 0
124 462 91 100 1 0
401 324 34 43 1 0
661 266 19 20 1 0
