1157 607 5 8 1 1
521 552 12 17 1 0
669 569 25 29 1 0
766 560 4 6 1 0
235 540 12 10 1 0
817 565 6 12 1 1
376 547 9 9 1 0
773 551 4 6 1 0
559 536 13 15 1 1
28 562 27 35 1 0
1028 549 4 3 1 1
1081 572 6 2 1 0
472 527 8 7 1 1
447 555 10 13 1 1
961 561 4 6 1 0
494 523 12 17 1 1
438 536 10 12 1 1
314 535 14 10 1 1
384 524 9 9 1 1
1044 557 4 3 1 1
727 544 0 0 1 0
871 572 8 9 1 0
340 526 7 10 1 0
619 603 25 29 1 0
559 596 25 29 1 0
892 555 23 22 1 0
435 741 115 150 1 0
0 511 11 14 1 1
286 535 12 10 1 1
108 524 7 7 1 1
993 557 21 30 1 0
741 533 4 6 1 0
2 584 30 62 1 0
1294 575 16 20 1 0
757 544 4 6 1 0
834 702 102 127 1 0
1113 552 6 2 1 0
782 549 9 13 1 0
688 540 5 6 1 0
1107 590 6 2 1 0
630 560 13 18 1 0
851 580 8 9 1 0
226 529 12 10 1 1
610 569 25 29 1 0
580 538 13 15 1 1
183 536 14 21 1 0
215 528 12 10 1 1
499 540 12 17 1 0
580 552 13 15 1 1
845 569 2 5 1 1
1056 571 13 14 1 0
640 537 9 12 1 1
332 536 7 10 1 1
1210 583 26 28 1 0
404 547 9 9 1 0
421 528 11 10 1 1
941 560 4 6 1 0
332 554 15 17 1 1
802 556 6 12 1 0
753 555 15 13 1 0
431 547 0 0 1 1
1156 554 5 4 1 0
1062 611 24 37 1 0
538 532 13 15 1 1
251 526 12 10 1 1
216 573 37 40 1 0
861 551 10 21 1 1
969 583 29 41 1 0
403 532 9 9 1 1
1065 562 6 2 1 1
1181 595 3 5 1 1
1242 623 7 12 1 0
405 568 19 23 1 0
378 565 15 28 1 0
669 549 9 12 1 0
82 516 7 7 1 1
67 519 7 7 1 1
709 549 16 12 1 0
272 670 68 97 1 0
1122 597 35 38 1 0
346 609 65 92 1 0
144 515 7 7 1 1
592 545 9 12 1 1
255 539 12 10 1 1
793 573 15 22 1 0
1041 575 4 10 1 1
839 560 9 11 1 1
244 561 18 37 1 0
268 525 12 10 1 1
321 531 7 10 1 1
90 578 56 50 1 0
1193 576 3 5 1 0
26 515 9 18 1 1
484 557 24 28 1 0
311 524 7 10 1 1
525 522 6 8 1 1
172 565 23 28 1 0
159 523 7 7 1 1
621 546 9 12 1 1
828 560 6 7 1 1
1011 569 8 6 1 0
92 526 7 7 1 1
1252 603 17 29 1 0
653 540 9 12 1 1
138 534 7 7 1 1
351 536 10 11 1 1
606 551 9 12 1 1
