211 324 7 6 1 1
501 149 41 43 1 0
287 382 8 10 1 1
171 359 8 10 1 1
653 179 41 43 1 0
165 376 8 10 1 1
332 356 8 10 1 1
379 354 8 10 1 1
619 180 41 43 1 0
250 479 11 15 1 1
364 347 8 10 1 1
181 337 8 10 1 1
104 314 7 6 1 1
563 161 41 43 1 0
186 366 8 10 1 1
351 334 8 10 1 1
180 351 8 10 1 1
241 373 8 10 1 1
128 318 7 6 1 1
374 342 8 10 1 1
320 381 8 10 1 1
295 350 8 10 1 1
363 359 8 10 1 1
156 359 8 10 1 1
316 342 8 10 1 1
221 323 7 6 1 1
229 357 8 10 1 1
281 329 7 9 1 1
216 358 8 10 1 1
300 347 8 10 1 1
146 365 8 10 1 1
177 309 7 6 1 1
117 317 7 6 1 1
252 329 7 6 1 1
356 370 8 10 1 1
342 377 8 10 1 1
191 350 8 10 1 1
193 364 8 10 1 1
213 343 8 10 1 1
126 362 8 10 1 1
271 335 8 10 1 1
228 338 8 10 1 1
340 351 8 10 1 1
144 354 8 10 1 1
