71 236 31 36 1 0
241 130 34 32 1 0
330 286 31 36 1 0
248 245 31 36 1 0
0 75 31 31 1 0
629 218 24 36 1 0
690 205 24 36 1 0
683 445 34 40 1 0
546 356 31 37 1 0
713 36 29 29 1 0
268 72 34 32 1 0
299 4 32 30 1 0
662 205 24 36 1 0
741 427 34 40 1 0
633 52 29 29 1 0
441 129 34 32 1 0
404 110 34 32 1 0
167 379 31 36 1 0
670 43 29 29 1 0
22 239 31 35 1 0
112 231 31 36 1 0
772 425 34 40 1 0
280 235 31 36 1 0
813 223 24 36 1 0
450 430 31 36 1 0
752 250 24 36 1 0
379 126 34 32 1 0
67 131 34 32 1 0
319 351 31 36 1 0
727 308 34 40 1 0
160 297 31 36 1 0
275 359 31 36 1 0
34 75 31 31 1 0
567 416 34 40 1 0
471 80 24 36 1 0
551 10 29 29 1 0
309 217 31 36 1 0
799 167 24 36 1 0
764 344 34 40 1 0
542 235 24 36 1 0
719 435 34 40 1 0
219 368 31 36 1 0
148 59 34 32 1 0
72 77 34 32 1 0
403 169 34 32 3 0
231 5 32 30 1 0
505 256 31 36 1 0
469 102 24 36 1 0
500 302 31 36 1 0
590 224 24 36 1 0
34 34 32 30 1 0
386 169 34 32 3 0
760 82 24 36 1 0
615 443 34 40 1 0
322 408 31 36 1 0
530 297 28 37 1 0
195 34 26 26 1 0
304 176 34 32 1 0
437 219 31 36 1 0
677 259 34 40 1 0
396 277 31 36 1 0
780 228 24 36 1 0
799 348 34 40 1 0
229 261 31 36 1 0
718 248 24 36 1 0
747 137 24 36 1 0
83 15 26 26 1 0
199 272 31 36 1 0
827 67 25 34 1 0
722 192 24 36 1 0
23 304 31 36 1 0
753 307 34 40 1 0
340 423 31 36 1 0
152 211 31 36 1 0
347 347 31 36 1 0
11 140 30 32 1 0
239 22 26 26 1 0
340 211 31 36 1 0
781 62 29 29 1 0
638 266 34 40 1 0
491 435 31 36 1 0
414 318 31 36 1 0
28 130 30 32 1 0
734 29 29 29 1 0
