424 281 20 24 1 1
480 223 13 16 1 1
199 190 6 8 1 1
42 192 9 9 1 1
434 210 13 16 1 1
5 188 9 9 1 1
376 199 9 9 1 1
198 216 16 19 1 1
422 233 13 16 1 1
452 196 9 9 1 1
45 183 9 9 1 1
247 202 7 8 1 1
206 179 6 8 1 1
16 186 9 9 1 1
220 194 6 8 1 1
59 185 9 9 1 1
580 202 9 9 1 1
248 227 11 10 1 1
323 194 9 9 1 1
27 212 9 9 1 1
365 203 9 9 1 1
538 210 10 10 1 1
448 212 13 16 1 1
145 188 6 5 1 1
108 178 15 16 1 1
331 219 13 16 1 1
412 202 9 9 1 1
484 196 9 9 1 1
8 216 9 9 1 1
297 191 9 9 1 1
343 202 9 9 1 1
127 185 15 16 1 1
375 214 13 16 1 1
567 207 9 9 1 1
398 198 9 9 1 1
184 184 6 8 1 1
549 211 10 10 1 1
497 197 9 9 1 1
394 239 13 16 1 1
73 196 15 16 1 1
94 177 15 16 1 1
