429 886 17 19 1 0
87 572 14 17 1 0
237 522 14 17 1 0
382 185 11 13 1 0
284 310 11 13 1 0
389 330 11 13 1 0
691 226 11 13 1 0
581 211 11 13 1 0
97 571 14 17 1 0
91 470 14 17 1 0
14 359 11 13 1 0
9 312 11 13 1 0
206 794 17 19 1 0
290 431 14 17 1 0
26 726 17 19 1 0
258 275 11 13 1 0
448 460 14 17 1 0
20 595 14 17 1 0
466 45 11 11 1 0
361 756 17 19 1 0
162 222 11 13 1 0
462 368 11 13 1 0
507 143 11 13 1 0
573 568 14 17 1 0
2 408 12 15 1 0
103 0 11 11 1 0
383 848 17 19 1 0
298 627 14 17 1 0
367 191 11 13 1 0
661 378 11 13 1 0
326 259 11 13 1 0
345 454 14 17 1 0
679 313 11 13 1 0
278 280 11 13 1 0
410 238 11 13 1 0
101 509 14 17 1 0
577 326 11 13 1 0
688 493 14 17 2 0
156 281 11 13 1 0
58 193 11 13 1 0
511 977 17 19 1 0
110 395 11 13 1 0
350 519 14 17 1 0
430 250 11 13 1 0
311 891 17 19 1 0
72 866 17 19 1 0
24 754 17 19 1 0
517 151 11 13 1 0
258 742 17 19 1 0
374 21 11 11 1 0
457 260 11 13 1 0
319 321 11 13 1 0
314 206 11 13 1 0
451 213 11 13 1 0
627 363 11 13 1 0
7 120 11 11 1 0
398 87 11 11 1 0
91 502 14 17 1 0
623 93 11 11 1 0
535 847 17 19 1 0
130 231 11 13 1 0
479 138 11 13 1 0
171 148 11 13 1 0
444 48 11 11 1 0
707 330 11 13 1 0
298 879 17 19 1 0
471 172 11 13 1 0
193 445 14 17 1 0
661 217 11 13 1 0
568 207 11 13 1 0
117 361 11 13 1 0
142 843 17 19 1 0
466 395 11 13 1 0
494 300 11 13 1 0
39 81 11 11 1 0
358 349 11 13 1 0
327 393 11 13 1 0
629 285 11 13 1 0
696 155 11 12 1 0
479 924 17 19 1 0
7 40 11 11 1 0
674 424 14 17 1 0
384 532 14 17 1 0
486 825 17 19 1 0
225 926 17 19 1 0
615 249 11 13 1 0
603 1001 17 19 1 0
697 221 11 13 1 0
425 501 14 17 1 0
302 247 11 13 1 0
276 450 14 17 1 0
318 390 11 13 1 0
285 536 14 17 1 0
152 109 11 11 1 0
406 118 11 13 1 0
439 995 17 19 1 0
704 268 11 13 1 0
175 206 11 13 1 0
211 460 14 17 1 0
321 127 11 13 1 0
488 422 14 17 1 0
261 347 11 13 1 0
47 359 11 13 1 0
204 519 14 17 1 0
25 115 11 13 1 0
596 46 11 11 1 0
424 76 11 11 1 0
686 500 14 17 2 0
188 9 11 11 1 0
197 552 14 17 1 0
56 286 11 13 1 0
446 503 14 17 1 0
165 535 14 17 1 0
374 465 14 17 1 0
148 231 11 13 1 0
211 29 11 11 1 0
400 103 11 11 1 0
450 1000 17 19 1 0
487 810 17 19 1 0
270 623 14 17 1 0
670 415 14 17 1 0
298 549 14 17 1 0
193 42 11 11 1 0
269 957 17 19 1 0
286 240 11 13 1 0
39 767 17 19 1 0
65 460 14 17 1 0
514 52 11 11 1 0
73 634 17 19 1 0
544 148 11 13 1 0
451 354 11 13 1 0
184 371 11 13 1 0
306 493 14 17 1 0
29 275 11 13 1 0
546 715 17 19 1 0
471 471 14 17 1 0
489 780 17 19 1 0
357 411 14 17 1 0
58 367 11 13 1 0
264 675 17 19 1 0
17 670 17 19 1 0
361 327 11 13 1 0
696 73 11 11 1 0
320 690 17 19 1 0
295 114 11 13 1 0
0 305 11 13 1 0
181 153 11 13 1 0
467 822 17 19 1 0
409 1 11 11 1 0
269 768 17 19 1 0
211 358 11 13 1 0
510 312 11 13 1 0
81 788 17 19 1 0
153 213 11 13 1 0
97 346 11 13 1 0
498 401 14 17 1 0
530 357 11 13 1 0
19 224 11 13 1 0
473 10 11 11 1 0
376 262 11 13 1 0
517 99 11 11 1 0
128 348 11 13 1 0
703 436 13 16 1 0
3 66 11 11 1 0
459 654 17 19 1 0
144 432 14 17 1 0
578 168 11 13 1 0
358 91 11 11 1 0
233 564 14 17 1 0
116 317 11 13 1 0
693 982 17 19 1 0
354 92 11 11 1 0
231 59 11 11 1 0
164 192 11 13 1 0
655 554 14 17 1 0
402 195 11 13 1 0
180 250 11 13 1 0
279 188 11 13 1 0
317 117 11 13 1 0
146 146 11 13 1 0
337 124 11 13 1 0
639 778 17 19 1 0
197 722 17 19 1 0
399 967 17 19 1 0
383 69 11 11 1 0
398 252 11 13 1 0
530 296 11 13 1 0
238 1 11 11 1 0
373 765 17 19 1 0
58 787 17 19 2 0
1 357 11 13 1 0
463 520 14 17 1 0
45 271 11 13 1 0
654 362 11 13 1 0
677 967 17 19 1 0
57 120 11 13 1 0
37 599 14 17 1 0
167 8 11 11 1 0
93 430 14 17 1 0
365 934 17 19 1 0
405 294 11 13 1 0
27 42 11 11 1 0
46 844 17 19 1 0
633 958 17 19 1 0
479 534 14 17 1 0
182 628 14 17 1 0
84 324 11 13 1 0
291 195 11 13 1 0
460 914 17 19 1 0
230 309 11 13 1 0
148 40 11 11 1 0
177 125 11 13 1 0
401 872 17 19 1 0
245 174 11 13 1 0
475 840 17 19 1 0
424 488 14 17 1 0
670 58 11 11 1 0
709 387 13 16 1 0
189 74 11 11 1 0
343 29 11 11 1 0
559 151 11 13 1 0
405 883 17 19 1 0
344 134 11 13 1 0
454 627 14 17 1 0
109 273 11 13 1 0
542 426 14 17 1 0
115 575 14 17 1 0
708 202 11 13 1 0
197 198 11 13 1 0
706 79 11 11 1 0
443 413 14 17 1 0
358 590 14 17 1 0
473 19 11 11 1 0
161 447 14 17 1 0
647 248 11 13 1 0
222 22 11 11 1 0
92 56 11 11 1 0
512 601 14 17 1 0
482 618 14 17 1 0
611 47 11 11 1 0
274 1 11 11 1 0
226 526 14 17 1 0
62 512 14 17 1 0
311 716 17 19 1 0
112 130 11 13 1 0
324 37 11 11 1 0
396 71 11 11 1 0
672 158 11 12 1 0
625 138 11 13 1 0
79 63 11 11 1 0
663 389 11 13 1 0
382 138 11 13 1 0
595 290 11 13 1 0
538 984 17 19 1 0
169 339 11 13 1 0
240 928 17 19 1 0
327 559 14 17 1 0
147 681 17 19 1 0
266 713 17 19 1 0
212 163 11 13 1 0
581 335 11 13 1 0
222 212 11 13 1 0
619 742 17 19 1 0
667 256 11 13 1 0
171 393 11 13 1 0
622 347 11 13 1 0
67 617 14 17 1 0
682 66 11 11 1 0
686 110 11 11 1 0
73 385 11 13 1 0
486 182 11 13 1 0
124 533 14 17 1 0
636 683 17 19 1 0
586 78 11 11 1 0
433 4 11 11 1 0
47 490 14 17 1 0
290 487 14 17 1 0
495 624 14 17 1 0
358 274 11 13 1 0
132 33 11 11 1 0
307 38 11 11 1 0
605 406 14 17 2 0
382 225 11 13 1 0
486 654 17 19 1 0
295 312 11 13 1 0
106 221 11 13 1 0
169 75 11 11 1 0
710 514 14 17 1 0
105 169 11 13 1 0
636 229 11 13 1 0
604 766 17 19 1 0
160 359 11 13 1 0
126 478 14 17 1 0
153 486 14 17 1 0
213 81 11 11 1 0
487 765 17 19 1 0
103 578 14 17 1 0
284 3 11 11 1 0
430 808 17 19 1 0
482 230 11 13 1 0
179 780 17 19 1 0
607 399 14 17 2 0
577 205 11 13 1 0
659 594 14 17 1 0
45 437 14 17 1 0
219 726 17 19 1 0
47 202 11 13 1 0
332 326 11 13 1 0
34 76 11 11 1 0
490 480 14 17 1 0
316 256 11 13 1 0
564 277 11 13 1 0
345 85 11 11 1 0
621 526 14 17 1 0
265 609 14 17 1 0
498 210 11 13 1 0
260 449 14 17 1 0
528 20 11 11 1 0
21 74 11 11 1 0
490 48 11 11 1 0
236 818 17 19 1 0
470 280 11 13 1 0
674 264 11 13 1 0
245 674 17 19 1 0
62 82 11 11 1 0
467 619 14 17 1 0
456 165 11 13 1 0
417 982 17 19 1 0
550 272 11 13 1 0
421 199 11 13 1 0
598 239 11 13 1 0
382 673 17 19 1 0
359 136 11 13 1 0
205 383 11 13 1 0
51 789 17 19 2 0
133 321 11 13 1 0
613 178 11 13 1 0
24 371 11 13 1 0
562 996 17 19 1 0
304 3 11 11 1 0
424 383 11 13 1 0
509 200 11 13 1 0
536 200 11 13 1 0
55 443 14 17 1 0
41 188 11 13 1 0
341 914 17 19 1 0
447 264 11 13 1 0
362 229 11 13 1 0
174 483 14 17 1 0
180 197 11 13 1 0
454 41 11 11 1 0
537 324 11 13 1 0
160 877 17 19 1 0
54 538 14 17 1 0
667 106 11 11 1 0
498 54 11 11 1 0
147 279 11 13 1 0
318 506 14 17 1 0
169 41 11 11 1 0
685 265 11 13 1 0
71 35 11 11 1 0
589 596 14 17 1 0
599 178 11 13 1 0
381 364 11 13 1 0
504 339 11 13 1 0
83 298 11 13 1 0
110 261 11 13 1 0
201 353 11 13 1 0
369 95 11 11 1 0
447 118 11 13 1 0
575 512 14 17 1 0
508 490 14 17 1 0
276 352 11 13 1 0
389 372 11 13 1 0
373 404 14 17 1 0
68 696 17 19 1 0
321 208 11 13 1 0
409 685 17 19 1 0
102 61 11 11 1 0
454 119 11 13 1 0
441 165 11 13 1 0
372 142 11 13 1 0
61 27 11 11 1 0
191 382 11 13 1 0
391 470 14 17 1 0
524 767 17 19 1 0
127 220 11 13 1 0
432 332 11 13 1 0
287 283 11 13 1 0
540 110 11 11 1 0
417 424 14 17 1 0
147 344 11 13 1 0
48 228 11 13 1 0
585 229 11 13 1 0
383 238 11 13 1 0
135 655 17 19 1 0
144 2 11 11 1 0
490 939 17 19 1 0
26 855 17 19 1 0
652 144 11 13 1 0
261 101 11 11 1 0
40 284 11 13 1 0
504 357 11 13 1 0
528 540 14 17 1 0
359 23 11 11 1 0
152 71 11 11 1 0
36 699 17 19 1 0
310 995 17 19 1 0
613 145 11 13 1 0
34 224 11 13 1 0
267 298 11 13 1 0
425 631 14 17 1 0
194 631 14 17 1 0
589 799 17 19 1 0
558 784 17 19 1 0
598 336 11 13 1 0
477 258 11 13 1 0
234 170 11 13 1 0
135 289 11 13 1 0
98 34 11 11 1 0
533 71 11 11 1 0
111 642 17 19 1 0
74 554 14 17 1 0
357 453 14 17 1 0
253 576 14 17 1 0
606 458 14 17 1 0
163 107 11 11 1 0
289 764 17 19 1 0
189 968 17 19 1 0
4 535 14 17 1 0
348 270 11 13 1 0
530 222 11 13 1 0
163 762 17 19 1 0
663 156 11 13 1 0
4 104 11 11 1 0
508 951 17 19 1 0
385 412 14 17 1 0
500 521 14 17 1 0
636 302 11 13 1 0
514 834 17 19 1 0
551 374 11 13 1 0
607 652 17 19 1 0
459 388 11 13 1 0
214 570 14 17 1 0
634 182 11 13 1 0
428 298 11 13 1 0
417 616 14 17 1 0
41 112 11 11 1 0
698 995 17 19 1 0
533 683 17 19 1 0
283 968 17 19 1 0
390 154 11 13 1 0
74 147 11 13 1 0
641 143 11 13 1 0
656 103 11 11 1 0
426 726 17 19 1 0
234 688 17 19 1 0
170 292 11 13 1 0
122 30 11 11 1 0
319 447 14 17 1 0
264 421 14 17 1 0
337 638 17 19 1 0
218 48 11 11 1 0
492 95 11 11 1 0
35 43 11 11 1 0
17 481 14 17 1 0
100 701 17 19 1 0
398 544 14 17 1 0
709 111 11 11 1 0
41 535 14 17 1 0
399 2 11 11 1 0
335 264 11 13 1 0
161 697 17 19 1 0
443 206 11 13 1 0
139 36 11 11 1 0
638 102 11 11 1 0
239 464 14 17 1 0
65 336 11 13 1 0
19 192 11 13 1 0
201 211 11 13 1 0
595 84 11 11 1 0
440 814 17 19 1 0
241 304 11 13 1 0
435 34 11 11 1 0
72 288 11 13 1 0
302 438 14 17 1 0
593 277 11 13 1 0
637 662 17 19 1 0
496 190 11 13 1 0
122 63 11 11 1 0
189 489 14 17 1 0
409 303 11 13 1 0
421 367 11 13 1 0
693 366 12 15 1 0
656 415 14 17 1 0
609 281 11 13 1 0
122 409 14 17 1 0
327 11 11 11 1 0
671 220 11 13 1 0
424 449 14 17 1 0
