463 103 61 70 1 0
774 85 61 70 1 0
823 286 61 70 1 0
514 228 61 70 1 0
158 287 61 70 1 0
899 84 61 70 1 0
6 655 70 91 1 0
656 259 61 70 1 0
145 42 61 70 1 0
626 84 61 70 1 0
490 335 71 93 1 0
590 434 71 93 1 0
273 301 61 70 1 0
992 202 61 70 1 0
678 575 71 93 1 0
57 93 61 70 1 0
382 195 61 70 1 0
397 41 61 70 1 0
889 680 89 131 1 0
982 422 71 93 1 0
890 211 61 70 1 0
559 146 61 70 1 0
266 122 61 70 1 0
15 320 63 75 1 0
248 680 89 131 1 0
728 350 71 93 1 0
725 160 61 70 1 0
101 165 61 70 1 0
789 511 71 93 1 0
371 433 71 93 1 0
146 495 71 93 1 0
224 50 61 70 1 0
478 669 89 131 1 0
