166 58 7 8 1 1
176 141 5 6 1 1
240 153 5 6 1 1
161 125 9 7 1 1
972 214 14 22 1 0
254 100 9 7 1 1
10 212 8 7 1 1
72 228 8 7 1 1
74 333 6 7 1 1
1144 85 15 19 1 1
122 192 8 7 1 1
268 369 10 10 1 1
413 105 9 7 1 1
244 165 5 6 1 1
249 63 9 7 1 1
898 76 11 13 1 1
234 216 8 7 1 1
597 528 36 48 1 1
371 166 9 7 1 1
44 108 9 7 1 1
877 105 11 13 1 1
48 438 10 10 1 1
415 352 9 14 1 1
93 192 8 7 1 1
560 28 10 9 1 1
395 418 9 14 1 1
946 94 11 13 1 1
155 97 9 7 1 1
522 126 10 9 1 1
565 113 10 9 1 1
247 319 6 7 1 1
247 250 8 7 1 1
7 386 6 7 1 1
390 342 9 13 1 1
1185 7 15 19 1 1
242 398 9 14 1 1
272 545 9 14 1 1
137 376 10 10 1 1
193 113 9 7 1 1
434 47 9 7 1 1
376 166 9 7 1 1
204 436 10 10 1 1
157 366 10 10 1 1
380 156 9 7 1 1
213 367 10 10 1 1
134 334 6 7 1 1
390 221 9 11 1 1
135 137 9 7 1 1
655 311 9 11 1 1
235 250 8 7 1 1
558 148 10 9 1 1
316 535 9 14 1 1
37 373 6 7 1 1
226 49 7 8 1 1
442 192 9 11 1 1
400 182 9 11 1 1
577 249 9 11 1 1
530 135 10 9 1 1
333 100 9 7 1 1
314 190 9 11 1 1
109 302 6 7 1 1
334 262 9 11 1 1
386 203 9 11 1 1
79 187 8 7 1 1
717 138 10 9 1 1
363 180 9 11 1 1
208 45 7 8 1 1
7 397 6 7 1 1
58 17 9 7 1 1
13 174 8 7 1 1
341 156 9 7 1 1
1114 35 15 19 1 1
150 238 8 7 1 1
194 167 5 6 1 1
580 122 10 9 1 1
1260 165 14 23 1 0
301 111 9 7 1 1
516 40 10 9 1 1
837 263 14 22 1 0
939 141 11 13 1 1
275 232 8 7 1 1
1001 119 15 19 1 1
27 351 6 7 1 1
830 131 11 13 1 1
420 194 9 11 1 1
891 62 11 13 1 1
240 325 6 7 1 1
256 245 8 7 1 1
478 163 10 9 1 1
18 332 6 7 1 1
129 495 10 10 1 1
516 139 10 9 1 1
620 93 10 9 1 1
225 331 6 7 1 1
199 191 8 7 1 1
343 216 9 11 1 1
657 38 10 9 1 1
427 428 9 14 1 1
285 216 5 6 1 1
569 106 10 9 1 1
667 94 10 9 1 1
218 227 8 7 1 1
212 143 5 6 1 1
404 105 9 7 1 1
872 80 11 13 1 1
2 132 8 7 1 1
1164 65 15 19 1 1
753 92 11 13 1 1
28 382 6 7 1 1
491 134 10 9 1 1
286 118 9 7 1 1
482 47 10 9 1 1
501 52 10 9 1 1
400 410 9 14 1 1
248 214 8 7 1 1
126 54 8 7 1 1
535 178 10 9 1 1
40 136 9 7 1 1
1224 28 15 19 1 1
20 307 6 7 1 1
247 138 9 7 1 1
607 94 10 9 1 1
1054 540 87 110 1 1
338 156 9 7 1 1
303 59 7 8 1 1
4 440 6 7 1 1
14 95 9 7 1 1
61 110 9 7 1 1
16 222 8 7 1 1
98 450 10 10 1 1
416 245 9 11 1 1
82 356 6 7 1 1
74 500 10 10 1 1
336 170 5 6 1 1
403 182 9 11 1 1
506 215 9 11 1 1
89 422 10 10 1 1
367 142 9 7 1 1
364 110 9 7 1 1
424 205 9 11 1 1
545 268 9 11 1 1
157 205 8 7 1 1
303 173 5 6 1 1
1187 316 56 63 1 0
56 326 6 7 1 1
312 102 9 7 1 1
450 127 9 7 1 1
319 60 9 7 1 1
574 148 10 9 1 1
405 230 9 11 1 1
288 203 5 6 1 1
308 62 9 7 1 1
253 190 8 7 1 1
409 105 9 7 1 1
390 171 9 10 1 1
626 253 9 11 1 1
491 290 9 11 1 1
83 320 6 7 1 1
24 105 9 7 1 1
902 6 11 13 1 1
815 140 11 13 1 1
666 128 10 9 1 1
434 207 9 11 1 1
127 242 8 7 1 1
182 334 6 7 1 1
191 158 5 6 1 1
225 103 9 7 1 1
409 373 9 14 1 1
51 478 10 10 1 1
526 197 9 11 1 1
297 148 5 6 1 1
111 100 9 7 1 1
220 126 9 7 1 1
168 245 8 7 1 1
1212 2 15 19 1 1
105 335 6 7 1 1
1029 213 14 23 2 0
1176 63 15 19 1 1
43 256 8 7 1 1
488 104 10 9 1 1
137 215 8 7 1 1
367 219 9 11 1 1
547 161 10 9 1 1
249 198 8 7 1 1
238 159 5 6 1 1
791 165 11 13 1 1
279 42 7 8 1 1
209 235 8 7 1 1
243 116 9 7 1 1
750 116 10 12 1 1
656 105 10 9 1 1
351 155 9 7 1 1
413 206 9 11 1 1
120 458 10 10 1 1
295 253 8 10 1 1
607 131 10 9 1 1
214 548 10 10 1 1
631 43 10 9 1 1
261 55 7 8 1 1
1090 53 15 19 2 1
559 216 9 11 1 1
1036 215 14 23 2 0
1013 218 14 23 1 0
695 126 10 9 1 1
899 59 11 13 1 1
328 339 6 7 1 1
998 344 39 59 2 0
1245 273 56 63 1 0
411 183 9 11 1 1
136 353 6 7 1 1
538 55 10 9 1 1
221 168 5 6 1 1
48 347 6 7 1 1
76 100 9 7 1 1
810 5 11 13 1 1
384 261 9 11 1 1
249 69 9 7 1 1
58 202 8 7 1 1
811 252 14 22 1 0
30 187 8 7 1 1
45 365 6 7 1 1
721 294 10 12 1 1
187 125 9 7 1 1
19 136 8 7 1 1
944 79 11 13 1 1
15 294 6 7 1 1
147 58 8 7 1 1
234 316 6 7 1 1
830 68 11 13 1 1
706 127 10 9 1 1
392 465 9 14 1 1
157 333 6 7 1 1
347 179 9 11 1 1
274 125 9 7 1 1
301 47 7 8 1 1
531 172 10 9 1 1
176 394 10 10 1 1
239 202 8 7 1 1
209 178 8 7 1 1
159 114 9 7 1 1
595 108 10 9 1 1
605 106 10 9 1 1
1016 65 15 19 1 1
253 138 9 7 1 1
1143 254 56 63 1 0
1013 159 14 23 1 1
434 437 9 14 1 1
103 97 9 7 1 1
359 153 9 7 1 1
1159 109 15 19 1 1
217 119 9 7 1 1
160 516 10 10 1 1
538 134 10 9 1 1
384 413 9 14 1 1
623 233 9 11 1 1
478 198 9 11 1 1
389 499 9 14 1 1
118 359 10 10 1 1
195 349 6 7 1 1
330 49 7 8 1 1
511 150 10 9 1 1
623 145 10 9 1 1
219 321 6 7 1 1
135 312 6 7 1 1
124 166 9 7 1 1
218 201 8 7 1 1
125 478 10 10 1 1
169 332 6 7 1 1
269 127 9 7 1 1
158 98 9 7 1 1
742 292 18 27 1 0
929 88 11 13 1 1
227 168 5 6 1 1
326 447 9 14 1 1
28 17 9 7 1 1
304 113 9 7 1 1
163 138 9 7 1 1
262 224 8 7 1 1
229 357 6 7 1 1
312 118 9 7 1 1
123 317 6 7 1 1
238 71 9 7 1 1
617 162 10 9 1 1
130 200 8 7 1 1
897 89 11 13 1 1
473 225 9 11 1 1
227 179 8 7 1 1
399 197 9 11 1 1
1116 168 14 23 1 1
775 128 11 13 1 1
548 99 10 9 1 1
996 141 14 23 1 1
158 381 10 10 1 1
30 224 8 7 1 1
418 105 9 7 1 1
1251 52 15 19 1 1
688 116 10 9 1 1
1243 35 15 19 1 1
706 109 10 9 2 1
880 251 14 22 1 1
45 312 6 7 1 1
267 243 8 7 1 1
215 148 5 6 1 1
275 58 7 8 1 1
1074 33 15 19 1 1
663 209 10 9 1 1
501 153 10 9 1 1
558 5 10 9 1 1
434 58 9 7 1 1
532 102 10 9 1 1
69 351 6 7 1 1
525 209 9 11 1 1
217 427 9 14 1 1
52 95 9 7 1 1
578 107 10 9 1 1
228 118 9 7 1 1
55 38 9 7 1 1
868 63 11 13 1 1
95 487 10 10 1 1
13 415 6 7 1 1
823 98 11 13 1 1
296 114 9 7 1 1
391 179 9 11 1 1
554 298 9 11 1 1
934 194 13 20 1 0
148 336 6 7 1 1
807 304 30 42 1 0
484 127 10 9 1 1
298 106 9 7 1 1
541 167 10 9 1 1
974 88 11 13 1 1
265 153 5 6 1 1
443 357 9 14 1 1
337 505 9 14 1 1
1085 20 15 19 1 1
326 180 9 11 1 1
36 347 6 7 1 1
1100 275 37 52 1 0
701 281 9 9 1 1
189 165 5 6 1 1
334 227 9 11 1 1
33 253 8 7 1 1
805 83 11 13 1 1
61 428 9 9 1 1
1200 8 15 19 1 1
332 155 5 6 1 1
165 174 8 7 1 1
389 211 9 11 1 1
94 367 10 10 1 1
110 320 6 7 1 1
351 435 9 14 1 1
379 239 9 11 1 1
356 17 7 8 1 1
601 108 10 9 1 1
598 84 10 9 1 1
91 161 9 7 1 1
206 116 9 7 1 1
395 105 9 7 1 1
180 356 6 7 1 1
169 98 9 7 1 1
1255 85 15 19 1 0
274 216 8 7 1 1
568 99 10 9 1 1
422 127 9 7 1 1
363 49 7 8 1 1
675 505 36 48 1 1
89 342 6 7 1 1
6 359 6 7 1 1
59 243 8 7 1 1
370 436 9 14 1 1
82 376 10 10 1 1
369 230 9 11 1 1
82 236 8 7 1 1
1166 83 15 19 1 1
549 110 10 9 1 1
101 171 8 7 1 1
278 340 6 7 1 1
109 225 8 7 1 1
345 42 7 8 1 1
344 168 9 7 1 1
302 364 7 7 1 1
319 361 6 8 1 1
983 153 14 23 1 1
80 485 10 10 1 1
138 435 10 10 1 1
27 372 6 7 1 1
133 173 8 7 1 1
543 118 10 9 1 1
442 180 9 11 1 1
186 388 10 10 1 1
59 95 9 7 1 1
339 527 9 14 1 1
555 115 10 9 1 1
651 232 9 10 1 1
632 174 10 9 1 1
104 347 6 7 1 1
20 322 6 7 1 1
66 221 8 7 1 1
321 155 5 6 1 1
193 124 9 7 1 1
377 191 9 11 1 1
917 416 39 59 1 1
318 119 9 7 1 1
268 100 9 7 1 1
170 319 6 7 1 1
574 112 10 9 1 1
37 188 8 7 1 1
34 310 6 7 1 1
808 103 11 13 1 1
432 115 9 7 1 1
274 355 6 7 1 1
50 49 9 7 1 1
9 38 9 7 1 1
41 97 9 7 1 1
232 116 9 7 1 1
848 113 11 13 1 1
442 453 9 14 1 1
417 132 9 7 1 1
40 383 6 7 1 1
1225 1 15 19 1 1
336 437 9 14 1 1
779 21 11 13 1 1
252 152 5 6 1 1
325 404 9 14 1 1
297 228 9 11 1 1
299 59 7 8 1 1
249 365 10 10 1 1
54 256 8 7 1 1
14 254 8 7 1 1
250 114 9 7 1 1
2 522 10 10 1 1
223 548 9 14 1 1
34 214 8 7 1 1
771 114 11 13 1 1
176 416 10 10 1 1
47 300 6 7 1 1
222 141 5 6 1 1
365 160 9 7 1 1
867 131 11 13 1 1
98 18 8 7 1 1
76 304 6 7 1 1
24 94 9 7 1 1
251 167 5 6 1 1
28 46 9 7 1 1
175 109 9 7 1 1
524 155 10 9 1 1
320 205 9 11 1 1
147 217 8 7 1 1
456 207 9 11 1 1
80 54 9 7 1 1
238 64 9 7 1 1
206 336 6 7 1 1
6 253 8 7 1 1
694 171 10 9 1 1
273 527 9 14 1 1
422 364 9 14 1 1
294 450 9 14 1 1
232 257 8 7 1 1
105 243 8 7 1 1
638 146 10 9 1 1
275 142 5 6 1 1
358 56 7 8 1 1
440 116 9 7 1 1
632 117 10 9 1 1
174 238 8 7 1 1
247 110 9 7 1 1
296 135 9 7 1 1
933 379 39 59 2 1
106 451 10 10 1 1
32 300 6 7 1 1
342 250 9 11 1 1
72 241 8 7 1 1
2 401 6 7 1 1
296 407 9 14 1 1
305 118 9 7 1 1
204 142 5 6 1 1
30 434 8 8 1 1
258 111 9 7 1 1
233 168 5 6 1 1
83 364 10 10 1 1
365 350 8 12 1 1
24 255 8 7 1 1
713 111 10 9 1 1
166 223 8 7 1 1
273 116 9 7 1 1
154 323 6 7 1 1
1140 206 14 23 1 0
932 255 14 22 1 1
612 95 10 9 1 1
379 146 9 7 1 1
796 85 11 13 1 1
604 260 9 11 1 1
187 113 9 7 1 1
707 484 36 48 1 1
511 102 10 9 1 1
28 362 6 7 1 1
206 222 8 7 1 1
607 164 10 9 1 1
421 118 9 7 1 1
6 188 8 7 1 1
807 398 30 42 2 0
163 310 6 7 1 1
173 307 6 7 1 1
1048 38 15 19 1 1
1084 122 15 19 1 1
318 46 7 8 1 1
58 336 6 7 1 1
257 152 5 6 1 1
484 143 10 9 1 1
397 147 9 7 1 1
300 338 6 7 1 1
796 9 10 12 1 1
547 124 10 9 1 1
337 44 7 8 1 1
685 92 10 9 1 1
1083 173 14 23 1 1
1103 244 37 52 2 0
343 57 7 8 1 1
516 149 10 9 1 1
263 382 9 14 1 1
9 108 9 7 1 1
867 14 11 13 1 1
484 205 9 11 1 1
427 138 9 7 1 1
581 146 10 9 1 1
289 512 9 14 1 1
277 35 7 8 1 1
46 190 8 7 1 1
429 50 9 8 1 1
52 354 6 7 1 1
377 214 9 11 1 1
566 273 9 11 1 1
143 240 8 7 1 1
52 109 9 7 1 1
922 355 39 59 2 0
948 49 11 13 1 1
48 214 8 7 1 1
224 34 7 8 1 1
146 207 8 7 1 1
1031 40 15 19 1 1
68 185 8 7 1 1
562 161 10 9 1 1
217 101 9 7 1 1
555 166 10 9 1 1
434 161 9 7 1 1
1099 169 14 23 1 1
683 171 10 9 1 1
365 335 8 11 1 1
1044 138 14 23 1 1
1205 94 15 19 1 1
46 336 6 7 1 1
155 552 10 10 1 1
7 321 6 7 1 1
645 160 10 9 1 1
13 343 6 7 1 1
206 203 8 7 1 1
155 115 9 7 1 1
180 321 6 7 1 1
206 490 10 10 1 1
593 166 10 9 1 1
31 96 9 7 1 1
1065 20 15 19 1 1
479 126 10 9 1 1
87 451 10 10 1 1
202 125 9 7 1 1
288 59 7 8 1 1
704 144 10 9 1 1
865 108 11 13 1 1
5 294 6 7 1 1
13 445 7 7 1 1
363 191 9 11 1 1
206 68 9 7 1 1
639 137 10 9 1 1
403 222 9 11 1 1
146 316 6 7 1 1
303 100 9 7 1 1
163 529 10 10 1 1
1003 190 14 23 1 0
238 168 5 6 1 1
122 332 6 7 1 1
284 142 5 6 1 1
17 238 8 7 1 1
280 370 6 7 1 1
96 498 10 10 1 1
718 98 10 9 1 1
94 99 9 7 1 1
246 152 5 6 1 1
1000 73 15 19 1 1
1267 64 15 19 1 0
279 59 7 8 1 1
497 168 10 9 1 1
415 126 9 7 1 1
1164 27 15 19 1 1
889 134 11 13 1 1
69 317 6 7 1 1
1283 164 14 23 1 0
162 321 6 7 1 1
233 127 9 7 1 1
478 138 10 9 1 1
1076 143 14 23 1 1
130 325 6 7 1 1
1031 198 14 23 1 0
459 149 10 9 1 1
590 159 10 9 1 1
147 191 8 7 1 1
299 45 7 8 1 1
13 22 9 7 1 1
486 50 10 9 1 1
96 241 8 7 1 1
43 162 9 7 1 1
261 126 9 7 1 1
63 173 8 7 1 1
1259 140 14 23 1 0
69 363 10 10 1 1
36 335 6 7 1 1
229 238 8 7 1 1
39 223 8 7 1 1
384 472 9 14 1 1
214 190 8 7 1 1
698 210 10 9 1 1
209 452 10 10 1 1
413 146 9 7 1 1
423 143 9 7 1 1
411 125 9 7 1 1
471 244 9 11 1 1
516 442 22 31 1 1
45 12 9 7 1 1
675 192 10 9 1 1
645 44 10 9 1 1
445 154 9 8 1 1
245 230 8 7 1 1
619 30 10 9 1 1
37 202 8 7 1 1
379 141 9 7 1 1
295 118 9 7 1 1
23 188 8 7 1 1
238 226 8 7 1 1
14 201 8 7 1 1
283 470 9 14 1 1
222 126 9 7 1 1
325 154 5 6 1 1
1015 136 14 23 2 1
186 178 8 7 1 1
58 189 8 7 1 1
1044 205 14 23 1 0
752 81 11 13 1 1
461 195 10 9 1 1
149 165 5 6 1 1
526 119 10 9 1 1
999 45 15 19 1 1
533 371 9 11 1 1
103 208 8 7 1 1
112 193 8 7 1 1
416 117 9 7 1 1
767 225 13 18 1 1
958 79 11 13 1 1
258 322 6 7 1 1
96 309 6 7 1 1
173 469 10 10 1 1
280 74 9 7 1 1
422 102 9 7 1 1
238 102 9 7 1 1
134 54 8 7 1 1
208 327 6 7 1 1
301 515 9 14 1 1
19 379 6 7 1 1
239 187 8 7 1 1
155 310 6 7 1 1
77 172 8 7 1 1
20 393 6 7 1 1
376 344 9 13 1 1
641 166 10 9 1 1
1010 56 15 19 1 1
997 164 14 23 1 1
262 341 6 7 1 1
290 238 5 6 1 1
1170 11 15 19 1 1
219 486 9 14 1 1
178 244 8 7 1 1
492 195 10 9 1 1
802 394 30 42 2 0
177 220 8 7 1 1
1160 207 14 23 1 0
994 89 15 19 1 1
282 196 5 6 1 1
318 100 9 7 1 1
445 227 9 11 1 1
187 220 8 7 1 1
276 327 6 7 1 1
444 204 9 11 1 1
744 134 10 9 1 1
57 315 6 7 1 1
518 164 10 9 1 1
185 13 7 8 1 1
1078 53 15 19 1 1
454 174 9 9 1 1
60 377 6 7 1 1
100 385 10 10 1 1
599 89 10 9 1 1
25 158 8 7 1 1
637 88 10 9 1 1
683 320 14 18 1 1
377 172 9 9 1 1
365 205 9 11 1 1
85 118 9 7 1 1
604 91 10 9 1 1
819 159 11 13 1 1
458 118 10 9 1 1
68 37 9 7 1 1
810 376 30 42 2 0
524 103 10 9 1 1
920 151 11 13 1 1
271 28 7 8 1 1
168 115 9 7 1 1
964 160 13 20 1 1
754 467 33 45 1 1
1055 254 37 52 2 0
1085 240 37 52 2 0
387 375 9 14 1 1
988 358 39 59 2 0
232 395 9 14 1 1
423 133 9 7 1 1
24 295 6 7 1 1
888 227 14 22 1 1
511 139 10 9 1 1
139 54 8 7 1 1
284 425 9 14 1 1
171 124 9 7 1 1
16 369 6 7 1 1
541 125 10 9 1 1
551 136 10 9 1 1
554 160 10 9 1 1
257 464 9 14 1 1
55 542 10 10 1 1
967 47 11 13 1 1
594 275 9 11 1 1
593 124 10 9 1 1
977 172 14 23 1 1
46 324 6 7 1 1
278 116 9 7 1 1
154 344 6 7 1 1
229 125 9 7 1 1
149 136 9 7 1 1
402 209 9 11 1 1
8 380 6 7 1 1
526 125 10 9 1 1
380 370 9 14 1 1
110 172 8 7 1 1
489 169 10 9 1 1
306 204 9 11 1 1
247 101 9 7 1 1
103 194 8 7 1 1
242 432 9 14 1 1
69 376 10 10 1 1
879 178 12 17 1 1
1078 1 15 19 1 1
676 29 10 9 1 1
259 491 9 14 1 1
142 327 6 7 1 1
7 473 10 10 1 1
190 327 6 7 1 1
7 167 8 7 1 1
766 27 11 13 1 1
198 375 10 10 1 1
1141 24 15 19 1 1
756 29 11 13 1 1
496 53 10 9 1 1
491 149 10 9 1 1
262 191 8 7 1 1
223 56 7 8 1 1
638 40 10 9 1 1
1282 132 14 22 1 0
57 303 6 7 1 1
947 189 13 20 1 0
1055 130 14 22 1 1
65 327 6 7 1 1
703 109 10 9 2 1
220 245 8 7 1 1
185 494 10 10 1 1
810 148 11 13 1 1
992 191 14 23 1 0
314 217 9 11 1 1
875 118 11 13 1 1
378 226 9 11 1 1
546 53 10 9 1 1
1122 99 15 19 1 1
585 43 10 9 1 1
380 352 9 14 1 1
87 305 6 7 1 1
702 34 10 9 1 1
225 202 8 7 1 1
431 100 9 7 1 1
251 395 9 14 1 1
848 227 14 22 1 1
231 57 7 8 1 1
430 192 9 11 1 1
295 193 5 6 1 1
907 2 11 13 1 1
270 116 9 7 1 1
290 130 9 7 1 1
53 173 8 7 1 1
208 104 9 7 1 1
1074 174 14 23 1 1
607 194 10 9 1 1
398 153 9 7 1 1
12 503 10 10 1 1
866 511 46 63 1 1
494 207 9 11 1 1
434 362 9 14 1 1
158 58 7 8 1 1
712 286 15 17 1 1
474 155 10 9 1 1
652 192 10 9 1 1
314 9 7 8 1 1
961 355 39 59 2 0
555 139 10 9 1 1
286 74 9 7 1 1
345 156 9 7 1 1
154 11 7 8 1 1
155 134 9 7 1 1
175 503 10 10 1 1
69 202 8 7 1 1
216 340 6 7 1 1
173 201 8 7 1 1
7 372 6 7 1 1
39 299 6 7 1 1
280 125 9 7 1 1
357 170 9 8 1 1
278 246 8 7 1 1
1267 185 14 23 1 0
553 274 9 11 1 1
363 157 9 7 1 1
1023 133 14 22 2 1
303 216 9 11 1 1
499 137 10 9 1 1
205 166 5 6 1 1
359 41 7 8 1 1
3 171 8 7 1 1
510 123 10 9 1 1
283 114 9 7 1 1
383 157 9 7 1 1
432 129 9 7 1 1
282 253 7 6 1 1
504 247 9 11 1 1
198 215 8 7 1 1
14 315 6 7 1 1
87 110 9 7 1 1
231 141 5 6 1 1
1051 278 37 52 2 0
470 205 9 11 1 1
425 180 9 11 1 1
739 144 10 9 1 1
509 196 10 9 1 1
553 128 10 9 1 1
313 233 9 11 1 1
23 213 8 7 1 1
831 3 11 13 1 1
325 58 7 8 1 1
60 346 6 7 1 1
1064 212 14 23 1 0
65 303 6 7 1 1
7 349 6 7 1 1
405 353 9 14 1 1
1243 135 14 23 1 0
216 312 6 7 1 1
14 160 8 7 1 1
261 116 9 7 1 1
389 231 9 11 1 1
422 47 9 7 1 1
117 343 6 7 1 1
19 357 6 7 1 1
158 174 8 7 1 1
194 101 9 7 1 1
1023 175 14 23 1 1
420 229 9 11 1 1
827 248 14 22 1 1
120 230 8 7 1 1
6 308 6 7 1 1
623 512 36 48 1 1
383 168 9 7 1 1
47 232 8 7 1 1
1097 53 15 19 2 1
245 127 9 7 1 1
187 240 8 7 1 1
12 132 9 7 1 1
841 240 14 22 1 1
322 243 9 11 1 1
1117 225 14 23 1 0
1048 21 15 19 1 1
484 114 10 9 1 1
50 201 8 7 1 1
1226 197 14 23 1 0
694 340 19 26 2 1
598 211 9 11 1 1
427 128 9 7 1 1
844 96 11 13 1 1
576 201 9 11 1 1
399 357 9 14 1 1
924 96 11 13 1 1
91 168 9 7 1 1
1094 206 14 23 1 0
599 143 10 9 1 1
155 57 7 8 1 1
340 9 7 8 1 1
614 135 10 9 1 1
368 242 9 11 1 1
39 357 6 7 1 1
238 339 6 7 1 1
59 124 9 7 1 1
79 20 9 7 1 1
387 181 9 11 1 1
126 345 6 7 1 1
346 346 6 8 1 1
37 322 6 7 1 1
781 107 11 13 2 1
186 342 6 7 1 1
150 125 9 7 1 1
246 476 9 14 1 1
256 126 9 7 1 1
909 79 11 13 1 1
901 171 11 15 1 1
182 101 9 7 1 1
502 143 10 9 1 1
800 69 11 13 1 1
235 153 5 6 1 1
365 172 9 7 1 1
710 98 10 9 1 1
103 12 8 7 1 1
388 355 9 14 1 1
1114 117 15 19 1 1
213 400 10 10 1 1
662 139 10 9 1 1
797 106 11 13 1 1
881 187 12 17 1 1
475 114 10 9 1 1
244 353 6 7 1 1
297 74 9 7 1 1
93 203 8 7 1 1
1276 26 15 19 1 0
376 203 9 11 1 1
217 167 5 6 1 1
558 98 10 9 1 1
200 113 9 7 1 1
957 192 14 23 1 0
31 136 9 7 1 1
584 108 10 9 1 1
223 363 10 10 1 1
512 267 9 11 1 1
528 247 9 11 1 1
259 205 8 7 1 1
36 30 9 7 1 1
132 512 10 10 1 1
327 172 5 6 1 1
259 103 9 7 1 1
1037 52 15 19 1 1
954 66 11 13 1 1
481 103 10 9 1 1
207 125 9 7 1 1
78 110 9 7 1 1
735 29 10 9 1 1
60 361 6 7 1 1
859 1 11 13 1 1
34 241 8 7 1 1
317 336 6 7 1 1
26 322 6 7 1 1
62 356 6 7 1 1
172 176 8 7 1 1
169 18 7 8 1 1
427 351 9 14 1 1
370 157 9 7 1 1
429 152 9 7 1 1
609 207 9 11 1 1
293 59 7 8 1 1
506 94 10 9 1 1
700 187 10 9 1 1
545 136 10 9 1 1
737 94 10 9 1 1
701 98 10 9 1 1
1203 62 15 19 1 1
120 208 8 7 1 1
339 56 7 8 1 1
625 128 10 9 1 1
842 79 11 13 1 1
599 191 10 9 1 1
170 544 10 10 1 1
24 342 6 7 1 1
188 311 6 7 1 1
409 191 9 11 1 1
32 550 10 10 1 1
4 157 8 7 1 1
223 154 5 6 1 1
703 171 10 9 1 1
340 178 9 11 1 1
13 188 8 7 1 1
53 364 6 7 1 1
1029 257 19 30 1 0
374 354 9 14 1 1
942 67 11 13 1 1
55 228 8 7 1 1
614 107 10 9 1 1
692 189 10 9 1 1
394 245 9 11 1 1
440 227 9 11 1 1
995 466 87 110 2 1
644 91 10 9 1 1
123 303 6 7 1 1
259 114 9 7 1 1
1032 158 14 23 1 1
346 146 9 7 1 1
339 203 9 11 1 1
199 246 8 7 1 1
214 127 9 7 1 1
72 171 8 7 1 1
924 133 11 13 1 1
88 356 6 7 1 1
148 400 10 10 1 1
790 448 30 42 1 0
969 445 87 110 2 1
195 315 6 7 1 1
1176 81 15 19 1 1
44 242 8 7 1 1
291 101 9 7 1 1
457 56 9 8 1 1
652 209 9 10 1 1
166 343 6 7 1 1
986 40 15 19 1 1
781 114 11 13 2 1
890 73 11 13 1 1
367 380 9 14 1 1
229 190 8 7 1 1
772 249 18 27 1 1
355 466 9 14 1 1
901 221 14 22 1 1
330 188 9 11 1 1
200 177 8 7 1 1
183 193 8 7 1 1
8 226 8 7 1 1
113 216 8 7 1 1
240 138 9 7 1 1
198 406 10 10 1 1
266 59 7 8 1 1
290 170 5 6 1 1
287 44 7 8 1 1
675 109 10 9 1 1
26 333 6 7 1 1
692 207 10 9 1 1
224 390 9 14 1 1
391 153 9 7 1 1
1202 74 15 19 1 1
528 114 10 9 1 1
324 170 5 6 1 1
27 203 8 7 1 1
473 267 9 11 1 1
287 344 6 7 1 1
770 106 11 13 1 1
104 323 6 7 1 1
526 149 10 9 1 1
358 143 9 7 1 1
587 36 10 9 1 1
229 153 5 6 1 1
27 177 8 7 1 1
86 223 8 7 1 1
76 214 8 7 1 1
1227 52 15 19 1 1
179 124 9 7 1 1
467 153 10 9 1 1
64 114 9 7 1 1
88 330 6 7 1 1
14 156 8 7 1 1
907 101 11 13 1 1
157 247 8 7 1 1
1293 186 14 23 1 0
148 175 8 7 1 1
669 32 10 9 1 1
194 456 10 10 1 1
202 166 5 6 1 1
959 337 39 59 2 0
625 90 10 9 1 1
246 326 6 7 1 1
69 97 9 7 1 1
589 189 10 9 1 1
1056 208 14 23 1 0
7 335 6 7 1 1
76 345 6 7 1 1
94 320 6 7 1 1
82 205 8 7 1 1
33 108 9 7 1 1
314 256 9 11 1 1
856 139 11 13 1 1
454 228 9 11 1 1
133 232 8 7 1 1
322 482 9 14 1 1
48 381 6 7 1 1
704 334 24 34 2 1
192 142 5 6 1 1
432 140 9 7 1 1
90 400 10 10 1 1
837 92 11 13 1 1
210 314 6 7 1 1
212 167 5 6 1 1
449 116 9 7 1 1
1032 133 14 22 1 1
839 65 11 13 1 1
97 224 8 7 1 1
568 550 36 48 1 1
693 139 10 9 1 1
653 87 10 9 1 1
407 131 9 7 1 1
325 103 9 7 1 1
1093 141 14 23 1 1
274 208 8 7 1 1
