579 278 29 32 1 1
886 12 24 30 1 1
774 42 24 30 1 1
375 25 24 30 1 1
602 206 21 23 1 1
908 264 29 32 1 1
128 76 24 30 1 1
151 167 23 28 1 1
660 245 29 32 1 1
755 108 24 30 1 1
869 137 24 30 1 1
355 86 24 30 1 1
920 242 29 32 1 1
750 157 23 28 1 1
673 262 29 32 1 1
780 279 29 32 1 1
179 208 23 28 1 1
652 87 24 30 1 1
715 68 24 30 1 1
466 34 24 30 1 1
856 203 21 23 1 1
819 103 24 30 1 1
823 55 24 30 1 1
909 51 24 30 1 1
132 211 23 28 1 1
509 35 24 30 1 1
681 159 21 24 1 1
150 291 23 28 1 1
225 146 23 29 1 1
673 180 21 23 1 1
792 208 21 23 1 1
149 39 24 30 1 1
389 235 27 28 1 1
66 274 23 28 1 1
39 26 24 30 1 1
119 32 24 30 1 1
417 74 24 30 1 1
289 81 24 30 1 1
672 209 21 23 1 1
933 165 21 23 1 1
43 210 23 28 1 1
729 211 21 23 1 1
921 208 21 23 1 1
890 105 24 30 1 1
16 160 23 28 1 1
797 5 24 30 1 1
275 121 24 30 1 1
456 124 24 30 1 0
229 109 24 30 1 1
951 64 24 30 1 1
212 207 23 28 1 1
433 175 75 83 1 0
673 74 24 30 1 1
608 182 21 23 1 1
172 92 24 30 1 1
707 293 29 32 1 1
749 222 29 32 1 1
832 86 24 30 1 1
97 215 23 28 1 1
774 74 24 30 1 1
567 23 24 30 1 1
929 145 24 30 1 1
189 154 23 29 1 1
622 160 21 23 1 1
803 126 24 30 1 1
32 245 23 28 1 1
89 140 24 30 1 1
695 129 24 30 1 1
855 11 24 30 1 1
748 14 24 30 1 1
136 238 23 28 1 1
144 132 24 30 1 1
67 168 23 28 1 1
356 166 37 42 1 1
13 290 23 28 1 1
839 249 29 32 1 1
337 34 24 30 1 1
321 144 24 30 1 1
416 14 24 30 1 1
103 295 23 28 1 1
917 183 21 23 1 1
707 13 24 30 1 1
879 176 21 23 1 1
792 173 21 23 1 1
942 103 24 30 1 1
43 139 24 30 1 1
600 250 29 32 1 1
262 33 24 30 1 1
314 261 73 87 1 0
