1020 603 3 4 1 1
506 418 6 7 1 1
1134 747 33 39 1 0
1452 646 7 6 1 1
787 470 3 3 1 1
480 403 6 7 1 1
1013 508 4 3 1 1
666 461 3 3 1 1
440 385 6 7 1 1
1166 617 3 4 1 1
1111 582 3 4 1 1
1389 696 19 26 1 1
816 469 3 3 1 1
20 435 6 7 1 1
1477 669 7 6 1 1
1233 599 3 4 1 1
731 475 3 3 1 1
619 433 3 3 1 1
1479 652 7 6 1 1
1330 527 2 6 1 1
1099 598 3 4 1 1
571 428 3 3 1 1
1489 633 7 6 1 1
934 575 4 4 1 1
306 487 15 19 1 1
519 290 3 4 1 1
769 582 8 9 1 1
636 580 34 42 1 0
221 510 15 19 1 0
1082 511 4 3 1 1
1352 426 2 6 1 1
69 499 15 19 1 0
991 574 4 4 1 1
956 568 4 4 1 1
1484 597 2 3 1 1
1504 650 7 6 1 1
615 326 3 4 1 1
674 462 3 3 1 1
27 104 6 8 1 1
1221 525 4 3 1 1
987 480 4 3 1 1
1355 654 7 6 1 1
318 361 6 7 1 1
728 357 3 4 1 1
1213 501 4 3 1 1
644 455 3 3 1 1
1421 633 7 6 1 1
730 480 3 3 1 1
42 546 24 29 1 0
482 530 8 12 1 1
1288 612 2 3 1 1
345 400 6 7 1 1
1495 585 2 3 1 1
969 585 4 4 1 1
776 603 8 9 1 1
1283 623 2 3 1 1
596 430 3 3 1 1
883 591 4 4 1 1
1276 609 2 3 1 1
191 320 6 7 1 1
421 520 8 12 1 1
863 601 4 4 1 1
700 453 3 3 1 1
1537 593 2 3 1 1
720 553 8 9 1 1
310 567 24 29 2 0
1410 647 7 6 1 1
1249 609 2 3 1 1
1262 525 4 3 1 1
1314 655 7 6 1 1
167 328 6 7 1 1
1096 422 2 6 1 1
680 355 3 4 1 1
1485 585 2 3 1 1
1045 496 4 3 1 1
1367 434 2 6 1 1
1251 591 2 3 1 1
591 542 8 9 1 1
734 453 3 3 1 1
737 573 8 9 1 1
1333 645 7 6 1 1
1326 599 2 3 1 1
862 573 4 4 1 1
1312 585 2 3 1 1
651 543 8 9 1 1
765 477 3 3 1 1
715 554 8 9 1 1
1114 610 3 4 1 1
256 349 6 7 1 1
529 423 3 3 1 1
802 603 8 9 1 1
1521 522 2 6 1 1
273 216 6 8 1 1
1192 590 3 4 1 1
1060 579 3 4 1 1
1104 588 3 4 1 1
775 584 8 9 1 1
959 599 4 4 1 1
1114 650 8 10 1 1
1515 592 2 3 1 1
101 312 6 7 1 1
602 440 3 3 1 1
1122 678 33 39 1 0
1342 590 2 3 1 1
1254 709 19 26 1 0
401 404 6 7 1 1
705 453 3 3 1 1
1550 522 2 6 1 1
1253 585 2 3 1 1
440 556 8 12 1 0
408 539 8 12 1 0
1269 411 2 6 1 1
1001 577 4 4 1 1
591 591 25 37 1 0
1152 420 2 6 1 1
839 472 3 3 1 1
518 426 6 7 1 1
875 481 4 3 1 1
906 575 4 4 1 1
1444 433 2 6 1 1
746 464 3 3 1 1
1569 591 2 3 1 1
677 452 3 3 1 1
404 508 8 12 1 1
1143 610 3 4 1 1
442 406 6 7 1 1
380 506 9 13 1 1
858 588 4 4 1 1
543 424 3 3 1 1
1504 587 2 3 1 1
1106 604 3 4 1 1
1159 581 3 4 1 1
487 403 6 7 1 1
938 502 4 3 1 1
304 531 8 12 1 1
463 420 6 7 1 1
284 355 6 7 1 1
1062 630 8 10 1 1
361 378 6 7 1 1
1141 504 4 3 1 1
548 439 3 3 1 1
1298 500 2 6 1 1
432 412 6 7 1 1
782 481 3 3 1 1
766 610 8 9 1 1
1478 607 2 3 1 1
445 401 6 7 1 1
745 566 8 9 1 1
526 410 3 3 1 1
547 423 3 3 1 1
618 529 8 9 1 1
1383 514 2 6 1 1
1434 422 2 6 1 1
1440 586 2 3 1 1
1437 514 2 6 1 1
1591 590 2 3 1 1
1511 613 2 3 1 1
752 582 8 9 1 1
1397 518 2 6 1 1
352 536 8 12 1 0
1221 645 7 6 1 1
634 442 3 3 1 1
118 317 6 7 1 1
1262 537 4 3 1 1
1135 527 4 3 1 1
1319 506 2 6 1 1
1474 588 2 3 1 1
984 594 4 4 1 1
630 437 3 3 1 1
1555 408 2 6 1 1
613 436 3 3 1 1
1528 461 2 6 1 1
598 448 3 3 1 1
1465 588 2 3 1 1
1168 526 4 3 1 1
1040 605 3 4 1 1
237 357 6 7 1 1
189 171 6 8 1 1
848 483 3 3 1 1
288 503 15 19 1 1
1538 409 2 6 1 1
915 571 4 4 1 1
1280 590 2 3 1 1
1115 698 33 39 1 0
55 497 15 19 1 0
889 578 4 4 1 1
768 559 8 9 1 1
1038 635 8 10 1 1
48 460 15 19 1 1
1140 615 3 4 1 1
99 456 15 19 1 1
1453 427 2 6 1 1
785 565 8 9 1 1
535 534 8 9 1 1
471 400 6 7 1 1
831 581 4 4 1 1
558 311 3 4 1 1
916 480 4 3 1 1
904 592 4 4 1 1
606 440 3 3 1 1
622 330 3 4 1 1
1198 592 3 4 1 1
782 665 24 32 1 0
1325 437 2 6 1 1
703 538 8 9 1 1
1211 600 3 4 1 1
1273 515 2 6 1 1
1109 506 4 3 1 1
1181 644 8 10 1 1
1577 419 2 6 1 1
263 365 6 7 1 1
1169 517 4 3 1 1
1082 422 2 6 1 1
449 386 6 7 1 1
1245 587 2 3 1 1
1482 524 2 6 1 1
1160 603 3 4 1 1
487 409 6 7 1 1
1066 511 4 3 1 1
1386 628 2 3 1 1
1135 418 2 6 1 1
1180 525 4 3 1 1
890 489 4 3 1 1
1568 585 2 3 1 1
1296 616 2 3 1 1
682 601 25 37 2 1
998 413 2 6 1 1
376 392 6 7 1 1
1363 596 2 3 1 1
463 562 8 12 1 0
1098 502 4 3 1 1
397 410 6 7 1 1
1072 408 2 6 1 1
1426 418 2 6 1 1
277 483 15 19 2 1
1267 584 2 3 1 1
1447 648 7 6 1 1
1321 585 2 3 1 1
709 460 3 3 1 1
1305 511 2 6 1 1
1465 429 2 6 1 1
1102 507 4 3 1 1
1156 517 4 3 1 1
188 489 15 19 1 1
146 315 6 7 1 1
1560 500 2 6 1 1
831 563 4 4 1 1
1138 427 2 6 1 1
869 492 3 3 1 1
1245 600 2 3 1 1
1086 597 3 4 1 1
1543 602 2 3 1 1
898 567 4 4 1 1
745 555 8 9 1 1
1364 628 2 3 1 1
241 540 24 29 1 0
1512 627 2 3 1 1
517 421 6 7 1 1
1439 509 2 6 1 1
1339 624 2 3 1 1
784 584 8 9 1 1
852 464 3 3 1 1
1274 583 2 3 1 1
642 337 3 4 1 1
1239 586 2 3 1 1
1162 526 4 3 1 1
112 464 15 19 1 1
1244 627 2 3 1 1
273 351 6 7 1 1
431 552 8 12 1 0
1391 587 2 3 1 1
86 664 30 35 1 0
1285 430 2 6 1 1
574 436 3 3 1 1
873 689 33 39 1 0
686 462 3 3 1 1
1344 632 7 6 1 1
274 360 6 7 1 1
455 414 6 7 1 1
581 431 3 3 1 1
375 250 6 8 1 1
1043 639 8 10 1 1
91 491 15 19 1 0
1008 578 4 4 1 1
5 284 6 7 1 1
1117 593 3 4 1 1
1002 447 4 3 1 1
1232 503 4 3 1 1
738 471 3 3 1 1
381 542 8 12 1 0
1119 586 3 4 1 1
1020 575 3 4 1 1
1500 617 2 3 1 1
1434 509 2 6 1 1
648 340 3 4 1 1
223 492 15 19 1 1
1312 511 2 6 1 1
272 510 8 12 1 1
1434 502 2 6 1 1
398 384 6 7 1 1
1490 504 2 6 1 1
1511 587 2 3 1 1
156 324 6 7 1 1
1054 605 3 4 1 1
1207 592 3 4 1 1
668 451 3 3 1 1
562 418 3 3 1 1
1345 419 2 6 1 1
782 560 8 9 1 1
649 448 3 3 1 1
574 447 3 3 1 1
921 569 4 4 1 1
1253 515 4 3 1 1
1198 585 3 4 1 1
1310 601 2 3 1 1
109 125 6 8 1 1
1357 497 2 6 1 1
986 622 10 13 1 0
842 472 3 3 1 1
1360 607 2 3 1 1
1581 628 2 3 1 1
1228 516 4 3 1 1
1074 717 33 39 2 0
587 437 3 3 1 1
1020 410 2 6 1 1
906 390 3 4 1 1
1277 527 2 6 1 1
804 579 8 9 1 1
604 324 3 4 1 1
234 371 6 7 1 1
540 563 8 9 1 1
463 397 6 7 1 1
698 456 3 3 1 1
1293 530 2 6 1 1
1487 506 2 6 1 1
1385 522 2 6 1 1
1184 533 4 3 1 1
948 584 4 4 1 1
1175 651 8 10 1 1
1582 592 2 3 1 1
6 501 15 19 1 0
1587 582 2 3 1 1
1260 634 7 6 1 1
1179 621 3 4 1 1
795 481 3 3 1 1
1191 507 4 3 1 1
1121 594 3 4 1 1
483 285 6 7 1 1
1128 598 3 4 1 1
564 568 8 9 1 1
1253 616 2 3 1 1
1495 655 7 6 1 1
998 585 4 4 1 1
833 491 3 3 1 1
536 423 3 3 1 1
402 401 6 7 1 1
890 498 4 3 1 1
655 681 25 37 1 0
1164 519 4 3 1 1
978 644 10 13 1 0
83 289 6 7 1 1
1385 622 2 3 1 1
5 454 6 7 1 1
1578 657 4 4 1 0
977 619 10 13 1 0
16 467 15 19 1 1
794 489 3 3 1 1
1558 608 2 3 1 1
1419 602 2 3 1 1
664 449 3 3 1 1
298 224 6 8 1 1
321 381 6 7 1 1
426 401 6 7 1 1
941 601 4 4 1 1
1559 593 2 3 1 1
1364 586 2 3 1 1
1343 595 2 3 1 1
722 557 8 9 1 1
1576 499 2 6 1 1
864 480 3 3 1 1
1202 604 3 4 1 1
1300 524 2 6 1 1
1594 584 2 3 1 1
1040 505 4 3 1 1
134 528 15 19 1 1
733 553 8 9 1 1
1395 609 2 3 1 1
1173 510 4 3 1 1
1448 640 7 6 1 1
1177 599 3 4 1 1
1499 605 2 3 1 1
1270 508 2 6 1 1
1069 577 3 4 1 1
778 564 8 9 1 1
1032 599 3 4 1 1
108 502 15 19 1 0
832 571 4 4 1 1
1104 495 4 3 1 1
985 599 4 4 1 1
472 523 8 12 1 1
1085 614 3 4 1 1
1261 622 2 3 1 1
1437 652 7 6 1 1
683 452 3 3 1 1
1428 422 2 6 1 1
657 344 3 4 1 1
1123 502 4 3 1 1
1280 633 7 6 1 1
545 534 8 9 1 1
1357 594 2 3 1 1
1307 621 2 3 1 1
35 469 15 19 1 1
233 196 6 8 1 1
1117 580 3 4 1 1
837 666 24 32 1 0
344 368 6 7 1 1
1477 510 2 6 1 1
416 559 8 12 1 0
1404 625 2 3 1 1
1315 518 2 6 1 1
1271 526 2 6 1 1
367 534 8 12 1 1
677 462 3 3 1 1
724 470 3 3 1 1
323 566 24 29 2 0
1131 626 8 10 1 1
872 391 3 4 1 1
1362 500 2 6 1 1
332 547 24 29 1 0
551 443 3 3 1 1
1172 592 3 4 1 1
1239 502 4 3 1 1
947 591 4 4 1 1
1067 614 3 4 1 1
1038 581 3 4 1 1
1521 512 2 6 1 1
1045 581 3 4 1 1
1385 508 2 6 1 1
950 578 4 4 1 1
707 552 8 9 1 1
663 579 8 9 1 1
1309 641 7 6 1 1
1306 593 2 3 1 1
332 394 6 7 1 1
747 470 3 3 1 1
1311 532 2 6 1 1
242 342 6 7 1 1
1136 593 3 4 1 1
1000 494 4 3 1 1
1490 410 2 6 1 1
310 362 6 7 1 1
1049 581 3 4 1 1
1518 645 7 6 1 1
650 453 3 3 1 1
1434 582 2 3 1 1
688 455 3 3 1 1
979 492 4 3 1 1
1051 515 4 3 1 1
742 590 25 37 2 1
1510 594 2 3 1 1
755 585 8 9 1 1
1134 523 4 3 1 0
1147 620 3 4 1 1
330 628 24 29 1 0
963 594 4 4 1 1
1467 506 2 6 1 1
90 303 6 7 1 1
1241 592 2 3 1 1
1154 591 3 4 1 1
623 455 3 3 1 1
1078 520 4 3 1 1
935 640 10 13 1 0
652 458 3 3 1 1
1553 582 2 3 1 1
787 467 3 3 1 1
1317 587 2 3 1 1
490 406 6 7 1 1
1219 431 2 6 1 1
1005 491 4 3 1 1
960 491 4 3 1 1
1069 500 4 3 1 1
1593 609 2 3 1 1
922 607 10 13 1 1
1583 405 2 6 1 1
29 499 15 19 1 0
1279 510 2 6 1 1
910 569 4 4 1 1
1386 430 2 6 1 1
1300 639 7 6 1 1
573 534 8 9 1 1
1262 410 2 6 1 1
1010 605 3 4 1 1
769 575 8 9 1 1
1109 487 4 3 1 1
1319 581 2 3 1 1
1463 637 7 6 1 1
649 557 8 9 1 0
720 462 3 3 1 1
1335 504 2 6 1 1
1117 489 4 3 1 1
816 566 8 9 1 1
373 251 6 8 1 1
1204 609 3 4 1 1
1498 593 2 3 1 1
464 538 8 12 1 1
1519 583 2 3 1 1
1101 622 8 10 1 1
1184 511 4 3 1 1
1462 421 2 6 1 1
1429 514 2 6 1 1
683 448 3 3 1 1
497 413 6 7 1 1
1445 504 2 6 1 1
725 592 25 37 1 0
1413 609 2 3 1 1
959 575 4 4 1 1
1328 616 2 3 1 1
1151 614 3 4 1 1
340 242 6 8 1 1
1141 597 3 4 1 1
1411 594 2 3 1 1
1582 633 2 3 1 1
473 514 8 12 1 1
826 618 10 13 1 0
754 460 3 3 1 1
1508 528 2 6 1 1
1121 628 8 10 1 1
1453 594 2 3 1 1
1499 632 7 6 1 1
1246 687 7 6 1 0
814 421 3 3 1 1
745 560 8 9 1 1
1572 621 2 3 1 1
163 503 15 19 2 1
16 289 6 7 1 1
615 448 3 3 1 1
818 489 3 3 1 1
217 342 6 7 1 1
717 459 3 3 1 1
1261 517 4 3 1 1
323 605 24 29 1 0
725 566 8 9 1 0
966 483 4 3 1 1
732 463 3 3 1 1
1053 415 2 6 1 1
1389 636 7 6 1 1
1445 592 2 3 1 1
1393 593 2 3 1 1
1325 518 2 6 1 1
753 565 8 9 1 1
519 411 3 4 1 1
251 493 15 19 2 1
1577 622 2 3 1 1
426 512 8 12 1 1
1304 629 2 3 1 1
527 675 30 35 1 0
662 597 25 37 2 0
772 466 3 3 1 1
271 531 8 12 1 1
1115 508 4 3 1 1
511 426 6 7 1 1
729 558 8 9 1 1
1285 526 2 6 1 1
1167 608 3 4 1 1
1587 641 4 4 1 1
687 580 8 9 1 1
108 318 6 7 1 1
681 463 3 3 1 1
1122 490 4 3 1 1
953 603 10 13 1 1
794 572 8 9 1 1
1371 599 2 3 1 1
483 553 8 12 1 0
1523 599 2 3 1 1
1567 651 7 6 1 1
1146 596 3 4 1 1
537 417 3 3 1 1
586 320 3 4 1 1
1264 648 7 6 1 1
1070 595 3 4 1 1
837 593 4 4 1 1
920 626 10 13 1 0
919 502 4 3 1 1
1004 600 4 4 1 1
1154 507 4 3 1 1
689 593 25 37 2 1
632 464 3 3 1 1
792 635 13 16 1 1
566 429 3 3 1 1
1425 505 2 6 1 1
645 449 3 3 1 1
1015 494 4 3 1 1
1567 407 2 6 1 1
1350 625 2 3 1 1
506 558 8 9 1 0
1589 430 2 6 1 1
1136 587 3 4 1 1
1242 527 4 3 1 1
996 607 3 4 1 1
1591 627 2 3 1 1
782 466 3 3 1 1
963 600 4 4 1 1
1200 432 2 6 1 1
868 590 4 4 1 1
615 443 3 3 1 1
1418 518 2 6 1 1
156 333 6 7 1 1
448 407 6 7 1 1
405 385 6 7 1 1
1377 426 2 6 1 1
349 499 15 19 1 1
283 369 6 7 1 1
925 483 4 3 1 1
1174 433 2 6 1 1
511 533 8 9 1 1
390 381 6 7 1 1
1517 417 2 6 1 1
436 570 8 12 1 0
147 145 6 8 1 1
1277 535 2 6 1 1
803 555 8 9 1 1
1499 625 2 3 1 1
675 451 3 3 1 1
627 442 3 3 1 1
817 599 8 9 1 1
687 465 3 3 1 1
1450 631 7 6 1 1
652 563 8 9 1 0
1019 498 4 3 1 1
1157 615 3 4 1 1
758 472 3 3 1 1
457 407 6 7 1 1
543 444 3 3 1 1
832 386 3 4 1 1
609 460 3 3 1 1
964 403 2 6 1 1
1455 417 2 6 1 1
1092 579 3 4 1 1
929 574 4 4 1 1
1531 609 2 3 1 1
175 477 15 19 1 1
738 466 3 3 1 1
855 637 13 16 1 0
314 377 6 7 1 1
12 685 30 35 1 0
1240 520 4 3 1 1
746 483 3 3 1 1
1148 589 3 4 1 1
1577 647 4 4 1 1
1548 407 2 6 1 1
969 405 2 6 1 1
1117 499 4 3 1 1
414 547 8 12 1 0
525 416 3 3 1 1
1069 505 4 3 1 1
1184 506 4 3 1 1
1052 506 4 3 1 1
1432 431 2 6 1 1
372 546 24 29 2 0
1226 586 3 4 1 1
1095 415 2 6 1 1
1538 597 2 3 1 1
558 446 3 3 1 1
1258 533 4 3 1 1
1145 500 4 3 1 1
753 574 8 9 1 1
1140 517 4 3 1 1
502 414 6 7 1 1
1177 594 3 4 1 1
746 600 8 9 1 1
1063 642 8 10 1 1
601 427 3 3 1 1
1076 575 3 4 1 1
668 582 25 37 2 1
573 546 8 9 1 1
1512 523 2 6 1 1
1187 593 3 4 1 1
726 465 3 3 1 1
1287 535 2 6 1 1
1372 594 2 3 1 1
957 633 10 13 1 0
1102 612 3 4 1 1
1555 620 2 3 1 1
1035 621 3 4 1 1
405 402 6 7 1 1
1501 498 2 6 1 1
145 461 15 19 1 1
658 450 3 3 1 1
1094 608 3 4 1 1
1111 423 2 6 1 1
143 499 15 19 1 1
826 482 3 3 1 1
1447 600 2 3 1 1
810 471 3 3 1 1
1567 608 2 3 1 1
937 564 4 4 1 1
474 417 6 7 1 1
1112 620 3 4 1 1
742 599 25 37 2 1
447 581 8 12 1 0
1217 657 7 6 1 1
1074 582 3 4 1 1
853 488 3 3 1 1
1011 598 3 4 1 1
1349 509 2 6 1 1
857 594 4 4 1 1
1027 605 3 4 1 1
1068 517 4 3 1 1
551 577 8 9 1 1
1084 590 3 4 1 1
1094 509 4 3 1 1
1392 603 2 3 1 1
1041 578 3 4 1 1
1574 614 2 3 1 1
1427 585 2 3 1 1
1204 578 3 4 1 1
787 569 8 9 1 1
1105 489 4 3 1 1
1032 589 3 4 1 1
418 385 6 7 1 1
163 513 15 19 2 1
1069 585 3 4 1 1
1354 584 2 3 1 1
368 245 6 8 1 1
336 530 8 12 1 1
265 536 8 12 1 0
994 598 4 4 1 1
1593 594 2 3 1 1
1126 606 3 4 1 1
568 439 3 3 1 1
941 592 4 4 1 1
1288 607 2 3 1 1
1347 498 2 6 1 1
1049 507 4 3 1 1
1212 432 2 6 1 1
1238 618 2 3 1 1
351 396 6 7 1 1
1279 431 2 6 1 1
801 472 3 3 1 1
750 607 8 9 1 1
1148 519 4 3 1 1
964 569 4 4 1 1
1562 517 2 6 1 1
809 561 8 9 1 1
1092 618 3 4 1 1
734 448 3 3 1 1
168 521 15 19 1 0
1338 599 2 3 1 1
1560 586 2 3 1 1
930 496 4 3 1 1
194 479 15 19 1 1
951 490 4 3 1 1
134 139 6 8 1 1
1132 510 4 3 1 1
1268 647 7 6 1 1
1398 602 2 3 1 1
1508 615 2 3 1 1
131 478 15 19 1 0
793 587 8 9 1 1
903 615 10 13 1 1
1203 632 7 6 1 1
1313 596 2 3 1 1
499 537 8 9 1 1
914 603 10 13 1 1
913 559 4 4 1 1
1354 511 2 6 1 1
1299 605 2 3 1 1
1130 581 3 4 1 1
824 590 4 4 1 1
850 569 4 4 1 1
1029 648 8 10 1 1
751 589 8 9 1 1
1270 716 19 26 1 0
1197 606 3 4 1 1
1086 586 3 4 1 1
1110 520 4 3 1 1
1408 664 7 6 1 1
1064 504 4 3 1 1
872 573 4 4 1 1
180 317 6 7 1 1
1471 521 2 6 1 1
1337 589 2 3 1 1
1540 586 2 3 1 1
1341 525 2 6 1 1
1590 632 2 3 1 1
352 247 6 8 1 1
840 569 4 4 1 1
1181 424 2 6 1 1
1182 415 2 6 1 1
608 536 8 9 1 1
1358 518 2 6 1 1
852 386 3 4 1 1
1254 525 4 3 1 1
521 419 3 4 1 1
714 472 3 3 1 1
1496 668 7 6 1 1
1339 608 2 3 1 1
1058 498 4 3 1 1
348 721 30 35 1 0
906 604 10 13 1 1
947 620 10 13 1 0
1509 622 2 3 1 1
675 446 3 3 1 1
1333 416 2 6 1 1
1137 581 3 4 1 1
1233 649 7 6 1 1
977 594 4 4 1 1
1140 608 3 4 1 1
914 487 4 3 1 1
1260 609 2 3 1 1
1210 612 3 4 1 1
1464 649 7 6 1 1
465 550 8 12 1 0
787 591 8 9 1 1
584 575 8 9 1 1
960 483 4 3 1 1
800 565 8 9 1 1
1566 623 2 3 1 1
780 571 8 9 1 1
1077 503 4 3 1 1
408 528 8 12 1 1
707 472 3 3 1 1
80 314 6 7 1 1
764 473 3 3 1 1
877 577 4 4 1 1
987 497 4 3 1 1
915 402 3 4 1 1
247 362 6 7 1 1
1087 637 8 10 1 1
639 466 3 3 1 1
1313 624 2 3 1 1
285 532 8 12 1 1
1478 496 2 6 1 1
978 487 4 3 1 1
565 441 3 3 1 1
1232 613 3 4 1 1
633 534 8 9 1 1
302 509 8 12 1 1
1043 615 3 4 1 1
1312 666 7 6 1 1
720 356 3 4 1 1
869 642 13 16 1 0
1237 614 2 3 1 1
468 406 6 7 1 1
752 556 8 9 1 1
1492 607 2 3 1 1
1215 617 3 4 1 1
586 426 3 3 1 1
1119 639 8 10 1 1
929 492 4 3 1 1
559 428 3 3 1 1
1225 528 4 3 1 1
1468 613 2 3 1 1
469 574 8 12 1 0
789 578 8 9 1 1
1430 621 2 3 1 1
53 287 6 7 1 1
1320 432 2 6 1 1
1409 520 2 6 1 1
1433 604 2 3 1 1
345 242 6 8 1 1
407 418 6 7 1 1
621 459 3 3 1 1
1489 643 7 6 1 1
255 198 6 8 1 1
494 419 6 7 1 1
1094 433 2 6 1 1
294 364 6 7 1 1
1433 630 2 3 1 1
1548 592 2 3 1 1
1563 640 7 6 1 1
1418 658 7 6 1 1
1056 714 33 39 2 0
93 311 6 7 1 1
699 470 3 3 1 1
711 456 3 3 1 1
792 471 3 3 1 1
912 581 4 4 1 1
944 574 4 4 1 1
699 460 3 3 1 1
1047 628 8 10 1 1
737 462 3 3 1 1
681 567 8 9 1 1
1532 587 2 3 1 1
400 533 8 12 1 1
1488 638 7 6 1 1
571 442 3 3 1 1
1255 529 4 3 1 1
752 537 8 9 1 1
731 470 3 3 1 1
1410 427 2 6 1 1
291 376 6 7 1 1
389 400 6 7 1 1
297 381 6 7 1 1
1522 655 7 6 1 1
1291 635 7 6 1 1
980 500 4 3 1 1
1113 488 4 3 1 1
918 499 4 3 1 1
215 671 30 35 1 0
1216 585 3 4 1 1
1058 591 3 4 1 1
996 491 4 3 1 1
1163 583 3 4 1 1
1082 408 2 6 1 1
1452 620 2 3 1 1
596 435 3 3 1 1
1425 648 7 6 1 1
1547 585 2 3 1 1
1234 505 4 3 1 1
1526 422 2 6 1 1
212 481 15 19 1 1
1546 596 2 3 1 1
1306 504 2 6 1 1
946 500 4 3 1 1
1510 637 7 6 1 1
1471 593 2 3 1 1
740 556 8 9 1 1
951 596 4 4 1 1
1297 656 7 6 1 1
1199 580 3 4 1 1
408 400 6 7 1 1
1240 428 2 6 1 1
1541 618 2 3 1 1
898 488 4 3 1 1
1173 537 4 3 1 1
435 401 6 7 1 1
470 408 6 7 1 1
1170 413 2 6 1 1
1143 661 8 10 1 1
1098 643 8 10 1 1
1472 659 7 6 1 1
1349 584 2 3 1 1
1342 427 2 6 1 1
863 595 4 4 1 1
790 481 3 3 1 1
1335 676 7 6 1 1
670 559 8 9 1 1
776 467 3 3 1 1
1568 614 2 3 1 1
1109 414 2 6 1 1
86 476 15 19 1 0
1467 597 2 3 1 1
887 568 4 4 1 1
613 460 3 3 1 1
595 439 3 3 1 1
694 449 3 3 1 1
1380 625 2 3 1 1
332 370 6 7 1 1
1328 508 2 6 1 1
480 401 6 7 1 1
1091 588 3 4 1 1
1223 609 3 4 1 1
706 463 3 3 1 1
884 597 4 4 1 1
729 459 3 3 1 1
604 434 3 3 1 1
587 447 3 3 1 1
336 240 6 8 1 1
1337 512 2 6 1 1
1127 499 4 3 1 1
1128 520 4 3 1 1
726 462 3 3 1 1
1349 628 2 3 1 1
1054 494 4 3 1 1
1189 620 3 4 1 1
1283 612 2 3 1 1
1269 637 7 6 1 1
1356 430 2 6 1 1
905 569 4 4 1 1
569 434 3 3 1 1
233 497 15 19 1 1
1396 636 7 6 1 1
1150 609 3 4 1 1
884 495 4 3 1 1
666 446 3 3 1 1
719 475 3 3 1 1
436 510 8 12 1 1
967 615 10 13 1 1
1581 653 4 4 1 1
773 478 3 3 1 1
1425 673 7 6 1 0
1279 596 2 3 1 1
1081 580 3 4 1 1
760 570 8 9 1 1
1400 427 2 6 1 1
360 251 6 8 1 1
974 604 10 13 1 1
353 401 6 7 1 1
1062 425 2 6 1 1
474 535 8 12 1 1
554 412 3 3 1 1
1086 580 3 4 1 1
602 458 3 3 1 1
1569 404 2 6 1 1
981 585 4 4 1 1
1464 625 2 3 1 1
1418 621 2 3 1 1
771 483 3 3 1 1
1316 640 7 6 1 1
1011 498 4 3 1 1
326 233 6 8 1 1
1346 643 7 6 1 1
969 497 4 3 1 1
1522 417 2 6 1 1
1567 495 2 6 1 1
929 595 4 4 1 1
1274 587 2 3 1 1
132 320 6 7 1 0
912 392 3 4 1 1
872 582 4 4 1 1
1063 514 4 3 1 1
1452 598 2 3 1 1
1156 412 2 6 1 1
1437 433 2 6 1 1
596 426 3 3 1 1
1283 607 2 3 1 1
1568 634 3 3 1 1
1146 420 2 6 1 1
984 577 4 4 1 1
965 738 33 39 1 0
866 393 3 4 1 1
828 471 3 3 1 1
1481 409 2 6 1 1
590 562 8 9 1 1
833 472 3 3 1 1
992 504 4 3 1 1
1587 597 2 3 1 1
1491 660 7 6 1 1
1005 498 4 3 1 1
1311 591 2 3 1 1
847 473 3 3 1 1
1004 416 2 6 1 1
1399 593 2 3 1 1
1461 611 2 3 1 1
817 614 8 9 1 1
48 485 15 19 1 0
1582 646 3 3 1 1
1466 640 7 6 1 1
1185 422 2 6 1 1
1531 413 2 6 1 1
935 492 4 3 1 1
550 425 3 3 1 1
990 494 4 3 1 1
1348 607 2 3 1 1
1592 600 2 3 1 1
994 413 2 6 1 1
693 468 3 3 1 1
1152 403 2 6 1 1
841 497 3 3 1 1
1164 416 2 6 1 1
990 611 3 4 1 1
346 374 6 7 1 1
1516 605 2 3 1 1
782 608 8 9 1 1
620 437 3 3 1 1
706 440 3 3 1 1
41 282 6 7 1 1
1405 584 2 3 1 1
957 587 4 4 1 1
561 535 8 9 1 1
1020 587 3 4 1 1
200 510 15 19 1 0
567 358 3 4 1 1
664 567 8 9 1 1
1232 588 3 4 1 1
1359 582 2 3 1 1
1326 607 2 3 1 1
763 464 3 3 1 1
1461 521 2 6 1 1
1264 600 2 3 1 1
1028 501 4 3 1 1
761 559 8 9 1 1
1582 427 2 6 1 1
974 485 4 3 1 1
1155 623 8 10 1 1
84 121 6 8 1 1
1007 630 8 10 1 1
1067 607 3 4 1 1
1382 589 2 3 1 1
1345 617 2 3 1 1
1538 637 7 6 1 0
632 454 3 3 1 1
357 366 6 7 1 1
1080 618 3 4 1 1
1237 514 4 3 1 1
662 348 3 4 1 1
1398 657 7 6 1 1
1336 612 2 3 1 1
469 417 6 7 1 1
414 252 6 8 1 1
1409 620 2 3 1 1
499 428 6 7 1 1
1044 503 4 3 1 1
1416 587 2 3 1 1
756 466 3 3 1 1
301 603 24 29 1 0
698 557 8 9 1 1
1142 631 8 10 1 1
1309 607 2 3 1 1
1323 418 2 6 1 1
794 597 8 9 1 1
660 567 8 9 1 0
1076 606 3 4 1 1
490 561 8 12 1 0
688 451 3 3 1 1
1029 417 2 6 1 1
478 410 6 7 1 1
528 712 30 35 1 0
923 583 4 4 1 1
1392 511 2 6 1 1
1282 518 2 6 1 1
933 495 4 3 1 1
1580 583 2 3 1 1
1219 623 7 6 1 1
1524 592 2 3 1 1
1522 585 2 3 1 1
1383 585 2 3 1 1
1078 593 3 4 1 1
707 559 8 9 1 1
886 481 4 3 1 1
1566 504 2 6 1 1
1354 527 2 6 1 1
211 337 6 7 1 1
1185 600 3 4 1 1
363 545 24 29 2 0
1191 584 3 4 1 1
1260 504 4 3 1 1
456 515 8 12 1 1
956 612 10 13 1 1
1109 596 3 4 1 1
414 533 8 12 1 1
1574 584 2 3 1 1
890 395 3 4 1 1
550 422 3 3 1 1
382 377 6 7 1 1
1474 624 2 3 1 1
270 205 6 8 1 1
1098 493 4 3 1 1
1049 593 3 4 1 1
679 579 8 9 1 1
1420 522 2 6 1 1
603 323 3 4 1 1
1390 646 7 6 1 1
1131 594 3 4 1 1
650 442 3 3 1 1
677 459 3 3 1 1
1533 602 2 3 1 1
552 557 8 9 1 1
714 465 3 3 1 1
1572 606 2 3 1 1
1200 612 3 4 1 1
1109 614 3 4 1 1
1535 461 2 6 1 1
392 547 8 12 1 0
1116 602 3 4 1 1
1269 429 2 6 1 1
1416 507 2 6 1 1
1299 518 2 6 1 1
1362 525 2 6 1 1
1250 624 2 3 1 1
427 384 6 7 1 1
472 394 6 7 1 1
483 420 6 7 1 1
917 493 4 3 1 1
1154 406 2 6 1 1
1342 505 2 6 1 1
938 499 4 3 1 1
1337 639 7 6 1 1
647 444 3 3 1 1
677 569 8 9 1 1
1407 631 7 6 1 1
1439 528 2 6 1 1
271 488 15 19 2 1
1157 636 8 10 1 1
1058 512 4 3 1 1
1425 428 2 6 1 1
1490 672 7 6 1 0
1268 630 2 3 1 1
1301 584 2 3 1 1
334 362 6 7 1 1
434 530 8 12 1 1
886 614 10 13 1 1
1432 416 2 6 1 1
506 404 6 7 1 1
969 484 4 3 1 1
400 415 6 7 1 1
592 457 3 3 1 1
1570 601 2 3 1 1
996 498 4 3 1 1
1020 618 3 4 1 1
1289 599 2 3 1 1
916 593 4 4 1 1
1055 621 3 4 1 1
804 595 8 9 1 1
1480 578 2 3 1 1
1448 609 2 3 1 1
1223 515 4 3 1 1
1476 425 2 6 1 1
1595 496 2 6 1 1
1120 426 2 6 1 1
1223 631 7 6 1 1
1126 583 3 4 1 1
1233 607 3 4 1 1
672 448 3 3 1 1
1152 582 3 4 1 1
1273 593 2 3 1 1
1468 409 2 6 1 1
624 535 8 9 1 1
1584 529 2 6 1 1
736 567 8 9 1 1
633 332 3 4 1 1
935 483 4 3 1 1
259 335 6 7 1 1
188 333 6 7 1 1
1535 507 2 6 1 1
482 546 8 12 1 0
891 568 4 4 1 1
1421 585 2 3 1 1
893 602 10 13 1 1
904 492 4 3 1 1
1365 612 2 3 1 1
1175 607 3 4 1 1
62 300 6 7 1 1
1329 585 2 3 1 1
809 418 3 3 1 1
901 393 3 4 1 1
137 487 15 19 1 1
606 324 3 4 1 1
1581 519 2 6 1 1
1233 523 4 3 1 1
1419 628 2 3 1 1
316 367 6 7 1 1
1329 653 7 6 1 1
1536 492 2 6 1 1
375 493 9 13 1 1
1006 616 3 4 1 1
1276 658 7 6 1 1
1421 607 2 3 1 1
657 441 3 3 1 1
769 467 3 3 1 1
1002 616 3 4 1 1
1177 418 2 6 1 1
826 601 4 4 1 1
324 366 6 7 1 1
1485 650 7 6 1 1
1327 636 7 6 1 1
573 576 8 9 1 1
1323 590 2 3 1 1
1170 600 3 4 1 1
631 446 3 3 1 1
1563 600 2 3 1 1
1482 641 7 6 1 1
981 494 4 3 1 1
1313 631 7 6 1 1
1329 514 2 6 1 1
1177 613 3 4 1 1
1308 636 7 6 1 1
1054 499 4 3 1 1
1454 587 2 3 1 1
1386 607 2 3 1 1
943 610 10 13 1 1
158 593 24 29 1 0
655 567 8 9 1 0
292 222 6 8 1 1
1313 505 2 6 1 1
1124 587 3 4 1 1
1462 508 2 6 1 1
329 521 8 12 1 1
1441 609 2 3 1 1
1462 600 2 3 1 1
1342 652 7 6 1 1
1531 581 2 3 1 1
1390 617 2 3 1 1
206 185 6 8 1 1
899 579 4 4 1 1
1167 507 4 3 1 1
1487 628 2 3 1 1
1471 669 7 6 1 1
451 396 6 7 1 1
1170 421 2 6 1 1
1038 497 4 3 1 1
905 483 4 3 1 1
42 517 15 19 1 0
150 554 24 29 1 1
1431 413 2 6 1 1
393 402 6 7 1 1
621 448 3 3 1 1
1559 634 7 6 1 0
120 455 15 19 1 1
445 532 8 12 1 1
1006 586 4 4 1 1
1206 507 4 3 1 1
1439 414 2 6 1 1
1488 592 2 3 1 1
757 603 8 9 1 1
1368 602 2 3 1 1
501 292 6 7 1 1
723 455 3 3 1 1
1278 624 2 3 1 1
847 584 4 4 1 1
1153 629 8 10 1 1
603 557 8 9 1 1
375 369 6 7 1 1
776 475 3 3 1 1
1278 677 7 6 1 1
793 477 3 3 1 1
1519 499 2 6 1 1
127 465 15 19 1 1
862 498 3 3 1 1
1244 512 4 3 1 1
1123 509 4 3 1 1
1259 586 2 3 1 1
709 449 3 3 1 1
1167 516 4 3 1 1
1205 628 7 6 1 1
234 342 6 7 1 1
1229 441 2 6 1 1
535 303 3 4 1 1
542 429 3 3 1 1
1310 720 19 26 1 0
545 525 8 9 1 1
861 614 10 13 1 1
1550 517 2 6 1 1
1572 525 2 6 1 1
949 569 4 4 1 1
771 473 3 3 1 1
659 447 3 3 1 1
1194 596 3 4 1 1
1144 582 3 4 1 1
1525 513 2 6 1 1
1389 515 2 6 1 1
1221 497 4 3 1 1
856 565 4 4 1 1
1140 584 3 4 1 1
548 435 3 3 1 1
760 454 3 3 1 1
255 485 15 19 2 1
536 433 3 3 1 1
494 406 6 7 1 1
1143 525 4 3 1 1
931 612 10 13 1 1
1090 503 4 3 1 1
1378 654 7 6 1 1
554 355 3 4 1 1
1083 628 8 10 1 1
392 573 28 33 1 0
1359 431 2 6 1 1
1432 591 2 3 1 1
1000 508 4 3 1 1
736 469 3 3 1 1
1377 616 2 3 1 1
1254 611 2 3 1 1
121 513 15 19 1 1
1308 614 2 3 1 1
756 483 3 3 1 1
1260 429 2 6 1 1
1165 433 2 6 1 1
999 624 8 10 1 1
570 326 3 4 1 1
86 613 24 29 1 0
1013 489 4 3 1 1
1021 625 8 10 1 1
1114 587 3 4 1 1
826 392 3 4 1 1
743 475 3 3 1 1
944 490 4 3 1 1
307 633 24 29 1 0
1301 513 2 6 1 1
728 456 3 3 1 1
936 607 10 13 1 1
1573 421 2 6 1 1
1326 626 2 3 1 1
1016 609 3 4 1 1
1514 611 2 3 1 1
1537 517 2 6 1 1
1203 515 4 3 1 1
1019 597 3 4 1 1
512 414 6 7 1 1
1306 651 7 6 1 1
766 570 8 9 1 1
1093 491 4 3 1 1
1496 513 2 6 1 1
1248 525 4 3 1 1
1029 576 3 4 1 1
372 518 8 12 1 1
1167 596 3 4 1 1
1195 602 3 4 1 1
1553 613 2 3 1 1
1333 589 2 3 1 1
819 423 3 3 1 1
827 476 3 3 1 1
1083 605 3 4 1 1
1374 517 2 6 1 1
1400 587 2 3 1 1
1043 589 3 4 1 1
383 535 8 12 1 0
1231 426 2 6 1 1
1510 605 2 3 1 1
386 407 6 7 1 1
1160 591 3 4 1 1
75 305 6 7 1 1
1450 657 7 6 1 1
529 299 3 4 1 1
931 402 2 6 1 1
745 571 8 9 1 1
1011 584 3 4 1 1
1129 586 3 4 1 1
942 485 4 3 1 1
1571 517 2 6 1 1
1373 509 2 6 1 1
136 460 15 19 1 1
893 590 4 4 1 1
1411 588 2 3 1 1
682 459 3 3 1 1
1029 511 4 3 1 1
528 434 3 3 1 1
1116 621 3 4 1 1
1288 497 2 6 1 1
980 405 2 6 1 1
1130 502 4 3 1 1
673 564 8 9 1 1
988 409 2 6 1 1
1196 511 4 3 1 1
1200 621 3 4 1 1
1299 591 2 3 1 1
1467 594 2 3 1 1
176 328 6 7 1 1
569 595 8 9 1 0
1245 642 7 6 1 1
1515 585 2 3 1 1
691 561 8 9 1 1
1451 513 2 6 1 1
687 458 3 3 1 1
1183 631 8 10 1 1
1307 527 2 6 1 1
567 446 3 3 1 1
1450 524 2 6 1 1
661 553 8 9 1 1
1138 529 4 3 1 1
1287 587 2 3 1 1
833 392 3 4 1 1
1348 592 2 3 1 1
643 441 3 3 1 1
700 465 3 3 1 1
1575 659 4 4 1 0
1512 517 2 6 1 1
580 439 3 3 1 1
1338 630 2 3 1 1
577 320 3 4 1 1
1068 627 8 10 1 1
940 583 4 4 1 1
1335 601 2 3 1 1
638 441 3 3 1 1
1178 584 3 4 1 1
578 431 3 3 1 1
1474 412 2 6 1 1
616 437 3 3 1 1
1287 595 2 3 1 1
1570 644 4 4 1 1
1074 493 4 3 1 1
1139 624 8 10 1 1
834 479 3 3 1 1
1255 424 2 6 1 1
296 536 8 12 1 0
1486 618 2 3 1 1
816 573 8 9 1 1
1579 513 2 6 1 1
1187 628 8 10 1 1
215 332 6 7 1 1
823 569 4 4 1 1
1374 612 2 3 1 1
262 505 15 19 1 0
1291 510 2 6 1 1
1190 525 4 3 1 1
1554 588 2 3 1 1
406 374 6 7 1 1
878 597 4 4 1 1
1499 509 2 6 1 1
959 502 4 3 1 1
521 529 8 9 1 1
1220 508 4 3 1 1
712 560 8 9 1 0
693 539 8 9 1 1
1498 420 2 6 1 1
1462 665 7 6 1 1
1396 599 2 3 1 1
1477 599 2 3 1 1
511 418 6 7 1 1
1148 645 8 10 1 1
1119 616 3 4 1 1
1372 587 2 3 1 1
233 349 6 7 1 1
1470 494 2 6 1 1
1434 597 2 3 1 1
1070 422 2 6 1 1
455 550 8 12 1 0
1256 659 7 6 1 1
783 470 3 3 1 1
