1139 239 39 43 1 1
414 249 39 43 1 1
1181 206 39 43 2 1
371 166 39 43 1 1
809 89 25 27 1 1
1272 83 25 27 1 1
206 227 39 43 1 1
824 59 25 27 1 1
1033 304 41 56 1 1
756 32 25 27 2 1
938 94 25 27 2 1
495 16 25 27 1 1
794 331 41 56 1 1
1250 187 39 43 1 1
952 385 41 56 2 1
1288 285 39 43 1 1
1077 9 25 27 2 1
628 98 25 27 1 1
84 267 39 43 2 1
399 205 39 43 1 1
718 49 25 27 1 1
695 10 25 27 1 1
443 255 39 43 1 1
1279 100 25 27 1 1
1232 103 25 27 1 1
1141 91 25 27 1 1
970 57 25 27 1 1
782 127 32 35 1 1
1046 71 25 27 2 1
676 143 39 43 1 1
735 396 41 56 1 1
1204 318 41 56 2 1
294 25 25 27 1 1
1095 402 41 56 1 1
1251 271 39 43 1 1
1243 370 41 56 2 1
968 183 39 43 2 1
444 205 39 43 1 1
854 304 41 56 2 1
723 81 25 27 1 1
870 129 35 39 2 1
657 75 25 27 1 1
970 75 25 27 1 1
1050 6 25 27 2 1
878 56 25 27 1 1
970 167 39 43 2 1
523 157 39 43 2 1
1018 7 25 27 1 1
1039 236 39 43 1 1
324 282 39 43 1 1
762 149 39 43 1 1
182 257 39 43 1 1
1258 70 25 27 1 1
465 290 39 43 1 1
585 15 25 27 1 1
361 251 39 43 2 1
201 155 39 43 2 1
409 362 41 56 1 1
1269 236 39 43 1 1
1224 287 39 43 1 1
401 410 41 56 1 1
1088 57 25 27 2 1
315 156 39 43 2 1
946 300 41 56 1 1
974 384 41 56 2 1
4 63 28 31 1 1
627 33 25 27 1 1
1089 4 25 27 2 1
977 202 39 43 2 1
96 348 41 56 1 1
96 250 39 43 2 1
670 235 39 43 1 1
712 173 39 43 2 1
790 204 39 43 1 1
825 11 25 27 1 1
8 198 39 43 1 1
903 47 25 27 1 1
717 12 25 27 2 1
535 367 41 56 1 1
823 366 41 56 1 1
1237 253 39 43 1 1
830 241 39 43 1 1
874 149 39 43 2 1
225 72 25 27 1 1
196 331 41 56 1 1
1247 47 25 27 1 1
1273 317 41 56 1 1
1179 8 25 27 1 1
1254 6 25 27 1 1
40 108 28 31 1 1
1200 8 25 27 1 1
1081 38 25 27 1 1
284 208 39 43 1 1
65 434 41 56 1 1
1105 47 25 27 1 1
660 102 25 27 1 1
837 42 25 27 2 1
494 50 25 27 1 1
730 320 41 56 1 1
899 87 25 27 1 1
477 385 41 56 1 1
845 324 41 56 2 1
416 74 25 27 1 1
1138 44 25 27 1 1
1066 31 25 27 1 1
1090 70 25 27 2 1
256 281 39 43 1 1
871 203 39 43 1 1
910 259 39 43 1 1
1138 14 25 27 1 1
219 189 39 43 1 1
181 365 41 56 1 1
1055 44 25 27 2 1
411 93 25 27 1 1
1194 387 41 56 1 1
1106 200 39 43 1 1
516 141 39 43 2 1
76 87 32 35 1 1
675 10 25 27 1 1
1050 88 25 27 2 1
346 225 39 43 1 1
516 122 25 27 1 1
875 5 25 27 1 1
44 313 41 56 1 1
866 372 41 56 1 1
692 203 39 43 1 1
1246 30 25 27 1 1
1114 111 25 27 1 1
674 33 25 27 2 1
1058 98 25 27 2 1
961 31 25 27 2 1
60 143 39 43 1 1
1182 191 39 43 2 1
766 25 25 27 2 1
625 241 39 43 1 1
942 104 25 27 2 1
370 261 39 43 2 1
1183 168 39 43 2 1
423 398 41 56 1 1
591 326 41 56 1 1
180 291 39 43 1 1
706 97 25 27 1 1
984 83 25 27 1 1
536 84 25 27 1 1
483 242 39 43 1 1
1203 203 39 43 2 1
1024 143 39 43 2 1
1026 21 25 27 1 1
835 105 25 27 1 1
1003 60 25 27 1 1
242 19 25 27 1 1
930 195 39 43 1 1
900 5 25 27 1 1
563 411 41 56 1 1
665 42 25 27 2 1
857 31 25 27 1 1
1160 11 25 27 1 1
430 125 32 35 1 1
204 6 25 27 1 1
582 238 39 43 1 1
1038 76 25 27 2 1
128 92 25 27 1 1
1234 83 25 27 1 1
774 223 39 43 1 1
1288 55 25 27 1 1
737 201 39 43 1 1
1264 209 39 43 2 1
1242 124 25 27 1 1
604 255 39 43 1 1
261 158 39 43 1 1
1086 19 25 27 2 1
1044 162 39 43 2 1
673 397 41 56 1 1
509 256 39 43 1 1
965 43 25 27 2 1
296 258 39 43 1 1
1226 199 39 43 1 1
1235 351 41 56 2 1
1116 138 39 43 2 1
1231 36 25 27 1 1
1126 31 25 27 1 1
155 349 41 56 1 1
740 12 25 27 1 1
262 377 41 56 1 1
764 13 25 27 2 1
906 75 25 27 1 1
613 288 39 43 1 1
681 24 25 27 2 1
935 47 25 27 2 1
1046 125 32 35 1 1
936 76 25 27 2 1
917 177 39 43 1 1
854 146 39 43 2 1
481 216 39 43 1 1
982 291 39 43 1 1
46 229 39 43 1 1
1150 318 41 56 2 1
1114 69 25 27 1 1
906 119 25 27 1 1
830 280 39 43 1 1
280 242 39 43 1 1
1285 27 25 27 1 1
930 123 25 27 1 1
120 183 39 43 1 1
1220 59 25 27 1 1
1018 60 25 27 1 1
350 184 39 43 1 1
1110 93 25 27 1 1
503 425 41 56 1 1
815 149 39 43 2 1
314 177 39 43 2 1
934 33 25 27 2 1
557 34 25 27 1 1
1047 280 39 43 1 1
380 36 25 27 1 1
985 238 39 43 1 1
1269 116 25 27 1 1
1016 342 41 56 1 1
730 169 39 43 2 1
1156 300 41 56 2 1
1018 208 39 43 1 1
19 250 39 46 1 1
719 354 41 56 1 1
658 284 39 43 2 1
669 169 39 43 1 1
529 10 25 27 1 1
954 3 25 27 2 1
148 119 25 27 1 1
1194 103 25 27 1 1
1282 198 39 43 2 1
1205 49 25 27 2 1
645 35 25 27 1 1
842 52 25 27 2 1
504 335 41 56 1 1
774 280 39 43 1 1
1182 348 41 56 1 1
568 69 25 27 1 1
756 75 25 27 1 1
287 301 41 56 1 1
679 82 25 27 1 1
582 297 41 56 1 1
808 22 25 27 1 1
626 148 39 43 1 1
814 133 35 39 2 1
919 3 25 27 1 1
680 343 41 56 1 1
995 433 41 56 1 1
1076 223 39 43 1 1
693 303 41 56 1 1
1219 79 25 27 1 1
1061 62 25 27 2 1
989 131 35 39 1 1
1179 281 39 43 1 1
232 287 39 43 1 1
695 123 25 27 1 1
802 172 39 43 1 1
1106 248 39 43 1 1
1097 299 41 56 1 1
540 266 39 43 1 1
1175 219 39 43 2 1
6 299 39 43 1 1
918 20 25 27 1 1
1198 39 25 27 2 1
1073 4 25 27 2 1
1046 198 39 43 2 1
892 178 39 43 1 1
991 27 25 27 1 1
955 18 25 27 2 1
943 251 39 43 1 1
397 3 25 27 1 1
1054 17 25 27 2 1
1087 260 39 43 1 1
1006 75 25 27 1 1
1026 165 39 43 2 1
163 150 39 43 1 1
791 68 25 27 1 1
458 10 25 27 1 1
536 242 39 43 1 1
100 280 39 43 2 1
686 48 25 27 1 1
561 286 39 43 2 1
565 268 39 43 2 1
712 21 25 27 2 1
843 161 39 43 2 1
1018 95 25 27 1 1
959 104 25 27 1 1
149 258 39 43 1 1
26 156 35 39 1 1
490 273 39 43 1 1
1118 9 25 27 1 1
773 92 25 27 1 1
1109 167 39 43 2 1
1239 417 41 56 1 1
1217 319 41 56 2 1
926 51 25 27 2 1
854 85 25 27 2 1
916 310 41 56 1 1
1064 73 25 27 2 1
430 298 41 56 2 1
593 370 41 56 1 1
506 101 25 27 1 1
634 171 39 43 1 1
1061 152 39 43 2 1
955 87 25 27 1 1
6 30 25 27 1 1
694 272 39 43 1 1
665 303 41 56 2 1
587 106 25 27 1 1
791 34 25 27 1 1
1060 183 39 43 2 1
192 23 25 27 1 1
1164 31 25 27 1 1
1134 383 41 56 1 1
1137 191 39 43 1 1
134 314 41 56 1 1
774 35 25 27 2 1
280 15 25 27 1 1
548 323 41 56 1 1
211 105 25 27 1 1
887 118 25 27 1 1
1165 426 41 56 1 1
856 70 25 27 2 1
940 62 25 27 2 1
220 146 39 43 2 1
1230 6 25 27 1 1
746 256 39 43 1 1
1081 363 41 56 1 1
274 334 41 56 1 1
291 396 41 56 1 1
580 132 32 35 1 1
418 280 39 43 2 1
1001 102 25 27 1 1
850 7 25 27 1 1
952 139 39 43 1 1
638 217 39 43 1 1
435 34 25 27 1 1
992 6 25 27 1 1
120 234 39 43 1 1
1050 31 25 27 2 1
1122 153 39 43 2 1
521 28 25 27 1 1
142 56 25 27 1 1
1006 167 39 43 2 1
374 291 39 43 1 1
378 238 39 43 1 1
