413 430 15 20 1 0
738 494 28 43 1 0
396 467 29 43 1 0
1233 518 24 35 1 0
140 422 36 42 1 0
38 494 76 81 1 0
445 438 29 43 1 0
181 414 36 42 1 1
458 499 68 97 1 0
74 427 36 42 1 0
360 436 29 43 1 0
969 497 25 31 1 0
309 602 93 111 1 0
400 404 15 20 1 1
1212 507 24 35 1 0
1126 505 63 76 1 0
270 420 15 20 1 0
315 418 15 20 1 0
253 444 29 43 1 0
600 500 38 56 1 0
901 494 16 23 1 0
263 453 29 43 1 0
366 445 29 43 1 0
1021 500 25 31 1 0
943 631 69 104 1 0
53 412 30 43 1 0
783 473 16 23 1 1
306 436 29 43 1 0
808 471 16 23 1 0
689 541 36 48 1 0
686 455 28 43 1 1
552 461 29 30 1 0
277 440 29 43 1 0
876 474 16 23 1 0
237 541 63 83 1 0
536 478 29 30 1 0
807 512 54 65 1 0
859 513 29 41 1 0
511 459 29 30 1 0
756 471 28 43 1 0
698 490 28 43 1 0
1253 518 24 35 1 0
137 494 76 81 1 0
530 551 113 107 1 0
196 464 40 64 1 0
470 449 29 43 1 0
699 468 28 43 1 1
98 423 36 42 1 0
164 422 36 42 1 0
234 427 15 20 1 0
1152 547 28 38 1 0
1068 503 25 31 1 0
1272 583 28 38 1 0
285 425 15 20 1 0
410 522 68 97 1 0
290 450 29 43 1 0
604 464 62 75 1 0
507 436 29 30 1 0
852 666 129 138 1 0
941 497 25 31 1 0
919 475 16 23 1 0
1194 549 28 38 1 0
250 424 15 20 1 0
310 465 29 43 1 0
746 541 36 48 1 0
354 420 15 20 1 0
995 526 34 48 1 0
839 471 16 23 1 0
312 672 118 106 1 0
555 482 29 30 1 0
330 420 15 20 1 0
700 500 28 43 1 0
1053 606 69 104 1 0
1238 590 28 38 1 0
17 409 44 51 1 0
355 461 29 43 1 0
729 631 62 99 1 0
333 441 29 43 1 0
1240 555 28 38 1 0
116 435 29 41 1 0
1249 680 131 88 1 0
