1279 487 46 54 1 0
1848 1028 76 107 1 0
1662 494 43 49 1 1
1721 579 82 106 1 1
964 634 78 103 1 0
1213 850 107 150 1 0
1661 677 90 120 1 0
1179 636 78 103 1 0
505 491 61 78 1 0
727 541 54 59 1 0
91 610 86 107 1 0
882 713 69 102 1 0
1697 733 66 101 1 0
1665 529 43 49 1 1
760 524 54 59 1 0
45 684 83 102 1 0
1679 836 165 199 1 0
1175 493 46 54 1 0
1179 573 59 67 1 0
967 484 43 51 1 0
1435 692 90 120 1 0
482 460 61 78 1 1
1605 745 66 101 1 0
432 548 57 73 1 0
825 943 158 188 1 0
487 565 61 78 1 0
1552 515 43 49 2 0
1536 574 82 106 1 0
1558 498 43 49 2 0
1367 656 48 62 1 0
557 1070 63 80 1 0
