500 51 6 7 1 0
974 17 6 5 1 0
498 76 6 7 1 0
555 16 6 5 1 0
555 34 6 5 1 0
528 18 6 6 1 0
959 13 6 5 1 0
473 13 6 6 1 0
616 34 6 5 1 0
812 161 16 17 1 0
608 66 6 7 1 0
647 344 31 33 1 0
193 66 6 7 1 0
850 170 16 17 1 0
593 68 6 7 1 0
4 459 33 35 1 0
609 53 6 7 1 0
946 13 6 5 1 0
426 137 16 17 1 0
702 45 6 7 1 0
489 529 36 37 1 0
108 70 6 7 1 0
322 60 6 7 1 0
522 21 6 6 1 0
87 242 23 28 1 0
826 31 6 5 1 0
897 44 6 7 1 0
942 309 27 30 1 0
566 54 6 7 1 0
828 51 6 7 1 0
433 84 6 7 1 0
796 98 6 7 1 0
916 31 6 5 1 0
882 66 6 7 1 0
800 59 6 7 1 0
891 151 16 17 1 0
281 116 16 17 1 0
665 80 6 7 1 0
654 23 6 5 1 0
322 106 6 7 1 0
581 35 6 7 1 0
778 46 6 7 1 0
83 287 23 28 1 0
624 35 6 7 1 0
709 83 6 7 1 0
799 103 6 7 1 0
425 38 6 7 1 0
114 514 36 37 1 0
532 46 6 7 2 0
415 43 6 7 1 0
29 158 16 17 1 0
348 57 6 7 1 0
214 187 16 17 1 0
458 60 6 7 1 0
48 73 6 7 1 0
419 63 6 7 1 0
648 103 6 7 1 0
417 302 23 28 1 0
759 608 36 37 1 0
620 77 6 7 1 0
96 153 16 17 1 0
548 31 6 5 1 0
857 58 6 7 1 0
734 43 6 7 1 0
879 114 16 17 1 0
766 350 31 33 1 0
796 24 6 5 1 0
90 126 16 17 2 0
429 66 6 7 1 0
561 34 6 5 1 0
638 47 6 7 1 0
33 613 36 37 1 0
52 137 16 17 1 0
765 60 6 7 1 0
346 81 6 7 1 0
540 82 6 7 1 0
483 232 32 48 1 0
546 72 6 7 1 0
739 334 31 33 1 0
715 50 6 7 1 0
484 22 6 6 1 0
490 119 16 17 1 0
478 83 6 7 1 0
102 428 31 33 1 0
733 255 23 28 1 0
978 159 11 12 1 0
718 46 6 7 1 0
554 192 16 17 1 0
840 210 23 28 1 0
486 99 6 7 1 0
499 59 6 7 1 0
155 95 6 7 1 0
222 108 16 17 1 0
647 48 6 7 1 0
26 226 23 28 1 0
222 81 6 7 1 0
35 103 6 7 1 0
515 15 6 6 1 0
101 128 16 17 1 0
120 128 16 17 2 0
118 189 16 17 1 0
241 133 16 17 1 0
501 6 6 6 1 0
981 62 6 6 1 0
483 113 16 17 2 0
780 265 23 28 1 0
833 544 36 37 1 0
515 20 6 6 1 0
437 110 16 17 1 0
689 423 31 33 1 0
38 94 6 7 1 0
538 70 6 7 1 0
711 63 6 7 1 0
518 39 6 7 1 0
961 347 31 33 1 0
64 145 16 17 1 0
191 136 16 17 1 0
604 33 6 5 1 0
888 44 6 7 1 0
963 196 16 17 1 0
551 125 16 17 2 0
804 175 16 17 1 0
823 93 6 7 1 0
952 47 6 7 1 0
462 85 6 7 1 0
238 231 23 28 1 0
906 148 16 17 1 0
104 364 31 33 1 0
508 41 6 7 1 0
598 78 6 7 1 0
374 125 16 17 1 0
51 157 16 17 1 0
73 78 6 7 1 0
464 13 6 7 1 0
668 316 31 33 1 0
62 134 16 17 1 0
64 190 16 17 1 0
532 141 16 17 1 0
841 70 6 7 1 0
220 400 31 33 1 0
483 49 6 7 1 0
240 195 16 17 1 0
404 216 23 28 1 0
21 70 8 9 1 0
348 242 23 28 1 0
616 130 16 17 1 0
172 116 16 17 2 0
360 84 6 7 1 0
838 127 16 17 1 0
607 116 16 17 1 0
690 73 6 7 1 0
516 86 6 7 1 0
164 63 6 7 1 0
478 15 6 6 1 0
584 15 6 6 1 0
618 46 6 7 1 0
618 68 6 7 1 0
307 85 6 7 1 0
951 25 6 5 1 0
400 74 6 7 1 0
514 68 6 7 1 0
593 47 6 7 1 0
61 71 6 7 1 0
236 110 16 17 1 0
222 150 16 17 1 0
882 54 6 7 1 0
295 237 23 28 1 0
440 124 16 17 1 0
646 25 6 5 1 0
570 343 31 33 1 0
111 83 6 7 1 0
255 125 16 17 1 0
603 46 6 7 1 0
820 67 6 7 1 0
650 25 6 5 1 0
738 105 6 7 1 0
623 78 6 7 1 0
543 109 16 17 1 0
786 24 6 5 1 0
958 474 33 35 1 0
839 42 6 7 1 0
216 62 6 7 1 0
447 31 6 7 1 0
411 82 6 7 1 0
631 194 16 17 1 0
594 38 6 7 1 0
779 59 6 7 1 0
385 73 6 7 1 0
963 642 36 37 1 0
150 277 23 28 1 0
838 157 16 17 1 0
505 34 6 5 1 0
798 83 6 7 1 0
149 212 19 22 1 0
772 37 6 7 1 0
211 227 23 28 1 0
75 156 16 17 1 0
527 47 6 7 1 0
668 66 6 7 1 0
657 40 6 7 1 0
533 46 6 7 2 0
561 39 6 7 1 0
944 32 6 5 1 0
634 60 6 7 1 0
269 570 36 37 1 0
373 81 6 7 1 0
497 55 6 7 1 0
943 20 6 5 1 0
623 63 6 7 1 0
675 506 36 37 1 0
770 215 23 28 1 0
422 651 36 37 1 0
665 24 6 5 1 0
38 82 8 9 1 0
853 46 6 7 1 0
753 20 6 5 1 0
844 57 6 7 1 0
424 150 16 17 1 0
664 46 6 7 1 0
711 108 16 17 1 0
438 99 6 7 1 0
598 267 23 28 1 0
190 120 16 17 1 0
339 121 16 17 1 0
515 46 6 7 1 0
268 155 16 17 1 0
262 63 6 7 1 0
283 303 23 28 1 0
811 42 6 7 1 0
465 60 6 7 1 0
472 73 6 7 1 0
510 177 16 17 1 0
790 20 6 5 1 0
374 52 6 7 1 0
803 46 6 7 1 0
630 31 6 5 1 0
436 38 6 7 1 0
556 15 6 5 1 0
823 317 31 33 1 0
459 73 6 7 1 0
713 52 6 7 1 0
404 178 16 17 1 0
613 86 6 7 1 0
507 114 16 17 1 0
358 376 31 33 1 0
949 269 23 28 1 0
910 103 6 7 1 0
840 48 6 7 1 0
150 172 16 17 1 0
892 31 6 5 1 0
614 29 6 5 1 0
721 67 6 7 1 0
270 70 6 7 1 0
213 93 6 7 1 0
37 349 31 33 1 0
802 24 6 5 1 0
698 101 6 7 1 0
979 28 6 5 1 0
613 53 6 7 1 0
928 20 6 5 1 0
916 16 6 5 1 0
257 92 6 7 1 0
55 106 6 7 1 0
461 94 6 7 1 0
330 57 6 7 1 0
646 70 6 7 1 0
566 261 23 28 1 0
354 54 6 7 1 0
967 28 6 5 1 0
602 30 6 5 1 0
52 260 23 28 1 0
937 20 6 5 1 0
616 17 6 6 1 0
866 107 16 17 1 0
731 54 6 7 1 0
657 72 6 7 1 0
743 214 23 28 1 0
531 213 23 28 1 0
451 84 6 7 1 0
742 22 6 5 1 0
106 273 23 28 1 0
143 190 16 17 1 0
775 68 6 7 1 0
851 89 6 7 1 0
433 375 31 33 1 0
930 18 6 5 1 0
55 79 6 7 1 0
786 140 16 17 1 0
505 103 6 7 1 0
763 26 6 5 1 0
778 120 16 17 1 0
541 32 6 5 1 0
67 97 6 7 1 0
892 57 6 7 1 0
610 35 6 7 1 0
498 43 6 7 1 0
695 36 6 7 1 0
722 43 6 7 1 0
985 592 33 35 1 0
386 105 6 7 1 0
625 17 6 5 1 0
226 66 6 7 1 0
365 58 6 7 1 0
86 71 6 7 1 0
438 156 16 17 1 0
819 42 6 7 1 0
193 197 16 17 1 0
165 249 23 28 1 0
104 145 16 17 1 0
455 129 16 17 1 0
907 57 6 7 1 0
648 39 6 7 1 0
227 265 23 28 1 0
506 55 6 7 1 0
803 107 16 17 1 0
621 55 6 7 1 0
127 90 6 7 1 0
414 275 23 28 1 0
546 38 6 7 1 0
325 88 6 7 1 0
896 48 6 7 1 0
400 101 6 7 1 0
895 74 6 7 1 0
57 86 6 7 1 0
715 36 6 7 1 0
29 111 16 17 1 0
756 56 6 7 1 0
361 75 6 7 1 0
881 32 6 5 1 0
172 225 23 28 1 0
358 419 31 33 1 0
629 129 16 17 1 0
933 28 6 5 1 0
587 41 6 7 1 0
281 185 16 17 1 0
553 20 6 5 1 0
911 85 6 7 1 0
660 26 6 5 1 0
324 306 23 28 1 0
534 41 6 7 1 0
658 53 6 7 1 0
97 93 6 7 1 0
4 121 13 14 1 0
445 53 6 7 1 0
530 28 6 5 1 0
677 76 6 7 1 0
513 96 6 7 1 0
792 87 6 7 1 0
690 83 6 7 1 0
809 130 16 17 1 0
89 134 16 17 2 0
485 67 6 7 1 0
314 151 16 17 1 0
211 124 16 17 1 0
803 380 31 33 1 0
597 51 6 7 1 0
588 15 6 6 1 0
605 17 6 5 1 0
874 86 6 7 1 0
514 125 16 17 1 0
493 148 16 17 1 0
512 147 16 17 1 0
5 157 16 17 1 0
463 25 6 7 1 0
233 171 16 17 1 0
656 224 23 28 1 0
284 151 16 17 1 0
797 44 6 7 1 0
634 33 6 5 1 0
584 29 6 5 1 0
609 145 16 17 1 0
377 104 6 7 1 0
631 56 6 7 1 0
286 206 17 19 1 0
557 44 6 7 1 0
163 122 16 17 1 0
118 95 6 7 1 0
728 309 29 31 1 0
571 20 6 6 1 0
920 22 6 5 1 0
658 46 6 7 1 0
152 63 6 7 1 0
313 102 6 7 1 0
574 41 6 7 1 0
542 135 16 17 1 0
479 185 16 17 1 0
565 35 6 7 1 0
993 220 19 22 1 0
473 113 16 17 2 0
131 121 16 17 1 0
821 523 36 37 1 0
510 76 6 7 1 0
673 47 6 7 1 0
886 99 6 7 1 0
472 52 6 7 1 0
194 243 23 28 1 0
78 90 6 7 1 0
177 138 16 17 1 0
6 98 8 9 1 0
588 53 6 7 1 0
137 112 16 17 1 0
655 90 6 7 1 0
516 166 16 17 1 0
604 55 6 7 1 0
616 65 6 7 1 0
126 224 23 28 1 0
628 68 6 7 1 0
472 159 16 17 1 0
310 175 16 17 1 0
547 46 6 7 1 0
126 62 6 7 1 0
596 62 6 7 1 0
942 10 6 5 1 0
645 112 16 17 1 0
912 13 6 5 1 0
258 154 16 17 1 0
714 142 16 17 1 0
840 141 16 17 1 0
197 93 6 7 1 0
601 17 6 5 1 0
837 53 6 7 1 0
895 382 31 33 1 0
956 86 6 7 1 0
759 161 16 17 1 0
361 180 16 17 1 0
467 23 6 7 1 0
942 128 16 17 1 0
178 111 16 17 2 0
600 187 16 17 1 0
850 52 6 7 1 0
154 78 6 7 1 0
543 123 16 17 2 0
979 78 6 7 1 0
459 31 6 7 1 0
179 84 6 7 1 0
647 316 31 33 1 0
503 21 6 7 1 0
578 55 6 7 1 0
885 256 23 28 1 0
766 53 6 7 1 0
588 60 6 7 1 0
787 40 6 7 1 0
529 99 6 7 1 0
147 68 6 7 1 0
497 36 6 7 1 0
352 275 23 28 1 0
16 88 6 7 1 0
777 25 6 5 1 0
455 32 6 7 1 0
869 52 6 7 1 0
140 152 16 17 1 0
791 92 6 7 1 0
401 126 16 17 1 0
135 64 6 7 1 0
537 16 6 5 1 0
541 366 31 33 1 0
440 77 6 7 1 0
173 154 16 17 1 0
363 105 6 7 1 0
51 186 16 17 1 0
729 99 6 7 1 0
318 127 16 17 1 0
89 109 16 17 1 0
648 627 36 37 1 0
732 114 16 17 1 0
962 80 6 7 1 0
173 92 6 7 1 0
952 66 6 7 1 0
98 183 16 17 1 0
689 56 6 7 1 0
548 95 6 7 1 0
298 62 6 7 1 0
480 12 6 6 1 0
916 61 6 7 1 0
255 102 6 7 1 0
527 77 6 7 1 0
281 94 6 7 1 0
628 115 16 17 1 0
798 50 6 7 1 0
921 14 6 5 1 0
194 324 31 33 1 0
612 40 6 7 1 0
341 72 6 7 1 0
592 18 6 6 1 0
300 104 6 7 1 0
182 586 36 37 1 0
409 237 23 28 1 0
205 151 16 17 1 0
369 140 16 17 1 0
740 66 6 7 1 0
477 100 6 7 1 0
523 34 6 5 1 0
320 490 36 37 1 0
239 82 6 7 1 0
797 65 6 7 1 0
690 52 6 7 1 0
948 413 31 33 1 0
271 79 6 7 1 0
502 17 6 6 1 0
923 22 6 5 1 0
564 388 31 33 1 0
930 226 23 28 1 0
478 25 6 6 1 0
776 101 6 7 1 0
669 53 6 7 1 0
94 78 6 7 1 0
33 137 16 17 1 0
679 52 6 7 1 0
153 117 16 17 1 0
324 183 16 17 1 0
721 100 6 7 1 0
572 15 6 6 1 0
550 65 6 7 1 0
523 62 6 7 1 0
847 43 6 7 1 0
259 114 16 17 1 0
308 269 23 28 1 0
512 242 23 28 1 0
866 47 6 7 1 0
803 40 6 7 1 0
571 33 6 5 1 0
22 191 16 17 1 0
832 41 6 7 1 0
859 73 6 7 1 0
548 150 16 17 1 0
127 78 6 7 1 0
457 145 16 17 1 0
6 394 27 30 1 0
163 321 31 33 1 0
620 17 6 6 1 0
638 17 6 5 1 0
8 247 21 25 1 0
534 65 6 7 1 0
621 426 31 33 1 0
716 91 6 7 1 0
717 269 23 28 1 0
311 74 6 7 1 0
279 60 6 7 1 0
199 76 6 7 1 0
733 48 6 7 1 0
703 67 6 7 1 0
449 64 6 7 1 0
179 66 6 7 1 0
770 85 6 7 1 0
140 98 6 7 1 0
601 220 23 28 1 0
179 274 23 28 1 0
111 126 16 17 2 0
711 91 6 7 1 0
636 72 6 7 1 0
511 56 6 7 1 0
225 117 16 17 1 0
847 50 6 7 1 0
683 93 6 7 1 0
541 52 6 7 1 0
345 105 6 7 1 0
252 73 6 7 1 0
789 79 6 7 1 0
378 267 23 28 1 0
712 357 31 33 1 0
210 110 16 17 1 0
582 47 6 7 1 0
506 46 6 7 1 0
296 140 16 17 1 0
525 37 6 7 1 0
651 573 36 37 1 0
280 266 23 28 1 0
