156 322 22 23 1 1
466 27 14 20 1 1
543 111 14 20 1 1
308 404 22 23 1 1
630 135 13 19 1 1
520 249 22 23 1 1
214 141 13 19 1 1
293 88 14 20 1 1
304 120 13 19 1 1
33 261 22 23 1 1
192 393 22 23 1 1
298 75 14 20 1 1
269 121 13 19 1 1
391 291 22 23 1 1
612 45 14 20 1 1
528 53 14 20 1 1
53 146 13 19 1 1
145 119 13 19 2 1
56 171 13 19 1 1
425 106 14 20 1 1
42 207 13 19 1 1
525 150 13 19 1 1
178 11 14 20 1 1
133 213 13 19 1 1
124 102 14 20 1 1
224 421 22 23 1 1
36 186 13 19 1 1
43 99 13 19 1 1
387 353 22 23 1 1
284 61 14 20 1 1
175 53 14 20 1 1
332 153 13 19 1 1
147 403 22 23 1 1
145 292 22 23 1 1
305 148 13 19 1 1
145 130 13 19 2 1
110 404 22 23 1 1
53 81 13 19 1 1
46 289 22 23 1 1
77 167 13 19 1 1
270 105 14 20 1 1
493 269 22 23 1 1
322 363 22 23 1 1
380 338 22 23 1 1
498 112 14 20 1 1
340 26 14 20 1 1
460 90 14 20 1 1
516 78 14 20 1 1
365 258 22 23 1 1
98 250 22 23 1 1
280 353 22 23 1 1
48 62 13 19 1 1
504 234 13 19 1 1
21 217 17 21 1 1
206 280 22 23 1 1
326 264 22 23 1 1
60 276 22 23 1 1
13 136 13 19 1 1
349 205 13 19 1 1
602 212 13 19 1 1
551 216 13 19 1 1
524 176 13 19 1 1
353 148 13 19 1 1
312 301 22 23 1 1
82 262 22 23 1 1
423 202 13 19 1 1
240 311 22 23 2 1
246 321 22 23 2 1
67 308 22 23 1 1
288 140 13 19 1 1
215 181 13 19 1 1
83 352 22 23 1 1
600 169 13 19 1 1
416 167 13 19 1 1
377 85 14 20 1 1
338 291 22 23 1 1
420 309 22 23 1 1
340 218 13 19 1 1
364 165 13 19 1 1
111 218 13 19 1 1
298 326 22 23 1 1
70 328 22 23 1 1
483 171 13 19 1 1
137 337 22 23 1 1
288 111 14 20 1 1
369 207 13 19 1 1
503 284 22 23 1 1
508 13 14 20 1 1
528 192 13 19 1 1
123 184 13 19 1 1
98 312 22 23 1 1
355 284 22 23 1 1
628 201 15 20 1 1
477 284 22 23 1 1
239 341 22 23 1 1
413 282 22 23 1 1
95 112 13 19 1 1
87 93 13 19 1 1
357 374 22 23 1 1
344 97 14 20 1 1
514 320 22 23 1 1
381 383 22 23 1 1
223 52 14 20 1 1
52 110 13 19 1 1
117 151 13 19 1 1
439 78 14 20 1 1
27 338 22 23 1 1
163 206 13 19 1 1
374 321 22 23 1 1
461 257 22 23 1 1
300 99 14 20 2 1
116 350 22 23 1 1
171 346 22 23 1 1
256 68 14 20 1 1
543 263 22 23 1 1
76 65 13 19 1 1
601 283 22 23 1 1
218 349 22 23 1 1
584 220 13 19 1 1
271 146 13 19 1 1
455 18 14 20 1 1
48 371 22 23 1 1
517 226 13 19 1 1
265 26 14 20 1 1
577 121 13 19 1 1
496 330 22 23 1 1
32 312 22 23 2 1
550 60 14 20 1 1
211 404 22 23 1 1
84 131 13 19 1 1
205 163 13 19 1 1
328 31 14 20 1 1
306 96 14 20 2 1
198 144 13 19 1 1
117 263 22 23 1 1
237 57 14 20 1 1
166 383 22 23 1 1
486 73 14 20 1 1
71 253 22 23 1 1
219 374 22 23 1 1
239 398 22 23 1 1
554 147 13 19 1 1
594 81 14 20 1 1
606 263 22 23 1 1
572 71 14 20 1 1
191 353 22 23 1 1
573 233 13 19 1 1
48 242 22 23 1 1
448 206 13 19 1 1
126 288 22 23 1 1
164 177 13 19 1 1
582 158 13 19 1 1
507 89 14 20 1 1
122 243 22 23 1 1
283 293 22 23 1 1
433 33 14 20 1 1
106 133 13 19 1 1
356 328 22 23 1 1
387 256 22 23 1 1
124 380 22 23 1 1
575 249 22 23 1 1
451 164 13 19 1 1
468 225 13 19 1 1
621 301 22 23 1 1
609 14 14 20 1 1
165 20 14 20 1 1
307 271 22 23 1 1
418 219 13 19 1 1
97 157 13 19 1 1
442 126 13 19 1 1
421 337 22 23 1 1
269 80 14 20 1 1
12 392 22 23 1 1
38 166 13 19 1 1
465 319 22 23 1 1
134 321 22 23 1 1
534 29 14 20 1 1
337 347 22 23 1 1
337 246 22 23 1 1
365 6 14 20 1 1
150 38 14 20 1 1
196 237 22 23 1 1
256 337 22 23 1 1
242 39 14 20 1 1
425 398 22 23 1 1
200 210 13 19 1 1
569 317 22 23 1 1
534 297 22 23 1 1
503 58 14 20 1 1
218 297 22 23 1 1
306 27 14 20 1 1
624 237 22 23 1 1
276 25 14 20 1 1
360 415 22 23 1 1
203 12 14 20 1 1
542 41 14 20 1 1
306 235 22 23 1 1
134 120 13 19 1 1
374 117 13 19 1 1
254 384 22 23 1 1
119 131 13 19 1 1
576 270 22 23 1 1
615 120 13 19 1 1
278 11 14 20 1 1
343 127 13 19 1 1
194 263 22 23 1 1
81 279 22 23 1 1
26 307 22 23 2 1
134 140 13 19 1 1
216 12 14 20 1 1
58 215 13 19 1 1
299 48 14 20 1 1
149 362 22 23 1 1
308 12 14 20 1 1
484 44 14 20 1 1
577 51 14 20 1 1
325 307 22 23 1 1
153 244 22 23 1 1
588 100 14 20 1 1
160 118 13 19 1 1
553 89 14 20 1 1
462 116 13 19 1 1
