43 64 10 11 1 0
263 101 29 41 1 0
250 65 14 16 1 0
195 69 15 23 2 0
90 49 7 5 1 0
306 68 11 15 1 0
19 52 9 9 1 0
268 84 19 26 1 0
7 61 9 9 1 0
207 60 7 9 1 0
38 51 10 11 1 0
237 64 14 16 1 0
21 48 9 9 1 0
141 81 26 24 1 0
135 57 11 13 1 0
313 67 11 15 1 0
264 55 14 16 2 0
69 53 7 5 1 0
275 68 14 16 1 0
116 85 26 24 1 0
120 53 10 10 1 0
218 58 7 9 1 0
188 71 15 23 2 0
261 63 14 16 2 0
102 50 7 5 1 0
341 39 11 14 1 0
52 54 7 5 1 0
29 74 20 22 1 0
103 67 15 15 1 0
75 66 10 12 1 0
92 56 6 7 1 0
173 87 15 23 1 0
59 49 7 5 1 0
160 55 11 13 2 0
283 88 19 26 1 0
154 56 11 13 2 0
78 52 7 5 1 0
76 54 7 5 1 0
176 56 11 13 1 0
