27 253 11 11 1 1
318 224 9 10 1 1
440 212 9 10 1 1
50 231 7 8 1 1
468 213 9 10 1 1
93 230 7 8 1 1
513 241 11 11 1 1
328 228 9 10 1 1
613 457 77 95 1 0
67 231 7 8 1 1
50 270 11 11 1 1
363 241 11 11 1 1
150 249 11 11 1 1
1000 209 8 6 1 1
209 250 11 11 1 1
894 199 8 6 1 1
318 606 110 114 1 0
148 228 7 8 1 1
324 233 9 10 1 1
905 197 8 6 1 1
194 235 7 8 1 1
705 201 5 4 1 1
676 200 5 4 1 1
621 198 5 4 1 1
149 279 14 17 1 1
694 209 5 4 1 1
413 219 9 10 1 1
755 199 5 4 1 1
1004 217 8 6 1 0
230 231 7 8 1 1
191 445 59 71 1 0
25 238 11 11 1 1
335 226 9 10 1 1
579 225 6 5 1 1
194 223 7 8 1 1
435 224 9 10 1 1
336 216 9 10 1 1
775 206 5 4 1 1
690 201 5 4 1 1
115 230 7 8 1 1
957 214 8 6 1 0
322 272 12 14 1 0
526 252 11 11 1 1
452 209 9 10 1 1
472 223 9 10 1 1
654 217 5 4 1 1
978 200 8 6 1 1
183 245 11 11 1 1
411 213 9 10 1 1
419 212 9 10 1 1
746 206 5 4 1 1
721 201 5 4 1 1
614 237 5 4 1 1
537 213 9 10 1 1
616 210 5 4 1 1
134 264 11 11 1 1
931 202 8 6 1 1
493 237 9 10 1 1
872 211 8 6 1 1
549 212 9 10 1 1
870 205 8 6 1 1
448 237 9 10 1 0
682 201 5 4 1 1
407 227 9 10 1 1
462 285 12 14 1 0
714 212 5 4 1 1
936 199 8 6 1 1
7 257 11 11 1 1
864 216 8 6 1 0
528 216 9 10 1 1
699 209 5 4 1 1
389 274 12 14 1 0
703 206 5 4 1 1
747 200 5 4 1 1
659 203 5 4 1 1
384 234 9 10 1 1
428 219 9 10 1 1
476 220 9 10 1 1
749 310 31 35 1 0
185 284 14 17 1 0
113 251 11 11 1 1
920 233 8 6 1 0
614 223 5 4 1 1
814 201 8 6 1 1
435 311 12 14 1 0
796 233 7 6 1 1
145 239 11 11 1 1
294 239 11 11 1 1
126 241 11 11 1 1
550 255 11 11 1 0
766 260 12 14 1 0
736 196 5 4 1 1
597 208 5 4 1 1
990 192 8 6 1 1
13 246 11 11 1 1
898 220 8 6 1 0
222 224 7 8 1 1
416 273 12 14 1 0
690 196 5 4 1 1
183 262 11 11 1 1
132 226 7 8 1 1
599 213 5 4 1 1
928 221 8 6 1 0
593 224 5 4 1 1
327 246 11 11 1 1
639 204 5 4 1 1
429 287 12 14 1 0
792 208 5 4 1 1
292 250 11 11 1 0
443 219 9 10 1 1
356 250 11 11 1 0
944 203 8 6 1 1
737 203 5 4 1 1
222 278 14 17 1 1
467 262 12 14 1 0
430 212 9 10 1 1
465 237 9 10 1 0
929 208 8 6 1 1
578 204 5 4 1 1
348 217 9 10 1 1
678 209 5 4 1 1
724 222 5 4 1 1
735 208 5 4 1 1
496 227 9 10 1 1
194 267 11 11 1 1
810 221 8 6 1 1
48 247 11 11 1 1
772 212 5 4 1 1
239 226 7 8 1 1
518 201 9 10 1 1
482 262 12 14 1 0
165 226 7 8 1 1
627 229 5 4 1 1
244 276 14 17 1 1
852 220 8 6 1 1
709 220 5 4 1 1
393 220 9 10 1 1
81 288 14 17 1 0
217 239 11 11 1 1
307 233 9 10 1 1
668 217 5 4 1 1
61 276 14 17 1 1
403 264 12 14 1 0
492 219 9 10 1 1
684 205 5 4 1 1
254 254 11 11 1 0
641 195 5 4 1 1
942 219 8 6 1 0
965 212 8 6 1 1
576 197 6 5 1 1
325 218 9 10 1 1
700 200 5 4 1 1
403 213 9 10 1 1
537 236 9 10 1 1
84 257 11 11 1 1
574 250 11 11 1 1
561 213 9 10 1 1
474 273 12 14 1 0
734 229 5 4 1 1
452 275 12 14 1 0
443 257 12 14 1 0
108 296 14 17 1 0
251 228 7 8 1 1
837 215 8 6 1 1
727 199 5 4 1 1
633 219 5 4 1 1
317 259 12 14 1 0
129 279 14 17 1 1
37 290 14 17 1 0
189 310 14 17 1 0
210 329 22 26 1 0
920 300 31 35 1 0
344 261 12 14 1 0
981 212 8 6 1 1
296 299 14 17 1 0
496 209 9 10 1 1
961 197 8 6 1 1
592 216 5 4 1 1
545 222 9 10 1 1
142 327 14 17 1 0
15 316 12 14 1 0
765 243 11 11 1 0
227 506 110 114 1 0
656 242 11 11 1 1
223 241 11 11 1 1
350 225 9 10 1 1
861 205 8 6 1 1
435 248 11 11 1 0
743 199 5 4 1 1
511 208 9 10 1 1
843 203 8 6 1 1
231 360 22 26 1 0
575 240 11 11 1 1
653 204 5 4 1 1
718 196 5 4 1 1
781 226 6 5 1 1
389 249 11 11 1 1
305 244 11 11 1 1
171 240 11 11 1 1
692 218 5 4 1 1
404 246 11 11 1 0
731 205 5 4 1 1
645 223 5 4 1 1
453 265 12 14 1 0
430 235 9 10 1 1
669 206 5 4 1 1
407 293 12 14 1 0
1004 196 8 6 1 1
970 228 8 6 1 0
756 213 5 4 1 1
276 262 11 11 1 0
167 234 7 8 1 1
29 276 14 17 1 1
173 392 22 26 1 0
670 201 5 4 1 1
161 244 11 11 1 1
315 228 9 10 1 1
672 211 5 4 1 1
71 354 22 26 1 0
81 234 7 8 1 1
1005 235 8 6 1 0
155 229 7 8 1 1
94 306 14 17 1 0
451 217 9 10 1 1
343 238 11 11 1 1
476 229 9 10 1 1
35 399 22 26 1 0
944 194 8 6 1 1
535 219 9 10 1 1
667 195 5 4 1 1
182 252 11 11 1 1
780 202 5 4 1 1
649 202 5 4 1 1
598 202 5 4 1 1
827 200 8 6 1 1
634 197 5 4 1 1
748 195 5 4 1 1
799 197 5 4 1 1
830 233 8 6 1 1
231 245 11 11 1 1
349 235 9 10 1 1
417 239 11 11 1 0
647 210 5 4 1 1
604 245 11 11 1 1
274 269 11 11 1 0
388 214 9 10 1 1
462 250 11 11 1 0
266 250 11 11 1 0
630 204 5 4 1 1
271 294 14 17 1 0
121 230 7 8 1 1
671 226 5 4 1 1
655 210 5 4 1 1
659 225 5 4 1 1
211 221 7 8 1 1
441 228 9 10 1 1
139 251 11 11 1 1
171 267 11 11 1 1
870 227 8 6 1 0
455 226 9 10 1 1
516 221 9 10 1 1
65 254 11 11 1 1
857 199 8 6 1 1
402 233 9 10 1 1
885 197 8 6 1 1
195 247 11 11 1 1
106 231 7 8 1 1
720 209 5 4 1 1
605 210 5 4 1 1
102 235 7 8 1 1
96 282 14 17 1 0
361 301 12 14 1 0
340 296 14 17 1 0
