767 738 51 53 1 0
797 709 21 28 1 0
1043 713 21 28 1 0
1002 824 51 53 1 1
10 797 55 66 1 0
457 915 75 93 1 0
937 751 51 53 1 0
646 720 21 28 1 0
44 745 55 66 1 0
375 680 21 28 1 0
9 888 55 66 1 1
1138 754 36 40 1 0
545 782 51 53 1 0
1006 711 21 28 1 0
1098 730 51 53 1 0
873 673 21 28 1 0
733 823 51 53 1 1
633 782 51 53 1 0
757 785 51 53 1 1
631 694 21 28 1 0
241 884 75 93 1 0
772 707 21 28 1 0
1080 715 21 28 1 0
818 749 51 53 1 0
982 734 51 53 1 0
1078 738 51 53 1 0
427 803 51 53 1 0
781 684 21 28 1 0
1119 730 51 53 1 0
783 982 75 93 1 1
949 680 21 28 1 0
921 958 75 93 1 1
1134 831 43 46 1 0
175 991 75 93 1 1
445 739 51 53 1 0
906 791 51 53 1 1
655 854 51 53 1 0
83 913 75 93 1 1
