806 589 101 103 1 0
268 205 40 42 1 1
563 307 43 55 1 0
942 215 41 45 1 0
899 358 58 68 1 0
616 267 43 55 1 0
347 398 74 86 1 0
653 248 41 45 1 0
963 561 101 103 1 0
774 184 41 45 1 1
772 323 58 68 1 0
276 646 101 103 2 0
1068 557 101 103 1 0
323 175 40 42 1 1
608 636 101 103 1 0
500 256 39 46 1 0
680 316 47 53 1 0
1004 233 41 45 1 0
485 298 43 55 1 0
770 231 41 45 1 0
607 174 41 45 1 1
370 252 33 41 1 0
225 709 94 98 1 0
9 214 43 48 1 1
334 232 33 41 1 0
1038 257 41 45 1 0
703 197 41 45 1 1
894 260 35 39 1 0
554 392 74 86 1 0
204 177 40 42 1 1
1044 341 51 53 1 0
234 282 44 51 1 0
555 149 41 45 1 1
937 269 41 45 1 0
280 586 101 103 2 0
526 308 43 55 1 0
76 319 44 51 1 0
420 297 43 55 1 0
155 288 44 51 1 0
86 166 40 42 1 1
848 284 35 39 1 0
504 619 101 103 1 0
