711 9 14 18 1 0
955 225 15 17 1 0
147 341 24 29 1 0
926 347 80 108 1 0
763 46 14 18 1 0
712 328 24 29 1 0
975 156 15 17 1 0
258 204 15 17 1 0
59 92 14 18 1 0
510 7 14 18 1 0
107 190 15 17 1 0
589 304 24 29 1 0
229 35 14 18 1 0
256 278 24 29 1 0
80 450 25 32 1 0
550 181 15 17 1 0
963 95 14 18 1 0
399 611 25 32 1 0
240 297 24 29 1 0
464 193 15 17 1 0
199 52 14 18 1 0
58 467 25 32 1 0
874 173 15 17 1 0
154 256 24 29 1 0
193 194 15 17 1 0
976 43 14 17 1 0
408 289 15 17 1 0
262 94 14 18 1 0
718 62 14 18 1 0
745 277 24 29 1 0
193 27 14 18 1 0
504 276 24 29 1 0
766 437 25 32 1 0
467 134 15 17 1 0
414 530 25 32 1 0
627 164 15 17 1 0
237 170 15 17 1 0
261 19 14 18 1 0
116 220 15 17 1 0
817 349 24 29 1 0
69 95 14 18 1 0
751 93 14 18 1 0
718 97 15 17 1 0
764 297 24 29 1 0
170 36 14 18 1 0
475 68 14 18 1 0
150 16 14 18 1 0
431 52 14 18 1 0
724 20 14 18 1 0
450 112 15 17 1 0
196 349 24 29 1 0
923 255 24 29 1 0
342 216 15 17 1 0
246 339 24 29 1 0
392 419 24 29 1 0
226 24 14 18 1 0
778 142 15 17 1 0
856 294 24 29 1 0
298 178 15 17 1 0
847 230 15 17 1 0
84 527 25 32 1 0
941 204 15 17 1 0
993 112 15 17 1 0
706 264 24 29 1 0
839 205 15 17 1 0
465 371 24 29 1 0
440 156 15 17 1 0
798 83 14 18 1 0
881 8 14 18 1 0
615 174 15 17 1 0
155 208 15 17 1 0
230 264 24 29 1 0
33 109 15 17 1 0
990 192 15 17 1 0
485 163 15 17 1 0
563 220 15 17 1 0
867 254 24 29 1 0
327 43 14 18 1 0
323 456 25 32 1 0
414 218 15 17 1 0
867 55 14 18 1 0
859 185 15 17 1 0
861 365 24 29 1 0
243 257 24 29 1 0
357 82 14 18 1 0
836 45 14 18 1 0
694 7 14 18 1 0
174 344 24 29 1 0
852 96 14 18 1 0
181 294 24 29 1 0
104 18 14 18 1 0
963 165 15 17 1 0
101 5 14 18 1 0
952 59 14 18 1 0
586 180 15 17 1 0
482 513 25 32 1 0
994 250 19 23 1 0
413 74 14 18 1 0
810 99 15 17 1 0
628 157 15 17 1 0
897 98 15 17 1 0
194 267 24 29 1 0
123 341 24 29 1 0
820 222 15 17 1 0
951 105 15 17 1 0
753 153 15 17 1 0
401 373 24 29 1 0
458 221 15 17 1 0
307 498 25 32 1 0
414 185 15 17 1 0
416 124 15 17 1 0
46 362 24 29 1 0
876 231 15 17 1 0
34 545 25 32 1 0
341 323 24 29 1 0
777 90 14 18 1 0
39 90 14 18 1 0
902 27 14 18 1 0
741 404 24 29 1 0
450 546 25 32 1 0
78 11 14 18 1 0
93 171 15 17 1 0
685 132 15 17 1 0
276 116 15 17 1 0
397 6 14 18 1 0
381 152 15 17 1 0
367 219 15 17 1 0
705 465 25 32 1 0
74 380 24 29 1 0
756 227 15 17 1 0
700 316 24 29 1 0
533 178 15 17 1 0
896 116 15 17 1 0
375 188 15 17 1 0
447 70 14 17 1 0
740 138 15 17 1 0
596 249 15 17 1 0
317 253 24 29 1 0
162 102 15 17 1 0
969 256 19 23 1 0
277 421 77 99 1 0
305 278 24 29 1 0
736 232 15 17 1 0
845 86 14 18 1 0
919 5 14 18 1 0
272 85 14 18 1 0
853 32 14 18 1 0
164 444 25 32 1 0
983 298 33 42 1 0
526 348 24 29 1 0
439 281 19 23 1 0
649 151 15 17 1 0
828 87 14 18 1 0
251 158 15 17 1 0
388 69 14 18 1 0
852 136 15 17 1 0
857 74 14 18 1 0
383 222 15 17 1 0
621 229 15 17 1 0
894 46 14 18 1 0
882 79 14 18 1 0
932 42 14 18 1 0
101 275 24 29 1 0
507 91 14 18 1 0
455 233 15 17 1 0
232 98 15 17 1 0
61 59 14 18 1 0
331 229 15 17 1 0
376 481 25 32 1 0
782 200 15 17 1 0
368 538 25 32 1 0
331 261 24 29 1 0
767 522 25 32 1 0
611 373 93 123 1 0
548 221 15 17 1 0
835 293 24 29 1 0
544 371 24 29 1 0
62 28 14 18 1 0
93 76 14 18 1 0
344 234 15 17 1 0
799 147 15 17 1 0
562 313 24 29 1 0
323 28 14 18 1 0
402 25 14 18 1 0
389 42 14 18 1 0
723 88 14 18 1 0
4 392 24 30 1 0
108 376 24 29 1 0
953 140 15 17 1 0
183 173 15 17 1 0
815 195 15 17 1 0
738 63 14 18 1 0
778 47 14 18 1 0
24 169 15 17 1 0
14 107 15 17 1 0
371 317 24 29 1 0
56 251 24 29 1 0
977 81 14 17 1 0
759 280 24 29 1 0
723 178 15 17 1 0
462 165 15 17 1 0
309 220 15 17 1 0
597 160 15 17 1 0
667 20 14 18 1 0
965 310 24 29 1 0
730 161 15 17 1 0
483 37 14 18 1 0
364 112 15 17 1 0
428 105 15 17 1 0
344 146 15 17 1 0
131 513 25 32 1 0
155 52 14 18 1 0
569 154 15 17 1 0
929 157 15 17 1 0
454 7 14 18 1 0
323 74 14 18 1 0
606 4 14 18 1 0
400 83 14 18 1 0
14 10 14 18 1 0
46 223 15 17 1 0
345 124 15 17 1 0
250 9 14 18 1 0
864 151 15 17 1 0
277 132 15 17 1 0
146 31 14 18 1 0
406 134 15 17 1 0
916 147 15 17 1 0
372 369 24 29 1 0
123 444 25 32 1 0
759 308 24 29 1 0
490 359 24 29 1 0
144 166 15 17 1 0
810 5 14 18 1 0
108 128 15 17 1 0
679 208 15 17 1 0
607 150 15 17 1 0
702 142 15 17 1 0
313 182 15 17 1 0
645 251 24 29 1 0
207 1 14 18 1 0
768 169 15 17 1 0
305 146 15 17 1 0
578 8 14 18 1 0
