796 206 16 23 1 0
649 350 42 46 3 0
462 118 19 23 1 0
525 219 16 23 1 0
200 276 11 15 1 0
189 240 12 11 1 0
394 131 13 17 1 0
74 290 16 16 1 0
346 274 18 22 1 0
624 190 16 23 1 0
327 142 13 17 1 0
213 251 11 15 1 0
21 293 14 15 1 0
655 337 42 46 3 0
376 217 15 17 1 0
443 179 19 23 1 0
165 205 12 11 1 0
128 270 11 15 1 0
231 359 25 28 1 0
63 290 16 16 1 0
218 174 8 8 1 0
239 269 11 15 1 0
148 251 11 15 1 0
220 223 12 11 1 0
360 214 15 17 1 0
486 246 23 26 1 0
463 326 42 46 3 0
191 225 12 11 1 0
234 297 16 16 1 0
390 212 15 17 1 0
142 269 11 15 1 0
129 227 12 11 1 0
569 224 16 23 1 0
397 402 28 38 1 0
564 196 16 23 1 0
240 232 12 11 1 0
176 235 12 11 1 0
356 304 25 28 1 0
536 290 23 26 1 0
477 309 42 46 3 0
125 292 16 16 1 0
295 222 12 11 1 0
587 224 16 23 1 0
445 129 19 23 1 0
336 174 13 17 1 0
556 216 16 23 1 0
606 276 23 26 1 0
321 237 18 22 1 0
418 225 15 17 1 0
396 273 18 22 1 0
494 413 28 38 1 0
791 178 19 24 1 0
383 231 15 17 1 0
223 234 12 11 1 0
337 266 18 22 1 0
300 145 13 17 1 0
484 149 19 23 1 0
427 408 28 38 1 0
223 309 25 28 1 0
171 253 11 15 1 0
257 214 12 11 1 0
79 241 11 12 1 0
302 249 18 22 1 0
752 177 17 23 1 0
404 251 18 22 1 0
585 197 16 23 1 0
311 233 15 17 1 0
217 272 11 15 1 0
201 233 12 11 1 0
63 344 16 16 1 0
106 268 11 15 1 0
151 276 11 15 1 0
506 245 23 26 1 0
91 327 16 16 1 0
123 246 11 12 1 0
69 328 16 16 1 0
683 191 16 23 1 0
772 170 19 24 1 0
354 136 13 17 1 0
224 161 12 14 1 0
319 275 18 22 1 0
90 285 16 16 3 0
306 301 25 28 1 0
440 239 23 26 1 0
232 222 12 11 1 0
420 236 18 22 1 0
278 254 11 15 1 0
250 276 11 15 1 0
361 247 18 22 1 0
166 293 16 16 1 0
732 248 23 26 1 0
358 277 18 22 1 0
40 262 11 12 1 0
10 315 14 15 1 0
581 184 16 23 1 0
283 172 13 17 1 0
669 296 23 26 1 0
332 234 15 17 1 0
136 302 16 16 1 0
287 231 12 11 1 0
787 361 27 31 1 0
445 348 42 46 1 0
643 216 16 23 1 0
46 253 11 12 1 0
285 145 13 17 1 0
136 288 16 16 1 0
359 328 25 28 1 0
379 314 42 46 1 0
429 270 18 22 1 0
11 256 12 13 1 0
465 139 19 23 1 0
633 242 23 26 1 0
335 301 25 28 1 0
102 256 11 15 1 0
633 292 23 26 1 0
411 209 15 17 1 0
97 285 16 16 3 0
464 244 23 26 1 0
306 225 15 17 1 0
448 250 23 26 1 0
549 258 23 26 1 0
441 218 15 17 1 0
472 105 19 23 1 0
277 153 13 17 1 0
273 292 15 18 1 0
261 249 11 13 1 0
511 194 16 23 1 0
523 313 42 46 1 0
140 256 11 15 1 0
265 230 12 11 1 0
574 425 28 38 1 0
550 199 16 23 1 0
471 227 16 23 1 0
510 338 42 46 1 0
518 417 28 38 1 0
774 202 16 23 1 0
186 281 11 15 1 0
333 128 13 17 1 0
159 264 11 15 1 0
524 239 23 26 1 0
233 249 11 13 1 0
751 199 16 23 1 0
15 334 14 15 1 0
163 248 11 14 1 0
247 241 12 11 1 0
115 287 16 16 1 0
504 214 16 23 1 0
749 291 23 26 1 0
476 209 16 23 1 0
603 317 42 46 1 0
645 194 16 23 1 0
304 176 13 17 1 0
68 252 11 12 1 0
348 211 15 17 1 0
605 192 16 23 1 0
493 227 16 23 1 0
774 240 23 26 1 0
