378 180 14 16 1 0
254 219 14 16 1 0
943 294 17 18 1 0
106 286 17 17 1 0
1081 250 14 16 1 0
1092 109 12 14 1 0
860 301 17 18 1 0
955 286 17 18 1 0
8 371 17 19 1 0
1082 293 17 18 1 0
337 129 7 10 1 0
1007 286 17 18 1 0
417 165 7 10 1 0
893 396 19 23 1 0
918 216 14 16 1 0
385 353 17 17 1 0
173 249 17 17 1 0
1118 266 17 18 1 0
443 122 7 10 1 0
1116 234 14 16 1 0
871 162 10 12 1 0
316 160 7 10 1 0
444 167 7 10 1 0
673 384 19 23 1 0
21 337 18 20 1 0
448 395 18 20 1 0
593 211 14 16 1 0
993 229 14 16 1 0
246 214 14 16 1 0
298 189 14 16 1 0
1019 223 14 16 1 0
391 169 7 10 1 0
967 179 14 16 1 0
1005 248 14 16 1 0
283 182 14 16 1 0
1073 229 14 16 1 0
514 395 18 21 1 0
163 150 7 10 1 0
99 147 7 10 1 0
244 410 18 20 1 0
1182 288 17 18 1 0
315 320 17 17 1 0
849 205 14 16 1 0
294 328 17 17 1 0
55 389 18 20 1 0
221 147 7 10 1 0
279 143 7 10 1 0
933 184 14 16 1 0
307 208 14 16 1 0
83 149 7 10 1 0
190 157 7 10 1 0
537 239 14 16 1 0
367 146 7 10 1 0
1150 378 17 18 1 0
770 311 17 21 1 0
80 373 18 20 1 0
134 456 18 20 1 0
5 271 16 17 1 0
812 411 19 23 1 0
959 389 19 23 1 0
500 160 7 10 1 0
301 407 18 20 1 0
406 440 18 20 1 0
586 240 14 16 1 0
1005 221 14 16 1 0
376 174 7 10 1 0
598 385 19 23 1 0
939 222 14 16 1 0
19 397 18 20 1 0
905 334 17 18 1 0
1084 311 17 18 1 0
244 373 18 20 1 0
403 161 7 10 1 0
992 287 17 18 1 0
877 410 19 23 1 0
269 364 18 20 1 0
938 157 10 12 1 0
940 396 19 23 1 0
24 291 16 16 1 0
348 307 17 17 1 0
553 164 7 10 1 0
476 145 7 10 1 0
263 157 7 10 1 0
744 407 19 23 1 0
1030 357 17 18 1 0
60 243 17 17 1 0
153 154 7 10 1 0
313 220 14 16 1 0
266 240 17 17 1 0
194 265 17 17 1 0
1148 281 17 18 1 0
298 168 7 10 1 0
277 158 7 10 1 0
56 170 11 13 1 0
375 272 17 17 1 0
227 399 18 20 1 0
648 400 19 23 1 0
475 157 7 10 1 0
560 324 16 19 1 0
1039 313 17 18 1 0
63 318 17 17 1 0
72 158 7 10 1 0
122 347 18 20 1 0
272 225 14 16 1 0
547 383 19 23 1 0
149 337 18 20 1 0
982 399 19 23 1 0
109 334 18 20 1 0
259 305 17 17 1 0
342 189 14 16 1 0
287 216 14 16 1 0
313 289 17 17 1 0
129 374 18 20 1 0
556 279 15 17 1 0
671 378 19 23 1 0
217 342 17 17 1 0
992 320 17 18 1 0
371 415 18 20 1 0
146 367 18 20 1 0
1084 122 10 12 1 0
848 393 19 23 1 0
420 126 7 10 1 0
176 162 7 10 1 0
827 410 19 23 1 0
436 157 7 10 1 0
1138 298 17 18 1 0
1034 261 14 16 1 0
361 116 7 10 1 0
612 388 19 23 1 0
116 292 17 17 1 0
1014 404 19 23 1 0
138 162 7 10 1 0
830 170 10 12 1 0
871 226 14 16 1 0
1056 293 17 18 1 0
341 400 18 20 1 0
322 123 7 10 1 0
956 330 17 18 1 0
739 180 14 16 1 0
1109 106 13 15 1 0
178 234 17 17 1 0
59 220 14 16 1 0
602 321 17 21 1 0
993 432 19 23 1 0
1108 323 17 18 1 0
195 165 7 10 1 0
896 325 17 18 1 0
325 219 14 16 1 0
1072 120 10 12 1 0
903 157 10 12 1 0
979 177 10 12 1 0
589 189 14 16 1 0
752 400 19 23 1 0
1000 206 14 16 1 0
536 167 7 10 1 0
878 176 10 12 1 0
145 154 7 10 1 0
194 238 17 17 1 0
606 279 15 17 1 0
971 213 14 16 1 0
173 149 7 10 1 0
303 159 7 10 1 0
341 160 7 10 1 0
821 219 14 16 1 0
994 386 19 23 1 0
266 407 18 20 1 0
