930 696 29 36 1 0
94 459 34 40 1 0
1002 612 29 36 1 0
102 528 34 40 1 0
224 479 34 40 1 0
38 661 29 36 1 0
251 316 23 39 1 0
471 776 29 36 1 0
631 605 29 36 1 0
321 728 29 36 1 0
326 414 34 40 1 0
661 598 29 36 1 0
75 68 23 39 1 0
133 700 29 36 1 0
333 195 23 39 1 0
325 613 29 36 1 0
195 531 34 40 1 0
197 763 29 36 1 0
84 589 29 36 1 0
515 525 34 40 1 0
291 518 34 40 1 0
183 452 34 40 1 0
214 160 23 39 1 0
140 795 48 31 1 0
23 620 29 36 1 0
515 208 23 39 1 0
162 649 29 36 1 0
808 793 48 31 1 0
336 296 23 39 1 0
605 423 34 40 1 0
247 277 23 39 1 0
795 635 29 36 1 0
932 429 34 40 1 0
422 534 34 40 1 0
796 550 34 40 1 0
23 255 15 32 1 0
241 355 23 39 1 0
670 733 29 36 1 0
203 611 29 36 1 0
248 403 34 40 1 0
1173 677 29 36 1 0
479 412 34 40 1 0
73 273 23 39 1 0
442 465 34 40 1 0
174 229 23 39 1 0
252 655 29 36 1 0
78 193 23 39 1 0
73 350 23 39 1 0
297 552 34 40 1 0
875 571 29 36 1 0
108 128 23 39 1 0
1112 539 34 40 1 0
377 644 29 36 1 0
657 326 21 30 1 0
406 350 23 39 1 0
156 371 23 39 1 0
767 378 34 40 1 0
171 336 23 39 1 0
513 621 29 36 1 0
543 712 29 36 1 0
