42 337 19 24 1 0
410 34 11 14 1 0
112 180 14 20 1 0
176 314 19 24 1 0
215 283 17 23 1 0
96 159 14 20 1 0
710 50 11 14 1 0
729 230 17 23 1 0
655 215 17 23 1 0
290 276 17 23 1 0
343 181 14 20 1 0
347 313 19 24 1 0
703 256 17 23 2 0
578 104 15 18 1 0
14 213 17 23 1 0
408 130 28 31 1 0
295 144 14 20 1 0
158 49 11 14 1 0
132 305 19 24 1 0
443 248 17 23 1 0
270 239 17 23 1 0
396 229 17 23 1 0
624 268 17 23 1 0
667 247 17 23 1 0
325 90 15 18 1 0
417 151 14 20 1 0
257 223 17 23 1 0
452 61 11 14 1 0
75 285 17 23 1 0
23 110 15 18 1 0
65 193 14 20 1 0
605 42 11 14 1 0
728 87 15 18 1 0
377 107 15 18 1 0
581 41 11 14 1 0
670 62 11 14 1 0
649 126 15 18 1 0
481 72 11 14 1 0
468 127 15 18 1 0
94 40 11 14 1 0
523 200 14 20 1 0
59 74 11 14 1 0
493 137 28 31 1 0
220 111 15 18 1 0
479 277 17 23 1 0
320 180 14 20 1 0
265 70 11 14 1 0
95 124 15 18 1 0
462 219 17 23 1 0
208 238 17 23 1 0
463 306 19 24 1 0
42 274 17 23 1 0
2 285 17 23 1 0
529 89 15 18 1 0
512 111 15 18 1 0
616 167 14 20 1 0
792 67 11 14 1 0
106 221 17 23 1 0
804 162 14 20 1 0
431 221 17 23 1 0
338 223 17 23 1 0
270 269 17 23 1 0
778 206 14 20 1 0
745 206 14 20 1 0
658 81 15 18 1 0
327 70 11 14 1 0
133 155 14 20 1 0
616 122 15 18 1 0
203 93 15 18 1 0
139 329 19 24 1 0
419 257 17 23 1 0
354 132 28 31 1 0
545 120 15 18 1 0
308 5 28 31 1 0
801 174 14 20 1 0
423 307 19 24 1 0
768 78 15 18 1 0
710 249 17 23 2 0
786 115 15 18 1 0
749 151 14 20 1 0
429 13 11 14 1 0
87 302 19 24 1 0
230 185 14 20 1 0
97 91 15 18 1 0
525 237 28 31 1 0
587 312 19 24 1 0
29 131 15 18 1 0
472 22 11 14 1 0
691 64 11 14 1 0
634 48 11 14 1 0
647 193 14 20 1 0
129 248 17 23 1 0
361 305 19 24 1 0
732 248 17 23 1 0
337 242 17 23 1 0
593 271 17 23 1 0
773 278 17 23 1 0
140 168 14 20 1 0
159 154 14 20 1 0
514 16 11 14 1 0
284 103 15 18 1 0
429 241 17 23 1 0
308 303 19 24 1 0
193 225 17 23 1 0
229 318 19 24 1 0
200 155 14 20 1 0
240 156 14 20 1 0
284 252 17 23 1 0
539 179 14 20 1 0
677 114 15 18 1 0
805 200 14 20 1 0
609 109 15 18 1 0
726 130 15 18 1 0
9 116 15 18 1 0
22 17 11 14 1 0
695 168 14 20 1 0
681 77 15 18 1 0
762 181 14 20 1 0
783 165 14 20 1 0
197 22 11 14 1 0
167 19 11 14 1 0
62 103 15 18 1 0
420 280 28 31 1 0
161 105 15 18 1 0
81 212 17 23 1 0
652 68 11 14 1 0
331 202 14 20 1 0
657 43 11 14 1 0
734 154 14 20 1 0
384 241 17 23 1 0
86 28 11 14 1 0
478 179 14 20 1 0
251 103 15 18 1 0
425 118 15 18 1 0
462 112 15 18 1 0
694 5 11 14 1 0
222 166 14 20 1 0
315 108 15 18 1 0
431 25 11 14 1 0
100 63 11 14 1 0
509 47 11 14 1 0
164 204 14 20 1 0
557 56 11 14 1 0
57 260 17 23 1 0
377 120 15 18 1 0
242 138 14 20 1 0
554 28 11 14 1 0
746 43 11 14 1 0
44 61 11 14 1 0
232 282 17 23 1 0
76 323 19 24 1 0
273 311 19 24 1 0
240 257 17 23 1 0
268 140 28 31 1 0
243 42 11 14 1 0
488 23 11 14 1 0
747 111 15 18 1 0
754 104 15 18 1 0
697 286 19 24 1 0
233 227 17 23 1 0
292 61 11 14 1 0
653 92 15 18 1 0
529 164 14 20 1 0
233 97 15 18 1 0
443 135 28 31 1 0
393 17 11 14 1 0
768 18 11 14 1 0
789 37 11 14 1 0
700 118 15 18 1 0
126 104 15 18 1 0
385 266 17 23 1 0
177 245 17 23 1 0
199 177 14 20 1 0
374 254 17 23 1 0
107 30 11 14 1 0
804 82 15 18 1 0
