65 112 23 34 1 0
83 67 17 20 2 0
246 74 23 34 2 0
120 1 10 12 1 0
28 63 23 34 1 0
65 62 17 20 1 1
257 66 23 34 2 0
199 64 23 34 1 0
261 48 14 14 1 1
156 49 14 14 1 1
284 62 23 34 1 0
82 58 17 20 2 1
225 76 23 34 1 0
165 63 23 34 1 0
91 93 23 34 1 0
102 3 12 12 1 0
144 55 14 14 1 1
241 48 14 14 1 1
48 71 23 34 1 0
111 70 23 34 1 0
26 18 14 14 1 0
197 89 23 34 1 0
213 55 14 14 1 0
126 74 23 34 1 0
10 73 23 34 1 0
181 62 23 34 1 1
28 122 23 34 1 0
227 51 14 14 1 1
306 65 23 34 1 0
156 83 23 34 1 0
