370 701 35 35 1 0
1812 521 17 20 1 0
1857 1042 69 85 1 0
1172 518 17 20 1 0
1246 584 21 23 1 0
1101 571 17 20 1 0
1901 747 53 66 1 0
989 552 17 20 1 0
1389 789 53 66 1 0
1404 545 17 20 1 0
1355 551 17 20 1 0
1593 513 17 20 1 0
1661 628 35 35 1 0
1296 694 35 35 1 0
712 1043 69 85 1 0
1468 494 13 15 1 0
697 585 26 27 1 0
1559 474 13 15 1 0
1447 785 53 66 1 0
1006 545 17 20 1 0
1230 618 35 35 1 0
1831 590 30 31 1 0
1149 728 53 66 1 0
1472 718 53 66 1 0
1269 955 69 85 1 0
1519 700 35 35 1 0
1515 606 35 35 1 0
1259 696 35 35 1 0
1055 630 35 35 1 0
286 562 17 20 1 0
1357 540 17 20 1 0
1144 613 35 35 1 0
943 527 17 20 1 0
1034 483 13 15 1 0
1870 594 35 35 1 0
623 594 35 35 1 0
1829 728 53 66 1 0
456 579 17 20 1 0
1394 730 53 66 1 0
1798 585 26 27 1 0
1194 685 35 35 1 0
377 577 17 20 1 0
1440 716 53 66 1 0
302 471 13 15 1 0
1473 696 35 35 1 0
341 311 9 11 1 0
526 485 13 15 1 0
1482 514 17 20 1 0
1878 474 14 16 1 0
339 819 53 66 1 0
511 651 35 35 1 0
1814 502 17 20 1 0
773 481 13 15 1 0
1800 679 35 35 1 0
1573 990 69 85 1 0
1541 534 17 20 1 0
243 646 35 35 1 0
828 925 69 85 1 0
1390 458 13 15 1 0
1690 525 17 20 1 0
823 573 17 20 1 0
1546 625 35 35 1 0
1912 577 26 27 1 0
264 536 17 20 1 0
1042 1060 69 85 1 0
1038 535 17 20 1 0
105 674 35 35 1 0
430 461 13 15 1 0
931 777 53 66 1 0
1586 582 17 20 1 0
1186 895 69 85 1 0
563 470 13 15 1 0
1299 479 13 15 1 0
497 479 13 15 1 0
507 678 35 35 1 0
1212 1010 69 85 1 0
535 483 13 15 1 0
1023 606 35 35 1 0
1052 678 35 35 1 0
364 428 13 15 1 0
1195 501 13 15 1 0
1777 536 17 20 1 0
1402 454 13 15 1 0
1167 670 35 35 1 0
591 203 10 12 1 0
1785 555 17 20 1 0
625 537 17 20 1 0
400 586 21 23 1 0
833 519 17 20 1 0
691 714 53 66 1 0
1021 542 17 20 1 0
1658 650 35 35 1 0
969 564 17 20 1 0
1542 859 69 85 1 0
12 640 30 31 1 0
1037 857 57 70 1 0
1333 568 17 20 1 0
987 715 53 66 1 0
619 501 13 15 1 0
773 934 69 85 1 0
1081 492 13 15 1 0
1268 486 13 15 1 0
1419 481 13 15 1 0
1525 588 26 27 1 0
238 584 21 23 1 0
412 598 35 35 1 0
1248 475 13 15 1 0
242 602 35 35 1 0
1716 599 35 35 1 0
653 584 26 27 1 0
177 461 13 15 1 0
1369 541 17 20 1 0
1690 580 17 20 1 0
892 806 53 66 1 0
1105 727 53 66 1 0
1354 517 17 20 1 0
1149 984 69 85 1 0
1472 641 35 35 1 0
1016 469 13 15 1 0
286 534 17 20 1 0
1000 538 17 20 1 0
1390 678 35 35 1 0
464 517 17 20 1 0
1456 637 35 35 1 0
1473 786 53 66 1 0
257 599 35 35 1 0
1259 563 17 20 1 0
72 600 35 35 1 0
1881 521 17 20 1 0
1633 654 35 35 1 0
1196 490 13 15 1 0
782 529 17 20 1 0
113 570 17 20 1 0
88 563 17 20 1 0
1022 516 17 20 1 0
1531 926 69 85 1 0
874 679 35 35 1 0
1293 502 17 20 1 0
994 474 13 15 1 0
1198 641 35 35 1 0
1069 725 53 66 1 0
541 900 69 85 1 0
936 655 35 35 1 0
1371 550 17 20 1 0
749 450 13 15 1 0
1470 606 35 35 1 0
1343 667 35 35 1 0
1742 532 17 20 1 0
1262 735 53 66 1 0
1675 850 53 66 1 0
1629 471 13 15 1 0
912 712 53 66 1 0
1530 568 17 20 1 0
1145 608 35 35 1 0
269 510 17 20 1 0
1621 677 35 35 1 0
431 493 13 15 1 0
1031 496 13 15 1 0
1792 721 53 66 1 0
1770 680 35 35 1 0
88 531 17 20 1 0
1546 458 13 15 1 0
1386 590 26 27 1 0
1099 475 13 15 1 0
1303 651 35 35 1 0
1422 558 17 20 1 0
1379 708 53 66 1 0
1288 633 35 35 1 0
1229 558 17 20 1 0
1564 699 35 35 1 0
1469 548 17 20 1 0
1237 681 35 35 1 0
1768 610 35 35 1 0
715 517 17 20 1 0
1025 473 13 15 1 0
131 460 13 15 1 0
1655 537 17 20 1 0
1432 543 17 20 1 0
240 475 13 15 1 0
736 681 35 35 1 0
1502 656 35 35 1 0
88 653 35 35 1 0
1381 506 17 20 1 0
966 473 13 15 1 0
855 577 17 20 1 0
218 463 13 15 1 0
984 628 35 35 1 0
535 466 13 15 1 0
1118 512 17 20 1 0
1693 487 13 15 1 0
1578 581 17 20 1 0
1447 561 17 20 1 0
1169 554 17 20 1 0
583 462 13 15 1 0
86 953 69 85 1 0
1836 552 17 20 1 0
484 448 13 15 1 0
1099 537 17 20 1 0
1368 615 35 35 1 0
1688 592 35 35 1 0
1147 497 13 15 1 0
1785 580 17 20 1 0
399 447 13 15 1 0
1284 617 35 35 1 0
242 962 69 85 1 0
1131 689 35 35 1 0
1110 639 35 35 1 0
1743 517 17 20 1 0
63 660 35 35 1 0
1685 470 13 15 1 0
1878 628 35 35 1 0
106 462 13 15 1 0
1180 551 17 20 1 0
412 489 13 15 1 0
1716 827 53 66 1 0
843 596 35 35 1 0
407 653 35 35 1 0
181 497 13 15 1 0
1067 563 17 20 1 0
834 308 9 11 1 0
420 562 17 20 1 0
355 534 17 20 1 0
9 567 17 20 1 0
1742 686 35 35 1 0
1146 525 17 20 1 0
372 464 13 15 1 0
1397 562 17 20 1 0
1631 603 35 35 1 0
1333 551 17 20 1 0
433 476 13 15 1 0
1518 506 17 20 1 0
1354 505 17 20 1 0
183 524 17 20 1 0
1746 578 17 20 1 0
1351 898 69 85 1 0
520 629 35 35 1 0
1073 559 17 20 1 0
1096 544 17 20 1 0
1672 545 17 20 1 0
1052 512 17 20 1 0
1372 494 13 15 1 0
1718 726 53 66 1 0
1034 635 35 35 1 0
1128 504 17 20 1 0
898 524 17 20 1 0
875 506 17 20 1 0
1171 610 35 35 1 0
1015 560 17 20 1 0
1385 526 17 20 1 0
1555 558 17 20 1 0
1893 542 17 20 1 0
1399 496 13 15 1 0
1536 663 35 35 1 0
609 819 53 66 1 0
1184 597 35 35 1 0
1441 886 69 85 1 0
1678 613 35 35 1 0
1187 845 53 66 1 0
1466 675 35 35 1 0
1270 509 17 20 1 0
1877 688 35 35 1 0
1894 607 35 35 1 0
1857 531 17 20 1 0
1578 703 44 50 1 0
1300 801 53 66 1 0
1659 776 53 66 1 0
928 857 61 75 1 0
1175 586 30 31 1 0
975 639 35 35 1 0
882 569 17 20 1 0
995 519 17 20 1 0
1282 665 35 35 1 0
1036 786 53 66 1 0
690 263 9 11 1 0
856 491 13 15 1 0
108 524 17 20 1 0
1912 563 26 27 1 0
1047 565 17 20 1 0
808 514 17 20 1 0
333 489 13 15 1 0
707 830 53 66 1 0
1828 678 35 35 1 0
98 514 17 20 1 0
350 307 9 11 1 0
1416 542 17 20 1 0
454 936 69 85 1 0
1549 678 35 35 1 0
1027 580 17 20 1 0
442 583 26 27 1 0
1185 535 17 20 1 0
1690 564 17 20 1 0
231 503 17 20 1 0
1821 713 53 66 1 0
695 511 17 20 1 0
1469 451 13 15 1 0
1019 504 17 20 1 0
619 512 17 20 1 0
53 515 17 20 1 0
286 508 17 20 1 0
538 554 17 20 1 0
922 976 69 85 1 0
1158 592 35 35 1 0
1581 461 13 15 1 0
950 870 69 85 1 0
963 638 35 35 1 0
384 973 69 85 1 0
1344 539 17 20 1 0
1161 584 26 27 1 0
1426 510 17 20 1 0
796 529 17 20 1 0
1310 846 53 66 1 0
22 789 53 66 1 0
1857 635 35 35 1 0
1672 527 17 20 1 0
1912 687 35 35 1 0
1835 477 13 15 1 0
1710 587 26 27 1 0
950 486 13 15 1 0
710 536 17 20 1 0
32 457 13 15 1 0
1234 553 17 20 1 0
1152 483 13 15 1 0
1008 664 35 35 1 0
1363 663 35 35 1 0
473 519 17 20 1 0
325 617 35 35 1 0
659 520 17 20 1 0
208 564 17 20 1 0
145 850 53 66 1 0
563 711 53 66 1 0
1071 634 35 35 1 0
1525 674 35 35 1 0
591 576 17 20 1 0
1677 605 35 35 1 0
546 514 17 20 1 0
1248 555 17 20 1 0
767 514 17 20 1 0
848 832 53 66 1 0
339 557 17 20 1 0
1656 574 17 20 1 0
626 903 69 85 1 0
1159 502 17 20 1 0
589 643 35 35 1 0
1747 800 53 66 1 0
448 554 17 20 1 0
1217 594 35 35 1 0
759 607 35 35 1 0
1040 470 13 15 1 0
534 599 35 35 1 0
1479 483 13 15 1 0
1187 612 35 35 1 0
1053 477 13 15 1 0
1452 505 17 20 1 0
1352 624 35 35 1 0
1356 760 53 66 1 0
627 507 17 20 1 0
895 506 17 20 1 0
1200 531 17 20 1 0
430 450 13 15 1 0
988 492 13 15 1 0
253 462 13 15 1 0
1875 642 35 35 1 0
1766 553 17 20 1 0
1292 536 17 20 1 0
1453 601 35 35 1 0
1622 516 17 20 1 0
1684 482 13 15 1 0
1635 626 35 35 1 0
1030 624 35 35 1 0
1485 681 35 35 1 0
1839 977 69 85 1 0
58 463 13 15 1 0
1656 469 13 15 1 0
595 1024 69 85 1 0
1689 555 17 20 1 0
334 657 35 35 1 0
1907 637 35 35 1 0
1230 471 13 15 1 0
1084 564 17 20 1 0
965 506 17 20 1 0
1413 567 17 20 1 0
660 731 53 66 1 0
1744 571 17 20 1 0
921 492 13 15 1 0
1784 564 17 20 1 0
645 784 53 66 1 0
1596 501 13 15 1 0
1715 471 13 15 1 0
811 721 53 66 1 0
1217 567 17 20 1 0
813 620 35 35 1 0
30 553 17 20 1 0
700 560 17 20 1 0
149 948 69 85 1 0
1791 594 35 35 1 0
1513 666 35 35 1 0
180 644 35 35 1 0
1142 616 35 35 1 0
1648 753 53 66 1 0
873 523 17 20 1 0
1250 537 17 20 1 0
524 844 53 66 1 0
1696 766 53 66 1 0
1427 665 35 35 1 0
976 536 17 20 1 0
1545 553 17 20 1 0
1814 653 35 35 1 0
1207 738 53 66 1 0
444 603 35 35 1 0
1896 483 13 15 1 0
1738 875 69 85 1 0
722 779 53 66 1 0
1825 647 35 35 1 0
242 457 13 15 1 0
1309 631 35 35 1 0
1434 456 13 15 1 0
1913 1001 69 85 1 0
507 580 17 20 1 0
1617 555 17 20 1 0
1872 891 69 85 1 0
630 552 17 20 1 0
1209 516 17 20 1 0
1902 597 35 35 1 0
1158 629 35 35 1 0
435 516 17 20 1 0
1756 568 17 20 1 0
1806 544 17 20 1 0
1455 814 53 66 1 0
1844 621 35 35 1 0
1677 662 35 35 1 0
271 566 17 20 1 0
827 483 13 15 1 0
1392 640 35 35 1 0
1649 491 13 15 1 0
1217 630 35 35 1 0
1759 547 17 20 1 0
513 507 17 20 1 0
1807 593 35 35 1 0
646 534 17 20 1 0
927 466 13 15 1 0
1379 642 35 35 1 0
982 971 69 85 1 0
660 270 9 11 1 0
317 524 17 20 1 0
1860 647 35 35 1 0
982 673 35 35 1 0
1176 812 53 66 1 0
1577 898 69 85 1 0
316 724 53 66 1 0
1856 509 17 20 1 0
1287 859 69 85 1 0
763 733 53 66 1 0
490 1034 69 85 1 0
1380 617 35 35 1 0
1320 497 13 15 1 0
1760 620 35 35 1 0
1216 582 17 20 1 0
455 533 17 20 1 0
649 959 69 85 1 0
15 535 17 20 1 0
190 779 53 66 1 0
1551 524 17 20 1 0
978 1018 69 85 1 0
1599 811 53 66 1 0
1062 522 17 20 1 0
960 563 17 20 1 0
601 690 35 35 1 0
1383 550 17 20 1 0
1588 460 13 15 1 0
1007 599 35 35 1 0
1092 683 35 35 1 0
1357 821 53 66 1 0
362 656 35 35 1 0
1381 485 13 15 1 0
1848 579 17 20 1 0
654 628 35 35 1 0
1246 919 69 85 1 0
844 467 13 15 1 0
1859 491 13 15 1 0
1420 608 35 35 1 0
1655 583 26 27 1 0
56 997 69 85 1 0
1713 658 35 35 1 0
1202 628 35 35 1 0
1260 1062 69 85 1 0
507 805 53 66 1 0
1107 488 13 15 1 0
71 461 13 15 1 0
1869 796 53 66 1 0
1109 498 13 15 1 0
45 479 13 15 1 0
1183 501 13 15 1 0
1057 833 53 66 1 0
388 474 13 15 1 0
327 600 35 35 1 0
1460 862 69 85 1 0
1667 510 17 20 1 0
870 752 53 66 1 0
1618 664 35 35 1 0
1752 760 53 66 1 0
301 583 26 27 1 0
379 435 13 15 1 0
472 478 13 15 1 0
1866 550 17 20 1 0
1800 804 53 66 1 0
1251 652 35 35 1 0
191 580 17 20 1 0
1526 576 17 20 1 0
1671 566 17 20 1 0
516 724 53 66 1 0
1469 505 17 20 1 0
1597 459 13 15 1 0
1545 494 13 15 1 0
1444 691 35 35 1 0
1790 573 17 20 1 0
89 458 13 15 1 0
1379 602 35 35 1 0
1699 1048 69 85 1 0
435 645 35 35 1 0
497 706 39 42 1 0
129 517 17 20 1 0
1225 840 53 66 1 0
1412 837 53 66 1 0
569 962 69 85 1 0
397 517 17 20 1 0
1692 608 35 35 1 0
1798 475 13 15 1 0
456 493 13 15 1 0
1416 436 13 15 1 0
1081 571 17 20 1 0
168 989 69 85 1 0
652 693 35 35 1 0
323 452 13 15 1 0
1530 624 35 35 1 0
376 489 13 15 1 0
1595 488 13 15 1 0
976 578 17 20 1 0
1572 561 17 20 1 0
1355 538 17 20 1 0
679 570 17 20 1 0
1828 627 35 35 1 0
404 818 53 66 1 0
1462 515 17 20 1 0
1517 555 17 20 1 0
701 872 69 85 1 0
451 713 53 66 1 0
1398 507 17 20 1 0
1141 786 53 66 1 0
1711 614 35 35 1 0
1814 600 35 35 1 0
1230 774 53 66 1 0
332 765 53 66 1 0
596 596 35 35 1 0
1321 554 17 20 1 0
1156 544 17 20 1 0
747 626 35 35 1 0
1905 786 53 66 1 0
259 552 17 20 1 0
1843 705 39 42 1 0
1589 553 17 20 1 0
538 505 17 20 1 0
1813 554 17 20 1 0
1440 544 17 20 1 0
1567 647 35 35 1 0
1465 1024 69 85 1 0
1357 697 35 35 1 0
522 217 9 11 1 0
1895 683 35 35 1 0
1613 927 69 85 1 0
1480 646 35 35 1 0
1476 555 17 20 1 0
996 572 17 20 1 0
1746 715 53 66 1 0
1174 656 35 35 1 0
1081 540 17 20 1 0
1623 797 53 66 1 0
1750 771 53 66 1 0
1233 493 13 15 1 0
914 596 35 35 1 0
1625 846 53 66 1 0
803 561 17 20 1 0
1262 530 17 20 1 0
1541 609 35 35 1 0
1847 605 35 35 1 0
330 575 17 20 1 0
881 513 17 20 1 0
1172 543 17 20 1 0
1513 889 69 85 1 0
178 549 17 20 1 0
1276 538 17 20 1 0
1494 564 17 20 1 0
1823 469 13 15 1 0
970 549 17 20 1 0
1315 667 35 35 1 0
1369 517 17 20 1 0
1528 468 13 15 1 0
1570 832 53 66 1 0
1044 521 17 20 1 0
1087 705 44 50 1 0
1444 570 17 20 1 0
1787 766 53 66 1 0
1718 673 35 35 1 0
1793 551 17 20 1 0
316 454 13 15 1 0
1094 599 35 35 1 0
1916 606 35 35 1 0
1575 507 17 20 1 0
1093 1018 69 85 1 0
1560 622 35 35 1 0
419 472 13 15 1 0
1760 538 17 20 1 0
1633 557 17 20 1 0
1177 468 13 15 1 0
356 928 69 85 1 0
975 598 35 35 1 0
155 513 17 20 1 0
1205 564 17 20 1 0
1646 617 35 35 1 0
1254 636 35 35 1 0
1213 652 35 35 1 0
1567 797 53 66 1 0
1083 768 53 66 1 0
1245 467 13 15 1 0
1016 592 35 35 1 0
1631 702 35 35 1 0
1440 507 17 20 1 0
1410 731 53 66 1 0
1141 577 17 20 1 0
808 539 17 20 1 0
1227 535 17 20 1 0
624 650 35 35 1 0
1729 695 35 35 1 0
926 516 17 20 1 0
1285 586 26 27 1 0
950 912 69 85 1 0
1438 629 35 35 1 0
1290 644 35 35 1 0
564 514 17 20 1 0
547 481 13 15 1 0
788 514 17 20 1 0
1170 760 53 66 1 0
739 516 17 20 1 0
1913 490 13 15 1 0
1728 753 53 66 1 0
703 521 17 20 1 0
1826 611 35 35 1 0
1306 532 17 20 1 0
1397 767 53 66 1 0
856 725 53 66 1 0
1575 633 35 35 1 0
1487 631 35 35 1 0
1746 899 69 85 1 0
1585 598 35 35 1 0
829 644 35 35 1 0
311 489 13 15 1 0
452 679 35 35 1 0
1258 513 17 20 1 0
1430 567 17 20 1 0
1141 661 35 35 1 0
1493 600 35 35 1 0
1441 648 35 35 1 0
1063 683 35 35 1 0
1703 602 35 35 1 0
1143 537 17 20 1 0
1651 891 69 85 1 0
210 676 35 35 1 0
1573 542 17 20 1 0
1520 823 53 66 1 0
1570 718 53 66 1 0
739 602 35 35 1 0
1005 475 13 15 1 0
1815 568 17 20 1 0
1203 751 53 66 1 0
210 464 13 15 1 0
1781 595 35 35 1 0
383 489 13 15 1 0
1211 490 13 15 1 0
879 973 69 85 1 0
1107 571 17 20 1 0
1039 542 17 20 1 0
602 512 17 20 1 0
176 607 35 35 1 0
1415 537 17 20 1 0
1132 531 17 20 1 0
1893 663 35 35 1 0
1354 477 13 15 1 0
1053 551 17 20 1 0
1103 521 17 20 1 0
1200 716 53 66 1 0
1863 676 35 35 1 0
1113 672 35 35 1 0
1172 537 17 20 1 0
364 564 17 20 1 0
1663 698 35 35 1 0
1251 723 53 66 1 0
330 519 17 20 1 0
1749 641 35 35 1 0
789 502 17 20 1 0
1619 765 53 66 1 0
1316 684 35 35 1 0
1346 571 17 20 1 0
1654 546 17 20 1 0
1764 926 69 85 1 0
1099 621 35 35 1 0
1503 482 13 15 1 0
1765 575 17 20 1 0
1395 661 35 35 1 0
1827 537 17 20 1 0
1410 634 35 35 1 0
1113 544 17 20 1 0
19 517 17 20 1 0
272 652 35 35 1 0
1306 520 17 20 1 0
1473 564 17 20 1 0
966 693 35 35 1 0
1256 602 35 35 1 0
16 585 21 23 1 0
1673 738 53 66 1 0
84 696 35 35 1 0
711 493 13 15 1 0
232 820 53 66 1 0
465 534 17 20 1 0
1724 642 35 35 1 0
406 459 13 15 1 0
1672 687 35 35 1 0
1482 578 17 20 1 0
1815 890 69 85 1 0
974 486 13 15 1 0
1218 468 13 15 1 0
772 568 17 20 1 0
66 499 13 15 1 0
1583 499 13 15 1 0
1167 702 35 35 1 0
1273 542 17 20 1 0
87 614 35 35 1 0
478 498 13 15 1 0
1585 666 35 35 1 0
1376 460 13 15 1 0
320 640 35 35 1 0
1376 589 26 27 1 0
279 704 35 35 1 0
1487 502 17 20 1 0
1331 460 13 15 1 0
1093 820 53 66 1 0
1805 615 35 35 1 0
501 508 17 20 1 0
1152 559 17 20 1 0
1298 549 17 20 1 0
1606 644 35 35 1 0
1075 529 17 20 1 0
380 667 35 35 1 0
1689 539 17 20 1 0
1596 734 53 66 1 0
136 660 35 35 1 0
906 523 17 20 1 0
1258 618 35 35 1 0
1137 657 35 35 1 0
1388 447 13 15 1 0
381 606 35 35 1 0
1762 483 13 15 1 0
1144 540 17 20 1 0
1532 502 17 20 1 0
1584 480 13 15 1 0
283 860 69 85 1 0
348 686 35 35 1 0
992 649 35 35 1 0
716 629 35 35 1 0
984 519 17 20 1 0
358 489 13 15 1 0
1377 441 13 15 1 0
1747 489 13 15 1 0
1291 569 17 20 1 0
1559 779 53 66 1 0
121 490 13 15 1 0
1635 582 17 20 1 0
548 495 13 15 1 0
445 463 13 15 1 0
1371 536 17 20 1 0
1685 641 35 35 1 0
1296 595 35 35 1 0
94 638 35 35 1 0
509 483 13 15 1 0
499 507 17 20 1 0
1520 595 35 35 1 0
163 464 13 15 1 0
732 809 53 66 1 0
1322 482 13 15 1 0
1330 518 17 20 1 0
1399 607 35 35 1 0
577 514 17 20 1 0
1876 974 69 85 1 0
358 608 35 35 1 0
95 779 53 66 1 0
1487 482 13 15 1 0
1082 471 13 15 1 0
1143 671 35 35 1 0
151 567 17 20 1 0
670 530 17 20 1 0
751 532 17 20 1 0
529 526 17 20 1 0
904 675 35 35 1 0
431 530 17 20 1 0
704 469 13 15 1 0
160 663 35 35 1 0
1627 501 13 15 1 0
1784 613 35 35 1 0
1692 699 35 35 1 0
1744 595 35 35 1 0
1554 583 17 20 1 0
1418 854 61 75 1 0
1390 576 17 20 1 0
1209 540 17 20 1 0
1737 655 35 35 1 0
760 477 13 15 1 0
152 776 53 66 1 0
536 650 35 35 1 0
1527 652 35 35 1 0
1494 465 13 15 1 0
1125 488 13 15 1 0
503 533 17 20 1 0
1573 620 35 35 1 0
1461 526 17 20 1 0
1226 703 44 50 1 0
1710 630 35 35 1 0
1016 843 53 66 1 0
206 530 17 20 1 0
731 651 35 35 1 0
1703 517 17 20 1 0
1471 742 53 66 1 0
737 480 13 15 1 0
1795 658 35 35 1 0
1897 531 17 20 1 0
635 526 17 20 1 0
1766 587 21 23 1 0
1205 965 69 85 1 0
1127 630 35 35 1 0
585 269 9 11 1 0
1245 545 17 20 1 0
829 776 53 66 1 0
1636 1046 69 85 1 0
329 533 17 20 1 0
845 487 13 15 1 0
822 682 35 35 1 0
1419 531 17 20 1 0
1334 1028 69 85 1 0
1761 513 17 20 1 0
901 562 17 20 1 0
1505 773 53 66 1 0
1408 709 53 66 1 0
1839 544 17 20 1 0
368 512 17 20 1 0
54 570 17 20 1 0
526 510 17 20 1 0
1551 476 13 15 1 0
1625 639 35 35 1 0
271 455 13 15 1 0
1729 505 17 20 1 0
771 679 35 35 1 0
400 724 53 66 1 0
1689 808 53 66 1 0
1364 566 17 20 1 0
361 467 13 15 1 0
1743 503 17 20 1 0
1443 553 17 20 1 0
1478 661 35 35 1 0
1114 539 17 20 1 0
116 888 69 85 1 0
1838 562 17 20 1 0
1407 937 69 85 1 0
1725 574 17 20 1 0
13 464 13 15 1 0
1250 838 53 66 1 0
1339 637 35 35 1 0
316 684 35 35 1 0
1154 649 35 35 1 0
778 843 53 66 1 0
1194 665 35 35 1 0
1239 473 13 15 1 0
1564 519 17 20 1 0
1017 521 17 20 1 0
1543 562 17 20 1 0
1197 554 17 20 1 0
400 874 69 85 1 0
939 563 17 20 1 0
1430 500 13 15 1 0
1768 838 53 66 1 0
352 508 17 20 1 0
50 535 17 20 1 0
232 695 35 35 1 0
591 534 17 20 1 0
1062 586 17 20 1 0
1092 654 35 35 1 0
589 512 17 20 1 0
