274 425 32 35 1 0
595 235 38 35 1 0
88 75 27 27 1 0
382 61 27 27 1 0
16 485 31 32 1 0
974 173 38 35 1 0
785 111 27 27 1 0
133 75 27 27 1 0
436 568 32 44 1 0
643 76 27 27 1 0
632 566 32 44 1 0
146 430 32 35 1 0
586 41 27 27 1 0
270 270 28 16 1 0
950 564 32 44 1 0
166 281 28 16 1 0
699 55 27 27 1 0
916 143 27 27 1 0
361 506 32 39 1 0
485 426 32 35 1 0
289 161 38 35 1 0
901 409 32 35 1 0
225 573 32 44 1 0
1034 585 32 44 1 0
68 171 38 35 1 0
926 189 38 35 1 0
870 180 38 35 1 0
21 116 27 27 1 0
383 228 38 35 1 0
788 426 32 35 1 0
1009 405 32 35 1 0
677 413 32 35 1 0
118 480 32 35 1 0
736 12 27 27 1 0
290 54 27 27 1 0
564 210 38 35 1 0
446 68 27 27 1 0
808 42 27 27 1 0
48 432 32 35 1 0
327 562 32 44 1 0
729 560 32 44 1 0
697 227 38 35 1 0
737 159 38 35 1 0
489 237 38 35 1 0
841 560 32 44 1 0
573 417 32 35 1 0
991 61 27 27 1 0
792 238 38 35 1 0
480 67 27 27 1 0
907 50 27 27 1 0
74 277 28 16 1 0
862 490 32 39 1 0
181 62 27 27 1 0
542 516 32 35 1 0
571 116 27 27 1 0
1024 128 27 27 1 0
277 131 27 27 1 0
309 114 27 27 1 0
