234 217 16 18 1 1
112 239 16 18 1 1
147 410 72 79 1 0
1016 381 72 79 1 0
1164 280 18 25 1 1
246 338 40 56 1 0
376 291 18 25 1 1
482 272 18 25 1 1
653 300 40 56 1 0
629 229 3 2 1 1
998 283 18 25 1 1
142 325 40 56 1 1
827 382 72 79 1 0
1064 270 18 25 1 1
165 231 16 18 1 1
348 291 18 25 1 1
948 319 40 56 1 0
555 235 3 2 1 1
574 387 72 79 1 0
589 269 18 25 1 1
982 342 40 56 1 0
26 331 40 56 1 1
769 254 11 10 1 1
551 335 40 56 1 0
636 404 72 79 1 0
72 344 40 56 1 0
313 303 40 56 2 1
1189 409 72 79 1 0
853 295 18 25 1 1
401 315 40 56 1 1
432 279 18 25 1 1
915 218 3 2 1 1
706 267 18 25 1 1
925 291 18 25 1 1
528 231 3 2 1 1
327 210 16 18 1 1
538 298 18 25 1 1
594 232 3 2 1 1
716 288 18 25 1 1
546 275 18 25 1 1
516 302 40 56 1 1
174 295 18 25 1 1
1204 278 18 25 1 1
1099 352 40 56 1 0
660 273 18 25 1 1
391 390 72 79 1 0
753 432 72 79 1 0
290 308 40 56 2 1
638 332 40 56 1 0
1160 341 40 56 1 0
1063 313 40 56 1 0
451 305 40 56 1 0
562 260 18 25 1 1
534 263 18 25 1 1
881 264 18 25 1 1
793 340 40 56 1 0
838 338 40 56 1 0
212 303 40 56 1 1
313 373 72 79 1 0
775 294 18 25 1 1
481 338 40 56 1 0
