348 128 15 20 1 0
474 109 15 20 1 0
562 129 13 17 1 0
267 158 15 20 1 0
185 107 15 20 1 0
163 179 15 20 1 0
333 163 15 20 1 0
230 103 13 17 1 0
116 204 19 30 1 0
263 198 19 30 1 0
210 160 15 20 1 0
211 120 15 20 1 0
380 141 15 20 1 0
344 289 28 37 1 0
114 189 19 30 1 0
568 152 13 17 1 0
69 172 15 20 1 0
183 169 15 20 1 0
271 119 15 20 1 0
534 260 24 37 1 0
251 183 19 30 1 0
127 145 15 20 1 0
480 194 19 30 1 0
430 115 15 20 1 0
360 134 15 20 1 0
473 141 15 20 1 0
392 149 15 20 1 0
156 132 15 20 1 0
437 127 15 20 1 0
99 185 19 30 1 0
50 212 19 30 1 0
179 144 15 20 1 0
238 147 15 20 1 0
38 244 28 37 1 0
329 115 15 20 1 0
443 243 28 37 1 0
448 159 15 20 1 0
405 273 28 37 1 0
59 155 15 20 1 0
341 232 28 37 1 0
468 233 24 37 1 0
75 192 19 30 1 0
197 206 19 30 1 0
75 164 15 20 1 0
279 259 28 37 1 0
277 216 16 25 1 0
149 149 15 20 1 0
59 195 19 30 1 0
130 237 28 37 1 0
86 149 15 20 1 0
507 180 19 30 1 0
363 207 19 30 1 0
29 201 16 25 1 0
547 212 19 30 1 0
98 209 19 30 1 0
196 148 15 20 1 0
258 120 15 20 1 0
452 207 19 30 1 0
516 158 15 20 1 0
235 168 15 20 1 0
128 175 15 20 1 0
303 110 15 20 1 0
45 168 15 20 1 0
121 276 28 37 1 0
229 196 19 30 1 0
456 144 15 20 1 0
274 172 15 20 1 0
53 147 15 20 1 0
160 237 28 37 1 0
168 274 28 37 1 0
3 169 13 17 1 0
31 150 13 17 1 0
216 178 15 20 1 0
411 215 16 25 1 0
281 113 15 20 1 0
4 288 24 37 1 0
374 233 28 37 1 0
197 173 15 20 1 0
273 143 15 20 1 0
282 311 58 68 1 0
78 248 28 37 1 0
527 284 53 60 1 0
310 168 15 20 1 0
349 151 15 20 1 0
3 147 13 17 1 0
478 164 15 20 1 0
102 141 15 20 1 0
561 183 16 25 1 0
217 254 28 37 1 0
116 157 15 20 1 0
372 117 15 20 1 0
296 218 19 25 1 0
180 240 28 37 1 0
62 357 110 62 1 0
223 121 15 20 1 0
142 187 19 30 1 0
439 189 19 30 1 0
380 155 15 20 1 0
104 166 15 20 1 0
315 141 15 20 1 0
329 132 15 20 1 0
403 155 15 20 1 0
332 192 19 30 1 0
530 215 16 25 1 0
119 120 15 20 1 0
25 175 13 17 1 0
121 136 15 20 1 0
293 167 15 20 1 0
