499 2040 99 157 1 0
2940 1949 66 85 1 0
4932 2644 299 363 1 0
705 1708 53 69 1 0
3011 1983 66 85 1 0
393 1425 53 69 1 0
2374 2249 173 238 1 0
2719 1984 108 133 1 0
2247 1983 108 133 1 0
3206 2002 66 85 1 0
567 1549 53 69 1 0
776 1523 53 69 1 0
2331 1899 92 90 1 0
3732 2103 93 117 1 0
4267 2078 114 159 3 0
4416 2185 114 159 1 0
4679 2170 114 159 1 0
4508 2224 114 159 3 0
4637 1983 114 159 1 0
4310 2066 114 159 3 0
3533 2740 286 420 1 0
3031 2104 66 85 1 0
4431 2530 299 363 1 0
33 1723 64 87 1 0
4762 2157 45 34 1 0
849 1760 97 144 1 0
2554 1925 108 133 1 0
2018 1774 92 90 1 0
1152 1723 97 144 1 0
3397 2128 76 100 1 0
3207 2150 76 100 1 0
4065 2210 93 117 1 0
1031 1822 97 144 1 0
1361 3527 335 437 1 0
2779 2001 108 133 1 0
2497 1890 108 133 1 0
4266 2190 114 159 1 0
2641 1896 108 133 1 0
4320 2279 114 159 1 0
414 1823 97 144 1 0
3042 1794 66 85 1 0
2141 2419 173 238 1 0
1006 1633 53 69 1 0
2141 1915 92 90 1 0
3889 2397 166 186 1 0
4724 2270 114 159 1 0
3332 2260 76 100 1 0
3804 1862 93 117 1 0
934 1781 97 144 1 0
2601 2006 108 133 1 0
126 1999 99 157 1 0
2069 1718 92 90 1 0
3461 1996 76 100 1 0
3777 2243 93 117 1 0
1140 1859 97 144 1 0
616 2249 204 325 1 0
4760 1950 45 34 1 0
1274 1744 97 144 1 0
680 1594 53 69 1 0
2840 1955 108 133 3 0
4831 2233 45 34 1 0
334 1502 53 69 1 0
3440 2066 76 100 1 0
4000 2181 93 117 1 0
1686 2436 258 330 1 0
3974 2091 93 117 3 0
4437 2099 114 159 1 0
841 1577 53 69 1 0
2192 1368 51 79 1 0
392 1501 53 69 1 0
976 1431 53 69 1 0
21 2591 335 437 1 0
505 1623 53 69 1 0
4510 2152 114 159 3 0
2282 1824 92 90 1 0
2804 1830 108 133 1 0
2245 1909 92 90 1 0
3338 2139 76 100 1 0
2183 2242 173 238 1 0
2886 2137 288 326 1 0
2871 1872 108 133 1 0
618 1489 53 69 1 0
877 1580 53 69 1 0
3939 2100 93 117 3 0
2797 1920 108 133 3 0
3915 1871 93 117 1 0
1545 2079 258 330 1 0
3573 2385 166 186 1 0
4034 1901 93 117 1 0
3719 2358 166 186 1 0
1378 2169 204 325 1 0
4179 2252 93 117 1 0
2411 3441 286 420 1 0
3250 1966 66 85 1 0
743 1891 97 144 1 0
3173 1968 66 85 1 0
1128 2210 204 325 1 0
858 1669 53 69 1 0
948 1641 53 69 1 0
2085 1823 92 90 1 0
4188 2074 93 117 1 0
2805 3026 288 326 1 0
3400 2227 76 100 1 0
590 1735 53 69 1 0
