367 211 9 9 1 1
368 163 4 3 1 1
509 203 11 11 1 1
265 232 13 14 1 0
329 191 4 5 1 1
281 214 9 9 1 0
266 253 15 17 1 0
154 205 6 4 1 1
365 190 4 5 1 1
433 202 6 4 1 1
14 244 12 13 1 0
98 236 13 14 1 0
345 162 4 3 1 1
225 301 27 31 1 0
181 231 13 14 1 0
317 165 4 3 1 1
308 196 4 4 1 1
382 217 9 9 1 0
101 201 6 4 1 1
98 258 12 13 1 0
244 193 4 5 1 1
373 224 13 14 1 0
220 257 15 17 1 0
259 216 11 11 1 0
258 205 6 4 1 1
431 255 15 16 1 0
154 220 13 14 2 0
64 257 12 13 1 0
40 227 13 14 1 0
468 208 6 4 1 1
336 209 6 4 1 1
356 187 4 5 1 1
44 210 6 4 1 1
335 228 13 14 1 0
325 164 4 3 1 1
382 197 6 4 1 1
330 219 13 14 1 0
333 161 4 3 1 1
183 191 4 5 1 1
357 159 4 3 1 1
394 177 4 3 1 1
168 220 13 14 1 0
28 204 6 4 1 1
450 290 27 31 1 0
335 193 4 5 1 1
377 195 5 4 1 1
414 315 27 31 1 0
367 171 4 3 1 1
381 179 4 3 1 1
140 212 13 14 2 1
450 230 13 14 1 0
31 235 13 14 1 0
437 243 13 14 1 0
423 209 6 4 1 1
502 213 11 11 1 1
248 190 4 5 1 1
465 213 11 11 1 1
421 237 13 14 1 0
365 175 4 3 1 1
430 226 13 14 1 0
17 209 9 9 1 1
56 289 18 22 1 0
374 189 4 5 1 1
388 172 4 3 1 1
472 304 27 31 1 0
61 223 13 14 1 0
235 191 4 5 1 1
296 207 6 4 1 1
293 218 7 6 1 0
270 361 32 40 1 0
103 193 9 9 1 1
329 334 32 40 1 0
202 236 13 14 1 0
279 190 4 5 1 1
255 229 13 14 1 0
32 246 12 13 1 0
460 273 15 16 1 0
182 255 15 17 1 0
93 193 9 9 1 1
240 211 7 6 1 1
116 225 13 14 2 0
81 227 13 14 1 0
123 233 13 14 1 0
504 200 9 9 1 1
354 219 13 14 1 0
360 223 13 14 1 0
312 212 9 9 1 1
201 203 6 4 1 1
135 271 12 13 1 0
128 194 9 9 1 1
328 207 6 4 1 1
317 209 6 4 1 1
485 235 13 14 1 0
378 162 4 3 1 1
338 189 4 5 1 1
369 197 6 4 1 1
374 164 4 3 1 1
348 256 15 16 1 0
158 225 13 14 2 0
414 235 13 14 1 0
127 221 13 14 1 0
206 196 5 4 1 1
143 356 32 40 1 0
397 254 15 16 1 0
224 209 6 4 1 1
339 365 32 40 1 0
355 326 27 31 1 0
147 227 13 14 1 0
275 267 15 17 1 0
281 228 13 14 1 0
332 181 4 3 1 1
46 218 11 11 1 0
412 197 6 4 1 1
382 168 4 3 1 1
271 191 4 5 1 1
135 217 13 14 2 0
325 196 5 4 1 1
218 192 4 5 1 1
307 180 4 3 1 1
476 210 6 4 1 1
235 215 7 6 1 0
71 221 13 14 1 0
367 202 6 4 1 1
455 223 13 14 1 0
188 207 6 4 1 1
307 235 13 14 1 0
516 219 13 14 1 0
57 198 6 4 1 1
314 198 6 4 1 1
340 161 4 3 1 1
346 193 4 5 1 1
431 189 6 4 1 1
342 192 4 5 1 1
199 209 6 4 1 1
182 206 6 4 1 1
439 216 9 9 1 0
515 274 17 18 1 0
404 227 13 14 2 0
206 213 7 6 1 1
383 164 4 3 1 1
16 199 9 9 1 1
501 204 9 9 1 1
383 226 13 14 1 0
342 186 4 5 1 1
391 196 5 4 1 1
135 230 13 14 1 0
186 323 27 31 1 0
324 260 15 16 1 0
329 286 27 31 1 0
164 211 11 11 1 1
199 196 5 4 1 1
378 182 4 3 1 1
107 292 18 22 1 0
410 212 7 6 1 1
203 224 13 14 1 0
43 266 12 13 1 0
302 204 6 4 1 1
18 226 9 8 1 0
213 193 4 5 1 1
189 193 4 5 1 1
346 205 6 4 1 1
226 223 13 14 1 0
301 224 13 14 1 0
315 190 4 5 1 1
318 239 13 14 1 0
312 191 4 5 1 1
231 204 6 4 1 1
298 192 4 5 1 1
259 191 4 5 1 1
270 222 13 14 1 0
215 235 13 14 1 0
266 192 4 5 1 1
492 221 13 14 1 0
50 240 13 14 1 0
396 214 7 6 1 0
392 203 6 4 1 1
373 183 4 3 1 1
400 171 4 3 1 1
353 194 4 4 1 1
381 206 6 4 1 1
7 204 9 9 1 1
112 257 12 13 1 0
115 201 6 4 1 1
251 201 6 4 1 1
362 162 4 3 1 1
120 219 13 14 2 0
495 231 13 14 1 0
52 202 6 4 1 1
413 286 27 31 1 0
229 191 4 5 1 1
394 224 13 14 1 0
286 200 6 4 1 1
387 247 13 14 1 0
359 275 15 16 1 0
403 206 6 4 1 1
328 178 4 3 1 1
401 364 32 40 1 0
253 189 4 5 1 1
292 183 4 3 1 1
13 260 12 13 1 0
466 228 13 14 1 0
322 187 4 5 1 1
316 225 13 14 1 0
257 199 6 4 1 1
358 175 4 3 1 1
279 202 6 4 1 1
86 207 6 4 1 1
282 192 4 5 1 1
411 226 13 14 2 0
320 173 4 3 1 1
347 217 9 9 1 0
294 191 4 5 1 1
395 170 4 3 1 1
458 242 13 14 1 0
169 210 6 4 1 1
99 219 13 14 1 0
414 207 6 4 1 1
4 284 18 22 1 0
454 386 27 31 1 0
178 220 13 14 1 0
387 189 4 5 1 1
