30 764 13 13 1 0
539 565 3 4 1 1
170 574 3 4 1 1
59 584 6 9 1 1
109 587 6 9 1 1
566 607 6 9 1 1
346 643 8 11 1 0
90 572 3 4 1 1
542 724 13 13 2 0
563 576 6 9 1 1
428 682 8 11 1 0
310 630 8 11 1 1
598 594 6 9 1 1
562 599 6 9 1 1
85 595 6 9 1 1
550 711 13 13 1 0
368 721 13 13 1 0
471 623 8 11 1 1
412 614 6 9 1 1
375 622 8 11 1 1
523 578 6 9 1 1
69 591 6 9 1 1
486 621 8 11 1 1
98 637 8 11 1 1
212 629 8 11 1 1
95 605 6 9 1 1
401 573 3 4 1 1
35 642 8 11 1 0
70 623 8 11 1 1
611 749 13 13 1 0
78 589 6 9 1 1
311 766 13 13 1 0
278 578 6 9 1 1
444 746 13 13 1 0
261 742 13 13 1 0
207 591 6 9 1 1
600 561 3 4 1 1
237 611 6 9 1 1
489 644 8 11 1 0
464 625 8 11 1 1
47 577 6 9 1 1
571 563 3 4 1 1
573 593 6 9 1 1
134 649 8 11 1 0
193 591 6 9 1 1
577 614 6 9 1 1
540 608 6 9 1 1
321 557 3 4 1 1
409 749 13 13 1 0
112 737 13 13 1 0
72 600 6 9 1 1
101 569 3 4 1 1
279 559 3 4 1 1
84 618 8 11 1 1
222 743 13 13 1 0
480 581 6 9 1 1
596 585 6 9 1 1
150 587 6 9 1 1
539 697 13 13 1 0
106 599 6 9 1 1
47 727 13 13 1 0
87 609 6 9 1 1
113 569 3 4 1 1
543 623 8 11 1 1
546 725 13 13 2 0
69 680 8 11 1 0
498 652 8 11 1 0
157 598 6 9 1 1
279 739 13 13 1 0
198 586 6 9 1 1
242 565 3 4 1 1
274 611 6 9 1 1
92 571 3 4 1 1
199 557 3 4 1 1
259 709 13 13 1 0
422 664 8 11 1 0
586 674 8 11 1 0
88 576 6 9 1 1
431 646 8 11 1 0
584 576 6 9 1 1
202 610 6 9 1 1
59 651 8 11 1 0
408 588 6 9 1 1
138 569 3 4 1 1
549 617 8 11 1 1
324 625 8 11 1 1
241 591 6 9 1 1
207 558 3 4 1 1
243 619 8 11 1 1
464 576 6 9 1 1
125 566 3 4 1 1
592 627 8 11 1 1
65 588 6 9 1 1
239 676 8 11 1 0
581 544 3 4 1 1
519 734 13 13 1 0
612 569 3 4 1 1
508 582 6 9 1 1
445 633 8 11 1 1
394 572 3 4 1 1
234 569 3 4 1 1
32 655 8 11 1 0
621 595 6 9 1 1
221 770 13 13 1 0
257 569 3 4 1 1
476 672 8 11 1 0
341 590 6 9 1 1
94 593 6 9 1 1
546 563 3 4 1 1
186 558 3 4 1 1
586 573 3 4 1 1
437 630 8 11 1 1
554 601 6 9 1 1
234 623 8 11 1 1
73 558 3 4 1 1
463 584 6 9 1 1
87 600 6 9 1 1
171 579 6 9 1 1
442 587 6 9 1 1
3 573 5 7 1 1
35 716 13 13 1 0
543 552 3 4 1 1
22 593 6 9 1 1
244 562 3 4 1 1
618 580 4 6 1 1
559 680 8 11 1 0
249 704 13 13 2 0
358 657 8 11 1 0
359 678 8 11 1 0
377 609 6 9 1 1
265 591 6 9 1 1
376 664 8 11 1 0
166 563 3 4 1 1
164 720 13 13 1 0
597 578 6 9 1 1
521 584 6 9 1 1
49 697 13 13 1 0
45 656 8 11 1 0
418 558 3 4 1 1
393 709 13 13 1 0
600 567 3 4 1 1
403 586 6 9 1 1
46 611 6 9 1 1
204 663 8 11 1 0
162 615 7 10 1 1
568 689 8 11 1 0
591 576 6 9 1 1
397 559 3 4 1 1
233 586 6 9 1 1
381 564 3 4 1 1
423 752 13 13 1 0
198 615 7 10 1 1
281 576 6 9 1 1
512 572 3 4 1 1
383 700 13 13 1 0
526 574 3 4 1 1
172 584 6 9 1 1
78 630 8 11 1 1
441 565 3 4 1 1
17 632 8 11 1 1
471 593 6 9 1 1
550 643 8 11 1 0
264 573 3 4 1 1
407 654 8 11 1 0
11 564 4 6 1 1
170 618 8 11 1 1
78 600 6 9 1 1
248 646 8 11 1 0
595 560 3 4 1 1
41 617 8 11 1 1
443 682 8 11 1 0
608 637 8 11 1 1
553 556 3 4 1 1
513 611 6 9 1 1
138 617 8 11 1 1
66 582 6 9 1 1
487 557 3 4 1 1
136 627 8 11 1 1
228 730 13 13 1 0
437 605 6 9 1 1
30 577 6 9 1 1
466 723 13 13 1 0
30 569 3 4 1 1
221 593 6 9 1 1
295 604 6 9 1 1
262 557 3 4 1 1
82 566 3 4 1 1
569 593 6 9 1 1
196 604 6 9 1 1
363 564 3 4 1 1
420 572 3 4 1 1
150 624 8 11 1 1
430 563 3 4 1 1
258 671 8 11 1 0
370 698 13 13 1 0
268 569 3 4 1 1
129 600 6 9 1 1
178 564 3 4 1 1
486 672 8 11 1 0
518 607 6 9 1 1
499 573 3 4 1 1
298 671 8 11 1 0
606 688 8 11 1 0
431 598 6 9 1 1
10 576 6 9 1 1
207 583 6 9 1 1
430 570 3 4 1 1
600 745 13 13 1 0
382 624 8 11 1 1
262 621 8 11 1 1
240 572 3 4 1 1
417 617 8 11 1 1
55 667 8 11 1 0
607 710 13 13 2 0
246 576 6 9 1 1
396 691 10 12 1 0
302 603 6 9 1 1
182 594 6 9 1 1
256 674 8 11 1 0
245 670 8 11 1 0
478 628 8 11 1 1
268 768 13 13 1 0
509 684 8 11 1 0
158 562 3 4 1 1
187 628 8 11 1 1
166 699 13 13 2 0
472 561 3 4 1 1
164 600 6 9 1 1
206 568 3 4 1 1
229 565 3 4 1 1
287 689 8 11 1 0
376 597 6 9 1 1
553 541 3 4 1 1
101 613 6 9 1 1
93 580 6 9 1 1
583 626 8 11 1 1
181 586 6 9 1 1
54 599 6 9 2 1
316 602 6 9 1 1
479 619 8 11 1 1
37 596 6 9 1 1
197 656 8 11 1 0
425 644 8 11 1 0
398 586 6 9 1 1
250 581 6 9 1 1
47 620 8 11 1 1
288 617 8 11 1 1
187 714 13 13 1 0
33 610 6 9 1 1
456 601 6 9 1 1
311 708 13 13 1 0
418 652 8 11 1 0
415 593 6 9 1 1
440 577 6 9 1 1
551 580 6 9 1 1
96 567 3 4 1 1
394 639 8 11 1 0
221 560 3 4 1 1
211 600 6 9 1 1
508 751 13 13 2 0
559 614 6 9 1 1
574 602 6 9 1 1
560 618 8 11 1 1
119 645 8 11 1 0
265 644 8 11 1 0
195 625 8 11 1 1
102 631 8 11 1 1
298 585 6 9 1 1
241 557 3 4 1 1
60 577 6 9 1 1
172 634 8 11 1 1
542 642 8 11 1 0
127 581 6 9 1 1
202 580 6 9 1 1
509 698 13 13 1 0
181 621 8 11 1 1
57 686 8 11 1 0
499 662 8 11 1 0
539 589 6 9 1 1
241 690 8 11 1 0
32 753 13 13 1 0
343 633 8 11 1 1
386 578 6 9 1 1
609 558 3 4 1 1
396 589 6 9 1 1
62 622 8 11 1 1
295 632 8 11 1 1
576 598 6 9 1 1
351 594 6 9 1 1
391 592 6 9 1 1
209 575 3 4 1 1
564 632 8 11 1 1
404 699 13 13 1 0
269 591 6 9 1 1
10 605 6 9 1 1
130 662 8 11 1 0
166 552 3 4 1 1
379 592 6 9 1 1
260 689 8 11 1 0
570 619 8 11 1 1
615 760 13 13 1 0
122 592 6 9 1 1
390 610 6 9 1 1
369 590 6 9 1 1
376 687 8 11 1 0
350 579 6 9 1 1
551 586 6 9 1 1
116 751 13 13 1 0
60 615 7 10 1 1
439 564 3 4 1 1
327 711 13 13 1 0
461 593 6 9 1 1
563 589 6 9 1 1
119 691 10 12 1 0
187 594 6 9 1 1
382 646 8 11 1 0
346 565 3 4 1 1
315 636 8 11 1 1
333 686 8 11 1 0
57 631 8 11 1 1
232 581 6 9 1 1
156 618 8 11 1 1
52 570 3 4 1 1
142 599 6 9 1 1
528 587 6 9 1 1
608 622 8 11 1 1
288 623 8 11 1 1
454 674 8 11 1 0
326 764 13 13 1 0
292 594 6 9 1 1
376 578 6 9 1 1
605 539 3 4 1 1
591 617 8 11 1 1
329 641 8 11 1 0
485 590 6 9 1 1
177 560 3 4 1 1
316 665 8 11 1 0
192 668 8 11 1 0
569 554 3 4 1 1
272 580 6 9 1 1
217 623 8 11 1 1
448 619 8 11 1 1
96 729 13 13 1 0
563 554 3 4 1 1
335 573 3 4 1 1
319 682 8 11 1 0
150 565 3 4 1 1
511 607 6 9 1 1
489 610 6 9 1 1
475 570 3 4 1 1
130 612 6 9 1 1
107 608 6 9 1 1
99 578 6 9 1 1
525 645 8 11 1 0
302 554 3 4 1 1
53 662 8 11 1 0
529 768 13 13 1 0
129 575 4 6 1 1
170 565 3 4 1 1
517 572 3 4 1 1
291 569 3 4 1 1
560 562 3 4 1 1
543 579 6 9 1 1
187 580 6 9 1 1
547 552 3 4 1 1
302 570 3 4 1 1
493 731 13 13 1 0
233 575 4 6 1 1
601 729 13 13 1 0
384 590 6 9 1 1
246 595 6 9 1 1
547 589 6 9 1 1
108 620 8 11 1 1
119 550 3 4 1 1
606 615 7 10 1 1
446 641 8 11 1 0
179 627 8 11 1 1
206 598 6 9 1 1
133 607 6 9 1 1
326 611 6 9 1 1
317 759 13 13 1 0
443 665 8 11 1 0
109 562 3 4 1 1
248 633 8 11 1 1
268 596 6 9 1 1
407 563 3 4 1 1
12 619 7 10 1 1
188 570 3 4 1 1
120 628 8 11 1 1
187 687 8 11 1 0
348 636 8 11 1 1
566 666 8 11 1 0
434 558 3 4 1 1
351 631 8 11 1 1
394 565 3 4 1 1
22 618 7 10 2 1
349 693 11 12 1 0
274 580 6 9 1 1
295 702 13 13 1 0
382 670 8 11 1 0
301 610 6 9 1 1
379 573 3 4 1 1
314 570 3 4 1 1
591 646 8 11 1 0
146 565 3 4 1 1
436 568 3 4 1 1
310 553 3 4 1 1
193 558 3 4 1 1
163 593 6 9 1 1
167 605 6 9 1 1
475 715 13 13 2 0
288 564 3 4 1 1
38 589 6 9 1 1
77 660 8 11 1 0
391 600 6 9 1 1
58 597 6 9 1 1
98 611 6 9 1 1
179 556 3 4 1 1
439 732 13 13 1 0
413 568 3 4 1 1
601 633 8 11 1 1
540 579 6 9 1 1
499 598 6 9 1 1
459 611 6 9 1 1
453 555 3 4 1 1
115 592 6 9 1 1
544 611 6 9 1 1
540 652 8 11 1 0
182 557 3 4 1 1
516 630 8 11 1 1
576 574 3 4 1 1
385 571 3 4 1 1
547 580 6 9 1 1
138 592 6 9 1 1
66 672 8 11 1 0
69 595 6 9 1 1
56 559 3 4 1 1
307 574 3 4 1 1
69 694 9 11 1 0
168 616 6 9 1 1
532 690 8 11 1 0
63 662 8 11 1 0
2 689 9 11 1 0
104 594 6 9 1 1
303 639 8 11 1 0
14 606 6 9 1 1
222 703 13 13 1 0
184 770 13 13 1 0
589 559 3 4 1 1
609 574 3 4 1 1
203 629 8 11 1 1
545 680 8 11 1 0
273 572 3 4 1 1
126 624 8 11 1 1
599 645 8 11 1 0
121 607 6 9 1 1
617 652 8 11 1 0
477 574 3 4 1 1
168 610 6 9 1 1
329 636 8 11 1 1
582 561 3 4 1 1
617 661 8 11 1 0
525 682 8 11 1 0
376 568 3 4 1 1
603 773 13 13 1 0
621 698 13 13 2 0
445 596 6 9 1 1
324 602 6 9 1 1
31 589 6 9 1 1
114 486 3 4 1 1
119 610 6 9 1 1
230 683 8 11 1 0
515 593 6 9 1 1
122 678 8 11 1 0
302 562 3 4 1 1
514 567 3 4 1 1
569 578 6 9 1 1
56 691 10 12 2 0
112 609 6 9 1 1
186 604 6 9 1 1
160 635 8 11 1 1
236 592 6 9 1 1
521 575 3 5 1 1
364 589 6 9 1 1
226 589 6 9 1 1
143 626 8 11 1 1
58 750 13 13 1 0
595 656 8 11 1 0
139 581 6 9 1 1
76 616 7 10 1 1
288 575 3 5 1 1
169 696 13 13 2 0
273 747 13 13 1 0
40 664 8 11 1 0
601 618 8 11 1 1
91 684 8 11 1 0
444 602 6 9 1 1
193 680 8 11 1 0
252 586 6 9 1 1
247 609 6 9 1 1
334 594 6 9 1 1
6 623 7 10 1 1
263 662 8 11 1 0
567 684 8 11 1 0
45 593 6 9 1 1
379 759 13 13 1 0
599 670 8 11 1 0
298 617 8 11 1 1
425 710 13 13 1 0
529 578 6 9 1 1
114 634 8 11 1 1
436 576 6 9 1 1
357 696 13 13 2 0
222 575 3 5 1 1
421 625 8 11 1 1
139 588 6 9 1 1
151 780 13 13 1 0
517 690 8 11 1 0
381 582 6 9 1 1
424 569 3 4 1 1
75 747 13 13 1 0
94 588 6 9 1 1
295 560 3 4 1 1
258 592 6 9 1 1
96 579 6 9 1 1
254 617 8 11 1 1
275 559 3 4 1 1
260 567 3 4 1 1
10 661 8 11 1 0
198 640 8 11 1 0
560 659 8 11 1 0
261 586 6 9 1 1
140 579 6 9 1 1
77 563 3 4 1 1
59 611 6 9 1 1
422 607 6 9 1 1
563 722 13 13 1 0
417 597 6 9 1 1
398 579 6 9 1 1
427 722 13 13 1 0
133 779 13 13 1 0
236 629 8 11 1 1
103 602 6 9 1 1
172 603 6 9 1 1
416 578 6 9 1 1
173 711 13 13 2 0
590 561 3 4 1 1
152 602 6 9 1 1
267 691 10 12 1 0
146 726 13 13 1 0
338 561 3 4 1 1
142 574 3 4 1 1
110 649 8 11 1 0
387 562 3 4 1 1
135 594 6 9 1 1
20 567 4 6 1 1
176 576 6 9 1 1
406 598 6 9 1 1
613 616 7 10 1 1
275 706 13 13 2 0
559 604 6 9 1 1
350 583 6 9 1 1
158 569 3 4 1 1
408 630 8 11 1 1
110 663 8 11 1 0
99 582 6 9 1 1
569 727 13 13 1 0
267 577 6 9 1 1
192 587 6 9 1 1
553 592 6 9 1 1
467 762 13 13 1 0
311 584 6 9 1 1
253 568 3 4 1 1
94 576 6 9 1 1
341 675 8 11 1 0
572 689 8 11 1 0
65 595 6 9 1 1
221 600 6 9 1 1
128 594 6 9 1 1
310 619 8 11 1 1
500 582 6 9 1 1
194 608 6 9 1 1
294 563 3 4 1 1
186 676 8 11 1 0
437 638 8 11 1 0
262 613 6 9 1 1
435 585 6 9 1 1
481 704 13 13 2 0
393 585 6 9 1 1
400 569 3 4 1 1
355 621 8 11 1 1
303 593 6 9 1 1
372 647 8 11 1 0
33 585 6 9 1 1
507 634 8 11 1 1
573 554 3 4 1 1
30 695 13 13 1 0
276 680 8 11 1 0
487 617 8 11 1 1
510 780 13 13 1 0
494 755 13 13 1 0
256 652 8 11 1 0
534 548 3 4 1 1
374 561 3 4 1 1
371 600 6 9 1 1
49 675 8 11 1 0
302 558 3 4 1 1
310 662 8 11 1 0
398 619 8 11 1 1
315 612 6 9 1 1
409 622 8 11 1 1
31 603 6 9 1 1
419 602 6 9 1 1
453 605 6 9 1 1
539 548 3 4 1 1
552 625 8 11 1 1
343 686 8 11 1 0
128 645 8 11 1 0
601 573 3 4 1 1
430 593 6 9 1 1
34 563 3 4 1 1
617 689 8 11 1 0
372 582 6 9 1 1
120 576 6 9 1 1
134 612 6 9 1 1
487 660 8 11 1 0
348 602 6 9 1 1
446 699 13 13 1 0
422 702 13 13 1 0
263 633 8 11 1 1
454 627 8 11 1 1
184 661 8 11 1 0
37 563 3 4 1 1
133 636 8 11 1 1
537 572 3 4 1 1
613 696 13 13 1 0
290 609 6 9 1 1
121 745 13 13 1 0
529 571 3 4 1 1
104 582 6 9 1 1
589 701 13 13 1 0
539 681 8 11 1 0
503 545 3 4 1 1
226 574 3 4 1 1
85 563 3 4 1 1
100 738 13 13 1 0
110 574 3 4 1 1
482 716 13 13 2 0
337 557 3 4 1 1
114 566 3 4 1 1
305 554 3 4 1 1
42 598 6 9 1 1
76 684 8 11 1 0
418 568 3 4 1 1
388 558 3 4 1 1
385 593 6 9 1 1
186 562 3 4 1 1
226 694 9 11 1 0
32 582 6 9 1 1
599 679 8 11 1 0
336 713 13 13 1 0
377 743 13 13 1 0
495 636 8 11 1 1
463 572 3 4 1 1
36 633 8 11 1 1
514 706 13 13 1 0
217 574 3 4 1 1
153 576 6 9 1 1
209 580 6 9 1 1
67 576 6 9 1 1
596 602 6 9 1 1
101 674 8 11 1 0
471 696 13 13 1 0
233 618 8 11 1 1
133 589 6 9 1 1
331 620 8 11 1 1
65 565 3 4 1 1
140 644 8 11 1 0
285 601 6 9 1 1
462 606 6 9 1 1
618 723 13 13 1 0
516 643 8 11 1 0
201 676 8 11 1 0
76 612 6 9 1 1
68 643 8 11 1 0
341 566 3 4 1 1
502 593 6 9 1 1
58 662 8 11 1 0
303 579 6 9 1 1
612 666 8 11 1 0
502 565 3 4 1 1
43 635 8 11 1 1
36 605 6 9 1 1
254 574 3 4 1 1
206 562 3 4 1 1
392 570 3 4 1 1
614 705 13 13 2 0
285 633 8 11 1 1
102 649 8 11 1 0
148 647 8 11 1 0
82 668 8 11 1 0
214 649 8 11 1 0
157 586 6 9 1 1
22 603 6 9 1 1
7 760 13 13 1 0
82 587 6 9 1 1
93 583 6 9 1 1
151 698 13 13 1 0
263 586 6 9 1 1
133 646 8 11 1 0
423 566 3 4 1 1
154 615 7 10 1 1
571 628 8 11 1 1
606 556 3 4 1 1
270 622 8 11 1 1
215 558 3 4 1 1
468 647 8 11 1 0
226 620 8 11 1 1
189 567 3 4 1 1
211 655 8 11 1 0
125 600 6 9 1 1
208 644 8 11 1 0
472 629 8 11 1 1
191 562 3 4 1 1
467 780 13 13 1 0
604 592 6 9 1 1
223 638 8 11 1 0
148 618 8 11 1 1
404 659 8 11 1 0
173 644 8 11 1 0
384 579 6 9 1 1
410 566 3 4 1 1
372 576 6 9 1 1
460 614 6 9 1 1
367 754 13 13 1 0
453 610 6 9 1 1
398 563 3 4 1 1
197 561 3 4 1 1
365 647 8 11 1 0
36 577 6 9 1 1
174 553 3 4 1 1
295 729 13 13 1 0
235 561 3 4 1 1
548 670 8 11 2 0
381 616 7 10 1 1
345 588 6 9 1 1
448 566 3 4 1 1
174 569 3 4 1 1
563 583 6 9 1 1
400 680 8 11 1 0
516 599 6 9 1 1
593 687 8 11 1 0
40 572 3 4 1 1
186 669 8 11 1 0
423 690 8 11 1 0
562 602 6 9 1 1
181 603 6 9 1 1
508 628 8 11 1 1
327 633 8 11 1 1
395 585 6 9 1 1
37 568 3 4 1 1
533 590 6 9 1 1
573 609 6 9 1 1
153 607 6 9 1 1
276 599 6 9 1 1
93 622 8 11 2 1
380 652 8 11 1 0
254 602 6 9 1 1
281 708 13 13 2 0
113 589 6 9 1 1
530 701 13 13 1 0
299 558 3 4 1 1
353 645 8 11 1 0
477 594 6 9 1 1
32 616 7 10 1 1
306 567 3 4 1 1
366 571 3 4 1 1
529 595 6 9 1 1
532 731 13 13 1 0
84 571 3 4 1 1
11 691 9 11 1 0
427 586 6 9 1 1
367 602 6 9 1 1
259 598 6 9 1 1
484 629 8 11 1 1
325 563 3 4 1 1
556 568 3 4 1 1
353 614 6 9 1 1
282 645 8 11 1 0
121 704 13 13 1 0
22 619 7 10 2 1
6 674 9 11 1 0
230 661 8 11 1 0
447 581 6 9 1 1
575 642 8 11 1 0
85 580 6 9 1 1
557 577 6 9 1 1
474 566 3 4 1 1
227 570 3 4 1 1
544 597 6 9 1 1
336 654 8 11 1 0
467 594 6 9 1 1
358 562 3 4 1 1
270 559 3 4 1 1
581 568 3 4 1 1
463 587 6 9 1 1
248 575 4 6 1 1
611 705 13 13 2 0
80 632 8 11 1 1
253 630 8 11 1 1
50 653 8 11 1 0
74 566 3 4 1 1
116 572 3 4 1 1
234 589 6 9 1 1
327 672 8 11 1 0
59 564 3 4 1 1
540 598 6 9 1 1
211 607 6 9 1 1
539 585 6 9 1 1
215 571 3 4 1 1
230 650 8 11 1 0
250 671 8 11 2 0
308 570 3 4 1 1
347 651 8 11 1 0
164 687 8 11 1 0
279 724 13 13 1 0
251 559 3 4 1 1
316 642 8 11 1 0
240 583 6 9 1 1
409 610 6 9 1 1
594 550 3 4 1 1
76 781 13 13 1 0
73 577 6 9 1 1
154 566 3 4 1 1
246 625 8 11 1 1
136 600 6 9 1 1
145 576 6 9 1 1
434 593 6 9 1 1
542 638 8 11 1 0
485 605 6 9 1 1
172 721 13 13 1 0
119 596 6 9 1 1
57 594 6 9 1 1
369 680 8 11 1 0
168 736 13 13 1 0
374 572 3 4 1 1
350 567 3 4 1 1
193 567 3 4 1 1
495 623 8 11 1 1
66 728 13 13 1 0
405 612 6 9 1 1
442 712 13 13 2 0
346 583 6 9 1 1
399 595 6 9 1 1
125 572 3 4 1 1
556 586 6 9 1 1
607 564 3 4 1 1
305 742 13 13 1 0
318 625 8 11 1 1
428 667 8 11 1 0
11 627 8 11 1 1
573 624 8 11 1 1
347 711 13 13 1 0
155 572 3 4 1 1
472 657 8 11 1 0
439 590 6 9 1 1
147 556 3 4 1 1
427 658 8 11 1 0
54 580 6 9 1 1
250 565 3 4 1 1
316 551 3 4 1 1
115 576 6 9 1 1
606 659 8 11 1 0
543 692 9 11 1 0
156 760 13 13 1 0
225 671 8 11 1 0
489 657 8 11 1 0
320 591 6 9 1 1
82 574 3 4 1 1
499 588 6 9 1 1
390 585 6 9 1 1
347 753 13 13 2 0
466 603 6 9 1 1
234 558 3 4 1 1
532 680 8 11 1 0
457 661 8 11 1 0
621 679 8 11 1 0
114 571 3 4 1 1
257 682 8 11 1 0
91 639 8 11 1 0
196 557 3 4 1 1
326 585 6 9 1 1
131 580 6 9 1 1
122 570 3 4 1 1
263 729 13 13 1 0
9 652 8 11 1 0
472 603 6 9 1 1
284 568 3 4 1 1
580 591 6 9 1 1
168 629 8 11 1 1
551 609 6 9 1 1
413 584 6 9 1 1
419 642 8 11 1 0
368 657 8 11 1 0
58 713 13 13 1 0
181 572 3 4 1 1
514 751 13 13 2 0
617 640 8 11 1 0
555 665 8 11 1 0
584 553 3 4 1 1
144 570 3 4 1 1
190 593 6 9 1 1
365 556 3 4 1 1
162 624 8 11 1 1
108 614 6 9 1 1
270 589 6 9 1 1
133 583 6 9 1 1
422 561 3 4 1 1
415 572 3 4 1 1
516 586 6 9 1 1
166 579 6 9 1 1
139 734 13 13 1 0
373 640 8 11 1 0
545 661 8 11 1 0
95 717 13 13 1 0
72 583 6 9 1 1
222 584 6 9 1 1
129 653 8 11 1 0
143 671 8 11 1 0
269 584 6 9 1 1
292 637 8 11 1 1
468 608 6 9 1 1
619 645 8 11 1 0
438 572 3 4 1 1
289 592 6 9 1 1
251 672 8 11 2 0
546 603 6 9 1 1
2 631 8 11 1 1
606 569 3 4 1 1
280 616 7 10 1 1
133 600 6 9 1 1
236 640 8 11 1 0
536 605 6 9 1 1
263 579 6 9 1 1
84 672 8 11 1 0
522 594 6 9 1 1
68 616 7 10 1 1
103 681 8 11 1 0
215 685 8 11 1 0
119 587 6 9 1 1
180 607 6 9 1 1
355 586 6 9 1 1
172 652 8 11 1 0
338 571 3 4 1 1
224 614 6 9 1 1
493 663 8 11 1 0
260 591 6 9 1 1
347 593 6 9 1 1
580 596 6 9 1 1
156 600 6 9 1 1
293 574 3 4 1 1
272 661 8 11 1 0
89 593 6 9 1 1
280 627 8 11 1 1
125 616 7 10 1 1
616 595 6 9 1 1
125 637 8 11 1 1
321 606 6 9 1 1
101 694 10 12 1 0
266 598 6 9 1 1
594 592 6 9 1 1
298 640 8 11 1 0
50 688 8 11 1 0
336 633 8 11 1 1
161 596 6 9 1 1
284 716 13 13 1 0
426 600 6 9 1 1
135 633 8 11 1 1
321 575 4 6 1 1
24 654 8 11 1 0
234 669 8 11 1 0
564 748 13 13 1 0
145 631 8 11 2 1
13 750 13 13 1 0
77 677 8 11 1 0
194 702 13 13 1 0
480 565 3 4 1 1
1 615 7 10 1 1
249 603 6 9 1 1
194 572 3 4 1 1
91 599 6 9 1 1
13 583 6 9 1 1
141 696 13 13 1 0
477 747 13 13 1 0
312 673 8 11 1 0
520 568 3 4 1 1
168 559 3 4 1 1
322 618 8 11 1 1
412 645 8 11 1 0
603 556 3 4 1 1
218 558 3 4 1 1
87 646 8 11 1 0
179 591 6 9 1 1
324 579 6 9 1 1
585 717 13 13 1 0
492 563 3 4 1 1
382 713 13 13 1 0
561 628 8 11 1 1
162 608 6 9 1 1
318 579 6 9 1 1
333 603 6 9 1 1
506 735 13 13 1 0
335 694 10 12 1 0
505 593 6 9 1 1
274 562 3 4 1 1
256 586 6 9 1 1
494 593 6 9 1 1
581 634 8 11 1 1
478 655 8 11 1 0
405 686 8 11 1 0
359 572 3 4 1 1
130 569 3 4 1 1
71 664 8 11 1 0
336 609 6 9 1 1
488 576 6 9 1 1
257 662 8 11 1 0
498 742 13 13 1 0
123 585 6 9 1 1
270 573 3 4 1 1
468 570 3 4 1 1
370 608 6 9 1 1
45 572 3 4 1 1
551 552 3 4 1 1
265 569 3 4 1 1
534 562 3 4 1 1
155 583 6 9 1 1
55 605 6 9 1 1
267 571 3 4 1 1
17 576 5 7 1 1
240 576 6 9 1 1
85 657 8 11 1 0
434 624 8 11 1 1
243 602 6 9 1 1
65 609 6 9 1 1
402 592 6 9 1 1
205 614 6 9 1 1
323 586 6 9 1 1
365 633 8 11 1 1
266 563 3 4 1 1
247 698 13 13 2 0
364 576 6 9 1 1
168 664 8 11 1 0
50 607 6 9 1 1
132 716 13 13 1 0
197 568 3 4 1 1
538 669 8 11 1 0
163 566 3 4 1 1
270 629 8 11 1 1
255 612 6 9 1 1
451 641 8 11 1 0
602 718 13 13 1 0
361 561 3 4 1 1
547 669 8 11 2 0
357 580 6 9 1 1
190 734 13 13 1 0
300 620 8 11 1 1
606 665 8 11 1 0
233 563 3 4 1 1
329 591 6 9 1 1
405 710 13 13 1 0
217 580 6 9 1 1
415 611 6 9 1 1
463 669 8 11 1 0
68 652 8 11 1 0
407 603 6 9 1 1
441 614 6 9 1 1
113 599 6 9 1 1
166 555 3 4 1 1
390 685 8 11 1 0
127 606 6 9 1 1
290 674 8 11 1 0
78 605 6 9 1 1
176 709 13 13 2 0
534 610 6 9 1 1
116 580 6 9 1 1
92 624 8 11 2 1
244 587 6 9 1 1
141 679 8 11 1 0
509 597 6 9 1 1
275 637 8 11 1 1
200 594 6 9 1 1
604 599 6 9 1 1
459 580 6 9 1 1
135 578 6 9 1 1
526 598 6 9 1 1
81 582 6 9 1 1
30 721 13 13 1 0
242 652 8 11 1 0
54 630 8 11 1 1
522 614 6 9 1 1
496 711 13 13 2 0
318 615 7 10 1 1
328 576 6 9 1 1
243 683 8 11 1 0
313 575 4 6 1 1
602 584 6 9 1 1
584 622 8 11 1 1
154 677 8 11 1 0
433 575 4 6 1 1
55 612 6 9 1 1
492 570 3 4 1 1
177 682 8 11 1 0
282 592 6 9 1 1
513 624 8 11 1 1
187 576 6 9 1 1
68 602 6 9 1 1
573 583 6 9 1 1
419 584 6 9 1 1
339 768 13 13 1 0
5 700 13 13 1 0
247 658 8 11 1 0
610 604 6 9 1 1
424 615 6 9 1 1
528 573 3 4 1 1
409 641 8 11 1 0
207 633 8 11 1 1
227 582 6 9 1 1
392 564 3 4 1 1
542 583 6 9 1 1
269 562 3 4 1 1
265 609 6 9 1 1
532 744 13 13 1 0
217 564 3 4 1 1
77 666 8 11 1 0
590 567 3 4 1 1
398 770 13 13 1 0
450 613 6 9 1 1
102 587 6 9 1 1
514 576 6 9 1 1
388 581 6 9 1 1
523 654 8 11 1 0
460 621 8 11 1 1
455 650 8 11 1 0
299 596 6 9 1 1
490 633 8 11 1 1
584 663 8 11 1 0
324 662 8 11 1 0
312 564 3 4 1 1
531 583 6 9 1 1
248 691 9 11 1 0
69 569 3 4 1 1
397 600 6 9 1 1
331 624 8 11 1 1
193 598 6 9 1 1
450 693 8 11 1 0
386 588 6 9 1 1
548 760 13 13 1 0
383 678 8 11 1 0
248 586 6 9 1 1
164 649 8 11 1 0
340 647 8 11 1 0
101 659 8 11 1 0
601 697 13 13 1 0
564 642 8 11 1 0
356 671 8 11 1 0
463 589 6 9 1 1
534 578 6 9 1 1
394 578 6 9 1 1
479 612 6 9 1 1
616 619 8 11 1 1
289 560 3 4 1 1
319 674 8 11 1 0
577 577 6 9 1 1
217 487 3 4 1 1
433 564 3 4 1 1
618 575 3 5 1 1
572 589 6 9 1 1
210 558 3 4 1 1
192 627 8 11 1 1
284 585 6 9 1 1
542 558 3 4 1 1
160 655 8 11 1 0
621 608 7 10 1 1
585 600 6 9 1 1
363 584 6 9 1 1
594 608 6 9 1 1
345 572 3 4 1 1
312 594 6 9 1 1
400 605 6 9 1 1
235 585 6 9 1 1
86 604 6 9 1 1
322 600 6 9 1 1
411 668 8 11 1 0
448 653 8 11 1 0
39 586 6 9 1 1
511 660 8 11 1 0
112 595 6 9 1 1
213 591 6 9 1 1
172 623 8 11 1 1
114 603 6 9 1 1
365 618 8 11 1 1
100 573 3 4 1 1
109 572 3 4 1 1
479 695 13 13 1 0
3 596 6 9 1 1
587 593 6 9 1 1
398 716 13 13 1 0
603 576 6 9 1 1
522 672 8 11 1 0
231 596 6 9 1 1
414 657 8 11 1 0
530 663 8 11 1 0
447 590 6 9 1 1
99 590 6 9 1 1
92 557 3 4 1 1
188 657 8 11 1 0
413 604 6 9 1 1
236 579 6 9 1 1
507 567 3 4 1 1
471 576 6 9 1 1
266 622 8 11 1 1
351 662 8 11 1 0
30 675 8 11 1 0
171 597 6 9 1 1
466 563 3 4 1 1
592 572 3 4 1 1
407 579 6 9 1 1
178 618 8 11 1 1
146 774 13 13 1 0
585 613 6 9 1 1
616 633 8 11 1 1
87 728 13 13 1 0
578 679 8 11 1 0
84 615 6 9 1 1
472 582 6 9 1 1
465 684 8 11 1 0
300 661 8 11 1 0
516 766 13 13 1 0
51 616 6 9 1 1
328 594 6 9 1 1
133 570 3 4 1 1
458 712 13 13 1 0
47 598 6 9 1 1
316 563 3 4 1 1
423 581 6 9 1 1
147 579 6 9 1 1
273 586 6 9 1 1
479 638 8 11 1 0
405 580 6 9 1 1
42 593 6 9 1 1
405 567 3 4 1 1
260 562 3 4 1 1
22 641 8 11 1 0
558 543 3 4 1 1
255 562 3 4 1 1
61 605 6 9 1 1
447 573 3 4 1 1
51 586 6 9 1 1
139 605 6 9 1 1
144 629 8 11 2 1
568 571 3 4 1 1
350 585 6 9 1 1
210 781 13 13 1 0
472 676 8 11 1 0
534 639 8 11 1 0
341 579 6 9 1 1
353 611 6 9 1 1
164 642 8 11 1 0
410 599 6 9 1 1
505 582 6 9 1 1
510 615 7 10 1 1
362 608 6 9 1 1
346 736 13 13 1 0
106 591 6 9 1 1
343 574 3 4 1 1
220 662 8 11 1 0
53 563 3 4 1 1
447 561 3 4 1 1
73 572 3 4 1 1
102 715 13 13 1 0
87 587 6 9 1 1
340 596 6 9 1 1
186 590 6 9 1 1
57 700 13 13 1 0
306 586 6 9 1 1
295 619 8 11 1 1
416 635 8 11 1 1
501 684 8 11 1 0
460 638 8 11 1 0
126 689 8 11 1 0
213 567 3 4 1 1
567 700 13 13 2 0
91 616 7 10 1 1
195 621 8 11 1 1
533 598 6 9 1 1
516 618 8 11 1 1
254 595 6 9 1 1
392 669 8 11 1 0
252 627 8 11 1 1
573 712 13 13 1 0
31 627 8 11 1 1
337 614 6 9 1 1
102 561 3 4 1 1
157 694 10 12 1 0
218 590 6 9 1 1
576 622 8 11 1 1
8 593 6 9 1 1
504 727 13 13 1 0
96 591 6 9 1 1
144 562 3 4 1 1
279 572 3 4 1 1
341 557 3 4 1 1
243 611 6 9 1 1
277 567 3 4 1 1
373 706 13 13 1 0
55 590 6 9 1 1
184 583 6 9 1 1
222 722 13 13 1 0
428 617 8 11 1 1
262 593 6 9 1 1
155 624 8 11 1 1
236 565 3 4 1 1
308 575 3 5 1 1
118 640 8 11 1 0
423 736 13 13 1 0
477 646 8 11 1 0
74 588 6 9 1 1
202 621 8 11 1 1
41 674 8 11 1 0
456 589 6 9 1 1
454 632 8 11 1 1
45 568 3 4 1 1
346 746 13 13 2 0
452 619 8 11 1 1
609 607 6 9 1 1
293 689 8 11 1 0
86 756 13 13 1 0
467 732 13 13 1 0
539 553 3 4 1 1
186 598 6 9 1 1
375 565 3 4 1 1
247 589 6 9 1 1
357 592 6 9 1 1
159 577 6 9 1 1
412 681 8 11 1 0
615 563 3 4 1 1
258 579 6 9 1 1
483 681 8 11 1 0
318 632 8 11 1 1
202 601 6 9 1 1
463 599 6 9 1 1
211 595 6 9 1 1
79 570 3 4 1 1
466 616 6 9 1 1
75 581 6 9 1 1
210 623 8 11 1 1
98 599 6 9 1 1
362 698 13 13 2 0
610 577 6 9 1 1
387 632 8 11 1 1
71 586 6 9 1 1
257 624 8 11 1 1
289 663 8 11 1 0
332 586 6 9 1 1
131 563 3 4 1 1
442 659 8 11 1 0
185 614 6 9 1 1
343 618 8 11 1 1
39 767 13 13 1 0
56 579 6 9 1 1
110 639 8 11 1 0
247 581 6 9 1 1
201 724 13 13 1 0
440 567 3 4 1 1
130 588 6 9 1 1
350 685 8 11 1 0
331 746 13 13 1 0
502 648 8 11 1 0
399 636 8 11 1 1
472 616 6 9 1 1
493 674 8 11 1 0
511 649 8 11 1 0
494 580 6 9 1 1
280 766 13 13 1 0
315 558 3 4 1 1
351 559 3 4 1 1
89 566 3 4 1 1
28 562 3 4 1 1
241 742 13 13 1 0
225 596 6 9 1 1
467 638 8 11 1 0
318 582 6 9 1 1
97 586 6 9 1 1
237 634 8 11 1 1
339 705 13 13 1 0
297 566 3 4 1 1
494 603 6 9 1 1
453 579 6 9 1 1
578 568 3 4 1 1
377 582 6 9 1 1
244 553 3 4 1 1
582 587 6 9 1 1
589 604 6 9 1 1
65 622 8 11 1 1
177 607 6 9 1 1
317 653 8 11 1 0
415 695 13 13 1 0
251 591 6 9 1 1
322 570 3 4 1 1
545 570 3 4 1 1
105 576 6 9 1 1
176 611 6 9 1 1
509 590 6 9 1 1
535 714 13 13 1 0
384 638 8 11 1 0
596 555 3 4 1 1
438 570 3 4 1 1
193 582 6 9 1 1
261 573 3 4 1 1
36 623 8 11 1 1
387 656 8 11 1 0
499 569 3 4 1 1
520 635 8 11 1 1
378 632 8 11 1 1
368 738 13 13 1 0
455 594 6 9 1 1
572 743 13 13 1 0
451 585 6 9 1 1
213 614 6 9 1 1
321 563 3 4 1 1
470 589 6 9 1 1
105 611 6 9 1 1
220 579 6 9 1 1
577 559 3 4 1 1
444 673 8 11 1 0
401 647 8 11 1 0
432 582 6 9 1 1
135 566 3 4 1 1
619 553 3 4 1 1
47 586 6 9 1 1
582 649 8 11 1 0
71 630 8 11 1 1
558 771 13 13 1 0
494 650 8 11 1 0
117 618 8 11 1 1
394 728 13 13 1 0
181 567 3 4 1 1
494 567 3 4 1 1
239 768 13 13 1 0
165 673 8 11 1 0
361 635 8 11 1 1
40 579 6 9 1 1
287 570 3 4 1 1
285 605 6 9 1 1
144 611 6 9 1 1
335 566 3 4 1 1
299 650 8 11 1 0
504 673 8 11 1 0
248 572 3 4 1 1
232 602 6 9 1 1
80 592 6 9 1 1
137 575 4 6 1 1
451 667 8 11 1 0
582 565 3 4 1 1
55 637 8 11 1 1
297 622 8 11 1 1
428 608 6 9 1 1
181 654 8 11 1 0
222 566 3 4 1 1
353 604 6 9 1 1
329 568 3 4 1 1
146 689 8 11 1 0
333 597 6 9 1 1
271 567 3 4 1 1
592 566 3 4 1 1
460 573 3 4 1 1
355 714 13 13 1 0
237 557 3 4 1 1
64 559 3 4 1 1
146 661 8 11 1 0
164 636 8 11 1 1
176 599 6 9 1 1
142 582 6 9 1 1
471 609 6 9 1 1
505 603 6 9 1 1
320 569 3 4 1 1
312 607 6 9 1 1
259 606 6 9 1 1
437 708 13 13 2 0
123 578 6 9 1 1
417 589 6 9 1 1
142 608 6 9 1 1
527 605 6 9 1 1
345 598 6 9 1 1
106 623 8 11 1 1
43 605 6 9 1 1
175 656 8 11 1 0
458 604 6 9 1 1
24 591 6 9 1 1
569 703 13 13 2 0
303 621 8 11 1 1
253 716 13 13 1 0
391 579 6 9 1 1
423 591 6 9 1 1
147 599 6 9 1 1
180 579 6 9 1 1
281 620 8 11 1 1
416 718 13 13 1 0
295 573 3 4 1 1
218 605 6 9 1 1
240 702 13 13 1 0
375 771 13 13 1 0
155 580 6 9 1 1
173 591 6 9 1 1
429 578 6 9 1 1
157 573 3 4 1 1
572 651 8 11 1 0
119 601 6 9 1 1
44 579 6 9 1 1
306 724 13 13 1 0
446 764 13 13 1 0
380 585 6 9 1 1
96 756 13 13 1 0
181 670 8 11 1 0
322 733 13 13 1 0
403 600 6 9 1 1
94 487 3 4 1 1
231 610 6 9 1 1
150 597 6 9 1 1
3 583 5 8 1 1
307 609 6 9 1 1
461 690 8 11 1 0
500 611 6 9 1 1
259 638 8 11 1 0
34 689 8 11 1 0
192 612 6 9 1 1
339 585 6 9 1 1
458 597 6 9 1 1
178 692 9 11 1 0
407 592 6 9 1 1
356 566 3 4 1 1
621 693 10 12 2 0
364 666 8 11 1 0
33 598 6 9 1 1
153 707 13 13 1 0
296 568 3 4 1 1
443 572 3 4 1 1
178 666 8 11 1 0
306 597 6 9 1 1
466 656 8 11 1 0
502 620 8 11 1 1
212 706 13 13 1 0
71 564 3 4 1 1
457 567 3 4 1 1
432 641 8 11 1 0
378 588 6 9 1 1
543 745 13 13 1 0
442 651 8 11 1 0
297 629 8 11 1 1
78 624 8 11 1 1
524 618 8 11 1 1
181 639 8 11 1 0
55 599 6 9 2 1
524 719 13 13 1 0
126 669 8 11 1 0
55 608 6 9 1 1
422 577 6 9 1 1
491 597 6 9 1 1
347 625 8 11 1 1
328 649 8 11 1 0
221 558 3 4 1 1
310 565 3 4 1 1
232 666 8 11 1 0
52 577 6 9 1 1
213 664 8 11 1 0
527 608 6 9 1 1
567 600 6 9 1 1
617 625 8 11 1 1
501 629 8 11 1 1
259 586 6 9 1 1
179 599 6 9 1 1
572 585 6 9 1 1
596 762 13 13 1 0
263 701 13 13 1 0
238 603 6 9 1 1
578 609 6 9 1 1
400 615 6 9 1 1
271 604 6 9 1 1
69 564 3 4 1 1
561 673 8 11 1 0
475 661 8 11 1 0
551 570 3 4 1 1
142 615 6 9 1 1
173 676 8 11 1 0
278 603 6 9 1 1
443 623 8 11 1 1
424 634 8 11 1 1
300 572 3 4 1 1
413 561 3 4 1 1
557 550 3 4 1 1
353 573 3 4 1 1
564 605 6 9 1 1
104 640 8 11 1 0
199 577 6 9 1 1
474 705 13 13 2 0
503 711 13 13 2 0
110 580 6 9 1 1
177 583 6 9 1 1
337 641 8 11 1 0
585 584 6 9 1 1
324 693 10 12 1 0
493 774 13 13 1 0
213 584 6 9 1 1
401 628 8 11 1 1
512 673 8 11 1 0
488 569 3 4 1 1
291 585 6 9 1 1
224 627 8 11 1 1
451 750 13 13 1 0
567 615 6 9 1 1
86 591 6 9 1 1
221 570 3 4 1 1
447 607 6 9 1 1
459 559 3 4 1 1
149 573 3 4 1 1
244 568 3 4 1 1
427 572 3 4 1 1
34 595 6 9 1 1
486 582 6 9 1 1
45 563 3 4 1 1
279 593 6 9 1 1
147 590 6 9 1 1
442 582 6 9 1 1
541 617 8 11 1 1
167 646 8 11 1 0
585 768 13 13 1 0
451 597 6 9 1 1
529 627 8 11 1 1
62 574 3 4 1 1
369 563 3 4 1 1
281 610 6 9 1 1
428 577 6 9 1 1
433 692 10 12 1 0
32 665 8 11 1 0
207 588 6 9 1 1
42 645 8 11 1 0
36 582 6 9 1 1
139 565 3 4 1 1
204 573 3 4 1 1
334 724 13 13 1 0
556 717 13 13 1 0
276 573 3 4 1 1
289 680 8 11 1 0
49 645 8 11 1 0
593 639 8 11 1 0
280 566 3 4 1 1
496 617 8 11 1 1
502 633 8 11 1 1
455 574 3 4 1 1
68 486 3 4 1 1
367 568 3 4 1 1
365 596 6 9 1 1
138 558 3 4 1 1
105 566 3 4 1 1
57 568 3 4 1 1
408 573 3 4 1 1
47 627 8 11 1 1
293 606 6 9 1 1
253 579 6 9 1 1
