96 357 8 10 1 1
57 374 24 19 1 1
35 383 3 1 1 1
86 335 8 10 1 1
599 407 19 22 1 0
263 411 37 43 1 1
443 374 7 8 1 1
379 348 7 8 1 1
405 405 22 23 1 0
286 384 6 7 1 1
455 316 5 8 1 1
567 290 5 8 1 1
137 395 10 12 1 1
235 377 6 7 1 1
339 363 5 8 1 1
241 364 6 7 1 1
481 393 12 15 1 0
416 376 7 8 1 1
426 348 7 8 1 1
215 383 6 7 1 1
610 343 5 8 1 1
794 348 2 0 1 1
336 390 15 19 1 0
484 375 7 10 1 1
391 358 7 8 1 1
338 373 2 5 1 0
523 346 5 8 1 1
319 292 5 8 1 1
138 371 8 10 1 1
540 282 4 4 1 1
548 370 7 10 1 1
128 376 10 12 1 1
395 387 9 13 1 1
172 353 8 10 1 1
296 319 5 8 1 1
105 365 8 10 1 1
473 344 5 8 1 1
514 382 7 10 1 1
566 392 13 17 1 0
509 287 5 8 1 1
438 352 7 8 1 1
141 358 8 10 1 1
532 413 18 19 1 0
565 344 5 8 1 1
71 321 5 7 1 1
600 358 7 10 1 1
130 360 8 10 1 1
16 386 19 27 1 1
492 287 5 8 1 1
540 383 7 10 1 1
111 383 10 12 1 1
312 437 12 21 1 0
504 336 5 8 1 1
504 346 5 8 1 1
430 327 5 8 1 1
477 287 5 8 1 1
797 390 10 15 1 1
118 388 10 12 1 1
314 363 5 8 1 1
434 373 7 8 1 1
142 320 5 7 1 1
486 327 5 8 1 1
142 343 8 10 1 1
314 317 5 8 1 1
311 313 5 8 1 1
137 335 8 10 1 1
509 365 7 10 1 1
267 360 6 7 1 1
193 404 35 46 1 1
242 383 6 7 1 1
396 372 7 8 1 1
524 356 7 10 1 1
279 367 6 7 1 1
602 379 7 10 1 1
745 410 19 22 1 0
415 330 5 8 1 1
217 366 6 7 1 1
317 380 6 7 1 1
296 363 5 8 1 1
225 374 6 7 1 1
494 373 7 10 1 1
460 391 13 16 1 0
108 331 8 10 1 1
151 354 8 10 1 1
478 325 5 8 1 1
324 311 5 8 1 1
518 312 5 8 1 1
286 301 5 8 1 1
283 316 5 8 1 1
258 324 2 5 1 1
495 346 5 8 1 1
154 360 8 10 1 1
69 362 8 10 1 1
471 316 5 8 1 1
454 369 7 10 1 1
160 354 8 10 1 1
76 355 8 10 1 1
764 421 19 22 1 0
301 305 5 8 1 1
449 332 5 8 1 1
364 380 6 9 1 1
591 311 5 8 1 1
584 356 7 10 1 1
290 399 12 13 1 1
540 313 5 8 1 1
488 417 18 19 1 0
365 353 7 8 1 1
441 391 13 16 1 0
355 329 5 8 1 1
499 358 7 10 1 1
768 388 9 10 1 1
370 362 7 8 1 1
640 457 3 1 1 0
549 338 5 8 1 1
351 365 7 8 1 1
232 390 6 7 1 1
369 373 7 8 1 1
472 399 12 15 1 0
38 356 3 1 1 1
568 379 7 10 1 1
382 375 7 8 1 1
94 333 8 10 1 1
577 310 5 8 1 1
410 386 9 13 1 1
152 388 10 12 1 1
306 369 6 7 1 1
407 354 7 8 1 1
470 360 7 10 1 1
426 331 5 8 1 1
634 405 19 22 1 0
62 403 42 49 1 1
565 327 5 8 1 1
576 341 5 8 1 1
352 383 6 9 1 1
