331 207 21 26 1 0
3 133 8 17 1 1
50 123 3 2 1 1
34 121 3 2 1 1
19 97 3 2 1 1
424 121 3 2 1 1
102 121 3 2 1 1
548 116 3 2 1 1
434 117 3 2 1 1
111 158 9 16 1 0
535 122 3 2 1 1
211 121 3 2 1 1
356 116 3 2 1 1
19 194 26 42 1 0
157 148 9 16 1 1
297 118 3 2 1 1
263 121 3 2 1 1
38 98 3 2 1 1
17 104 3 2 1 1
508 146 14 17 1 0
422 168 14 20 1 0
116 116 3 2 1 1
25 108 3 2 1 1
200 125 3 2 1 1
363 120 3 2 1 1
218 213 26 46 3 0
578 115 3 2 1 1
372 155 3 2 1 0
226 122 3 2 1 1
29 135 3 2 1 1
330 127 3 2 1 1
123 183 21 23 1 0
407 110 3 2 1 1
350 119 3 2 1 1
455 125 3 2 1 1
320 151 10 7 1 0
563 112 3 2 1 1
389 120 3 2 1 1
288 123 3 2 1 1
402 120 3 2 1 1
43 130 3 2 1 1
500 119 3 2 1 1
416 123 3 2 1 1
182 122 3 2 1 1
232 121 3 2 1 1
566 176 13 13 1 0
391 169 14 20 1 0
237 120 3 2 1 1
53 102 3 2 1 1
522 119 3 2 1 1
99 187 21 35 1 0
340 123 3 2 1 1
415 116 3 2 1 0
17 161 12 24 1 0
113 220 26 46 1 0
254 121 3 2 1 1
80 161 8 10 1 0
35 103 3 2 1 1
433 123 3 2 1 1
196 119 3 2 1 1
419 127 3 2 1 1
288 198 26 46 1 0
285 120 3 2 1 1
272 122 3 2 1 1
278 122 3 2 1 1
265 133 3 2 1 1
51 185 8 10 1 0
36 132 3 2 1 1
410 115 3 2 1 0
448 122 3 2 1 1
225 203 26 46 1 0
375 116 3 2 1 1
236 148 8 11 1 1
324 127 3 2 1 1
