334 88 40 43 1 0
1653 332 42 52 1 0
361 363 40 43 1 0
1418 375 39 49 1 0
1388 443 39 49 1 0
1261 139 39 49 1 0
339 290 40 43 1 0
179 187 40 43 1 0
1740 184 42 52 1 0
1822 454 42 52 1 0
1408 68 39 49 1 0
836 132 39 49 1 0
418 382 40 43 1 0
910 260 39 49 1 0
607 538 40 43 1 0
920 187 39 49 1 0
719 181 40 43 1 0
593 211 40 43 1 0
475 113 40 43 1 0
1296 229 39 49 1 0
689 212 40 43 1 0
1831 135 42 52 1 0
1658 42 42 52 1 0
598 333 40 43 1 0
897 79 39 49 1 0
605 92 40 43 1 0
1891 273 42 52 1 0
1828 285 42 52 1 0
1009 3 39 49 1 0
1233 25 39 49 1 0
1100 142 39 49 1 0
1133 268 39 49 1 0
1591 300 42 52 1 0
532 260 40 43 1 0
983 88 39 49 1 0
42 228 40 43 1 0
10 254 40 43 1 0
453 380 40 43 1 0
1624 34 42 52 1 0
511 501 40 43 1 0
1829 331 42 52 1 0
717 347 40 43 1 0
857 397 39 49 1 0
1623 280 42 52 1 0
456 191 40 43 1 0
1549 132 42 52 1 0
251 368 40 43 1 0
1900 141 42 52 1 0
1764 234 42 52 1 0
1362 209 39 49 1 0
1420 449 39 49 1 0
1134 409 39 49 1 0
177 474 40 43 1 0
166 404 40 43 1 0
332 34 40 43 1 0
1691 274 42 52 1 0
839 186 39 49 1 0
720 126 40 43 1 0
550 193 40 43 1 0
1697 429 42 52 1 0
590 468 40 43 1 0
1121 94 39 49 1 0
749 71 40 43 1 0
858 485 39 49 1 0
588 410 40 43 1 0
1786 14 42 52 1 0
1328 37 39 49 1 0
91 0 40 43 1 0
164 217 40 43 1 0
191 18 40 43 1 0
1194 60 39 49 1 0
784 244 39 44 1 0
1004 152 39 49 1 0
204 85 40 43 1 0
1451 10 40 50 1 0
120 122 40 43 1 0
370 406 40 43 1 0
1649 202 42 52 1 0
342 135 40 43 1 0
1229 291 39 49 1 0
1400 112 39 49 1 0
885 27 39 49 1 0
384 30 40 43 1 0
1849 500 42 52 1 0
1250 81 39 49 1 0
1156 438 39 49 1 0
1720 409 42 52 1 0
1229 261 39 49 1 0
1554 408 42 52 1 0
90 41 40 43 1 0
539 374 40 43 1 0
1302 455 39 49 1 0
1881 102 42 52 1 0
1117 291 39 49 1 0
1134 371 39 49 1 0
466 506 40 43 1 0
1894 207 42 52 1 0
968 138 39 49 1 0
1676 302 42 52 1 0
975 176 39 49 1 0
656 92 40 43 1 0
304 308 40 43 1 0
1862 240 42 52 1 0
1527 193 42 52 1 0
318 217 40 43 1 0
868 277 39 49 1 0
1675 26 42 52 1 0
1527 74 42 52 1 0
