387 128 21 22 2 0
452 108 21 22 1 0
684 159 21 22 1 0
970 135 21 22 1 0
355 113 21 22 2 0
1199 127 21 22 2 0
1045 126 21 22 2 0
1069 149 21 22 1 0
1191 138 21 22 1 0
948 121 21 22 2 0
1041 196 35 29 1 0
681 142 21 22 2 0
677 120 21 22 2 0
552 111 21 22 1 0
569 107 21 22 1 0
577 119 21 22 1 0
1195 160 21 22 2 0
807 130 21 22 1 0
307 121 21 22 1 0
793 127 21 22 1 0
835 177 35 29 1 0
937 165 28 25 1 0
841 114 21 22 1 0
81 100 21 22 1 0
718 119 21 22 1 0
883 115 21 22 2 0
875 125 21 22 2 0
998 126 21 22 2 0
523 116 21 22 2 0
942 129 21 22 2 0
782 121 21 22 2 0
889 122 21 22 2 0
6 150 21 22 1 0
798 144 21 22 1 0
107 90 21 22 1 0
1233 209 35 29 1 0
1145 156 21 22 1 0
221 101 21 22 2 0
1020 122 21 22 1 0
1090 169 35 29 1 0
419 111 21 22 1 0
1193 198 35 29 1 0
1081 144 21 22 1 0
1050 134 21 22 2 0
94 110 21 22 1 0
1305 114 192 208 1 0
742 111 21 22 2 0
898 137 21 22 1 0
615 113 21 22 2 0
227 113 21 22 1 0
593 189 35 29 1 0
899 205 35 29 1 0
988 122 21 22 2 0
647 141 21 22 1 0
633 73 10 11 1 0
1029 148 21 22 1 0
765 124 21 22 1 0
471 119 21 22 1 0
440 167 21 22 1 0
693 234 50 45 1 0
619 131 21 22 2 0
697 189 35 29 1 0
640 117 21 22 1 0
1137 137 21 22 1 0
206 338 50 49 1 0
795 309 50 49 1 0
95 192 35 29 1 0
614 121 21 22 2 0
352 137 21 22 1 0
220 198 35 29 1 0
961 123 21 22 1 0
864 145 21 22 1 0
786 115 21 22 2 0
710 130 21 22 1 0
1116 211 35 29 1 0
1176 148 21 22 1 0
360 123 21 22 2 0
1129 125 21 22 1 0
76 119 21 22 1 0
325 98 21 22 1 0
472 75 10 11 1 0
997 224 50 45 1 0
1422 201 23 24 1 0
802 231 50 45 1 0
1435 166 23 24 1 0
1048 117 21 22 2 0
914 175 35 29 1 0
766 153 21 22 1 0
943 142 21 22 2 0
1086 133 21 22 2 0
237 140 21 22 1 0
523 107 21 22 2 0
1108 180 35 29 1 0
1010 134 21 22 1 0
984 178 35 29 1 0
146 101 21 22 1 0
1153 249 50 45 1 0
1203 177 35 29 2 0
940 189 35 29 1 0
650 67 10 11 1 0
612 69 10 11 1 0
752 151 21 22 1 0
165 92 21 22 1 0
26 98 21 22 1 0
739 138 21 22 1 0
302 289 50 49 1 0
416 145 21 22 1 0
637 65 10 11 1 0
1170 124 21 22 2 0
1205 136 23 24 2 0
155 142 21 22 1 0
119 111 21 22 1 0
213 108 21 22 2 0
375 101 21 22 1 0
1063 131 21 22 2 0
574 166 21 22 1 0
230 154 21 22 1 0
911 135 21 22 1 0
197 94 21 22 1 0
320 116 21 22 1 0
810 170 35 29 1 0
484 143 21 22 1 0
1165 128 21 22 2 0
773 221 50 45 1 0
878 132 21 22 2 0
1063 134 21 22 2 0
627 418 50 49 1 0
737 120 21 22 2 0
560 231 50 45 1 0
52 132 21 22 1 0
679 131 21 22 2 0
645 298 50 49 1 0
1096 131 21 22 2 0
555 138 21 22 1 0
1429 185 23 24 1 0
821 146 21 22 1 0
1131 165 23 24 1 0
1215 159 23 24 2 0
301 100 21 22 1 0
877 161 21 22 1 0
999 143 21 22 1 0
1083 122 21 22 2 0
1059 143 21 22 2 0
1144 123 21 22 1 0
1217 127 14 12 1 0
251 129 21 22 1 0
470 217 35 29 1 0
342 109 21 22 1 0
480 247 50 45 1 0
487 126 21 22 1 0
822 119 21 22 1 0
444 126 21 22 1 0
624 151 21 22 1 0
1421 159 23 24 1 0
927 149 21 22 1 0
0 96 21 22 1 0
534 138 21 22 1 0
319 436 50 49 1 0
599 116 21 22 1 0
651 175 35 29 1 0
1115 130 21 22 1 0
214 117 21 22 2 0
284 112 21 22 1 0
218 126 21 22 2 0
1171 222 50 45 1 0
1043 355 50 49 1 0
1205 166 23 24 2 0
986 130 21 22 2 0
516 131 21 22 1 0
685 119 21 22 2 0
1015 171 35 29 1 0
887 192 35 29 1 0
695 108 21 22 1 0
32 134 21 22 1 0
856 118 21 22 1 0
984 152 21 22 1 0
927 120 21 22 1 0
326 155 21 22 1 0
402 161 21 22 1 0
385 117 21 22 2 0
