543 116 11 17 1 0
392 510 21 26 1 0
73 554 21 26 1 0
698 296 25 31 1 0
734 333 21 31 1 0
439 509 31 38 1 0
749 386 18 26 1 0
563 368 25 31 1 0
619 498 31 38 1 0
379 90 11 17 1 0
590 167 11 17 1 0
737 81 9 13 1 0
505 120 11 17 1 0
303 412 21 26 1 0
622 520 31 38 1 0
711 452 31 38 1 0
445 109 11 17 1 0
283 475 21 26 1 0
644 335 25 31 1 0
434 73 11 17 1 0
517 374 25 31 1 0
694 177 11 17 1 0
689 457 31 38 1 0
391 128 11 17 1 0
618 152 11 17 1 0
654 487 31 38 1 0
478 439 31 38 1 0
574 322 25 31 1 0
187 436 21 26 1 0
630 185 11 17 1 0
673 152 11 17 1 0
297 131 11 17 1 0
463 132 11 17 1 0
598 117 11 17 1 0
642 123 11 17 1 0
405 114 11 17 1 0
348 127 11 17 1 0
149 519 21 26 1 0
227 402 21 26 1 0
671 171 11 17 1 0
680 309 25 31 1 0
580 122 11 17 1 0
148 34 8 7 1 0
301 111 11 17 1 0
313 84 11 17 1 0
605 105 11 17 1 0
528 121 11 17 1 0
343 434 21 26 1 0
632 135 11 17 1 0
572 116 11 17 1 0
106 481 21 26 1 0
476 537 31 38 1 0
686 369 25 31 1 0
368 489 21 26 1 0
557 107 11 17 1 0
356 83 11 17 1 0
428 399 21 26 1 0
674 540 31 38 1 0
683 154 11 17 1 0
495 347 25 31 1 0
471 81 11 17 1 0
589 152 11 17 1 0
456 103 11 17 1 0
604 414 31 38 1 0
339 400 21 26 1 0
525 534 31 38 1 0
624 169 11 17 1 0
647 96 11 17 1 0
592 126 11 17 1 0
597 534 31 38 1 0
643 163 11 17 1 0
668 424 31 38 1 0
488 402 31 38 1 0
442 54 11 17 1 0
461 56 11 17 1 0
640 391 25 31 1 0
454 138 11 17 1 0
615 347 25 31 1 0
464 149 11 17 1 0
747 219 15 26 1 0
316 436 21 26 1 0
605 308 25 31 1 0
536 103 11 17 1 0
339 178 21 22 1 0
472 378 25 31 1 0
266 406 21 26 1 0
647 146 11 17 1 0
363 124 11 17 1 0
204 481 21 26 1 0
282 74 11 17 1 0
437 114 11 17 1 0
514 116 11 17 1 0
687 190 11 17 1 0
330 495 21 26 1 0
390 372 21 26 1 0
572 400 31 38 1 0
646 304 25 31 1 0
727 193 11 17 1 0
316 532 21 26 1 0
424 532 21 26 1 0
598 457 31 38 1 0
690 330 25 31 1 0
341 65 11 17 1 0
539 341 25 31 1 0
105 380 21 26 1 0
623 249 15 19 1 0
746 128 9 13 1 0
451 94 11 17 1 0
409 133 11 17 1 0
414 119 11 17 1 0
343 119 11 17 1 0
716 340 25 31 1 0
348 105 11 17 1 0
474 509 31 38 1 0
634 448 31 38 1 0
287 408 21 26 1 0
482 86 11 17 1 0
163 503 21 26 1 0
478 148 11 17 1 0
318 141 11 17 1 0
150 544 21 26 1 0
500 424 31 38 1 0
666 352 25 31 1 0
460 333 25 31 1 0
706 309 25 31 1 0
614 382 25 31 1 0
449 417 31 38 1 0
496 146 11 17 1 0
415 99 11 17 1 0
677 234 15 19 1 0
240 443 21 26 1 0
605 175 11 17 1 0
590 235 15 19 1 0
393 428 21 26 1 0
365 104 11 17 1 0
508 90 11 17 1 0
449 121 11 17 1 0
481 115 11 17 1 0
94 521 21 26 1 0
374 111 11 17 1 0
662 179 11 17 1 0
725 88 11 17 1 0
620 135 11 17 1 0
394 90 11 17 1 0
111 25 8 7 1 0
231 510 21 26 1 0
47 385 18 26 1 0
130 20 8 7 1 0
364 148 11 17 1 0
654 195 11 17 1 0
152 438 21 26 1 0
521 329 25 31 1 0
482 129 11 17 1 0
662 456 31 38 1 0
747 429 31 38 1 0
572 87 11 17 1 0
428 461 21 26 1 0
611 481 31 38 1 0
385 108 11 17 1 0
382 119 11 17 1 0
466 473 31 38 1 0
355 137 11 17 1 0
545 316 25 31 1 0
736 308 21 31 1 0
418 338 21 26 1 0
322 107 11 17 1 0
645 112 11 17 1 0
513 102 11 17 1 0
562 478 31 38 1 0
262 479 21 26 1 0
473 132 11 17 1 0
431 101 11 17 1 0
405 69 11 17 1 0
613 114 11 17 1 0
740 362 21 31 1 0
304 141 11 17 1 0
410 84 11 17 1 0
732 546 31 38 1 0
17 546 15 26 1 0
518 490 31 38 1 0
357 387 21 26 1 0
54 497 18 26 1 0
706 514 31 38 1 0
430 139 11 17 1 0
590 101 11 17 1 0
559 499 31 38 1 0
238 200 21 22 1 0
411 560 21 26 1 0
