230 213 6 10 1 0
470 259 6 10 1 0
547 205 6 10 1 0
145 412 10 13 1 0
301 309 10 13 1 0
555 16 7 6 1 1
564 259 6 10 1 0
342 187 6 10 1 0
337 77 7 6 1 1
643 220 6 10 1 0
557 315 10 13 1 0
608 70 7 6 1 1
545 147 7 6 1 0
391 251 6 10 1 0
278 106 7 6 1 1
96 296 10 13 2 0
495 279 7 10 1 0
551 67 7 6 1 1
487 24 7 6 1 1
423 191 6 10 1 0
376 274 6 10 1 0
548 192 6 10 1 0
389 284 10 13 1 0
384 169 6 10 1 0
76 363 10 13 1 0
196 50 7 6 1 1
399 231 6 10 1 0
202 156 7 6 1 0
424 95 7 6 1 1
206 141 7 6 1 0
554 136 7 6 1 0
494 13 7 6 1 1
355 169 6 10 1 0
8 169 6 8 1 0
435 151 7 6 1 0
170 298 10 13 1 0
118 274 6 10 1 0
645 178 6 10 1 0
554 86 7 6 1 1
431 125 7 6 1 0
177 251 6 10 1 0
153 148 7 6 1 0
169 277 6 10 1 0
201 364 10 13 1 0
24 76 7 6 1 1
91 223 6 10 1 0
475 38 7 6 1 1
594 131 7 6 1 0
37 89 7 6 1 1
513 164 6 10 1 0
236 238 6 10 1 0
170 178 6 10 1 0
259 137 7 6 1 0
474 140 7 6 1 0
29 241 6 10 1 0
614 129 7 6 1 0
183 100 7 6 1 1
258 100 7 6 1 1
430 83 7 6 1 1
546 158 7 6 1 0
114 33 7 6 1 1
336 119 7 6 1 1
589 89 7 6 1 1
543 167 6 10 1 0
504 189 6 10 1 0
368 77 7 6 1 1
529 145 7 6 1 0
588 223 6 10 1 0
643 21 7 6 1 1
376 202 6 10 1 0
289 123 7 6 1 0
512 62 7 6 1 1
406 12 7 6 1 1
600 281 8 11 1 0
573 115 7 6 1 0
363 230 6 10 1 0
384 279 7 10 1 0
432 42 7 6 1 1
308 62 7 6 1 1
235 280 7 10 1 0
401 185 6 10 1 0
19 409 10 13 1 0
466 237 6 10 1 0
297 175 6 10 1 0
92 376 10 13 1 0
514 269 6 10 1 0
329 129 7 6 1 0
434 207 6 10 1 0
286 181 6 10 1 0
391 157 7 6 1 0
117 335 10 13 1 0
353 152 7 6 1 0
400 216 6 10 1 0
337 169 6 10 1 0
592 16 7 6 1 1
227 260 6 10 1 0
623 96 7 6 1 1
594 68 7 6 1 1
612 173 6 10 1 0
489 127 7 6 1 0
301 107 7 6 1 1
9 217 6 10 1 0
103 181 6 10 1 0
429 166 6 10 1 0
154 110 7 6 1 1
399 69 7 6 1 1
530 241 6 10 1 0
220 382 10 13 1 0
617 22 7 6 1 1
121 31 7 6 1 1
355 215 6 10 1 0
503 78 7 6 1 1
265 117 7 6 1 1
462 411 10 13 1 0
458 90 7 6 1 1
618 336 10 13 1 0
582 14 7 6 1 1
302 168 6 10 1 0
455 117 7 6 1 0
78 288 10 13 1 0
347 9 7 6 1 1
463 200 6 10 1 0
628 40 7 6 1 1
601 389 10 13 1 0
571 151 7 6 1 0
504 206 6 10 1 0
359 44 7 6 1 1
353 83 7 6 1 1
483 105 7 6 1 1
262 229 6 10 1 0
640 200 6 10 1 0
370 89 7 6 1 1
526 276 6 10 1 0
283 152 7 6 1 0
550 227 6 10 1 0
356 360 10 13 1 0
441 44 7 6 1 1
614 104 7 6 1 1
388 342 10 13 1 0
441 252 6 10 1 0
295 120 7 6 1 1
209 178 6 10 1 0
379 132 7 6 1 0
354 262 6 10 1 0
110 150 7 6 1 0
365 220 6 10 1 0
139 337 10 13 1 0
222 286 10 13 1 0
220 261 6 10 1 0
407 78 7 6 1 1
9 244 6 10 1 0
5 290 7 10 1 0
473 30 7 6 1 1
62 273 6 10 1 0
29 280 7 10 1 0
439 138 7 6 1 0
399 79 7 6 1 1
484 158 7 6 1 0
297 189 6 10 1 0
413 123 7 6 1 0
632 103 7 6 1 1
360 189 6 10 1 0
495 258 6 10 1 0
114 292 10 13 1 0
318 213 6 10 1 0
100 190 6 10 1 0
296 194 6 10 1 0
528 1 7 6 1 1
216 202 6 10 1 0
514 26 7 6 1 1
532 76 7 6 1 1
157 223 6 10 1 0
581 89 7 6 1 1
132 318 10 13 1 0
184 281 8 11 1 0
537 12 7 6 1 1
588 114 7 6 1 0
597 189 6 10 1 0
497 139 7 6 1 0
242 343 10 13 1 0
18 262 6 10 1 0
335 133 7 6 1 0
143 109 7 6 1 1
428 62 7 6 1 1
75 343 10 13 1 0
602 152 7 6 1 0
316 310 10 13 1 0
405 121 7 6 1 1
528 8 7 6 1 1
97 318 10 13 1 0
550 41 7 6 1 1
464 223 6 10 1 0
240 195 6 10 1 0
414 144 7 6 1 0
486 146 7 6 1 0
217 193 6 10 1 0
539 257 6 10 1 0
218 143 7 6 1 0
510 279 7 10 1 0
446 153 7 6 1 0
513 172 6 10 1 0
424 59 7 6 1 1
229 180 6 10 1 0
285 164 6 10 1 0
494 171 6 10 1 0
301 123 7 6 1 0
236 163 6 10 1 0
436 71 7 6 1 1
620 59 7 6 1 1
625 117 7 6 1 0
369 112 7 6 1 1
584 22 7 6 1 1
80 270 6 10 1 0
135 247 6 10 1 0
87 266 6 10 1 0
502 101 7 6 1 1
146 261 6 10 1 0
100 404 10 13 1 0
187 134 7 6 1 0
523 189 6 10 1 0
454 147 7 6 1 0
300 227 6 10 1 0
440 101 7 6 1 1
137 190 6 10 1 0
377 122 7 6 1 1
527 65 7 6 1 1
412 310 10 13 1 0
605 166 6 10 1 0
476 113 7 6 1 0
100 166 6 10 1 0
380 109 7 6 1 1
199 104 7 6 2 1
429 375 10 13 1 0
41 178 6 10 1 0
149 41 7 6 1 1
427 242 6 10 1 0
234 159 7 6 1 0
640 340 10 13 1 0
373 25 7 6 1 1
220 333 10 13 1 0
483 71 7 6 1 1
356 198 6 10 1 0
269 170 6 10 1 0
644 33 7 6 1 1
538 46 7 6 1 1
644 75 7 6 1 1
566 12 7 6 1 1
149 124 7 6 1 0
357 312 10 13 1 0
543 11 7 6 1 1
89 130 7 6 1 0
67 175 6 10 1 0
142 183 6 10 1 0
415 162 6 9 1 0
72 406 10 13 1 0
524 77 7 6 1 1
535 122 7 6 1 0
15 342 10 13 1 0
331 378 10 13 1 0
537 17 7 6 1 1
387 80 7 6 1 1
603 44 7 6 1 1
61 329 10 13 1 0
612 319 10 13 1 0
218 248 6 10 1 0
324 66 7 6 1 1
156 377 10 13 1 0
189 386 10 13 1 0
409 176 6 10 1 0
263 352 10 13 1 0
161 252 6 10 1 0
438 83 7 6 1 1
472 228 6 10 1 0
66 221 6 10 1 0
490 203 6 10 1 0
123 240 6 10 1 0
179 293 10 13 1 0
310 291 10 13 1 0
128 373 10 13 1 0
416 48 7 6 1 1
629 22 7 6 1 1
103 144 7 6 1 0
264 150 7 6 1 0
543 270 6 10 1 0
169 155 7 6 1 0
272 137 7 6 1 0
317 117 7 6 1 1
453 331 10 13 1 0
525 26 7 6 1 1
357 2 7 6 1 1
369 17 7 6 1 1
34 378 10 13 1 0
350 131 7 6 1 0
453 405 10 13 1 0
511 126 7 6 1 0
172 355 10 13 1 0
204 277 6 10 1 0
340 157 7 6 1 0
331 108 7 6 1 1
274 170 6 10 1 0
425 135 7 6 1 0
106 262 6 10 1 0
518 61 7 6 1 1
388 199 6 10 1 0
360 239 6 10 1 0
550 119 7 6 1 0
198 104 7 6 2 1
368 6 7 6 1 1
575 213 6 10 1 0
190 152 7 6 1 0
134 402 10 13 1 0
537 279 8 11 1 0
443 72 7 6 1 1
174 238 6 10 1 0
54 234 6 10 1 0
428 27 7 6 1 1
413 153 7 6 1 0
428 114 7 6 1 1
383 177 6 10 1 0
382 242 6 10 1 0
93 362 10 13 1 0
373 137 7 6 1 0
359 156 7 6 1 0
193 47 7 6 1 1
376 264 6 10 1 0
79 172 6 10 1 0
177 203 6 10 1 0
635 26 7 6 1 1
173 142 7 6 1 0
564 20 7 6 1 1
496 122 7 6 1 0
402 54 7 6 1 1
388 150 7 6 1 0
592 113 7 6 1 0
180 173 6 10 1 0
62 103 7 6 1 1
641 118 7 6 1 0
474 90 7 6 1 1
360 21 7 6 1 1
190 229 6 10 1 0
472 163 6 10 1 0
613 86 7 6 1 1
418 172 6 10 1 0
187 258 6 10 1 0
567 72 7 6 1 1
504 90 7 6 1 1
81 112 7 6 1 1
387 141 7 6 1 0
246 130 7 6 1 0
444 271 6 10 1 0
99 300 10 13 2 0
459 170 6 10 1 0
512 77 7 6 1 1
392 353 10 13 1 0
201 213 6 10 1 0
497 2 7 6 1 1
155 292 10 13 1 0
598 221 6 10 1 0
182 98 7 6 1 1
638 32 7 6 1 1
151 346 10 13 1 0
187 181 6 10 1 0
374 229 6 10 1 0
96 157 7 6 1 0
426 73 7 6 1 1
245 171 6 10 1 0
114 168 6 10 1 0
407 222 6 10 1 0
273 200 6 10 1 0
399 145 7 6 1 0
204 243 6 10 1 0
232 228 6 10 1 0
40 345 10 13 1 0
254 144 7 6 1 0
442 226 6 10 1 0
567 184 6 10 1 0
523 50 7 6 1 1
560 81 7 6 1 1
409 202 6 10 1 0
415 252 6 10 1 0
588 320 10 13 1 0
626 80 7 6 1 1
609 185 6 10 1 0
329 98 7 6 1 1
100 247 6 10 1 0
331 14 7 6 1 1
195 203 6 10 1 0
153 71 7 6 1 1
118 363 10 13 1 0
337 194 6 10 1 0
499 267 6 10 1 0
400 126 7 6 1 0
467 132 7 6 1 0
326 116 7 6 1 1
427 198 6 10 1 0
516 332 10 13 1 0
40 11 7 6 1 1
478 269 6 10 1 0
6 232 6 10 1 0
257 322 10 13 1 0
506 116 7 6 1 0
313 152 7 6 1 0
503 144 7 6 1 0
61 127 7 6 1 0
299 67 7 6 1 1
453 242 6 10 1 0
466 279 6 10 1 0
307 241 6 10 1 0
430 183 6 10 1 0
464 150 7 6 1 0
435 239 6 10 1 0
246 247 6 10 1 0
317 114 7 6 1 1
322 177 6 10 1 0
384 122 7 6 1 1
439 120 7 6 1 0
257 69 7 6 1 1
160 213 6 10 1 0
468 78 7 6 1 1
70 125 7 6 1 0
585 179 6 10 1 0
206 324 10 13 1 0
538 92 7 6 1 1
212 215 6 10 1 0
375 254 6 10 1 0
229 141 7 6 1 0
539 147 7 6 1 0
111 349 10 13 1 0
306 164 6 10 1 0
530 330 10 13 1 0
205 136 7 6 1 0
385 192 6 10 1 0
571 59 7 6 1 1
360 128 7 6 1 0
401 156 7 6 1 0
400 116 7 6 1 1
411 374 10 13 1 0
491 86 7 6 1 1
481 200 6 10 1 0
85 330 10 13 1 0
514 148 7 6 1 0
578 160 6 8 1 0
345 229 6 10 1 0
10 394 10 13 1 0
202 49 7 6 1 1
272 370 10 13 1 0
334 164 6 10 1 0
239 130 7 6 1 0
270 95 7 6 1 1
482 81 7 6 1 1
350 405 10 13 1 0
561 47 7 6 1 1
262 89 7 6 1 1
122 307 10 13 1 0
310 171 6 10 1 0
389 128 7 6 1 0
494 20 7 6 1 1
267 212 6 10 1 0
521 133 7 6 1 0
483 14 7 6 1 1
378 25 7 6 1 1
365 28 7 6 1 1
461 79 7 6 1 1
512 244 6 10 1 0
144 135 7 6 1 0
577 136 7 6 1 0
242 88 7 6 1 1
589 16 7 6 1 1
523 94 7 6 1 1
394 104 7 6 1 1
612 24 7 6 1 1
398 297 10 13 1 0
490 101 7 6 1 1
632 251 7 10 1 0
501 117 7 6 1 0
458 250 6 10 1 0
148 214 6 10 1 0
286 236 6 10 1 0
90 240 6 10 1 0
185 414 10 13 1 0
377 89 7 6 1 1
631 298 9 12 1 0
46 272 6 10 1 0
462 108 7 6 1 0
337 265 6 10 1 0
636 65 7 6 1 1
212 276 6 10 1 0
32 224 6 10 1 0
185 124 7 6 1 0
287 161 6 8 1 0
263 70 7 6 1 1
617 217 6 10 1 0
568 175 6 10 1 0
517 100 7 6 1 1
114 90 7 6 1 1
571 29 7 6 1 1
570 20 7 6 1 1
475 123 7 6 1 0
291 332 10 13 1 0
507 1 7 6 1 1
185 359 10 13 1 0
604 144 7 6 1 0
281 81 7 6 1 1
622 25 7 6 1 1
49 88 7 6 1 1
521 293 10 13 1 0
456 163 6 10 1 0
251 154 7 6 1 0
623 393 10 13 1 0
556 61 7 6 1 1
410 65 7 6 1 1
297 107 7 6 1 1
284 255 6 10 1 0
302 151 7 6 1 0
29 323 10 13 1 0
640 239 7 10 1 0
71 100 7 6 1 1
195 117 7 6 1 1
88 214 6 10 1 0
272 189 6 10 1 0
444 174 6 10 1 0
485 84 7 6 1 1
507 20 7 6 1 1
461 265 6 10 1 0
559 213 6 10 1 0
354 285 10 13 1 0
489 113 7 6 1 0
280 149 7 6 1 0
367 24 7 6 1 1
617 39 7 6 1 1
493 346 10 13 1 0
202 106 7 6 1 1
257 132 7 6 1 0
338 250 6 10 1 0
602 121 7 6 1 0
539 13 7 6 1 1
252 224 6 10 1 0
539 7 7 6 1 1
496 322 10 13 1 0
532 294 10 13 1 0
495 157 7 6 1 0
500 179 6 10 1 0
141 227 6 10 1 0
128 196 6 10 1 0
446 68 7 6 1 1
63 185 6 10 1 0
422 120 7 6 1 1
444 118 7 6 1 0
520 10 7 6 1 1
96 195 6 10 1 0
348 102 7 6 1 1
184 230 6 10 1 0
64 295 10 13 1 0
6 58 7 6 1 1
412 28 7 6 1 1
378 99 7 6 1 1
536 190 6 10 1 0
306 122 7 6 1 1
173 106 7 6 1 1
573 227 6 10 1 0
475 180 6 10 1 0
46 366 10 13 1 0
534 101 7 6 1 1
148 233 6 10 1 0
374 213 6 10 1 0
457 185 6 10 1 0
574 100 7 6 1 1
60 284 10 13 1 0
248 144 7 6 1 0
233 365 10 13 1 0
175 199 6 10 1 0
118 110 7 6 1 1
193 103 7 6 1 1
561 200 6 10 1 0
534 43 7 6 1 1
563 7 7 6 1 1
522 3 7 6 1 1
501 168 6 10 1 0
641 286 9 12 1 0
133 135 7 6 1 0
222 118 7 6 1 1
130 142 7 6 1 0
536 320 10 13 1 0
116 223 6 10 1 0
555 8 7 6 1 1
631 235 6 10 1 0
364 138 7 6 1 0
213 159 7 6 1 0
643 92 7 6 1 1
288 294 10 13 1 0
343 177 6 10 1 0
80 240 6 10 1 0
561 347 10 13 1 0
385 53 7 6 1 1
194 191 6 10 1 0
249 195 6 10 1 0
153 277 6 10 1 0
220 415 10 13 1 0
486 9 7 6 1 1
448 166 6 10 1 0
189 299 10 13 1 0
572 12 7 6 1 1
385 22 7 6 1 1
383 220 6 10 1 0
31 338 10 13 1 0
162 231 6 10 1 0
297 216 6 10 1 0
305 341 10 13 1 0
522 153 7 6 1 0
267 295 10 13 1 0
159 142 7 6 1 0
641 189 6 10 1 0
239 116 7 6 1 1
538 161 6 7 1 0
417 138 7 6 1 0
132 294 10 13 1 0
233 398 10 13 1 0
28 261 6 10 1 0
211 304 10 13 1 0
393 11 7 6 1 1
158 177 6 10 1 0
491 225 6 10 1 0
608 34 7 6 1 1
585 79 7 6 1 1
643 140 7 6 1 0
429 230 6 10 1 0
190 171 6 10 1 0
449 191 6 10 1 0
181 315 10 13 1 0
318 104 7 6 1 1
631 179 6 10 1 0
620 288 10 13 1 0
80 196 6 10 1 0
498 14 7 6 1 1
472 62 7 6 1 1
601 109 7 6 1 0
240 261 6 10 1 0
399 95 7 6 1 1
580 197 6 10 1 0
35 210 6 10 1 0
546 97 7 6 1 1
312 188 6 10 1 0
234 303 10 13 1 0
284 267 6 10 1 0
604 205 6 10 1 0
558 115 7 6 1 0
342 348 10 13 1 0
346 120 7 6 1 1
452 124 7 6 1 0
7 363 10 13 1 0
54 158 7 6 1 0
59 137 7 6 1 0
122 261 6 10 1 0
374 184 6 10 1 0
560 154 7 6 1 0
180 156 7 6 1 0
301 200 6 10 1 0
346 167 6 10 1 0
583 134 7 6 1 0
60 90 7 6 1 1
332 70 7 6 1 1
241 405 10 13 1 0
38 167 6 10 1 0
118 118 7 6 1 1
534 152 7 6 1 0
342 274 6 10 1 0
165 147 7 6 1 0
577 265 6 10 1 0
466 62 7 6 1 1
589 254 6 10 1 0
531 158 7 6 1 0
329 251 6 10 1 0
160 40 7 6 1 1
509 72 7 6 1 1
476 102 7 6 1 1
388 90 7 6 1 1
473 69 7 6 1 1
419 215 6 10 1 0
331 184 6 10 1 0
36 76 7 6 1 1
182 115 7 6 1 1
639 171 6 9 1 0
524 177 6 10 1 0
368 126 7 6 1 0
226 192 6 10 1 0
202 124 7 6 1 0
564 329 10 13 1 0
135 104 7 6 1 1
447 83 7 6 1 1
301 273 6 10 1 0
250 112 7 6 1 1
320 162 6 8 1 0
579 105 7 6 1 1
633 39 7 6 1 1
541 79 7 6 1 1
563 141 7 6 1 0
321 167 6 10 1 0
165 244 6 10 1 0
104 72 7 6 1 1
468 175 6 10 1 0
426 44 7 6 1 1
258 244 6 10 1 0
143 241 6 10 1 0
392 77 7 6 1 1
446 204 6 10 1 0
534 48 7 6 1 1
409 237 6 10 1 0
92 22 7 6 1 1
100 136 7 6 1 0
421 349 10 13 1 0
541 346 10 13 1 0
437 178 6 10 1 0
352 178 6 10 1 0
208 111 7 6 1 1
492 76 7 6 1 1
391 184 6 10 1 0
596 97 7 6 1 1
73 259 6 10 1 0
299 141 7 6 1 0
321 230 6 10 1 0
287 191 6 10 1 0
577 49 7 6 1 1
618 162 6 7 1 0
509 138 7 6 1 0
620 187 6 10 1 0
337 7 7 6 1 1
195 403 10 13 1 0
533 9 7 6 1 1
409 133 7 6 1 0
403 368 10 13 1 0
413 12 7 6 1 1
346 68 7 6 1 1
527 100 7 6 1 1
424 226 6 10 1 0
496 175 6 10 1 0
635 314 10 13 1 0
424 128 7 6 1 0
608 80 7 6 1 1
504 238 6 10 1 0
85 121 7 6 1 0
553 379 10 13 1 0
106 218 6 10 1 0
158 309 10 13 1 0
283 309 10 13 1 0
601 36 7 6 1 1
544 218 6 10 1 0
280 291 10 13 1 0
521 322 10 13 1 0
122 30 7 6 1 1
308 184 6 10 1 0
319 260 6 10 1 0
192 129 7 6 1 0
385 34 7 6 1 1
245 154 7 6 1 0
265 261 6 10 1 0
559 18 7 6 1 1
302 251 6 10 1 0
573 107 7 6 1 0
560 106 7 6 1 0
178 97 7 6 1 1
334 207 6 10 1 0
473 330 10 13 1 0
219 110 7 6 1 1
568 82 7 6 1 1
562 163 6 10 1 0
35 266 6 10 1 0
25 53 7 6 1 1
102 201 6 10 1 0
509 157 7 6 1 0
537 228 6 10 1 0
475 150 7 6 1 0
286 224 6 10 1 0
257 410 10 13 1 0
485 231 6 10 1 0
175 305 10 13 1 0
284 245 6 10 1 0
307 399 10 13 1 0
368 176 6 10 1 0
489 187 6 10 1 0
514 118 7 6 1 0
406 97 7 6 1 1
14 316 10 13 1 0
494 94 7 6 1 1
24 4 7 6 1 1
523 221 6 10 1 0
265 336 10 13 1 0
577 167 6 10 1 0
290 125 7 6 1 0
582 70 7 6 1 1
329 158 7 6 1 0
331 322 10 13 1 0
427 312 10 13 1 0
62 310 10 13 1 0
248 177 6 10 1 0
364 63 7 6 1 1
514 14 7 6 1 1
613 117 7 6 1 0
594 158 7 6 1 0
558 289 10 13 1 0
552 177 6 10 1 0
595 29 7 6 1 1
328 71 7 6 1 1
63 155 7 6 1 0
477 62 7 6 1 1
134 268 6 10 1 0
265 275 6 10 1 0
270 132 7 6 1 0
489 64 7 6 1 1
51 242 6 10 1 0
