392 200 4 6 1 1
599 247 11 13 1 1
215 321 6 8 1 1
792 267 11 13 1 1
865 392 15 22 1 0
708 229 11 13 1 1
874 243 11 13 1 1
567 172 9 13 1 1
723 366 16 25 1 0
87 242 9 8 1 1
91 254 9 8 1 1
156 253 9 8 1 1
158 395 11 14 1 0
231 374 11 14 1 0
117 175 6 7 1 1
377 188 4 6 1 1
400 390 19 25 1 0
78 400 12 18 1 0
27 342 12 18 1 1
199 365 11 14 1 0
271 258 9 8 1 1
520 149 9 16 1 1
924 350 12 18 1 0
760 375 16 25 1 0
70 274 9 8 1 1
829 168 5 7 1 1
587 173 9 13 1 1
520 407 19 25 1 0
384 262 9 11 1 1
876 509 30 30 1 0
600 426 16 25 1 0
107 175 6 7 1 1
540 192 9 13 1 1
193 236 9 8 1 1
468 66 9 10 1 1
308 237 9 11 1 1
70 490 22 39 1 0
561 334 10 11 1 1
211 229 9 8 1 1
436 394 19 25 1 0
464 392 19 25 1 0
480 514 30 30 1 0
716 305 10 10 1 1
754 267 11 13 1 1
932 501 30 30 1 0
649 295 10 10 1 1
284 258 9 11 1 1
859 246 11 13 1 1
883 388 15 22 1 0
739 176 6 9 1 1
173 365 11 14 1 0
44 279 9 8 1 1
616 361 12 18 1 0
458 335 13 15 1 1
698 274 11 13 1 1
20 515 30 30 1 0
106 257 9 8 1 1
240 281 9 8 1 1
254 236 9 8 1 1
19 286 9 8 1 1
762 423 16 25 1 0
338 389 19 25 1 0
153 267 9 8 1 1
140 264 9 8 1 1
358 397 19 25 1 0
689 301 10 10 1 1
251 176 6 7 1 1
598 401 16 25 1 0
169 256 9 8 1 1
670 381 16 25 1 0
818 415 15 22 1 0
339 154 6 7 1 1
647 238 11 13 1 1
588 323 10 11 1 1
692 440 16 25 1 0
666 231 11 13 1 1
853 245 11 13 1 1
154 447 16 29 1 0
725 238 11 13 1 1
888 374 15 22 1 0
150 281 9 8 1 1
247 284 9 8 1 1
565 441 16 25 1 0
632 164 5 7 1 1
216 447 16 29 1 0
5 379 12 18 1 0
141 167 6 7 1 1
730 233 11 13 1 1
631 350 10 11 1 0
649 176 5 7 1 1
900 361 12 18 1 0
150 242 9 8 1 1
610 333 10 11 1 1
390 410 19 25 1 0
774 349 12 18 1 0
120 274 9 8 1 1
660 476 27 30 1 0
293 236 9 11 1 1
214 128 6 7 1 1
118 324 6 8 1 1
708 176 6 9 1 1
64 275 9 8 1 1
271 242 9 8 1 1
60 254 9 8 1 1
79 174 6 7 1 1
564 152 9 13 1 1
398 378 19 25 1 0
318 173 6 7 1 1
758 399 16 25 1 0
642 378 16 25 1 0
815 437 15 22 1 0
258 354 11 14 1 0
56 239 9 8 1 1
678 358 12 18 1 0
505 435 19 25 1 0
906 426 15 22 1 0
329 433 19 25 1 0
82 313 6 8 1 1
677 170 6 9 1 1
602 296 10 11 1 1
664 178 5 7 1 1
244 235 9 8 1 1
339 259 9 11 1 1
238 132 6 7 1 1
136 242 9 8 1 1
838 164 5 7 1 1
228 130 6 7 1 1
853 378 15 22 1 0
500 320 13 15 1 1
80 269 9 8 1 1
133 264 9 8 1 1
296 173 6 7 1 1
808 298 9 14 1 1
549 412 19 25 1 0
752 291 10 10 1 1
934 394 15 22 1 0
899 290 9 14 1 1
372 386 19 25 1 0
670 228 11 13 1 1
435 421 19 25 1 0
662 375 16 25 1 0
817 227 11 13 1 1
636 177 5 7 1 1
643 337 10 11 1 1
419 237 9 11 1 1
850 418 15 22 1 0
268 407 11 14 1 0
716 291 10 10 1 1
714 497 27 30 1 0
643 193 11 13 1 1
580 375 16 25 1 0
334 258 9 11 1 1
237 503 30 30 1 0
91 243 9 8 1 1
463 346 13 15 1 1
746 183 6 9 1 1
654 362 12 18 1 0
857 153 5 7 1 1
354 245 9 11 1 1
102 531 30 30 1 0
381 501 30 30 1 0
588 392 16 25 1 0
220 278 9 8 1 1
848 171 5 7 1 1
314 522 30 30 1 0
840 228 11 13 1 1
162 248 9 8 1 1
384 184 4 6 1 1
608 508 30 30 1 0
425 198 4 6 1 1
868 434 15 22 1 0
824 228 11 13 1 1
187 148 6 7 1 1
90 495 22 39 1 0
254 248 9 8 1 1
805 184 6 9 1 1
428 449 19 25 1 0
423 327 13 15 1 1
371 188 4 6 1 1
559 328 10 11 1 1
503 340 13 15 1 1
890 418 15 22 1 0
84 384 12 18 1 0
219 130 6 7 1 1
778 186 6 9 1 1
501 374 13 15 1 0
408 459 19 25 1 0
720 403 16 25 1 0
498 400 19 25 1 0
158 291 9 8 1 1
698 429 16 25 1 0
790 225 11 13 1 1
874 490 27 30 1 0
62 443 16 29 1 0
541 393 19 25 1 0
381 238 9 11 1 1
308 174 6 7 1 1
141 244 9 8 1 1
882 231 11 13 1 1
122 451 16 29 1 0
229 234 9 8 1 1
891 299 9 14 1 1
306 233 9 11 1 1
23 253 9 8 1 1
678 227 11 13 1 1
834 364 12 18 1 0
404 356 13 15 1 0
156 162 6 7 1 1
422 526 30 30 1 0
596 227 11 13 1 1
766 229 11 13 1 1
217 386 11 14 1 0
6 313 6 8 1 1
760 236 11 13 1 1
199 447 16 29 1 0
602 177 5 7 1 1
752 452 16 25 1 0
287 171 6 7 1 1
332 147 6 7 1 1
388 357 13 15 1 0
274 386 11 14 1 0
789 282 9 14 1 1
887 242 11 13 1 1
207 309 6 8 1 1
152 230 9 8 1 1
76 243 9 8 1 1
759 278 11 13 1 1
886 374 15 22 1 0
887 223 11 13 1 1
564 359 12 18 1 0
898 437 15 22 1 0
567 193 9 13 1 1
689 311 10 10 1 1
123 497 22 39 1 0
384 248 9 11 1 1
372 251 9 11 1 1
201 504 30 30 1 0
170 241 9 8 1 1
373 235 9 11 1 1
70 241 9 8 1 1
626 237 11 13 1 1
115 245 9 8 1 1
693 389 16 25 1 0
780 374 16 25 1 0
345 382 19 25 1 0
238 441 16 29 1 0
454 434 19 25 1 0
96 170 6 7 1 1
235 301 9 8 1 1
294 403 11 14 1 0
235 358 11 14 1 0
589 223 11 13 1 1
493 101 9 10 1 1
628 163 5 7 1 1
191 260 9 8 1 1
445 494 19 28 1 0
835 284 9 14 1 1
841 494 27 30 1 0
309 229 9 11 1 1
699 262 11 13 1 1
897 281 11 13 1 1
428 374 13 15 1 0
832 264 11 13 1 1
320 233 9 11 1 1
683 401 16 25 1 0
813 375 15 22 1 0
708 518 30 30 1 0
121 242 9 8 1 1
236 271 9 8 1 1
132 369 12 18 1 0
313 506 30 30 1 0
873 166 5 7 1 1
715 360 12 18 1 0
751 236 11 13 1 1
168 512 30 30 1 0
603 353 10 11 1 0
841 519 30 30 1 0
943 457 15 22 1 0
250 461 16 29 1 0
486 155 9 16 1 1
309 261 9 11 1 1
638 518 30 30 1 0
800 461 27 30 1 0
194 390 11 14 1 0
836 232 11 13 1 1
620 312 10 11 1 1
423 245 9 11 1 1
323 394 11 14 1 0
242 302 9 8 1 1
21 373 12 18 1 0
176 169 6 7 1 1
670 352 10 11 1 0
579 351 10 11 1 0
919 423 15 22 1 0
313 376 11 14 1 0
677 302 10 10 1 1
250 326 6 8 1 1
659 287 10 10 1 1
865 289 9 14 1 1
787 386 16 25 1 0
398 250 9 11 1 1
107 395 12 18 1 0
697 474 27 30 1 0
504 416 19 25 1 0
620 180 5 7 1 1
62 257 9 8 1 1
414 386 19 25 1 0
35 400 12 18 1 0
805 227 11 13 1 1
607 450 16 25 1 0
956 248 16 23 1 1
552 155 9 13 1 1
618 389 16 25 1 0
234 420 11 14 1 0
838 374 15 22 1 0
252 302 9 8 1 1
421 234 9 11 1 1
691 174 6 9 1 1
876 146 5 7 1 1
16 495 22 39 1 0
931 480 27 30 1 0
48 248 9 8 1 1
40 279 9 8 1 1
190 284 9 8 1 1
485 383 19 25 1 0
803 416 15 22 1 0
477 291 13 15 1 1
369 140 4 6 1 1
734 235 11 13 1 1
212 298 9 8 1 1
75 260 9 8 1 1
568 377 16 25 1 0
414 200 4 6 1 1
319 367 11 14 1 0
184 238 9 8 1 1
34 258 9 8 1 1
718 173 6 9 1 1
243 401 11 14 1 0
802 360 12 18 1 0
672 193 6 9 1 1
821 289 9 14 1 1
41 153 6 7 1 1
270 175 6 7 1 1
283 433 16 29 1 0
858 298 9 14 1 1
505 155 9 16 1 1
833 403 15 22 1 0
216 245 9 8 1 1
479 486 19 28 1 0
252 278 9 8 1 1
125 393 12 18 1 0
865 231 11 13 1 1
477 329 13 15 1 1
428 233 9 11 1 1
119 428 16 29 1 0
436 383 19 25 1 0
637 446 16 25 1 0
320 265 9 11 1 1
933 426 15 22 1 0
558 200 9 13 1 1
371 519 30 30 1 0
804 343 12 18 1 1
729 178 6 9 1 1
794 185 6 9 1 1
129 416 12 18 1 0
542 508 30 30 1 0
622 163 5 7 1 1
370 342 13 15 1 1
394 238 9 11 1 1
569 408 16 25 1 0
663 327 10 11 1 1
793 336 16 25 1 1
388 183 4 6 1 1
411 339 13 15 1 1
499 151 9 16 1 1
828 371 15 22 1 0
642 165 5 7 1 1
412 253 9 11 1 1
715 341 12 18 1 1
757 183 6 9 1 1
785 357 12 18 1 0
579 173 9 13 1 1
275 354 11 14 1 0
204 283 9 8 1 1
455 384 19 25 1 0
219 230 9 8 1 1
110 242 9 8 1 1
698 229 11 13 1 1
354 255 9 11 1 1
