1682 938 11 12 1 0
998 1215 24 31 1 0
1445 903 11 12 1 1
1931 851 9 9 1 0
975 837 14 16 1 0
1912 874 9 9 1 0
1549 907 11 12 1 1
615 1224 24 31 1 0
306 1219 19 25 1 0
1983 891 11 12 1 0
264 1242 19 25 1 0
54 1242 19 25 1 0
1404 1099 21 25 1 0
1005 834 14 16 1 0
315 1195 19 25 1 0
1822 836 9 9 1 1
166 1264 19 25 1 0
1707 835 9 9 1 1
1926 742 7 7 1 1
1976 789 9 9 1 0
1757 1247 47 40 1 0
1896 898 11 12 1 0
99 1252 19 25 1 0
837 1324 42 40 1 0
1444 1144 22 26 1 0
1969 758 7 7 1 1
1893 1133 21 24 1 0
1974 864 9 9 1 0
1660 903 11 12 1 1
1796 925 11 12 1 0
1942 861 9 9 1 0
536 1227 24 31 1 0
485 1262 24 31 1 0
286 1362 22 30 1 0
1866 742 7 7 1 1
1752 824 9 9 1 1
1752 1031 21 24 1 0
456 1250 24 31 1 0
1644 898 11 12 1 1
1935 814 9 9 1 0
1813 801 9 9 1 1
1117 1237 22 26 1 0
2020 1142 21 24 1 0
1340 1355 46 58 1 0
1797 767 7 7 1 1
1675 967 11 12 1 0
1847 838 9 9 1 1
1885 783 9 9 1 1
396 1320 28 30 1 0
1882 826 9 9 1 1
1632 1253 47 40 1 0
1833 840 9 9 1 1
1706 1119 21 24 1 0
1657 1107 21 24 1 0
1504 968 11 12 1 1
1909 897 11 12 1 0
1517 1158 22 26 1 0
1669 889 11 12 1 1
1560 913 11 12 1 1
2026 750 7 7 1 1
1585 1068 21 24 1 0
1698 893 11 12 1 0
1827 1358 47 40 1 0
1460 1082 21 24 1 0
762 1361 42 40 1 0
1864 792 9 9 1 1
1189 1354 44 52 1 0
1757 1064 21 24 1 0
536 1208 24 31 1 0
1795 956 11 12 1 0
1559 1051 21 24 1 0
1956 758 7 7 1 1
1993 699 7 7 1 1
89 893 14 16 1 0
1864 1159 21 24 1 0
1923 905 11 12 1 0
1678 921 11 12 1 0
1788 1148 21 24 1 0
985 864 14 16 1 0
1781 854 9 9 1 0
1659 833 9 9 1 1
1475 906 11 12 1 1
1766 801 9 9 1 1
1936 920 11 12 1 0
1770 788 9 9 1 1
45 1264 19 25 1 0
1865 751 7 7 1 1
1529 1324 46 58 1 0
217 1363 22 30 1 0
1639 939 11 12 1 1
1913 782 7 7 1 1
1450 887 9 9 1 1
739 1231 24 31 1 0
1822 1140 21 24 1 0
1433 920 11 12 1 1
1400 934 11 12 1 1
1818 1252 47 40 1 0
1948 732 7 7 1 1
1823 759 7 7 1 1
1515 1097 21 24 1 0
563 1223 24 31 1 0
46 897 14 16 1 0
1892 767 7 7 1 1
1566 968 11 12 1 1
1333 1122 22 26 1 0
1515 971 16 18 1 1
1861 915 11 12 1 0
1726 1304 47 40 1 0
1893 1248 47 40 1 0
1884 750 7 7 1 1
999 1301 44 52 1 0
1780 1050 21 24 1 0
372 1294 26 30 1 0
1790 810 9 9 1 1
2010 762 7 7 1 1
1560 882 9 9 1 1
1760 1156 21 24 1 0
80 1212 19 25 1 0
1007 1338 44 52 1 0
1842 1260 47 40 1 0
332 1357 28 30 1 0
1694 823 9 9 1 1
1770 1059 21 24 1 0
1881 791 9 9 1 1
222 904 14 16 1 0
890 1213 24 31 1 0
1964 840 9 9 1 0
1656 847 9 9 1 1
1867 777 7 7 1 1
1475 1158 22 26 1 0
828 1291 28 33 1 0
1846 750 7 7 1 1
622 1263 24 31 1 0
1447 1098 21 24 1 0
1840 943 11 12 1 0
1522 1276 46 58 1 0
1698 1075 21 24 1 0
244 864 14 16 1 0
424 1278 27 30 1 0
581 887 14 16 1 0
1904 811 9 9 1 1
1999 731 7 7 1 1
1034 1355 44 52 1 0
156 1357 22 30 1 0
1863 833 9 9 1 1
1596 1059 21 24 1 0
1842 767 7 7 1 1
1997 898 9 9 1 0
954 1242 24 31 1 0
1768 1090 21 24 1 0
797 1267 24 31 1 0
1746 1073 21 24 1 0
1005 873 14 16 1 0
1824 939 11 12 1 0
1291 1285 46 58 1 0
1983 763 7 7 1 1
1466 887 9 9 1 1
1402 1153 22 26 1 0
1650 1144 22 26 1 0
1780 948 11 12 1 0
315 1340 22 30 1 0
260 876 14 16 1 0
1215 1325 44 52 1 0
1972 729 7 7 1 1
921 1291 33 35 1 0
1696 950 11 12 1 0
1994 1127 21 24 1 0
194 916 14 16 1 0
1970 919 11 12 1 0
691 1208 24 31 1 0
1680 1031 21 24 1 0
2017 723 7 7 1 1
1586 948 11 12 1 1
2035 904 10 10 1 0
1428 939 11 12 1 1
2009 706 7 7 1 1
549 1253 24 31 1 0
1420 1129 22 26 1 0
1989 750 7 7 1 1
1542 1130 22 26 1 0
1908 755 7 7 1 1
1680 1096 21 24 1 0
1880 764 7 7 1 1
1798 1040 21 24 1 0
1742 1103 21 24 1 0
1712 924 11 12 1 0
1823 777 7 7 1 1
1473 1074 21 24 1 0
1399 1281 46 58 1 0
1935 1143 21 24 1 0
1491 899 11 12 1 1
1377 1135 22 26 1 0
1923 1314 47 40 1 0
2000 719 7 7 1 1
1562 868 9 9 1 1
230 868 14 16 1 0
1363 1150 22 26 1 0
1848 1048 21 24 1 0
1979 1177 21 24 1 0
758 1333 42 40 1 0
1428 1094 21 24 1 0
773 1242 24 31 1 0
924 1233 24 31 1 0
1628 878 9 9 1 1
60 1193 19 25 1 0
1628 937 11 12 1 1
756 1293 28 33 1 0
1518 917 11 12 1 1
30 1206 19 25 1 0
660 1219 24 31 1 0
1814 1075 21 24 1 0
1960 720 7 7 1 1
1607 1044 21 24 1 0
1626 1070 21 24 1 0
1786 1044 21 24 1 0
1386 1103 21 25 1 0
1647 1034 21 24 1 0
439 1303 26 30 1 0
890 1242 24 31 1 0
1951 1076 21 24 1 0
2027 1184 21 24 1 0
1473 926 11 12 1 1
1366 1299 46 58 1 0
1803 830 9 9 1 1
1999 1067 21 24 1 0
1976 700 7 7 1 1
1205 1127 20 23 1 0
561 1242 24 31 1 0
1062 1291 44 52 1 0
1446 1087 21 24 1 0
700 1280 24 31 1 0
977 1239 24 31 1 0
948 1197 24 31 1 0
1825 1066 21 24 1 0
603 1345 28 30 1 0
1830 1037 21 24 1 0
1495 1233 22 26 1 0
841 1191 24 31 1 0
1957 745 7 7 1 1
266 1355 22 30 1 0
1993 774 7 7 1 0
1728 1172 21 24 1 0
1810 817 9 9 1 1
1566 1158 22 26 1 0
840 931 14 16 1 0
1533 1089 21 24 1 0
2026 703 7 7 1 1
657 1259 24 31 1 0
1796 847 9 9 1 0
1668 1256 47 40 1 0
1991 791 9 9 1 0
145 1205 19 25 1 0
1507 1004 21 24 1 0
724 1259 24 31 1 0
1915 1185 27 28 1 0
773 1215 24 31 1 0
2004 1095 21 24 1 0
1932 770 7 7 1 1
1639 881 9 9 1 1
996 829 14 16 1 0
265 1205 19 25 1 0
512 1225 24 31 1 0
1425 1323 46 58 1 0
1960 861 9 9 1 0
1917 1127 21 24 1 0
792 1227 24 31 1 0
2005 699 7 7 1 1
1767 827 9 9 1 1
359 1216 19 25 1 0
1530 1107 21 24 1 0
1609 905 11 12 1 1
2023 906 10 11 1 0
1928 1274 47 40 1 0
2037 1053 21 24 1 0
212 886 14 16 1 0
1692 1028 21 24 1 0
1974 798 9 9 1 0
1520 976 16 18 1 0
1290 1335 46 58 1 0
1784 801 9 9 1 1
1959 1129 21 24 1 0
1550 1084 21 24 1 0
1787 831 9 9 1 1
1898 732 7 7 1 1
233 878 14 16 1 0
521 1254 24 31 1 0
369 1328 28 30 1 0
1600 872 9 9 1 1
814 1218 24 31 1 0
1984 866 9 9 1 0
166 1218 19 25 1 0
561 1273 24 31 1 0
2008 845 9 9 1 0
913 1341 42 40 1 0
1504 988 21 24 1 0
189 1350 22 30 1 0
1899 932 11 12 1 0
1447 943 11 12 1 1
1736 827 9 9 1 1
257 1331 22 30 1 0
1683 823 9 9 1 1
681 1339 42 40 1 0
1824 856 9 9 1 0
1478 896 11 12 1 1
1805 1164 21 24 1 0
1535 1142 22 26 1 0
461 1328 28 30 1 0
1919 733 7 7 1 1
1985 931 11 12 1 0
1676 845 9 9 1 0
483 1228 24 31 1 0
1905 1216 47 40 1 0
1727 1254 47 40 1 0
34 896 14 16 1 0
51 1283 22 30 1 0
865 1207 24 31 1 0
2010 1047 21 24 1 0
269 1223 19 25 1 0
1867 1017 21 24 1 0
1484 1358 46 58 1 0
1543 867 9 9 1 1
1616 912 11 12 1 1
1460 928 11 12 1 1
1481 1063 21 24 1 0
564 897 14 16 1 0
1977 723 7 7 1 1
1941 722 7 7 1 1
2017 807 9 9 1 0
1611 875 9 9 1 1
1550 895 11 12 1 1
1413 915 10 11 1 1
546 1323 28 30 1 0
1600 1149 22 26 1 0
1730 1038 21 24 1 0
70 899 14 16 1 0
1964 787 9 9 1 0
1036 1282 44 52 1 0
1672 1339 47 40 1 0
32 1307 22 30 1 0
1969 713 7 7 1 1
1573 1116 21 24 1 0
1808 884 9 9 1 0
1889 739 7 7 1 1
1726 837 9 9 1 1
1 1256 19 26 1 0
1394 1132 22 26 1 0
896 1262 24 31 1 0
2032 998 16 18 1 0
988 920 14 16 1 0
506 1297 26 30 1 0
1833 806 9 9 1 1
1083 1351 44 52 1 0
1835 772 7 7 1 1
2031 769 7 7 1 0
1848 1284 47 40 1 0
2009 1221 47 40 1 0
1506 895 11 12 1 1
1010 1255 24 31 1 0
1300 1129 22 26 1 0
598 1204 24 31 1 0
1715 914 11 12 1 0
1585 986 21 24 1 0
1796 798 9 9 1 1
2004 777 7 7 1 0
1581 920 11 12 1 1
1622 1128 21 24 1 0
215 1219 19 25 1 0
1982 838 9 9 1 0
1640 1063 21 24 1 0
1905 937 11 12 1 0
112 1359 22 30 1 0
183 1198 19 25 1 0
1499 917 11 12 1 1
1734 960 11 12 1 0
1652 878 9 9 1 1
1356 1115 22 26 1 0
1520 887 9 9 1 1
240 1351 22 30 1 0
1861 762 7 7 1 1
834 1255 24 31 1 0
1484 933 11 12 1 1
1036 1230 24 31 1 0
2022 734 7 7 1 1
247 1363 22 30 3 0
1773 866 9 9 1 0
567 1300 27 30 1 0
1948 708 7 7 1 1
1669 922 11 12 1 1
1533 1063 21 24 1 0
1740 839 9 9 1 1
1943 783 9 9 1 0
1784 1176 21 24 1 0
1613 967 11 12 1 1
1672 1046 21 24 1 0
1552 1101 21 24 1 0
1952 802 9 9 1 0
1722 950 11 12 1 0
1808 772 7 7 1 1
711 1209 24 31 1 0
1080 1242 24 31 1 0
806 919 14 16 1 0
1598 947 11 12 1 1
1849 779 7 7 1 1
122 1229 19 25 1 0
1872 1330 47 40 1 0
1962 885 9 9 1 0
221 1198 19 25 1 0
1551 1250 22 26 1 0
838 1219 24 31 1 0
1735 929 11 12 1 0
68 1230 19 25 1 0
505 1275 24 31 1 0
1861 806 9 9 1 1
29 1360 22 30 1 0
1898 793 9 9 1 1
117 1262 19 25 1 0
748 1195 24 31 1 0
1587 1109 21 24 1 0
1554 960 11 12 1 1
1721 1112 21 24 1 0
1322 1132 22 26 1 0
964 1276 24 31 1 0
2029 713 7 7 1 1
1675 1127 21 24 1 0
1850 791 9 9 1 1
1709 823 9 9 1 1
1845 1177 21 24 1 0
1689 972 11 12 1 0
1819 785 9 9 1 1
1636 988 21 24 1 0
1575 882 9 9 1 1
2012 872 9 9 1 0
1879 892 11 12 1 0
1313 1298 46 58 1 0
524 1336 28 30 1 0
1855 820 9 9 1 1
177 907 14 16 1 0
694 1232 24 31 1 0
160 1246 19 25 1 0
639 1203 24 31 1 0
14 1190 19 25 1 0
1897 1112 21 24 1 0
1691 1059 21 24 1 0
716 1239 24 31 1 0
783 1286 33 35 1 0
1812 853 9 9 1 0
1875 868 9 9 1 0
1926 799 9 9 1 1
1531 907 11 12 1 1
1461 911 11 12 1 1
312 1322 22 30 1 0
1219 1355 44 52 1 0
2025 1072 21 24 1 0
882 1187 24 31 1 0
362 1357 28 30 1 0
1182 1294 44 52 1 0
1880 1010 21 24 1 0
1895 752 7 7 1 1
1745 965 11 12 1 0
1947 774 7 7 1 0
2024 974 16 18 1 0
905 1206 24 31 1 0
1948 756 7 7 1 1
1921 721 7 7 1 1
1107 1298 44 52 1 0
21 1234 19 25 1 0
1527 990 21 24 1 0
1942 742 7 7 1 1
1780 911 11 12 1 0
1892 1177 21 24 1 0
876 1322 42 40 1 0
1622 1043 21 24 1 0
1933 760 7 7 1 1
1571 850 9 9 1 1
637 1302 42 40 1 0
747 1318 42 40 1 0
813 1236 24 31 1 0
1974 743 7 7 1 1
2036 1304 47 40 1 0
1892 869 9 9 1 0
1698 837 9 9 1 1
1573 915 11 12 1 1
1840 789 9 9 1 1
1718 1048 21 24 1 0
1601 888 9 9 1 1
2033 879 9 9 1 0
1804 786 9 9 1 1
1622 890 11 12 1 1
1802 930 11 12 1 0
1699 1190 27 28 1 0
1985 735 7 7 1 1
1764 948 11 12 1 0
1747 939 11 12 1 0
1973 774 7 7 1 0
1469 1301 46 58 1 0
1795 1207 47 40 1 0
1929 875 9 9 1 0
591 1232 24 31 1 0
1669 931 11 12 1 1
1925 756 7 7 1 1
1631 975 11 12 1 1
1517 875 9 9 1 1
968 1216 24 31 1 0
39 1219 19 25 1 0
1992 874 9 9 1 0
1658 1059 21 24 1 0
2024 814 9 9 1 0
1577 1280 46 58 1 0
88 1197 19 25 1 0
2011 906 10 10 1 0
2019 1354 47 40 1 0
1211 987 14 16 1 0
787 1191 24 31 1 0
1273 1138 22 26 1 0
607 1246 24 31 1 0
1643 844 9 9 1 1
1993 838 9 9 1 0
1907 740 7 7 1 1
574 1355 28 30 1 0
1861 885 9 9 1 0
1562 1309 46 58 1 0
1724 807 9 9 1 1
2008 787 9 9 1 0
1505 1113 21 24 1 0
1509 939 11 12 1 1
221 1249 19 25 1 0
1198 1273 38 45 1 0
394 1350 28 30 1 0
764 1258 24 31 1 0
1648 951 11 12 1 1
1836 1060 21 24 1 0
1542 959 11 12 1 1
1469 1114 21 24 1 0
1004 1043 14 16 1 0
104 1287 22 30 1 0
864 1234 24 31 1 0
