419 277 7 6 1 1
294 288 7 6 1 1
30 211 4 6 1 1
490 276 7 6 1 1
195 238 4 6 1 1
279 247 7 6 1 1
243 231 4 6 1 1
478 255 7 6 1 1
341 278 7 6 1 1
393 235 4 6 1 1
40 224 4 6 1 1
238 253 7 6 1 1
313 236 4 6 1 1
114 242 7 6 1 1
125 233 4 6 1 1
2 216 4 6 1 1
62 253 7 6 1 1
53 299 10 11 1 1
362 308 11 12 1 1
38 277 7 6 1 1
321 315 9 9 1 1
202 297 10 11 1 1
473 324 11 12 1 1
64 267 7 6 1 1
370 322 11 12 1 1
104 281 7 6 1 1
98 329 10 11 1 1
85 299 10 11 1 1
170 237 4 6 1 1
18 218 4 6 1 1
181 275 7 6 1 1
88 288 7 6 1 1
321 268 7 6 1 1
251 255 7 6 1 1
238 303 10 11 1 1
411 285 7 6 1 1
156 330 10 11 1 1
237 325 10 11 1 1
439 328 11 12 1 1
224 268 7 6 1 1
81 258 7 6 1 1
347 309 11 12 1 1
78 360 15 17 1 1
386 248 7 6 1 1
278 288 7 6 1 1
303 316 10 11 1 1
95 224 4 6 1 1
129 261 7 6 1 1
321 360 25 29 1 0
434 270 7 6 1 1
244 254 7 6 1 1
92 262 7 6 1 1
131 239 4 6 1 1
174 259 7 6 1 1
431 301 7 6 1 1
455 259 7 6 1 1
180 236 4 6 1 1
552 296 7 6 1 1
205 225 4 6 1 1
85 279 7 6 1 1
412 272 7 6 1 1
399 286 7 6 1 1
147 227 4 6 1 1
520 426 31 31 1 0
418 268 7 6 1 1
327 253 7 6 1 1
507 325 11 12 1 1
272 255 7 6 1 1
550 269 7 6 1 1
96 269 7 6 1 1
296 224 4 6 1 1
524 275 7 6 1 1
255 270 7 6 1 1
53 226 4 6 1 1
63 221 4 6 1 1
8 220 4 6 1 1
547 339 11 12 1 1
64 237 4 6 1 1
213 274 7 6 1 1
68 255 7 6 1 1
133 221 4 6 1 1
113 289 7 6 1 1
357 394 25 29 1 0
489 260 7 6 1 1
370 274 7 6 1 1
257 301 10 11 1 1
520 347 11 12 1 0
351 264 7 6 1 1
23 225 4 6 1 1
401 315 11 12 1 1
518 279 7 6 1 1
302 247 7 6 1 1
202 344 10 11 1 0
419 285 7 6 1 1
144 336 15 17 1 1
103 311 10 11 1 1
276 278 7 6 1 1
263 258 7 6 1 1
507 284 7 6 1 1
355 293 7 6 1 1
331 269 7 6 1 1
40 327 10 11 1 1
10 261 4 6 1 1
119 265 7 6 1 1
571 294 7 6 1 1
59 327 10 11 1 1
611 272 7 6 1 1
319 260 7 6 1 1
119 225 4 6 1 1
344 245 7 6 1 1
290 248 7 6 1 1
434 282 7 6 1 1
224 289 7 6 1 1
371 288 7 6 1 1
252 229 4 6 1 1
534 278 7 6 1 1
372 254 7 6 1 1
147 271 7 6 1 1
25 350 15 17 1 1
286 235 4 6 1 1
35 236 4 6 1 1
328 346 11 12 1 0
267 342 10 11 1 0
348 235 7 6 1 1
604 318 8 7 1 1
592 298 7 6 1 1
215 259 7 6 1 1
146 236 4 6 1 1
153 235 4 6 1 1
417 303 7 6 1 1
28 309 10 11 1 1
578 325 11 12 1 1
154 273 7 6 1 1
339 233 4 6 1 1
565 289 7 6 1 1
70 280 7 6 1 1
268 271 7 6 1 1
360 363 25 29 1 0
593 428 31 31 1 0
597 315 8 7 1 1
336 260 7 6 1 1
594 281 7 6 1 1
576 281 7 6 1 1
265 231 4 6 1 1
201 275 7 6 1 1
90 280 7 6 1 1
235 259 7 6 1 1
76 233 4 6 1 1
445 285 7 6 1 1
294 259 7 6 1 1
243 278 7 6 1 1
204 366 25 29 1 0
309 265 7 6 1 1
588 289 7 6 1 1
507 272 7 6 1 1
79 223 4 6 1 1
68 321 10 11 1 1
