1428 612 85 94 1 0
1466 576 56 69 1 0
643 571 36 48 1 0
1509 676 85 94 1 0
874 564 42 56 1 0
1652 671 85 94 1 0
948 315 26 32 1 0
294 613 38 50 1 0
1526 543 56 69 1 0
654 647 133 149 1 0
1513 594 56 69 1 0
1124 580 76 109 1 0
1620 275 31 33 1 0
1081 556 76 109 1 0
986 648 141 176 1 0
1325 322 27 29 1 0
1330 640 85 94 1 0
961 562 76 109 1 0
687 585 36 48 1 0
1550 280 31 33 1 0
29 643 44 59 1 0
207 555 114 136 1 0
690 579 36 48 1 0
132 605 44 59 1 0
1451 326 27 29 1 0
458 574 36 48 1 0
837 576 42 56 1 0
405 630 38 50 1 0
1267 574 83 104 1 0
1431 546 56 69 1 0
87 250 26 32 1 0
750 588 59 69 1 0
525 587 36 48 1 0
325 612 38 50 1 0
1201 596 59 73 1 0
852 575 42 56 1 0
374 602 38 50 1 0
1660 561 56 69 1 0
1607 583 56 69 1 0
833 627 42 56 1 0
1363 559 83 104 1 0
1068 604 76 109 1 0
1550 620 85 94 1 0
556 619 133 149 1 0
335 628 38 50 1 0
681 338 26 32 1 0
592 565 36 48 1 0
362 260 26 32 1 0
492 624 133 149 1 0
889 608 89 89 1 0
