568 1027 27 41 1 0
3234 1167 43 43 1 0
2489 1119 43 49 1 0
1522 1665 212 228 1 0
3995 1114 12 12 1 0
2060 1161 46 51 1 0
3500 1158 22 20 1 0
2871 1176 43 49 1 0
2003 1052 39 60 1 0
177 990 36 47 1 0
3905 1118 12 12 1 0
1485 1028 39 60 1 0
3541 1126 22 20 1 0
1218 1030 45 45 1 0
222 1027 36 47 1 0
242 998 36 47 1 0
2434 1247 51 57 1 0
3914 1173 41 50 1 0
356 1013 36 47 1 0
2680 1239 51 57 1 0
2466 1129 43 49 1 0
1162 1404 100 96 1 0
3643 1164 22 20 1 0
2587 1175 43 49 1 0
2040 1088 39 60 1 0
604 1005 27 41 1 0
2714 1329 73 93 1 0
3173 1164 50 53 1 0
3688 1228 43 43 1 0
2906 1256 51 57 1 0
2004 1098 39 60 1 0
3188 1272 65 66 1 0
3479 1232 43 43 1 0
2773 1202 51 57 1 0
3784 1172 41 50 1 0
2512 1250 51 57 1 0
498 918 31 44 1 0
121 992 36 47 1 0
2232 1134 44 57 1 0
1367 1004 47 59 1 0
2959 1242 43 49 1 0
1745 1002 39 60 1 0
3958 1112 12 12 1 0
4019 1109 12 12 1 0
3701 1147 22 20 1 0
816 1020 27 41 1 0
1884 994 39 60 1 0
1127 1015 45 45 1 0
2731 1718 212 228 1 0
3039 1237 56 59 1 0
2130 1024 39 59 1 0
2363 1179 44 57 1 0
1863 1047 39 60 1 0
1654 1000 39 60 1 0
1075 1016 45 45 1 0
3394 1219 43 43 1 0
2728 1197 43 49 1 0
2261 1032 39 59 1 0
1401 1018 47 59 1 0
883 1017 27 41 1 0
1525 1010 39 60 1 0
3654 1128 22 20 1 0
3151 1226 65 66 1 0
1033 1024 27 41 1 0
1509 1388 100 96 1 0
1021 969 52 61 1 0
919 1015 27 41 1 0
3195 1801 212 228 1 0
740 1020 27 41 1 0
1255 1064 45 45 1 0
453 1037 31 44 1 0
3612 1147 22 20 1 0
2205 1039 39 59 1 0
