2220 1476 15 11 1 1
245 1324 10 8 1 1
379 1214 10 8 1 1
253 2099 16 20 1 0
1742 2093 15 26 1 0
157 1055 9 2 1 1
452 1654 15 11 1 0
1890 2135 15 26 1 0
1329 1339 10 8 1 1
191 1118 10 8 1 1
1073 1064 9 2 1 1
457 1622 15 11 1 0
2978 1862 16 18 1 0
304 1971 16 20 1 0
3409 1549 15 11 1 0
694 869 9 2 1 1
590 1314 10 8 1 1
952 2028 25 23 1 0
1844 1481 15 11 1 1
350 1225 10 8 1 1
268 801 9 2 1 1
386 1614 15 11 1 0
3033 1901 73 68 1 0
2029 1786 16 18 1 0
1017 1486 15 11 1 1
1380 2156 15 26 1 0
947 903 9 2 1 1
829 1581 15 11 1 0
143 1125 10 8 1 1
1803 1510 15 11 1 0
1203 1073 9 2 1 1
284 2080 16 20 1 0
597 1002 9 2 1 1
251 1744 15 11 1 0
770 970 9 2 1 1
2292 1408 10 8 1 1
2140 2100 15 26 1 0
594 1467 15 11 1 1
1236 2203 250 178 1 1
1233 1211 10 8 1 1
1563 1215 10 8 1 1
738 1515 15 11 1 0
480 1141 10 8 1 1
1283 1428 15 11 1 1
683 1689 15 11 1 0
422 1096 9 2 1 1
725 1169 10 8 1 1
418 1198 10 8 1 1
723 1895 15 23 1 0
439 1421 15 11 1 1
1048 1467 15 11 1 1
2410 2233 15 26 1 0
2381 1411 10 8 1 1
719 1211 10 8 1 1
1449 1094 9 2 1 1
336 835 9 2 1 1
594 1375 10 8 1 1
3414 2008 20 28 1 0
557 1920 10 18 1 1
327 1039 9 2 1 1
1624 1624 15 11 1 0
153 1040 9 2 1 1
116 1039 9 2 1 1
608 1139 10 8 1 1
962 2042 25 23 1 0
1241 1880 15 23 1 0
1272 1674 15 11 1 0
107 838 9 2 1 1
2096 1365 10 8 1 1
1155 1481 15 11 1 1
291 1755 15 11 1 0
2205 1982 15 26 1 0
387 1907 10 18 1 1
397 1106 9 2 1 1
1997 1975 15 26 1 0
2041 1834 16 18 1 0
639 750 9 2 1 1
115 962 9 2 1 1
665 1440 15 11 1 1
428 880 9 2 1 1
1376 1808 16 18 1 0
769 1946 25 23 1 0
921 955 9 2 1 1
1820 1975 15 26 1 0
291 844 9 2 1 1
651 1567 15 11 1 0
2535 1483 15 11 1 1
183 852 9 2 1 1
262 1556 15 11 1 0
1745 1066 9 2 1 1
953 1046 9 2 1 1
1173 892 9 2 1 1
451 1335 10 8 1 1
247 1229 10 8 1 1
2288 1924 15 26 1 0
1759 1858 16 18 1 0
1115 921 9 2 1 1
1266 1114 1 1 1 1
1250 1923 15 23 1 0
2218 2165 15 26 1 0
818 1787 15 23 1 0
2553 1987 15 26 1 0
1026 1047 9 2 1 1
635 985 9 2 1 1
2519 2061 15 26 1 0
169 1108 9 2 1 1
2100 1991 15 26 1 0
973 1961 25 23 1 0
2128 1373 10 8 1 1
170 1342 10 8 1 1
2505 2013 15 26 1 0
912 910 9 2 1 1
1916 1202 10 8 1 1
348 822 9 2 1 1
1085 1156 10 8 1 1
646 1354 10 8 1 1
1575 1952 15 26 1 0
1917 1881 16 18 1 0
1217 1366 10 8 1 1
730 1795 15 23 1 0
1161 1554 15 11 1 0
1985 1406 10 8 1 1
808 1114 1 1 1 1
397 903 9 2 1 1
850 1900 15 23 1 0
3045 1856 16 18 1 0
670 839 9 2 1 1
600 1323 10 8 1 1
1812 1855 16 18 1 0
399 1571 15 11 1 0
950 1939 25 23 1 0
926 861 9 2 1 1
1332 1518 15 11 1 0
139 1057 9 2 1 1
1740 1928 15 26 1 0
1065 2094 15 23 1 0
307 1156 10 8 1 1
1326 1776 15 15 1 0
663 1023 9 2 1 1
1653 1782 16 18 1 0
840 1761 15 11 1 0
99 1097 9 2 1 1
515 979 9 2 1 1
610 750 9 2 1 1
870 1515 15 11 1 0
3435 1511 15 11 1 0
466 908 9 2 1 1
1131 900 9 2 1 1
295 855 9 2 1 1
79 865 9 2 1 1
175 880 9 2 1 1
1316 1286 10 8 1 1
1304 962 9 2 1 1
1451 903 9 2 1 1
1471 953 9 2 1 1
1777 1320 10 8 1 1
1177 1921 15 23 1 0
1523 1348 10 8 1 1
629 1082 9 2 1 1
710 837 9 2 1 1
389 906 9 2 1 1
1914 1100 9 2 1 1
424 972 9 2 1 1
328 1109 1 1 1 1
1144 1606 15 11 1 0
311 1496 15 11 1 0
3265 1627 15 11 1 0
822 1675 15 11 1 0
2258 1482 15 11 1 1
1828 1393 10 8 1 1
2228 2016 15 26 1 0
2547 2088 15 26 1 0
561 1283 10 8 1 1
559 922 9 2 1 1
1180 1219 10 8 1 1
2214 1399 10 8 1 1
708 1793 15 23 1 0
72 933 9 2 1 1
512 1905 10 18 1 1
1646 2020 15 26 1 0
1293 1406 10 8 1 1
2834 2065 15 26 1 0
2205 1522 15 11 1 0
1578 1035 9 2 1 1
1888 1753 15 11 1 0
441 1098 9 2 1 1
1655 1696 15 11 1 0
1263 946 9 2 1 1
1373 1113 1 1 1 1
1845 2125 15 26 1 0
2322 1478 15 11 1 1
930 1965 25 23 1 0
91 857 9 2 1 1
1231 2122 15 23 1 0
1841 1918 15 26 1 0
410 1656 15 11 1 0
477 826 9 2 1 1
231 1570 15 11 1 0
1475 927 9 2 1 1
113 1007 9 2 1 1
1465 1212 10 8 1 1
598 887 9 2 1 1
1290 1022 9 2 1 1
498 884 9 2 1 1
1396 2122 15 26 1 0
709 935 9 2 1 1
153 1650 15 11 1 0
1594 1371 10 8 1 1
982 1271 10 8 1 1
2069 1978 15 26 1 0
463 1671 15 11 1 0
1191 1866 15 23 1 0
846 1277 10 8 1 1
833 1472 15 11 1 1
1239 1666 15 11 1 0
1456 1313 10 8 1 1
3474 2008 20 28 1 0
2670 2106 15 26 1 0
821 1249 10 8 1 1
468 1011 9 2 1 1
1461 1101 9 2 1 1
1835 1691 15 11 1 0
2104 1438 15 11 1 1
956 895 9 2 1 1
1936 1844 16 18 1 0
1287 1043 9 2 1 1
1075 882 9 2 1 1
1410 2274 15 26 1 0
1045 1482 15 11 1 1
1795 2045 15 26 1 0
2140 2209 15 26 1 0
1496 1827 16 18 1 0
917 916 9 2 1 1
373 1116 1 1 1 1
236 1279 10 8 1 1
372 872 9 2 1 1
272 1099 9 2 1 1
2058 1359 10 8 1 1
1138 1414 10 8 1 1
694 1413 10 8 1 1
1245 904 9 2 1 1
1475 1413 10 8 1 1
1636 1134 10 8 1 1
1776 1615 15 11 1 0
681 1225 10 8 1 1
2065 1862 16 18 1 0
836 2143 25 23 1 0
3371 1984 20 28 1 0
2085 1982 15 26 1 0
1528 879 9 2 1 1
3405 1881 16 18 1 0
1552 980 9 2 1 1
1349 2112 15 26 1 0
1603 1659 15 11 1 0
908 1007 9 2 1 1
353 977 9 2 1 1
650 2039 25 23 1 0
335 783 9 2 1 1
256 1388 10 8 1 1
1422 1796 16 18 1 0
685 871 9 2 1 1
610 987 9 2 1 1
710 1041 9 2 1 1
1101 1131 10 8 1 1
1911 2054 15 26 1 0
255 1402 10 8 1 1
1274 1393 10 8 1 1
144 843 9 2 1 1
2117 1484 15 11 1 1
545 1023 9 2 1 1
351 1150 10 8 1 1
597 1638 15 11 1 0
929 1388 10 8 1 1
1106 913 9 2 1 1
2793 2075 15 26 1 0
1960 1886 16 18 1 0
441 1802 10 18 1 0
1219 1445 15 11 1 1
707 1014 9 2 1 1
842 926 9 2 1 1
752 850 9 2 1 1
740 955 9 2 1 1
596 1247 10 8 1 1
889 1238 10 8 1 1
375 1001 9 2 1 1
1248 2059 15 23 1 0
793 2045 25 23 1 0
1757 1752 15 11 1 0
309 832 9 2 1 1
729 991 9 2 1 1
1614 1466 15 11 1 1
2104 1963 15 26 1 0
1361 1096 9 2 1 1
412 1369 10 8 1 1
666 1000 9 2 1 1
1877 1401 10 8 1 1
1542 1395 10 8 1 1
380 921 9 2 1 1
905 1693 15 11 1 0
1663 1210 10 8 1 1
1678 952 9 2 1 1
986 1440 15 11 1 1
897 1019 9 2 1 1
2313 1952 15 26 1 0
115 1090 9 2 1 1
885 1533 15 11 1 0
2507 1562 15 11 1 0
539 1622 15 11 1 0
170 1175 10 8 1 1
235 1688 15 11 1 0
2069 1812 16 18 1 0
730 1473 15 11 1 1
1115 1244 10 8 1 1
1016 1363 10 8 1 1
286 1096 9 2 1 1
2151 1876 16 18 1 0
1772 1359 10 8 1 1
799 972 9 2 1 1
1899 1800 16 18 1 0
1562 969 9 2 1 1
3386 1638 15 11 1 0
610 1604 15 11 1 0
1616 1844 16 18 1 0
406 929 9 2 1 1
1672 1366 10 8 1 1
472 1095 9 2 1 1
2881 1893 15 26 1 0
1226 1275 10 8 1 1
637 776 9 2 1 1
559 1560 15 11 1 0
1503 1467 15 11 1 1
2638 2158 15 26 1 0
2598 1400 10 8 1 1
961 1755 15 11 1 0
816 814 9 2 1 1
383 1355 10 8 1 1
104 1075 9 2 1 1
717 940 9 2 1 1
3346 1697 15 11 1 0
228 1994 16 20 1 0
313 1575 15 11 1 0
2028 1256 10 8 1 1
317 1935 10 18 1 0
1522 944 9 2 1 1
331 1668 15 11 1 0
667 815 9 2 1 1
1486 1799 16 18 1 0
912 887 9 2 1 1
248 992 9 2 1 1
334 890 9 2 1 1
1929 1305 10 8 1 1
69 1118 10 8 1 1
130 1074 9 2 1 1
256 1935 16 20 1 0
1567 1039 9 2 1 1
705 824 9 2 1 1
799 1608 15 11 1 0
477 1048 9 2 1 1
356 908 9 2 1 1
1479 1706 15 11 1 0
1870 1616 15 11 1 0
1062 1035 9 2 1 1
1585 1129 10 8 1 1
1551 1998 15 26 1 0
627 1994 25 23 1 0
300 1943 16 20 1 0
1476 2191 15 26 1 0
2220 1915 15 26 1 0
2740 2090 15 26 1 0
1397 2197 15 26 1 0
335 1112 1 1 1 1
214 1461 15 11 1 1
1270 966 9 2 1 1
911 1386 10 8 1 1
615 1534 15 11 1 0
1826 1134 10 8 1 1
1074 1922 15 23 1 0
1239 1154 10 8 1 1
1192 1039 9 2 1 1
783 859 9 2 1 1
1784 1462 15 11 1 1
475 990 9 2 1 1
985 1063 9 2 1 1
678 1523 15 11 1 0
1283 2035 15 23 1 0
1947 2212 15 26 1 0
708 862 9 2 1 1
799 2143 25 23 1 0
1416 2124 15 26 1 0
323 1465 15 11 1 1
475 1310 10 8 1 1
333 1131 10 8 1 1
2658 2049 15 26 1 0
815 833 9 2 1 1
404 831 9 2 1 1
90 892 9 2 1 1
647 1185 10 8 1 1
595 860 9 2 1 1
1867 1791 16 18 1 0
709 1129 10 8 1 1
3221 1475 15 11 1 0
1637 1551 15 11 1 0
1851 2009 15 26 1 0
989 874 9 2 1 1
757 1107 9 2 1 1
1577 1305 10 8 1 1
705 1069 9 2 1 1
224 965 9 2 1 1
2449 1549 15 11 1 0
330 827 9 2 1 1
2756 2212 15 26 1 0
2356 1960 15 26 1 0
310 1990 73 94 1 0
1116 1887 15 23 1 0
399 983 9 2 1 1
2413 1484 15 11 1 1
1160 1833 15 23 1 0
525 1211 10 8 1 1
420 835 9 2 1 1
1989 1201 10 8 1 1
1365 900 9 2 1 1
999 1200 10 8 1 1
463 1073 9 2 1 1
2273 2201 15 26 1 0
606 1059 9 2 1 1
3492 1582 15 11 1 0
662 1451 15 11 1 1
2275 2009 15 26 1 0
1547 1704 15 11 1 0
1041 1079 9 2 1 1
144 937 9 2 1 1
761 1007 9 2 1 1
243 1811 11 17 1 0
2708 2204 15 26 1 0
567 904 9 2 1 1
686 1169 10 8 1 1
854 1926 25 23 1 0
1673 1627 15 11 1 0
1131 1468 15 11 1 1
497 1015 9 2 1 1
242 1158 10 8 1 1
1252 1566 15 11 1 0
1558 905 9 2 1 1
2279 1467 15 11 1 1
1648 1071 9 2 1 1
476 1739 15 11 1 0
2076 2074 15 26 1 0
1470 1025 9 2 1 1
2075 1525 15 11 1 0
1484 1717 15 11 1 0
604 1285 10 8 1 1
483 1165 10 8 1 1
381 1490 15 11 1 0
1504 1054 9 2 1 1
87 1738 15 11 1 0
1599 2150 15 26 1 0
2879 1921 15 26 1 0
433 1048 9 2 1 1
1883 1533 15 11 1 0
370 1635 15 11 1 0
905 1033 9 2 1 1
1947 1312 10 8 1 1
1786 1278 10 8 1 1
1525 1936 15 26 1 0
182 955 9 2 1 1
1238 1955 15 23 1 0
1655 1192 10 8 1 1
2180 1437 15 11 1 1
512 1351 10 8 1 1
1856 1458 15 11 1 1
1370 1627 15 11 1 0
175 911 9 2 1 1
2163 1968 15 26 1 0
252 1008 9 2 1 1
2827 1878 16 18 1 0
213 1340 10 8 1 1
379 833 9 2 1 1
1779 1083 9 2 1 1
989 1869 15 23 1 0
1425 1531 15 11 1 0
1388 1674 15 11 1 0
673 2117 25 23 1 0
221 1433 15 11 1 1
1601 1213 10 8 1 1
1244 955 9 2 1 1
3190 1513 15 11 1 0
1994 1610 15 11 1 0
372 1380 10 8 1 1
1073 1454 15 11 1 1
196 1288 10 8 1 1
518 1539 15 11 1 0
850 1202 10 8 1 1
197 1062 9 2 1 1
926 1990 25 23 1 0
877 1189 10 8 1 1
558 1300 10 8 1 1
214 1560 15 11 1 0
1945 1420 15 11 1 1
1517 920 9 2 1 1
379 1548 15 11 1 0
326 1287 10 8 1 1
1618 1930 15 26 1 0
1825 1570 15 11 1 0
823 1948 25 23 1 0
1336 1706 15 11 1 0
1406 1319 10 8 1 1
952 1672 15 11 1 0
1867 1195 10 8 1 1
186 1538 15 11 1 0
1290 1084 9 2 1 1
253 1298 10 8 1 1
2175 1821 16 18 1 0
149 894 9 2 1 1
1774 994 9 2 1 1
2350 2030 15 26 1 0
1108 1493 15 11 1 0
3314 1568 15 11 1 0
501 850 9 2 1 1
1055 1897 15 23 1 0
1371 1279 10 8 1 1
896 1144 10 8 1 1
1284 1590 15 11 1 0
1214 877 9 2 1 1
2558 1923 15 26 1 0
2310 1769 15 11 1 0
2665 2000 15 26 1 0
458 747 9 2 1 1
803 1455 15 11 1 1
687 1435 15 11 1 1
805 1024 9 2 1 1
928 1641 15 11 1 0
275 840 9 2 1 1
291 1990 16 20 1 0
894 1930 25 23 1 0
389 974 9 2 1 1
933 955 9 2 1 1
1531 1072 9 2 1 1
799 882 9 2 1 1
1877 1885 16 18 1 0
1671 1998 15 26 1 0
633 1611 15 11 1 0
1046 2306 22 23 1 0
207 1654 15 11 1 0
864 1051 9 2 1 1
141 1238 10 8 1 1
2106 1413 10 8 1 1
888 1516 15 11 1 0
1624 1964 15 26 1 0
2024 1196 10 8 1 1
846 945 9 2 1 1
2020 1929 15 26 1 0
1801 1382 10 8 1 1
1208 949 9 2 1 1
211 1114 1 1 1 1
1794 1774 15 16 1 0
895 2137 25 23 1 0
552 851 9 2 1 1
1844 1604 15 11 1 0
3464 1821 16 18 1 0
424 1026 9 2 1 1
343 1261 10 8 1 1
534 1259 10 8 1 1
680 2065 25 23 1 0
768 1788 15 23 1 0
1223 951 9 2 1 1
444 1880 10 18 1 0
1071 916 9 2 1 1
249 1989 16 20 1 0
678 969 9 2 1 1
847 2063 25 23 1 0
1166 1003 9 2 1 1
782 1558 15 11 1 0
629 1568 15 11 1 0
1218 1994 15 23 1 0
1088 1536 15 11 1 0
1414 1206 10 8 1 1
281 1009 9 2 1 1
1795 1207 10 8 1 1
455 1125 10 8 1 1
1546 1021 9 2 1 1
502 1379 10 8 1 1
166 854 9 2 1 1
396 1542 15 11 1 0
570 934 9 2 1 1
2363 1412 10 8 1 1
1522 1386 10 8 1 1
361 875 9 2 1 1
2245 1998 15 26 1 0
2190 2086 15 26 1 0
574 853 9 2 1 1
984 856 9 2 1 1
1302 939 9 2 1 1
2039 1762 15 11 1 0
695 1062 9 2 1 1
2455 1963 15 26 1 0
1716 1547 15 11 1 0
1752 1478 15 11 1 1
332 1727 15 11 1 0
837 816 9 2 1 1
179 1365 10 8 1 1
1417 1647 15 11 1 0
1933 2069 15 26 1 0
1092 1024 9 2 1 1
155 991 9 2 1 1
1565 1260 10 8 1 1
827 1224 10 8 1 1
1450 2155 15 26 1 0
388 1845 10 18 1 0
1435 1191 10 8 1 1
1522 1182 10 8 1 1
515 1313 10 8 1 1
3428 1548 15 11 1 0
231 1288 10 8 1 1
331 855 9 2 1 1
850 2101 25 23 1 0
230 2020 16 20 1 0
268 1721 15 11 1 0
63 1042 9 2 1 1
947 866 9 2 1 1
222 1128 10 8 1 1
764 839 9 2 1 1
652 902 9 2 1 1
1596 1608 15 11 1 0
1322 1444 15 11 1 1
1002 1390 10 8 1 1
1003 897 9 2 1 1
1490 1394 10 8 1 1
467 1222 10 8 1 1
313 975 9 2 1 1
439 828 9 2 1 1
427 848 9 2 1 1
1938 1747 15 11 1 0
1344 955 9 2 1 1
261 1853 16 20 1 0
503 1130 10 8 1 1
1925 1360 10 8 1 1
2833 2250 15 26 1 0
52 900 9 2 1 1
522 1501 15 11 1 0
724 2143 25 23 1 0
299 1075 9 2 1 1
784 955 9 2 1 1
613 1901 10 18 1 0
1285 1369 10 8 1 1
2909 1906 15 20 1 0
1403 1435 15 11 1 1
1206 1657 15 11 1 0
938 1325 10 8 1 1
995 2054 25 23 1 0
2695 1926 15 26 1 0
1374 1407 10 8 1 1
578 1363 10 8 1 1
354 1049 9 2 1 1
1571 1912 15 26 1 0
790 1971 25 23 1 0
289 1694 15 11 1 0
177 1161 10 8 1 1
2062 1779 15 16 1 0
478 747 9 2 1 1
3442 1535 15 11 1 0
1343 1375 10 8 1 1
799 1036 9 2 1 1
507 1566 15 11 1 0
1576 1376 10 8 1 1
551 1244 10 8 1 1
1382 1776 15 12 1 0
1743 2019 15 26 1 0
1999 1871 16 18 1 0
1311 1019 9 2 1 1
1754 2085 15 26 1 0
1924 1907 15 26 1 0
1739 1735 15 11 1 0
3211 1539 15 11 1 0
853 923 9 2 1 1
763 864 9 2 1 1
2011 1657 15 11 1 0
2414 1980 15 26 1 0
730 1180 10 8 1 1
93 1151 10 8 1 1
995 1024 9 2 1 1
2158 2118 15 26 1 0
607 1380 10 8 1 1
2503 1465 15 11 1 1
1743 1630 15 11 1 0
1722 2104 15 26 1 0
2039 1711 15 11 1 0
3242 2073 20 28 1 1
1340 1074 9 2 1 1
618 887 9 2 1 1
3449 1791 16 18 1 0
1974 1425 15 11 1 1
1648 971 9 2 1 1
694 1473 15 11 1 1
682 2074 25 23 1 0
1672 1076 9 2 1 1
1677 2100 15 26 1 0
1459 1569 15 11 1 0
770 1253 10 8 1 1
2645 1402 10 8 1 1
1072 1865 15 23 1 0
2372 2031 15 26 1 0
1634 1319 10 8 1 1
1872 1117 10 8 1 1
600 1262 10 8 1 1
505 751 9 2 1 1
769 878 9 2 1 1
2374 1996 15 26 1 0
2220 1862 16 18 1 0
1745 1300 10 8 1 1
751 950 9 2 1 1
1436 1822 16 18 1 0
1168 1632 15 11 1 0
420 1032 9 2 1 1
106 1094 9 2 1 1
3256 1736 15 11 1 0
1733 2053 15 26 1 0
1369 960 9 2 1 1
981 1012 9 2 1 1
891 879 9 2 1 1
1989 1431 15 11 1 1
1221 1550 15 11 1 0
153 861 9 2 1 1
1051 1102 9 2 1 1
286 773 9 2 1 1
234 1133 10 8 1 1
1528 1419 15 11 1 1
925 2317 25 23 1 0
114 809 9 2 1 1
3371 1638 15 11 1 0
2438 1970 15 26 1 0
456 1028 9 2 1 1
932 1820 15 23 1 0
1988 1267 10 8 1 1
275 1143 10 8 1 1
885 1547 15 11 1 0
2248 1298 10 8 1 1
107 1113 1 1 1 1
1320 963 9 2 1 1
1697 1081 9 2 1 1
338 1018 9 2 1 1
1109 1369 10 8 1 1
1085 1157 10 8 1 1
359 1537 15 11 1 0
491 1286 10 8 1 1
777 920 9 2 1 1
1064 1210 10 8 1 1
118 794 9 2 1 1
2642 1933 15 26 1 0
306 1861 11 18 1 0
312 1373 10 8 1 1
1599 1388 10 8 1 1
3472 1687 15 11 1 0
1424 1300 10 8 1 1
2219 1684 15 11 1 0
2867 2041 15 26 1 0
1800 2125 15 26 1 0
1092 1411 10 8 1 1
778 845 9 2 1 1
563 1329 10 8 1 1
17 1648 15 11 1 0
1568 1835 16 18 1 0
623 1310 10 8 1 1
829 1011 9 2 1 1
3134 1771 16 18 1 0
159 869 9 2 1 1
1658 1557 15 11 1 0
1228 926 9 2 1 1
1278 2134 15 23 1 0
2351 1394 10 8 1 1
945 874 9 2 1 1
2285 2023 15 26 1 0
1074 1527 15 11 1 0
2589 2028 15 26 1 0
848 933 9 2 1 1
1604 1515 15 11 1 0
1595 1019 9 2 1 1
1442 1561 15 11 1 0
624 1483 15 11 1 1
313 1435 15 11 1 1
1093 1195 10 8 1 1
805 1502 15 11 1 0
1210 1937 15 23 1 0
1991 1804 16 18 1 0
439 996 9 2 1 1
648 915 9 2 1 1
993 1412 10 8 1 1
333 1162 10 8 1 1
287 1127 10 8 1 1
145 1076 9 2 1 1
3281 1721 15 11 1 0
191 805 9 2 1 1
48 858 9 2 1 1
1183 1010 9 2 1 1
992 1375 10 8 1 1
2088 1799 16 18 1 0
325 1011 9 2 1 1
265 1817 11 17 1 0
753 1731 15 11 1 0
2752 1805 16 18 1 0
1415 1570 15 11 1 0
1008 1475 15 11 1 1
1542 1589 15 11 1 0
179 1273 10 8 1 1
1545 1419 15 11 1 1
1576 1013 9 2 1 1
425 960 9 2 1 1
411 1780 10 18 1 0
1498 905 9 2 1 1
547 980 9 2 1 1
1430 1778 15 16 1 0
2375 1560 15 11 1 0
261 1182 10 8 1 1
716 1369 10 8 1 1
1726 2069 15 26 1 0
1736 1321 10 8 1 1
1295 934 9 2 1 1
222 1403 10 8 1 1
657 1688 15 11 1 0
1200 1292 10 8 1 1
192 1820 11 17 1 0
952 929 9 2 1 1
1209 1498 15 11 1 0
2261 2017 15 26 1 0
1190 1149 10 8 1 1
127 1141 10 8 1 1
339 906 9 2 1 1
1028 1394 10 8 1 1
1832 1891 15 26 1 0
1130 1398 10 8 1 1
748 884 9 2 1 1
528 1194 10 8 1 1
3413 1665 15 11 1 0
234 937 9 2 1 1
2214 1879 16 18 1 0
265 966 9 2 1 1
3318 1529 15 11 1 0
2050 1628 15 11 1 0
1656 1523 15 11 1 0
646 1067 9 2 1 1
1031 1194 10 8 1 1
1245 1490 15 11 1 0
571 1029 9 2 1 1
1003 1965 25 23 1 0
209 967 9 2 1 1
816 948 9 2 1 1
201 1230 10 8 1 1
1733 1693 15 11 1 0
1618 1222 10 8 1 1
1168 1124 10 8 1 1
270 1474 15 11 1 1
1874 1571 15 11 1 0
639 1303 10 8 1 1
308 2044 16 20 1 0
1012 2289 25 23 1 0
1211 1210 10 8 1 1
1423 1625 15 11 1 0
1280 964 9 2 1 1
396 855 9 2 1 1
848 1608 15 11 1 0
802 954 9 2 1 1
2748 2043 15 26 1 0
175 1248 10 8 1 1
285 1104 9 2 1 1
1142 1539 15 11 1 0
1264 1086 9 2 1 1
274 860 9 2 1 1
172 1453 15 11 1 1
112 1647 15 11 1 0
1539 1208 10 8 1 1
3413 1695 15 11 1 0
3365 1595 15 11 1 0
2278 1830 16 18 1 0
1719 1205 10 8 1 1
400 1150 10 8 1 1
435 1463 15 11 1 1
2781 2196 15 26 1 0
259 873 9 2 1 1
903 1325 10 8 1 1
245 1135 10 8 1 1
1440 1038 9 2 1 1
714 843 9 2 1 1
262 1328 10 8 1 1
84 1130 10 8 1 1
1236 1929 15 23 1 0
1134 1064 9 2 1 1
670 1358 10 8 1 1
200 1121 10 8 1 1
962 1128 10 8 1 1
1136 1787 15 23 1 0
1662 965 9 2 1 1
1720 1510 15 11 1 0
1193 1365 10 8 1 1
813 1518 15 11 1 0
926 1126 10 8 1 1
1787 1907 15 26 1 0
1025 1941 25 23 1 0
2170 1497 15 11 1 0
2615 1459 15 11 1 1
627 1867 12 20 1 0
721 1201 10 8 1 1
1320 1125 10 8 1 1
1989 2000 15 26 1 0
2099 1856 16 18 1 0
2333 1960 15 26 1 0
1104 1085 9 2 1 1
254 1029 9 2 1 1
1383 1497 15 11 1 0
238 848 9 2 1 1
1331 1648 15 11 1 0
2071 1362 10 8 1 1
334 1755 15 11 1 0
3101 1812 16 18 1 0
346 834 9 2 1 1
1275 907 9 2 1 1
3303 1607 15 11 1 0
1492 1033 9 2 1 1
3261 1454 15 11 1 0
1040 1974 25 23 1 0
3266 2200 20 28 1 0
722 1550 15 11 1 0
362 1005 9 2 1 1
508 880 9 2 1 1
2332 1496 15 11 1 0
1556 950 9 2 1 1
1464 1674 15 11 1 0
1958 1527 15 11 1 0
910 924 9 2 1 1
733 1043 9 2 1 1
3217 1750 15 11 1 0
419 1114 1 1 1 1
2560 1388 10 8 1 1
1372 2041 15 26 1 0
640 1836 15 23 1 0
244 1111 1 1 1 1
492 988 9 2 1 1
859 933 9 2 1 1
1043 887 9 2 1 1
1357 1452 15 11 1 1
1197 1278 10 8 1 1
239 1362 10 8 1 1
1507 1209 10 8 1 1
1687 1519 15 11 1 0
750 927 9 2 1 1
2508 2160 15 26 1 0
1423 900 9 2 1 1
127 1844 11 17 1 0
425 826 9 2 1 1
235 1661 15 11 1 0
251 1094 9 2 1 1
496 922 9 2 1 1
869 820 9 2 1 1
1239 1378 10 8 1 1
2487 2207 15 26 1 0
1049 1262 10 8 1 1
1832 1199 10 8 1 1
1855 2031 15 26 1 0
435 912 9 2 1 1
1177 1888 15 23 1 0
810 1012 9 2 1 1
1986 1330 10 8 1 1
1431 1223 10 8 1 1
502 938 9 2 1 1
802 849 9 2 1 1
360 779 9 2 1 1
1645 1230 10 8 1 1
2655 2017 15 26 1 0
830 1043 9 2 1 1
376 1117 10 8 1 1
2471 1474 15 11 1 1
988 1467 15 11 1 1
1330 965 9 2 1 1
385 1098 9 2 1 1
2531 1940 15 26 1 0
3379 1539 15 11 1 0
194 1047 9 2 1 1
2492 1512 15 11 1 0
214 1814 11 17 1 0
511 1242 10 8 1 1
379 1183 10 8 1 1
702 978 9 2 1 1
806 932 9 2 1 1
161 845 9 2 1 1
443 1840 10 18 1 0
669 1185 10 8 1 1
2130 1979 15 26 1 0
449 1193 10 8 1 1
131 1076 9 2 1 1
1088 945 9 2 1 1
971 1787 15 23 1 0
1201 876 9 2 1 1
2159 1578 15 11 1 0
1114 1811 15 23 1 0
1859 1139 10 8 1 1
575 1849 10 18 1 0
3063 1931 247 220 3 0
1152 929 9 2 1 1
493 1443 15 11 1 1
2234 2041 15 26 1 0
746 1130 10 8 1 1
3342 2280 20 28 1 0
905 1563 15 11 1 0
638 1286 10 8 1 1
840 1171 10 8 1 1
1115 897 9 2 1 1
1151 1273 10 8 1 1
878 1555 15 11 1 0
524 919 9 2 1 1
530 756 9 2 1 1
617 1730 15 11 1 0
1346 901 9 2 1 1
741 842 9 2 1 1
744 1499 15 11 1 0
505 868 9 2 1 1
2160 1677 15 11 1 0
3281 2106 20 28 1 0
541 1228 10 8 1 1
311 944 9 2 1 1
198 999 9 2 1 1
1489 1306 10 8 1 1
1995 1893 15 26 1 0
2065 1374 10 8 1 1
1593 981 9 2 1 1
416 1085 9 2 1 1
409 911 9 2 1 1
2339 1460 15 11 1 1
1609 999 9 2 1 1
1199 2004 15 23 1 0
1071 1887 15 23 1 0
678 1468 15 11 1 1
916 1289 10 8 1 1
1566 1073 9 2 1 1
1395 1530 15 11 1 0
226 1521 15 11 1 0
330 923 9 2 1 1
160 1094 9 2 1 1
1290 1073 9 2 1 1
987 1316 10 8 1 1
2628 1990 15 26 1 0
366 1904 10 18 1 0
731 1018 9 2 1 1
1367 1717 15 11 1 0
1844 2152 15 26 1 0
207 1010 9 2 1 1
1479 876 9 2 1 1
3220 2289 20 28 1 1
429 861 9 2 1 1
408 742 9 2 1 1
283 1807 11 17 1 0
1538 1118 10 8 1 1
967 1031 9 2 1 1
452 901 9 2 1 1
1582 1880 16 18 1 0
427 1382 10 8 1 1
208 1141 10 8 1 1
1261 1643 15 11 1 0
2219 2021 15 26 1 0
765 874 9 2 1 1
827 823 9 2 1 1
1034 990 9 2 1 1
3333 1537 15 11 1 0
184 980 9 2 1 1
2593 2001 15 26 1 0
355 922 9 2 1 1
563 971 9 2 1 1
299 1132 10 8 1 1
487 1416 10 8 1 1
430 938 9 2 1 1
399 1355 10 8 1 1
737 2044 25 23 1 0
584 1282 10 8 1 1
1575 1697 15 11 1 0
404 782 9 2 1 1
2284 2056 15 26 1 0
280 914 9 2 1 1
1641 2147 15 26 1 0
863 1792 15 23 1 0
1499 1638 15 11 1 0
1120 1105 9 2 1 1
2821 2102 15 26 1 0
74 1692 15 11 1 0
152 1931 16 20 1 0
1654 1502 15 11 1 0
1442 1206 10 8 1 1
186 1559 15 11 1 0
745 1030 9 2 1 1
159 922 9 2 1 1
795 948 9 2 1 1
1536 1847 16 18 1 0
1412 1731 15 11 1 0
1744 1790 16 18 1 0
287 1658 15 11 1 0
2691 1981 15 26 1 0
344 1008 9 2 1 1
1878 1322 10 8 1 1
865 1122 10 8 1 1
913 1141 10 8 1 1
551 1447 15 11 1 1
672 1899 15 23 1 0
965 1006 9 2 1 1
2585 1488 15 11 1 0
1218 951 9 2 1 1
320 1152 10 8 1 1
250 1152 10 8 1 1
420 893 9 2 1 1
405 1260 10 8 1 1
1397 1356 10 8 1 1
824 882 9 2 1 1
341 1237 10 8 1 1
844 921 9 2 1 1
843 972 9 2 1 1
1085 1205 10 8 1 1
1809 1930 15 26 1 0
348 852 9 2 1 1
283 887 9 2 1 1
524 1329 10 8 1 1
863 943 9 2 1 1
1129 1517 15 11 1 0
3290 1931 20 28 1 0
1381 2270 15 26 1 0
1711 1996 15 26 1 0
1523 1219 10 8 1 1
864 1091 9 2 1 1
1332 2060 15 26 1 0
1149 1914 15 23 1 0
1608 1069 9 2 1 1
718 1942 25 23 1 0
2452 1375 10 8 1 1
405 1080 9 2 1 1
1492 1492 15 11 1 0
138 888 9 2 1 1
2600 1924 15 26 1 0
261 1780 11 17 1 0
128 858 9 2 1 1
414 949 9 2 1 1
373 1685 15 11 1 0
1244 1059 9 2 1 1
141 1054 9 2 1 1
344 1953 246 319 1 1
2197 1600 15 11 1 0
541 1830 10 18 1 0
191 1892 16 20 1 0
421 1534 15 11 1 0
1268 1420 15 11 1 1
94 1732 15 11 1 0
258 1082 9 2 1 1
179 843 9 2 1 1
399 1123 10 8 1 1
668 1816 15 23 1 0
603 1491 15 11 1 0
158 1107 9 2 1 1
47 1121 10 8 1 1
1012 1881 15 23 1 0
144 1176 10 8 1 1
137 786 9 2 1 1
3363 1819 16 18 1 0
2471 2208 15 26 1 0
187 1020 9 2 1 1
943 1395 10 8 1 1
201 1108 9 2 1 1
1670 1407 10 8 1 1
761 1401 10 8 1 1
226 1491 15 11 1 0
1035 1251 10 8 1 1
599 1072 9 2 1 1
167 1112 1 1 1 1
1770 1789 16 18 1 0
1625 1408 10 8 1 1
312 1251 10 8 1 1
91 1549 15 11 1 0
763 885 9 2 1 1
1896 1833 16 18 1 0
2772 2240 15 26 1 0
1058 1947 22 23 1 0
736 1682 15 11 1 0
837 1931 25 23 1 0
1413 1273 10 8 1 1
1793 1694 15 11 1 0
177 1041 9 2 1 1
2254 1371 10 8 1 1
3114 1840 16 18 1 0
1049 2050 22 23 1 0
3250 1471 15 11 1 0
1493 951 9 2 1 1
533 1743 15 11 1 0
474 1108 9 2 1 1
298 928 9 2 1 1
2489 1372 10 8 1 1
1796 1356 10 8 1 1
126 894 9 2 1 1
1752 1361 10 8 1 1
1694 1590 15 11 1 0
219 1018 9 2 1 1
3217 1824 16 18 1 0
1394 1157 10 8 1 1
55 981 9 2 1 1
240 989 9 2 1 1
261 776 9 2 1 1
2012 1817 16 18 1 0
1348 937 9 2 1 1
1868 1463 15 11 1 1
3443 1808 16 18 1 0
1534 982 9 2 1 1
1873 1181 10 8 1 1
1648 2110 15 26 1 0
1762 2170 15 26 1 0
2124 1423 15 11 1 1
1980 1829 16 18 1 0
2590 2141 15 26 1 0
1810 1331 10 8 1 1
426 1643 15 11 1 0
1870 1964 15 26 1 0
1883 1934 15 26 1 0
666 883 9 2 1 1
528 1036 9 2 1 1
3138 1913 247 220 1 0
3425 1614 15 11 1 0
690 815 9 2 1 1
687 1327 10 8 1 1
710 1898 15 23 1 0
190 1034 9 2 1 1
636 847 9 2 1 1
1126 1754 15 11 1 0
208 1149 10 8 1 1
203 1993 16 20 1 0
1427 1087 9 2 1 1
496 1360 10 8 1 1
431 992 9 2 1 1
1364 1514 15 11 1 0
1040 924 9 2 1 1
2365 1934 15 26 1 0
520 1457 15 11 1 1
1285 1995 15 23 1 0
598 1296 10 8 1 1
1806 1053 9 2 1 1
587 956 9 2 1 1
968 866 9 2 1 1
797 1875 15 23 1 0
536 1005 9 2 1 1
2001 1701 15 11 1 0
773 865 9 2 1 1
1493 1476 15 11 1 1
431 1562 15 11 1 0
1264 1216 10 8 1 1
1858 1889 15 26 1 0
569 1405 10 8 1 1
495 1035 9 2 1 1
292 1058 9 2 1 1
2020 1696 15 11 1 0
636 2139 25 23 1 0
719 1148 10 8 1 1
1392 1260 10 8 1 1
1328 1414 10 8 1 1
1908 2136 15 26 1 0
1833 1413 10 8 1 1
937 1281 10 8 1 1
1017 871 9 2 1 1
3305 1707 15 11 1 0
1341 2012 15 26 1 0
1845 1706 15 11 1 0
571 1074 9 2 1 1
1263 1396 10 8 1 1
266 1132 10 8 1 1
59 855 9 2 1 1
1178 1807 15 23 1 0
959 1017 9 2 1 1
632 1383 10 8 1 1
1820 1360 10 8 1 1
2914 1925 15 22 1 0
828 937 9 2 1 1
3423 2111 20 28 1 0
1205 893 9 2 1 1
1458 1140 10 8 1 1
1191 925 9 2 1 1
1710 1571 15 11 1 0
643 859 9 2 1 1
3253 1806 16 18 1 0
549 943 9 2 1 1
2540 2031 15 26 1 0
844 1029 9 2 1 1
987 1071 9 2 1 1
216 1595 15 11 1 0
764 1031 9 2 1 1
98 1124 10 8 1 1
1148 1516 15 11 1 0
1269 1994 15 23 1 0
2310 1916 15 26 1 0
119 1056 9 2 1 1
946 1056 9 2 1 1
147 915 9 2 1 1
1759 1039 9 2 1 1
1314 1302 10 8 1 1
1531 1867 16 18 1 0
184 1114 1 1 1 1
382 879 9 2 1 1
444 977 9 2 1 1
129 803 9 2 1 1
699 835 9 2 1 1
631 1321 10 8 1 1
1005 1239 10 8 1 1
334 1235 10 8 1 1
625 1338 10 8 1 1
198 1157 10 8 1 1
1904 1310 10 8 1 1
705 1220 10 8 1 1
1063 1769 15 11 1 0
533 888 9 2 1 1
134 905 9 2 1 1
1985 1369 10 8 1 1
1516 1670 15 11 1 0
1324 1585 15 11 1 0
60 878 9 2 1 1
1018 1082 9 2 1 1
1258 1043 9 2 1 1
2434 2004 15 26 1 0
1578 1586 15 11 1 0
942 1031 9 2 1 1
2048 1385 10 8 1 1
1087 874 9 2 1 1
1705 1278 10 8 1 1
148 1155 10 8 1 1
1782 2158 15 26 1 0
1901 1401 10 8 1 1
338 1083 9 2 1 1
1636 1716 15 11 1 0
381 1438 15 11 1 1
785 1092 9 2 1 1
1021 1061 9 2 1 1
837 1072 9 2 1 1
182 1315 10 8 1 1
1668 1288 10 8 1 1
1741 1500 15 11 1 0
576 1742 15 11 1 0
933 918 9 2 1 1
2098 1591 15 11 1 0
3217 2074 20 28 1 1
394 1323 10 8 1 1
505 916 9 2 1 1
452 1227 10 8 1 1
105 883 9 2 1 1
790 1108 9 2 1 1
148 1129 10 8 1 1
1616 1032 9 2 1 1
562 1224 10 8 1 1
1121 992 9 2 1 1
3488 1595 15 11 1 0
1586 1787 16 18 1 0
1006 1012 9 2 1 1
1315 1500 15 11 1 0
68 1063 9 2 1 1
1211 933 9 2 1 1
2285 1853 16 18 1 0
1890 1208 10 8 1 1
1901 1624 15 11 1 0
405 1504 15 11 1 0
1580 943 9 2 1 1
1470 1465 15 11 1 1
1741 1842 16 18 1 0
1199 1446 15 11 1 1
1834 1359 10 8 1 1
319 832 9 2 1 1
2183 1774 15 14 1 0
754 1447 15 11 1 1
163 939 9 2 1 1
814 1288 10 8 1 1
1380 1079 9 2 1 1
755 1686 15 11 1 0
319 1530 15 11 1 0
680 883 9 2 1 1
1895 1142 10 8 1 1
2166 1395 10 8 1 1
2088 1733 15 11 1 0
168 1624 15 11 1 0
3340 1563 15 11 1 0
621 849 9 2 1 1
1745 1422 15 11 1 1
943 2009 25 23 1 0
417 1526 15 11 1 0
371 1341 10 8 1 1
1444 1352 10 8 1 1
1162 982 9 2 1 1
1519 1617 15 11 1 0
593 930 9 2 1 1
136 950 9 2 1 1
609 954 9 2 1 1
1793 1925 15 26 1 0
354 1437 15 11 1 1
863 1064 9 2 1 1
2212 2055 15 26 1 0
1628 1871 16 18 1 0
362 1945 10 18 1 0
2354 2074 15 26 1 0
986 1813 15 23 1 0
1810 2110 15 26 1 0
585 990 9 2 1 1
1115 1021 9 2 1 1
2046 1410 10 8 1 1
1201 1112 1 1 1 1
1360 1141 10 8 1 1
2301 2006 15 26 1 0
1103 897 9 2 1 1
1051 1817 15 23 1 0
1742 1281 10 8 1 1
909 1588 15 11 1 0
636 1365 10 8 1 1
252 823 9 2 1 1
776 2051 25 23 1 0
129 1203 10 8 1 1
1390 900 9 2 1 1
877 952 9 2 1 1
1133 972 9 2 1 1
421 1734 15 11 1 0
408 1035 9 2 1 1
252 1597 15 11 1 0
1139 952 9 2 1 1
3350 1523 15 11 1 0
392 831 9 2 1 1
960 1887 15 23 1 0
1488 1067 9 2 1 1
708 843 9 2 1 1
1526 910 9 2 1 1
1009 1131 10 8 1 1
764 1196 10 8 1 1
369 1655 15 11 1 0
1350 1488 15 11 1 0
853 1098 9 2 1 1
212 850 9 2 1 1
455 1070 9 2 1 1
144 811 9 2 1 1
1822 1489 15 11 1 0
1236 916 9 2 1 1
1538 1570 15 11 1 0
38 1658 15 11 1 0
3407 1637 15 11 1 0
256 1900 16 20 1 0
718 1767 15 11 1 0
452 937 9 2 1 1
277 1039 9 2 1 1
1564 1128 10 8 1 1
1430 1142 10 8 1 1
3005 1796 16 18 1 0
1810 1074 9 2 1 1
219 1047 9 2 1 1
228 1097 9 2 1 1
271 1994 16 20 1 0
1938 1385 10 8 1 1
1463 1026 9 2 1 1
1240 1524 15 11 1 0
713 1759 15 11 1 0
538 1538 15 11 1 0
2825 2156 15 26 1 0
1308 1656 15 11 1 0
1033 1449 15 11 1 1
804 1241 10 8 1 1
37 890 9 2 1 1
676 1549 15 11 1 0
1174 964 9 2 1 1
1592 947 9 2 1 1
1054 1436 15 11 1 1
654 1286 10 8 1 1
1114 1191 10 8 1 1
1038 1520 15 11 1 0
1892 1420 15 11 1 1
372 1359 10 8 1 1
2153 1485 15 11 1 1
87 1616 15 11 1 0
546 1488 15 11 1 0
500 1884 10 18 1 0
1241 1287 10 8 1 1
179 1013 9 2 1 1
1554 1082 9 2 1 1
391 1139 10 8 1 1
609 861 9 2 1 1
1618 1642 15 11 1 0
985 1696 15 11 1 0
3222 1694 15 11 1 0
1154 1494 15 11 1 0
262 1213 10 8 1 1
679 860 9 2 1 1
897 1892 15 23 1 0
2329 1587 15 11 1 0
427 1338 10 8 1 1
3097 1915 247 220 1 0
390 1643 15 11 1 0
2452 1572 15 11 1 0
1244 2022 15 23 1 0
2028 1613 15 11 1 0
3468 1572 15 11 1 0
393 994 9 2 1 1
542 1352 10 8 1 1
356 1519 15 11 1 0
333 1245 10 8 1 1
2152 1364 10 8 1 1
1599 1313 10 8 1 1
1602 1010 9 2 1 1
714 1529 15 11 1 0
318 1620 15 11 1 0
1008 887 9 2 1 1
578 1245 10 8 1 1
221 2118 16 20 1 0
1802 1496 15 11 1 0
418 1675 15 11 1 0
799 841 9 2 1 1
1827 1097 9 2 1 1
726 2093 25 23 1 0
1178 982 9 2 1 1
447 837 9 2 1 1
2134 2060 15 26 1 0
534 996 9 2 1 1
1964 1625 15 11 1 0
977 937 9 2 1 1
308 1280 10 8 1 1
487 1392 10 8 1 1
203 1638 15 11 1 0
1390 1645 15 11 1 0
378 1061 9 2 1 1
2698 1957 15 26 1 0
1335 1016 9 2 1 1
683 826 9 2 1 1
392 1037 9 2 1 1
2608 1486 15 11 1 1
2475 1948 15 26 1 0
1137 1850 15 23 1 0
789 2073 25 23 1 0
2008 1301 10 8 1 1
2098 2165 15 26 1 0
368 1134 10 8 1 1
538 1875 10 18 1 0
726 1965 25 23 1 0
1567 987 9 2 1 1
727 843 9 2 1 1
1386 1121 10 8 1 1
107 926 9 2 1 1
230 813 9 2 1 1
124 975 9 2 1 1
1919 1380 10 8 1 1
1385 1402 10 8 1 1
1318 1053 9 2 1 1
516 1679 15 11 1 0
200 1624 15 11 1 0
488 1144 10 8 1 1
3400 1803 16 18 1 0
537 969 9 2 1 1
465 1471 15 11 1 1
1592 1033 9 2 1 1
853 1040 9 2 1 1
653 1103 9 2 1 1
164 833 9 2 1 1
242 2065 16 20 1 0
1347 2141 15 26 1 0
2678 2036 15 26 1 0
2526 1431 15 11 1 1
405 1426 15 11 1 1
855 820 9 2 1 1
836 864 9 2 1 1
429 1355 10 8 1 1
3273 2019 20 28 1 0
815 1688 15 11 1 0
380 1817 10 18 1 0
3431 1758 15 11 1 0
376 860 9 2 1 1
1705 1944 15 26 1 0
2264 1665 15 11 1 0
1954 1405 10 8 1 1
1102 1546 15 11 1 0
227 1473 15 11 1 1
1076 1376 10 8 1 1
2753 2002 15 26 1 0
793 1936 25 23 1 0
263 789 9 2 1 1
806 1185 10 8 1 1
2284 1818 16 18 1 0
1091 1295 10 8 1 1
2237 1798 16 18 1 0
3446 1566 15 11 1 0
1505 1338 10 8 1 1
2169 1986 15 26 1 0
901 2084 25 23 1 0
166 1954 16 20 1 0
439 878 9 2 1 1
263 951 9 2 1 1
2089 1282 10 8 1 1
1676 1025 9 2 1 1
3118 1817 16 18 1 0
780 1621 15 11 1 0
927 1045 9 2 1 1
260 936 9 2 1 1
1800 1840 16 18 1 0
1044 1283 10 8 1 1
1585 963 9 2 1 1
457 1009 9 2 1 1
282 986 9 2 1 1
2018 1493 15 11 1 0
1332 1276 10 8 1 1
499 971 9 2 1 1
2058 1720 15 11 1 0
830 1327 10 8 1 1
1201 1314 10 8 1 1
368 1152 10 8 1 1
3377 1559 15 11 1 0
2982 1798 16 18 1 0
312 1054 9 2 1 1
339 1476 15 11 1 1
1027 1769 15 11 1 0
2373 2174 15 26 1 0
1920 1178 10 8 1 1
2681 2191 15 26 1 0
733 1175 10 8 1 1
134 1679 15 11 1 0
1155 918 9 2 1 1
215 1295 10 8 1 1
2050 1772 15 16 1 0
187 1401 10 8 1 1
618 936 9 2 1 1
199 876 9 2 1 1
1706 2146 15 26 1 0
450 1455 15 11 1 1
287 867 9 2 1 1
1164 908 9 2 1 1
3154 1803 16 18 1 0
1903 1135 10 8 1 1
1133 1124 10 8 1 1
595 1027 9 2 1 1
461 1293 10 8 1 1
3314 1634 15 11 1 0
287 1555 15 11 1 0
653 1780 15 23 1 0
811 1267 10 8 1 1
485 1709 15 11 1 0
2520 1956 15 26 1 0
498 1169 10 8 1 1
508 998 9 2 1 1
1884 1693 15 11 1 0
228 1098 9 2 1 1
839 1569 15 11 1 0
1366 2138 15 26 1 0
1573 1393 10 8 1 1
2712 2108 15 26 1 0
1109 1217 10 8 1 1
1504 977 9 2 1 1
610 1688 15 11 1 0
2516 1527 15 11 1 0
837 852 9 2 1 1
992 1246 10 8 1 1
2131 1486 15 11 1 1
1379 1571 15 11 1 0
1780 1878 16 18 1 0
1403 1034 9 2 1 1
803 1734 15 11 1 0
1340 1073 9 2 1 1
414 1138 10 8 1 1
262 1093 9 2 1 1
1090 1816 15 23 1 0
365 1040 9 2 1 1
532 1091 9 2 1 1
290 1534 15 11 1 0
2734 2250 15 26 1 0
1474 1842 16 18 1 0
1105 1255 10 8 1 1
1985 1741 15 11 1 0
234 1261 10 8 1 1
1517 1010 9 2 1 1
922 1373 10 8 1 1
492 845 9 2 1 1
236 1339 10 8 1 1
322 1418 10 8 1 1
705 1187 10 8 1 1
197 1209 10 8 1 1
1593 972 9 2 1 1
1126 1590 15 11 1 0
1671 1496 15 11 1 0
205 1026 9 2 1 1
2156 1693 15 11 1 0
955 1011 9 2 1 1
653 1461 15 11 1 1
484 1114 1 1 1 1
800 893 9 2 1 1
1498 1699 15 11 1 0
1973 1206 10 8 1 1
1830 1520 15 11 1 0
3308 1511 15 11 1 0
1061 1761 15 11 1 0
677 844 9 2 1 1
681 866 9 2 1 1
263 848 9 2 1 1
3494 1718 15 11 1 0
3435 1689 15 11 1 0
1515 2191 15 26 1 0
2517 1929 15 26 1 0
2406 2016 15 26 1 0
2438 2224 15 26 1 0
1934 1716 15 11 1 0
1634 999 9 2 1 1
279 1064 9 2 1 1
1084 956 9 2 1 1
337 877 9 2 1 1
3354 1734 15 11 1 0
1559 1315 10 8 1 1
2178 1739 15 11 1 0
1632 1036 9 2 1 1
1875 1357 10 8 1 1
1075 1214 10 8 1 1
999 1453 15 11 1 1
163 2124 16 20 1 1
613 1941 10 18 1 0
411 1166 10 8 1 1
1169 1112 1 1 1 1
511 1654 15 11 1 0
141 857 9 2 1 1
680 1036 9 2 1 1
235 1536 15 11 1 0
1391 950 9 2 1 1
1837 1342 10 8 1 1
3315 1670 15 11 1 0
159 868 9 2 1 1
926 918 9 2 1 1
1936 1212 10 8 1 1
989 1012 9 2 1 1
178 1663 15 11 1 0
799 1437 15 11 1 1
3337 1791 16 18 1 0
833 1102 9 2 1 1
108 981 9 2 1 1
2420 2040 15 26 1 0
901 1981 25 23 1 0
190 1180 10 8 1 1
1706 1302 10 8 1 1
2357 1590 15 11 1 0
1553 1626 15 11 1 0
658 2132 25 23 1 0
1969 1400 10 8 1 1
180 1141 10 8 1 1
552 1203 10 8 1 1
1396 958 9 2 1 1
1484 943 9 2 1 1
2585 1979 15 26 1 0
210 1057 9 2 1 1
84 1076 9 2 1 1
1048 1373 10 8 1 1
1162 863 9 2 1 1
488 1510 15 11 1 0
2316 2062 15 26 1 0
277 1223 10 8 1 1
1135 1552 15 11 1 0
2118 2172 15 26 1 0
377 1144 10 8 1 1
1194 1396 10 8 1 1
763 1633 15 11 1 0
787 816 9 2 1 1
2730 2052 15 26 1 0
792 836 9 2 1 1
1359 1398 10 8 1 1
1022 1734 15 11 1 0
902 1053 9 2 1 1
756 817 9 2 1 1
1313 1209 10 8 1 1
1601 1503 15 11 1 0
1537 934 9 2 1 1
827 1905 15 23 1 0
2662 1928 15 26 1 0
1941 1327 10 8 1 1
2279 1952 15 26 1 0
1283 1532 15 11 1 0
131 1778 11 17 1 0
1542 1670 15 11 1 0
1858 1843 16 18 1 0
1823 1242 10 8 1 1
2796 2175 15 26 1 0
189 1166 10 8 1 1
2601 2227 15 26 1 0
1839 1776 15 14 1 0
683 1632 15 11 1 0
947 1807 15 23 1 0
207 866 9 2 1 1
1740 1370 10 8 1 1
483 1548 15 11 1 0
1476 1063 9 2 1 1
226 1236 10 8 1 1
2632 1956 15 26 1 0
581 1783 10 18 1 0
1890 1777 15 14 1 0
498 897 9 2 1 1
848 1120 10 8 1 1
1277 1948 15 23 1 0
1041 1817 15 23 1 0
1269 1618 15 11 1 0
868 1213 10 8 1 1
351 1138 10 8 1 1
1458 1191 10 8 1 1
307 1097 9 2 1 1
652 1169 10 8 1 1
2247 2011 15 26 1 0
161 1557 15 11 1 0
1709 2083 15 26 1 0
966 1729 15 11 1 0
1705 957 9 2 1 1
254 1112 1 1 1 1
169 1024 9 2 1 1
2947 1799 16 18 1 0
1017 1294 10 8 1 1
629 1697 15 11 1 0
577 1454 15 11 1 1
286 1269 10 8 1 1
330 1143 10 8 1 1
2562 2153 15 26 1 0
1075 1506 15 11 1 0
433 700 9 2 1 1
1502 1583 15 11 1 0
800 1913 25 23 1 0
751 906 9 2 1 1
1198 1472 15 11 1 1
3254 2150 20 28 1 0
1420 956 9 2 1 1
807 915 9 2 1 1
599 1114 1 1 1 1
1774 1812 16 18 1 0
1586 995 9 2 1 1
155 909 9 2 1 1
343 1385 10 8 1 1
982 910 9 2 1 1
517 956 9 2 1 1
1795 1479 15 11 1 1
748 1419 15 11 1 1
507 1325 10 8 1 1
1150 1208 10 8 1 1
731 881 9 2 1 1
1669 1882 16 18 1 0
1780 1069 9 2 1 1
541 906 9 2 1 1
1551 1790 16 18 1 0
2304 1639 15 11 1 0
423 1874 10 18 1 0
788 1786 15 23 1 0
1979 2105 15 26 1 0
1267 886 9 2 1 1
2494 1480 15 11 1 1
332 1901 10 18 1 0
1742 1199 10 8 1 1
1700 998 9 2 1 1
603 1336 10 8 1 1
637 869 9 2 1 1
399 1397 10 8 1 1
1885 1707 15 11 1 0
195 1386 10 8 1 1
1700 1883 16 18 1 0
1832 2052 15 26 1 0
1820 1379 10 8 1 1
134 921 9 2 1 1
579 1680 15 11 1 0
1400 1414 10 8 1 1
2519 2010 15 26 1 0
2238 1436 15 11 1 1
558 1533 15 11 1 0
2403 1462 15 11 1 1
218 1962 16 20 1 0
1657 1037 9 2 1 1
607 1663 15 11 1 0
1323 1393 10 8 1 1
1223 1571 15 11 1 0
3337 1598 15 11 1 0
1770 1510 15 11 1 0
153 1737 15 11 1 0
381 848 9 2 1 1
2332 1814 16 18 1 0
861 913 9 2 1 1
2995 1872 16 18 1 0
145 969 9 2 1 1
2835 1802 16 18 1 0
319 900 9 2 1 1
304 1023 9 2 1 1
291 1309 10 8 1 1
3459 1732 15 11 1 0
436 816 9 2 1 1
1283 1655 15 11 1 0
153 942 9 2 1 1
1754 2141 15 26 1 0
623 1035 9 2 1 1
326 1400 10 8 1 1
2105 1928 15 26 1 0
517 1377 10 8 1 1
2016 1392 10 8 1 1
1132 1189 10 8 1 1
293 981 9 2 1 1
1887 1953 15 26 1 0
3319 2221 20 28 1 0
335 1608 15 11 1 0
1393 1617 15 11 1 0
2308 1492 15 11 1 0
316 1021 9 2 1 1
1277 1055 9 2 1 1
622 1794 10 18 1 0
615 1157 10 8 1 1
2215 1938 15 26 1 0
1799 1078 9 2 1 1
744 1204 10 8 1 1
870 1341 10 8 1 1
3350 1602 15 11 1 0
1703 1386 10 8 1 1
1059 1396 10 8 1 1
1464 1080 9 2 1 1
2430 2076 15 26 1 0
1629 975 9 2 1 1
2149 1604 15 11 1 0
741 815 9 2 1 1
351 846 9 2 1 1
1625 1896 15 26 1 0
1122 869 9 2 1 1
228 1137 10 8 1 1
458 1400 10 8 1 1
720 1412 10 8 1 1
355 1329 10 8 1 1
1081 1324 10 8 1 1
362 1237 10 8 1 1
733 1634 15 11 1 0
2790 2141 15 26 1 0
772 1103 9 2 1 1
364 1068 9 2 1 1
756 1812 15 23 1 0
951 1369 10 8 1 1
1299 1256 10 8 1 1
2259 1909 15 26 1 0
607 1403 10 8 1 1
1827 1960 15 26 1 0
583 1981 246 319 3 1
1351 2038 15 26 1 0
1137 925 9 2 1 1
453 856 9 2 1 1
693 878 9 2 1 1
472 853 9 2 1 1
414 864 9 2 1 1
594 2088 246 319 1 1
370 911 9 2 1 1
186 1097 9 2 1 1
1836 1823 16 18 1 0
664 1928 25 23 1 0
515 751 9 2 1 1
2606 2040 15 26 1 0
1608 1983 15 26 1 0
2336 2051 15 26 1 0
2170 1658 15 11 1 0
77 900 9 2 1 1
482 1497 15 11 1 0
744 863 9 2 1 1
1379 931 9 2 1 1
3358 1545 15 11 1 0
659 1880 15 23 1 0
461 885 9 2 1 1
3465 1990 20 28 1 0
398 1662 15 11 1 0
815 845 9 2 1 1
296 1917 16 20 1 0
432 1235 10 8 1 1
3280 1635 15 11 1 0
722 1131 10 8 1 1
3233 1723 15 11 1 0
246 933 9 2 1 1
204 1773 11 17 1 0
305 1525 15 11 1 0
702 1092 9 2 1 1
655 893 9 2 1 1
119 847 9 2 1 1
2433 1491 15 11 1 0
1035 1956 25 23 1 0
856 1176 10 8 1 1
2598 1946 15 26 1 0
286 1082 9 2 1 1
2513 1903 15 26 1 0
1637 1394 10 8 1 1
532 1415 10 8 1 1
1660 1676 15 11 1 0
753 1144 10 8 1 1
173 1039 9 2 1 1
1028 1102 9 2 1 1
1780 2000 15 26 1 0
1315 902 9 2 1 1
831 1177 10 8 1 1
396 1012 9 2 1 1
690 2008 25 23 1 0
924 1163 10 8 1 1
1762 1721 15 11 1 0
329 1062 9 2 1 1
1611 1128 10 8 1 1
1519 1021 9 2 1 1
472 1148 10 8 1 1
2184 2169 15 26 1 0
2257 1538 15 11 1 0
862 2043 25 23 1 0
126 1042 9 2 1 1
1393 1076 9 2 1 1
436 2115 246 319 1 1
321 1385 10 8 1 1
2222 1663 15 11 1 0
956 2081 25 23 1 0
1766 1214 10 8 1 1
127 840 9 2 1 1
1170 1980 15 23 1 0
2141 1729 15 11 1 0
254 1123 10 8 1 1
1781 1356 10 8 1 1
982 890 9 2 1 1
460 1253 10 8 1 1
1874 1510 15 11 1 0
1308 1421 15 11 1 1
468 1332 10 8 1 1
1293 2148 15 25 1 0
835 1037 9 2 1 1
168 975 9 2 1 1
1375 940 9 2 1 1
1680 2034 15 26 1 0
2039 2150 15 26 1 0
2038 1980 15 26 1 0
150 878 9 2 1 1
1551 926 9 2 1 1
150 1017 9 2 1 1
1875 1729 15 11 1 0
1757 952 9 2 1 1
995 1935 25 23 1 0
1954 1205 10 8 1 1
507 1742 15 11 1 0
267 1008 9 2 1 1
850 1236 10 8 1 1
159 1411 10 8 1 1
231 888 9 2 1 1
635 905 9 2 1 1
2154 1979 15 26 1 0
2489 2001 15 26 1 0
1112 979 9 2 1 1
2516 2221 15 26 1 0
2788 1936 15 26 1 0
962 1046 9 2 1 1
126 1227 10 8 1 1
3459 1552 15 11 1 0
723 956 9 2 1 1
475 894 9 2 1 1
297 876 9 2 1 1
310 1342 10 8 1 1
893 2018 25 23 1 0
1576 2007 15 26 1 0
1267 1312 10 8 1 1
2278 1893 15 26 1 0
1755 1785 16 18 1 0
1215 1162 10 8 1 1
599 1580 15 11 1 0
1288 1202 10 8 1 1
781 878 9 2 1 1
929 999 9 2 1 1
1202 1550 15 11 1 0
1322 1676 15 11 1 0
149 954 9 2 1 1
824 1981 25 23 1 0
1172 976 9 2 1 1
1473 1566 15 11 1 0
648 1530 15 11 1 0
206 1703 15 11 1 0
1979 1368 10 8 1 1
1669 956 9 2 1 1
194 1482 15 11 1 1
3333 1627 15 11 1 0
1635 1920 15 26 1 0
2205 2000 15 26 1 0
2185 1413 10 8 1 1
1483 1222 10 8 1 1
2686 1960 15 26 1 0
1452 1057 9 2 1 1
1735 1706 15 11 1 0
1163 1466 15 11 1 1
475 1520 15 11 1 0
297 895 9 2 1 1
1396 942 9 2 1 1
800 865 9 2 1 1
667 906 9 2 1 1
403 884 9 2 1 1
2428 2118 15 26 1 0
2120 2019 15 26 1 0
2060 1483 15 11 1 1
782 1038 9 2 1 1
689 1367 10 8 1 1
332 1646 15 11 1 0
371 1791 10 18 1 0
836 2100 25 23 1 0
394 1292 10 8 1 1
301 1573 15 11 1 0
1043 1215 10 8 1 1
363 935 9 2 1 1
1952 2096 15 26 1 0
1914 2108 15 26 1 0
772 899 9 2 1 1
1304 1040 9 2 1 1
593 916 9 2 1 1
1902 1511 15 11 1 0
1222 2086 15 23 1 0
1705 1910 15 26 1 0
1309 918 9 2 1 1
1355 1128 10 8 1 1
1000 1143 10 8 1 1
2475 1998 15 26 1 0
510 904 9 2 1 1
858 1081 9 2 1 1
12 1858 12 15 1 0
157 1078 9 2 1 1
3299 1595 15 11 1 0
1596 1525 15 11 1 0
1561 1539 15 11 1 0
1455 1111 1 1 1 1
367 1414 10 8 1 1
780 1265 10 8 1 1
867 932 9 2 1 1
787 873 9 2 1 1
433 746 9 2 1 1
477 1370 10 8 1 1
648 1037 9 2 1 1
2203 1747 15 11 1 0
160 1712 15 11 1 0
465 842 9 2 1 1
1667 2145 15 26 1 0
439 927 9 2 1 1
2055 1964 15 26 1 0
1774 1485 15 11 1 1
1676 1087 9 2 1 1
2002 1424 15 11 1 1
1407 1456 15 11 1 1
638 1805 15 23 1 0
385 705 9 2 1 1
269 1109 1 1 1 1
3387 2288 20 28 1 0
507 1409 10 8 1 1
412 1063 9 2 1 1
1065 1245 10 8 1 1
185 1288 10 8 1 1
284 970 9 2 1 1
1415 936 9 2 1 1
467 1696 15 11 1 0
342 1091 9 2 1 1
966 1286 10 8 1 1
1066 1287 10 8 1 1
446 1165 10 8 1 1
170 1500 15 11 1 0
470 1167 10 8 1 1
2069 1418 10 8 1 1
2052 1746 15 11 1 0
2769 1905 15 26 1 0
1547 1000 9 2 1 1
1343 1436 15 11 1 1
448 745 9 2 1 1
785 839 9 2 1 1
1622 1284 10 8 1 1
1052 1327 10 8 1 1
649 839 9 2 1 1
2306 2210 15 26 1 0
623 954 9 2 1 1
974 1632 15 11 1 0
367 1496 15 11 1 0
713 2062 25 23 1 0
253 1447 15 11 1 1
768 2014 25 23 1 0
1950 1987 15 26 1 0
912 1218 10 8 1 1
835 1369 10 8 1 1
1619 1667 15 11 1 0
536 748 9 2 1 1
658 1028 9 2 1 1
1620 1076 9 2 1 1
1856 1179 10 8 1 1
1280 1633 15 11 1 0
332 1816 10 18 1 0
646 936 9 2 1 1
1803 1464 15 11 1 1
1183 2007 15 23 1 0
1568 1002 9 2 1 1
556 1660 15 11 1 0
1138 1019 9 2 1 1
332 1078 9 2 1 1
246 2137 16 20 1 0
867 1976 25 23 1 0
325 997 9 2 1 1
896 866 9 2 1 1
1211 1255 10 8 1 1
1355 1256 10 8 1 1
1958 1673 15 11 1 0
1771 949 9 2 1 1
2000 1636 15 11 1 0
1726 1001 9 2 1 1
1210 1919 15 23 1 0
878 1031 9 2 1 1
1711 1801 16 18 1 0
142 1820 11 17 1 0
536 1560 15 11 1 0
660 937 9 2 1 1
530 983 9 2 1 1
381 935 9 2 1 1
530 857 9 2 1 1
378 1265 10 8 1 1
712 2067 25 23 1 0
1185 883 9 2 1 1
585 894 9 2 1 1
1459 960 9 2 1 1
816 1491 15 11 1 0
647 890 9 2 1 1
170 991 9 2 1 1
2469 2027 15 26 1 0
563 1455 15 11 1 1
796 823 9 2 1 1
3477 2269 20 28 1 0
952 2115 25 23 1 0
323 1495 15 11 1 0
2328 1399 10 8 1 1
1010 2078 25 23 1 0
2275 1698 15 11 1 0
120 1135 10 8 1 1
1968 1363 10 8 1 1
559 1110 1 1 1 1
170 842 9 2 1 1
1174 942 9 2 1 1
865 1138 10 8 1 1
2112 1599 15 11 1 0
197 889 9 2 1 1
966 955 9 2 1 1
1160 1247 10 8 1 1
741 1387 10 8 1 1
378 1865 10 18 1 0
1171 1450 15 11 1 1
697 1848 15 23 1 0
293 788 9 2 1 1
1117 1378 10 8 1 1
776 1015 9 2 1 1
772 2157 25 23 1 0
828 870 9 2 1 1
237 798 9 2 1 1
2168 1871 16 18 1 0
2571 1485 15 11 1 1
1762 1973 15 26 1 0
1066 2123 15 23 1 0
1017 950 9 2 1 1
734 836 9 2 1 1
58 1791 11 17 1 0
813 873 9 2 1 1
3052 1887 16 18 1 0
702 1748 15 11 1 0
2176 1902 15 26 1 0
1224 1306 10 8 1 1
768 2073 25 23 1 0
439 1268 10 8 1 1
2044 1912 15 26 1 0
821 1033 9 2 1 1
1284 1470 15 11 1 1
1387 1291 10 8 1 1
678 2244 25 23 1 0
1773 1012 9 2 1 1
662 861 9 2 1 1
3188 1490 15 11 1 0
1123 1920 15 23 1 0
1701 1862 16 18 1 0
2146 1863 16 18 1 0
2708 1937 15 26 1 0
1752 1425 15 11 1 1
461 1196 10 8 1 1
578 1395 10 8 1 1
673 853 9 2 1 1
2752 1984 15 26 1 0
1307 1077 9 2 1 1
939 1408 10 8 1 1
893 1273 10 8 1 1
1895 1172 10 8 1 1
694 1183 10 8 1 1
255 1720 15 11 1 0
2811 1941 15 26 1 0
956 1266 10 8 1 1
420 745 9 2 1 1
482 1279 10 8 1 1
795 851 9 2 1 1
2088 1713 15 11 1 0
1916 1756 15 11 1 0
1001 1067 9 2 1 1
353 896 9 2 1 1
237 1095 9 2 1 1
279 785 9 2 1 1
648 1480 15 11 1 1
415 975 9 2 1 1
377 1404 10 8 1 1
574 908 9 2 1 1
174 1982 16 20 1 0
1105 1448 15 11 1 1
351 1578 15 11 1 0
350 1070 9 2 1 1
706 843 9 2 1 1
922 1904 15 23 1 0
1540 1370 10 8 1 1
1055 961 9 2 1 1
486 1608 15 11 1 0
1328 1368 10 8 1 1
989 2130 25 23 1 0
666 1320 10 8 1 1
1643 1055 9 2 1 1
2788 2031 15 26 1 0
1606 959 9 2 1 1
1537 974 9 2 1 1
157 1142 10 8 1 1
2693 1409 10 8 1 1
2608 1962 15 26 1 0
1109 1061 9 2 1 1
221 1542 15 11 1 0
318 1066 9 2 1 1
1033 1229 10 8 1 1
1041 1413 10 8 1 1
632 944 9 2 1 1
1970 1974 15 26 1 0
1727 1538 15 11 1 0
1612 1774 15 16 1 0
1556 1161 10 8 1 1
575 1892 10 18 1 0
900 861 9 2 1 1
717 827 9 2 1 1
656 871 9 2 1 1
1853 1312 10 8 1 1
2885 2238 15 26 1 1
772 1914 25 23 1 0
1900 1381 10 8 1 1
430 1073 9 2 1 1
808 825 9 2 1 1
2261 1864 16 18 1 0
371 848 9 2 1 1
938 1016 9 2 1 1
2466 2165 15 26 1 0
385 1113 1 1 1 1
516 930 9 2 1 1
1250 1410 10 8 1 1
2194 1924 15 26 1 0
2039 1878 16 18 1 0
2237 1681 15 11 1 0
763 850 9 2 1 1
1990 1382 10 8 1 1
1726 1365 10 8 1 1
231 1638 15 11 1 0
1530 1088 9 2 1 1
1963 1910 15 26 1 0
1067 1088 9 2 1 1
1599 1561 15 11 1 0
549 1462 15 11 1 1
2183 1978 15 26 1 0
2834 1951 15 26 1 0
701 1435 15 11 1 1
1585 1076 9 2 1 1
636 2175 25 23 1 0
2157 1899 15 26 1 0
1412 2158 15 26 1 0
320 1042 9 2 1 1
2231 2127 15 26 1 0
1019 1902 15 23 1 0
1902 1857 16 18 1 0
3257 1951 20 28 1 0
2848 2098 15 26 1 0
470 1183 10 8 1 1
2041 1637 15 11 1 0
1728 1881 16 18 1 0
645 1153 10 8 1 1
3405 1725 15 11 1 0
1655 1801 16 18 1 0
1515 1375 10 8 1 1
2721 1883 16 18 1 0
1751 1396 10 8 1 1
374 1102 9 2 1 1
246 1830 11 17 1 0
188 1835 11 17 1 0
1108 964 9 2 1 1
591 1421 15 11 1 1
987 958 9 2 1 1
448 799 9 2 1 1
851 1013 9 2 1 1
237 1143 10 8 1 1
360 1822 10 18 1 0
1335 1470 15 11 1 1
286 1186 10 8 1 1
3493 1843 16 18 1 0
743 830 9 2 1 1
1919 1404 10 8 1 1
488 1240 10 8 1 1
274 998 9 2 1 1
122 952 9 2 1 1
2217 1485 15 11 1 1
1138 1450 15 11 1 1
187 942 9 2 1 1
112 1160 10 8 1 1
1523 950 9 2 1 1
1971 1354 10 8 1 1
258 807 9 2 1 1
200 917 9 2 1 1
351 1359 10 8 1 1
1246 1360 10 8 1 1
708 880 9 2 1 1
236 951 9 2 1 1
816 1871 15 23 1 0
879 1047 9 2 1 1
255 965 9 2 1 1
2349 2228 15 26 1 0
2421 1481 15 11 1 1
740 1984 25 23 1 0
408 961 9 2 1 1
1407 1833 16 18 1 0
1636 1194 10 8 1 1
194 834 9 2 1 1
1490 1206 10 8 1 1
611 922 9 2 1 1
186 1497 15 11 1 0
827 2020 25 23 1 0
438 851 9 2 1 1
917 1946 25 23 1 0
202 1086 9 2 1 1
541 924 9 2 1 1
661 1372 10 8 1 1
202 2249 16 20 1 0
276 2128 16 20 1 0
790 879 9 2 1 1
2615 1895 15 26 1 0
1378 1531 15 11 1 0
468 1421 15 11 1 1
1295 886 9 2 1 1
2039 1815 16 18 1 0
1207 936 9 2 1 1
754 874 9 2 1 1
642 1749 15 11 1 0
408 841 9 2 1 1
60 1080 9 2 1 1
1828 1716 15 11 1 0
723 1096 9 2 1 1
395 1155 10 8 1 1
2176 1481 15 11 1 1
279 2053 16 20 1 0
928 1591 15 11 1 0
1072 933 9 2 1 1
3259 1921 20 28 1 0
263 1626 15 11 1 0
656 1400 10 8 1 1
1122 916 9 2 1 1
700 928 9 2 1 1
514 1875 10 18 1 0
212 886 9 2 1 1
2114 1685 15 11 1 0
670 894 9 2 1 1
2756 1924 15 26 1 0
1463 1491 15 11 1 0
699 1047 9 2 1 1
1336 2085 15 26 1 0
1958 1772 15 12 1 0
942 1244 10 8 1 1
2150 1436 15 11 1 1
314 992 9 2 1 1
413 828 9 2 1 1
3091 1840 16 18 1 0
753 2029 25 23 1 0
343 921 9 2 1 1
1009 1830 15 23 1 0
182 867 9 2 1 1
1218 970 9 2 1 1
723 865 9 2 1 1
759 1224 10 8 1 1
186 2071 16 20 1 0
1562 1643 15 11 1 0
2599 2098 15 26 1 0
919 2037 25 23 1 0
1777 1378 10 8 1 1
232 1030 9 2 1 1
2265 1372 10 8 1 1
1128 1007 9 2 1 1
467 996 9 2 1 1
3014 1865 16 18 1 0
3438 1727 15 11 1 0
501 1466 15 11 1 1
704 1485 15 11 1 1
2097 1774 15 14 1 0
1409 1682 15 11 1 0
548 1724 15 11 1 0
646 752 9 2 1 1
1886 1370 10 8 1 1
2160 2078 15 26 1 0
2517 1416 10 8 1 1
252 1077 9 2 1 1
741 1904 15 23 1 0
1603 1197 10 8 1 1
973 918 9 2 1 1
361 1093 9 2 1 1
490 1801 10 18 1 0
339 1215 10 8 1 1
179 901 9 2 1 1
1590 1052 9 2 1 1
2373 2067 15 26 1 0
200 1263 10 8 1 1
1684 1466 15 11 1 1
431 1517 15 11 1 0
602 1848 10 18 1 0
1285 929 9 2 1 1
1275 1506 15 11 1 0
1111 1269 10 8 1 1
1372 976 9 2 1 1
414 1483 15 11 1 1
254 1531 15 11 1 0
1412 1147 10 8 1 1
863 1035 9 2 1 1
1773 1944 15 26 1 0
1934 1951 15 26 1 0
1905 1461 15 11 1 1
1391 1143 10 8 1 1
518 873 9 2 1 1
1339 908 9 2 1 1
972 1018 9 2 1 1
1194 1097 9 2 1 1
2513 1977 15 26 1 0
1166 892 9 2 1 1
920 2115 25 23 1 0
1436 933 9 2 1 1
793 1820 15 23 1 0
1739 1075 9 2 1 1
1876 1291 10 8 1 1
1465 2297 15 26 1 0
1934 1512 15 11 1 0
1220 923 9 2 1 1
1266 1034 9 2 1 1
766 1419 15 11 1 1
993 1024 9 2 1 1
1189 979 9 2 1 1
607 902 9 2 1 1
1098 1753 15 11 1 0
222 906 9 2 1 1
1902 1349 10 8 1 1
452 922 9 2 1 1
1462 1636 15 11 1 0
3343 1768 15 11 1 0
1233 898 9 2 1 1
1852 1721 15 11 1 0
1418 1703 15 11 1 0
479 844 9 2 1 1
2112 1395 10 8 1 1
1793 1531 15 11 1 0
700 2159 25 23 1 0
627 930 9 2 1 1
1686 1540 15 11 1 0
232 1212 10 8 1 1
1752 1324 10 8 1 1
542 1275 10 8 1 1
1099 1575 15 11 1 0
599 1977 246 319 1 1
909 1776 15 23 1 0
1042 1050 9 2 1 1
832 980 9 2 1 1
292 1223 10 8 1 1
496 948 9 2 1 1
1097 1942 15 23 1 0
161 1063 9 2 1 1
1995 2084 15 26 1 0
1872 1927 15 26 1 0
2395 1508 15 11 1 0
440 1144 10 8 1 1
1809 1723 15 11 1 0
2309 1856 16 18 1 0
657 850 9 2 1 1
2057 1400 10 8 1 1
685 1350 10 8 1 1
1022 882 9 2 1 1
925 1418 10 8 1 1
621 1448 15 11 1 1
1908 1412 10 8 1 1
1693 1233 10 8 1 1
2286 1997 15 26 1 0
1943 2124 15 26 1 0
1148 1194 10 8 1 1
303 897 9 2 1 1
672 875 9 2 1 1
3425 2278 20 28 1 0
1705 970 9 2 1 1
422 1295 10 8 1 1
633 1937 25 23 1 0
2111 1815 16 18 1 0
262 1267 10 8 1 1
49 1096 9 2 1 1
561 951 9 2 1 1
1915 1337 10 8 1 1
1199 1208 10 8 1 1
2036 1396 10 8 1 1
1055 1838 15 23 1 0
2100 1884 16 18 1 0
580 966 9 2 1 1
496 872 9 2 1 1
441 945 9 2 1 1
1141 884 9 2 1 1
310 814 9 2 1 1
588 1865 10 18 1 0
360 823 9 2 1 1
863 1009 9 2 1 1
1502 1151 10 8 1 1
605 1364 10 8 1 1
1661 2127 15 26 1 0
2055 2059 15 26 1 0
1848 1371 10 8 1 1
172 1067 9 2 1 1
1298 964 9 2 1 1
457 1538 15 11 1 0
769 1276 10 8 1 1
204 2131 16 20 1 0
229 1174 10 8 1 1
858 1023 9 2 1 1
3254 1693 15 11 1 0
1479 1000 9 2 1 1
1505 953 9 2 1 1
1253 1164 10 8 1 1
2006 1728 15 11 1 0
106 1095 9 2 1 1
634 881 9 2 1 1
836 1129 10 8 1 1
1238 1467 15 11 1 1
671 1072 9 2 1 1
1791 1556 15 11 1 0
1694 1316 10 8 1 1
658 955 9 2 1 1
699 862 9 2 1 1
780 1981 25 23 1 0
893 955 9 2 1 1
222 1116 1 1 1 1
224 838 9 2 1 1
1227 1630 15 11 1 0
215 937 9 2 1 1
1756 1505 15 11 1 0
293 1006 9 2 1 1
3419 1568 15 11 1 0
834 963 9 2 1 1
224 1320 10 8 1 1
151 864 9 2 1 1
182 1302 10 8 1 1
2344 1490 15 11 1 0
242 1417 10 8 1 1
1714 1068 9 2 1 1
198 946 9 2 1 1
1342 1150 10 8 1 1
1045 1927 25 23 1 0
375 1447 15 11 1 1
147 998 9 2 1 1
615 1519 15 11 1 0
321 1107 9 2 1 1
1300 1803 15 23 1 0
884 1578 15 11 1 0
172 1191 10 8 1 1
1276 1246 10 8 1 1
1508 926 9 2 1 1
1948 1770 15 11 1 0
2397 1416 10 8 1 1
3288 1805 16 18 1 0
551 1351 10 8 1 1
1407 1081 9 2 1 1
287 1424 15 11 1 1
989 1638 15 11 1 0
832 1186 10 8 1 1
139 1109 1 1 1 1
701 1667 15 11 1 0
2036 1361 10 8 1 1
2333 2130 15 26 1 0
784 1857 15 23 1 0
628 2033 25 23 1 0
2062 1535 15 11 1 0
406 1802 10 18 1 0
1939 1346 10 8 1 1
412 1696 15 11 1 0
1756 1002 9 2 1 1
735 917 9 2 1 1
735 1129 10 8 1 1
1632 2005 15 26 1 0
3295 2283 20 28 1 0
179 1064 9 2 1 1
1878 1789 16 18 1 0
505 1301 10 8 1 1
1961 1379 10 8 1 1
714 2043 25 23 1 0
166 1250 10 8 1 1
629 1043 9 2 1 1
518 1137 10 8 1 1
1533 1652 15 11 1 0
309 845 9 2 1 1
1752 1559 15 11 1 0
1718 1459 15 11 1 1
1920 1685 15 11 1 0
244 876 9 2 1 1
1502 1909 15 26 1 0
795 1678 15 11 1 0
573 994 9 2 1 1
539 1118 10 8 1 1
1048 1889 15 23 1 0
419 1472 15 11 1 1
2582 1497 15 11 1 0
2889 2095 15 26 1 1
364 920 9 2 1 1
196 1936 16 20 1 0
2476 1484 15 11 1 1
1314 1711 15 11 1 0
696 988 9 2 1 1
1424 1128 10 8 1 1
625 1266 10 8 1 1
1697 1203 10 8 1 1
1864 1391 10 8 1 1
702 1396 10 8 1 1
664 973 9 2 1 1
1598 1708 15 11 1 0
3431 1584 15 11 1 0
629 1425 15 11 1 1
230 1055 9 2 1 1
883 1721 15 11 1 0
1160 1040 9 2 1 1
909 1127 10 8 1 1
116 1120 10 8 1 1
2499 2068 15 26 1 0
926 2140 25 23 1 0
165 1043 9 2 1 1
2199 1381 10 8 1 1
2310 1880 16 18 1 0
633 2054 25 23 1 0
718 835 9 2 1 1
1806 1294 10 8 1 1
308 1133 10 8 1 1
900 1186 10 8 1 1
433 894 9 2 1 1
234 1451 15 11 1 1
2275 2084 15 26 1 0
2243 1769 15 11 1 0
2454 1478 15 11 1 1
96 1802 11 17 1 0
1588 1431 15 11 1 1
549 1315 10 8 1 1
1724 2081 15 26 1 0
133 932 9 2 1 1
2172 1382 10 8 1 1
1744 1590 15 11 1 0
314 1473 15 11 1 1
1848 1247 10 8 1 1
1786 1320 10 8 1 1
495 1633 15 11 1 0
984 874 9 2 1 1
1473 1376 10 8 1 1
261 1055 9 2 1 1
398 1340 10 8 1 1
1605 1911 15 26 1 0
3074 2044 247 220 3 1
805 1203 10 8 1 1
2943 1854 16 18 1 0
58 885 9 2 1 1
60 864 9 2 1 1
314 892 9 2 1 1
1005 918 9 2 1 1
611 2126 80 97 1 0
838 1501 15 11 1 0
1819 1112 1 1 1 1
1901 1893 15 26 1 0
791 1470 15 11 1 1
522 1002 9 2 1 1
127 905 9 2 1 1
122 917 9 2 1 1
1803 1584 15 11 1 0
132 831 9 2 1 1
1842 1326 10 8 1 1
1646 1877 16 18 1 0
600 908 9 2 1 1
2059 2150 15 26 1 0
102 944 9 2 1 1
1338 1754 15 11 1 0
227 930 9 2 1 1
210 1090 9 2 1 1
737 1841 15 23 1 0
1885 2062 15 26 1 0
307 782 9 2 1 1
3492 1697 15 11 1 0
1465 982 9 2 1 1
883 1204 10 8 1 1
1397 923 9 2 1 1
278 1612 15 11 1 0
1834 1862 16 18 1 0
971 1057 9 2 1 1
2418 1568 15 11 1 0
2182 1854 16 18 1 0
1251 975 9 2 1 1
303 1086 9 2 1 1
1326 1164 10 8 1 1
580 1558 15 11 1 0
243 1556 15 11 1 0
1265 1932 15 23 1 0
306 1784 12 14 1 0
717 2301 25 23 1 0
599 1391 10 8 1 1
498 744 9 2 1 1
1008 2138 25 23 1 0
1160 1959 15 23 1 0
372 813 9 2 1 1
715 1478 15 11 1 1
647 1976 25 23 1 0
2097 1497 15 11 1 0
244 892 9 2 1 1
1493 936 9 2 1 1
1494 936 9 2 1 1
1934 1875 16 18 1 0
1539 1015 9 2 1 1
732 859 9 2 1 1
1685 1420 15 11 1 1
248 842 9 2 1 1
614 749 9 2 1 1
927 1247 10 8 1 1
2836 2159 15 26 1 0
701 1507 15 11 1 0
549 1413 10 8 1 1
311 2011 16 20 1 0
1670 1720 15 11 1 0
179 922 9 2 1 1
1026 1343 10 8 1 1
2742 2026 15 26 1 0
504 1273 10 8 1 1
654 1139 10 8 1 1
1255 1887 15 23 1 0
1075 1418 10 8 1 1
754 862 9 2 1 1
1446 903 9 2 1 1
542 956 9 2 1 1
1775 1582 15 11 1 0
194 1333 10 8 1 1
3492 2284 20 28 1 0
755 1260 10 8 1 1
328 952 9 2 1 1
950 1423 15 11 1 1
287 1042 9 2 1 1
1265 1264 10 8 1 1
421 1432 15 11 1 1
1250 909 9 2 1 1
1194 1903 15 23 1 0
821 2088 25 23 1 0
302 1681 15 11 1 0
933 876 9 2 1 1
1019 910 9 2 1 1
764 1484 15 11 1 1
399 1175 10 8 1 1
1778 1532 15 11 1 0
2805 1874 16 18 1 0
273 1504 15 11 1 0
1858 1411 10 8 1 1
554 1068 9 2 1 1
295 1607 15 11 1 0
348 1077 9 2 1 1
618 903 9 2 1 1
751 1664 15 11 1 0
419 919 9 2 1 1
277 1160 10 8 1 1
900 1824 15 23 1 0
724 928 9 2 1 1
243 1048 9 2 1 1
918 2077 25 23 1 0
883 1957 25 23 1 0
2272 1985 15 26 1 0
