477 171 14 21 1 0
3 300 8 10 1 0
538 239 14 21 1 0
88 283 14 21 1 0
463 183 14 21 1 0
527 369 14 21 1 0
51 130 14 21 1 0
211 50 14 21 1 0
21 359 14 21 1 0
189 97 14 21 1 0
329 367 14 21 1 0
185 139 14 21 1 0
384 345 14 21 1 0
201 388 14 21 1 0
300 251 14 21 1 0
70 265 14 21 1 0
525 357 14 21 1 0
557 297 14 21 1 0
10 310 14 21 1 0
17 157 14 21 1 0
128 192 14 21 1 0
516 156 14 21 1 0
54 285 14 21 1 0
471 153 14 21 1 0
218 174 14 21 1 0
62 326 14 21 1 0
76 278 14 21 1 0
454 316 14 21 1 0
101 298 14 21 1 0
213 245 14 21 1 0
141 380 14 21 1 0
140 285 14 21 1 0
537 327 14 21 1 0
113 277 14 21 1 0
96 158 14 21 1 0
510 266 14 21 1 0
455 62 14 21 1 0
538 152 14 21 1 0
587 378 14 21 1 0
198 352 14 21 1 0
29 119 14 21 1 0
494 19 14 21 1 0
282 154 14 21 1 0
470 332 14 21 1 0
279 57 14 21 1 0
300 223 14 21 1 0
163 165 14 21 1 0
574 190 14 21 1 0
341 49 14 21 1 0
177 165 14 21 1 0
174 208 14 21 1 0
409 23 14 21 1 0
330 278 14 21 1 0
174 237 14 21 1 0
21 187 14 21 1 0
573 96 14 21 1 0
228 309 14 21 1 0
546 315 14 21 1 0
159 201 14 21 1 0
29 297 14 21 1 0
250 335 14 21 1 0
241 171 14 21 1 0
12 173 14 21 1 0
187 175 14 21 1 0
486 304 14 21 1 0
207 49 14 21 1 0
295 230 14 21 1 0
391 373 14 21 1 0
569 83 14 21 1 0
261 287 14 21 1 0
255 229 14 21 1 0
40 360 14 21 1 0
141 182 14 21 1 0
316 325 14 21 1 0
116 355 14 21 1 0
253 369 14 21 1 0
484 66 14 21 1 0
69 309 14 21 1 0
171 232 14 21 1 0
57 50 14 21 1 0
438 270 14 21 1 0
307 385 14 21 1 0
110 171 14 21 1 0
527 229 14 21 1 0
179 317 14 21 1 0
274 42 14 21 1 0
87 249 14 21 1 0
284 333 14 21 1 0
116 153 14 21 1 0
138 211 14 21 1 0
225 27 14 21 1 0
258 256 14 21 1 0
286 363 14 21 1 0
107 99 14 21 1 0
39 52 14 21 1 0
218 364 14 21 1 0
502 311 14 21 1 0
565 200 14 21 1 0
453 342 14 21 1 0
1 160 7 9 1 0
437 37 14 21 1 0
284 11 14 21 1 0
508 52 14 21 1 0
228 57 14 21 1 0
105 377 14 21 1 0
299 298 14 21 1 0
448 226 14 21 1 0
138 312 14 21 1 0
218 200 14 21 1 0
2 234 7 9 1 0
235 158 14 21 1 0
195 330 14 21 1 0
291 80 14 21 1 0
29 44 14 21 1 0
243 323 14 21 1 0
224 337 14 21 1 0
529 173 14 21 1 0
511 299 14 21 1 0
207 209 14 21 1 0
449 158 14 21 1 0
568 316 14 21 1 0
479 348 14 21 1 0
134 266 14 21 1 0
531 277 14 21 1 0
141 48 14 21 1 0
316 210 14 21 1 0
237 359 14 21 1 0
3 194 8 10 1 0
140 229 14 21 1 0
277 174 14 21 1 0
526 47 14 21 1 0
80 179 14 21 1 0
575 339 14 21 1 0
464 265 14 21 1 0
63 39 14 21 1 0
71 349 14 21 1 0
26 264 14 21 1 0
130 10 14 21 1 0
523 24 14 21 1 0
456 307 14 21 1 0
585 118 14 21 1 0
484 382 14 21 1 0
115 182 14 21 1 0
79 98 14 21 1 0
287 276 14 21 1 0
559 330 14 21 1 0
180 247 14 21 1 0
426 53 14 21 1 0
113 260 14 21 1 0
106 22 14 21 1 0
175 46 14 21 1 0
63 370 14 21 1 0
191 369 14 21 1 0
118 343 14 21 1 0
323 308 14 21 1 0
385 32 14 21 1 0
249 152 14 21 1 0
117 312 14 21 1 0
487 175 14 21 1 0
267 387 14 21 1 0
16 273 14 21 1 0
253 81 14 21 1 0
486 280 14 21 1 0
239 251 14 21 1 0
84 333 14 21 1 0
7 332 14 21 1 0
182 225 14 21 1 0
573 16 14 21 1 0
310 64 14 21 1 0
350 26 14 21 1 0
119 206 14 21 1 0
79 43 14 21 1 0
3 138 8 10 1 0
67 19 14 21 1 0
556 376 14 21 1 0
124 173 14 21 1 0
474 236 14 21 1 0
462 246 14 21 1 0
7 248 14 21 1 0
214 111 14 21 1 0
450 262 14 21 1 0
265 165 14 21 1 0
267 349 14 21 1 0
158 41 14 21 1 0
270 67 14 21 1 0
142 331 14 21 1 0
508 251 14 21 1 0
456 282 14 21 1 0
499 273 14 21 1 0
570 171 14 21 1 0
164 17 14 21 1 0
198 227 14 21 1 0
216 127 14 21 1 0
11 46 14 21 1 0
381 10 14 21 1 0
103 261 14 21 1 0
51 69 14 21 1 0
285 302 14 21 1 0
144 288 14 21 1 0
64 193 14 21 1 0
243 16 14 21 1 0
271 317 14 21 1 0
454 373 14 21 1 0
364 41 42 50 1 1
569 357 14 21 1 0
317 284 14 21 1 0
578 301 14 21 1 0
511 338 14 21 1 0
515 110 14 21 1 0
478 48 14 21 1 0
544 11 14 21 1 0
44 301 14 21 1 0
155 237 14 21 1 0
216 40 14 21 1 0
440 291 14 21 1 0
244 383 14 21 1 0
474 136 14 21 1 0
105 190 14 21 1 0
24 318 14 21 1 0
139 107 14 21 1 0
