360 75 11 13 1 1
457 304 39 42 1 0
243 227 18 23 1 0
316 156 19 24 1 0
453 247 39 42 1 0
416 159 19 24 1 1
284 295 39 42 1 0
636 99 9 9 1 1
441 112 9 9 1 1
160 100 22 32 1 1
569 200 21 22 1 1
531 149 17 19 1 1
236 25 11 13 1 1
592 138 17 19 1 1
442 133 17 19 1 1
232 158 14 18 1 0
585 109 9 9 1 1
268 84 11 13 1 1
610 177 17 19 1 1
120 259 39 42 1 1
682 321 32 40 1 1
68 167 27 35 1 1
297 54 11 13 1 1
498 124 17 19 1 1
503 198 21 22 1 0
251 144 12 15 1 0
281 102 12 15 1 1
598 266 21 22 1 1
335 53 11 13 1 1
347 26 11 13 1 1
451 70 9 9 1 1
593 175 17 19 1 1
305 87 11 13 1 1
475 145 17 19 1 1
519 56 9 9 1 1
320 370 49 68 1 0
560 230 21 22 1 0
338 156 19 24 1 0
384 81 11 13 1 1
418 112 12 15 1 1
530 96 9 9 1 1
593 71 9 9 1 1
164 32 11 13 1 1
303 13 11 13 1 1
375 182 19 24 1 0
402 106 12 15 1 1
402 187 19 24 1 0
164 44 11 13 1 1
447 369 49 68 1 0
99 127 22 32 1 1
383 31 11 13 1 1
564 146 17 19 1 1
370 28 11 13 1 1
527 173 17 19 1 1
132 26 11 13 1 1
332 19 11 13 1 1
396 89 11 13 1 1
361 104 12 15 1 1
222 103 14 18 1 1
318 57 11 13 1 1
471 90 9 9 1 1
116 377 49 68 1 1
194 19 11 13 1 1
487 176 17 19 1 0
593 397 42 49 1 1
189 63 11 13 1 1
605 306 32 40 1 1
337 88 11 13 1 1
241 106 12 15 1 1
357 226 19 24 1 0
558 69 9 9 1 1
364 186 19 24 1 0
324 119 12 15 1 1
433 213 19 24 1 0
652 229 21 22 1 1
116 187 25 36 1 1
274 46 11 13 1 1
262 7 11 13 1 1
646 173 17 19 1 1
227 46 11 13 1 1
583 182 17 19 1 1
206 124 22 32 1 0
381 60 11 13 1 1
