174 236 11 12 1 0
80 242 11 12 1 0
71 238 11 12 1 0
537 253 24 24 1 0
387 240 11 12 1 0
147 272 18 25 1 0
30 264 18 25 1 0
96 279 23 27 1 0
414 242 11 12 1 0
223 234 11 12 1 0
450 236 11 12 1 0
377 230 11 14 1 0
209 238 11 12 1 0
175 258 18 25 1 0
467 261 20 23 1 0
258 283 26 31 1 0
56 237 11 12 1 0
17 243 12 15 1 0
106 218 11 14 1 0
495 253 24 26 2 0
436 242 11 12 1 0
48 235 11 12 1 0
471 244 17 19 1 0
80 230 11 14 1 0
491 241 24 26 2 0
358 231 11 12 1 0
4 269 11 12 1 0
267 230 11 14 1 0
231 256 12 15 1 0
398 238 11 12 1 0
306 262 26 31 1 0
191 238 11 12 1 0
48 347 64 67 1 0
341 220 11 14 1 0
364 223 11 14 1 0
408 234 11 12 1 0
242 269 26 31 1 0
378 293 25 32 1 0
288 234 11 12 1 0
34 241 11 12 1 0
434 218 11 14 1 0
472 338 35 40 1 0
226 357 64 67 1 0
126 242 11 12 1 0
95 238 11 12 1 0
