366 173 39 54 1 0
126 216 9 8 1 1
610 120 0 0 1 1
526 321 18 27 1 0
551 375 26 34 1 0
259 194 9 8 1 1
467 112 0 0 1 1
74 198 9 8 1 1
59 138 3 4 1 1
208 131 3 4 1 1
16 254 20 24 1 0
560 126 0 0 1 1
50 270 20 24 1 0
91 256 20 24 1 0
394 131 3 4 1 1
595 121 0 0 1 1
96 218 9 8 1 1
403 130 3 4 1 1
108 134 3 4 1 1
146 186 9 8 1 1
310 345 18 27 1 0
514 379 26 34 1 0
106 285 20 24 1 0
112 383 26 34 1 0
209 333 18 27 1 0
253 204 9 8 1 1
161 184 9 8 1 1
140 165 3 4 1 1
108 312 18 27 1 0
284 163 3 4 1 1
265 253 20 24 1 0
300 183 9 8 1 1
192 293 18 27 1 0
505 201 9 8 1 1
589 230 9 8 1 1
429 136 3 4 1 1
436 150 3 4 1 1
153 172 3 4 1 1
502 118 0 0 1 1
363 117 0 0 1 1
134 189 9 8 1 1
159 208 9 8 1 1
7 191 8 7 1 1
156 316 18 27 1 0
374 132 3 4 1 1
254 406 26 34 1 0
140 237 9 8 1 1
359 128 3 7 1 1
392 115 0 0 1 1
228 115 0 0 1 1
181 182 9 8 1 1
235 166 3 4 1 1
145 339 18 27 1 0
487 259 20 24 1 0
53 239 10 13 1 1
118 326 18 27 1 0
509 338 18 27 1 0
523 287 18 27 1 0
542 108 0 0 1 1
26 179 3 4 1 1
245 192 9 8 1 1
160 251 20 24 1 0
528 248 20 24 1 1
70 287 18 27 1 0
324 432 26 34 1 0
68 147 3 4 1 1
271 210 9 8 1 1
401 149 3 4 1 1
598 129 3 4 1 1
248 109 0 0 1 1
576 192 9 8 1 1
455 317 18 27 1 0
90 144 3 4 1 1
182 158 3 4 1 1
566 305 18 27 1 0
218 292 18 27 1 0
291 111 0 0 1 1
502 102 0 0 1 1
498 166 3 4 1 1
54 341 18 27 1 0
308 264 20 24 1 0
116 125 0 0 1 1
512 181 9 8 1 1
261 155 3 4 1 1
60 232 9 8 1 1
555 115 0 0 1 1
521 143 3 4 1 1
202 98 0 0 1 1
512 105 0 0 1 1
237 313 18 27 1 0
172 270 20 24 1 0
563 116 0 0 1 1
517 100 0 0 1 1
573 346 18 27 1 0
468 192 9 8 1 1
410 154 3 4 1 1
444 158 3 4 1 1
16 298 18 27 1 0
560 404 26 34 1 0
588 203 9 8 1 1
426 157 3 4 1 1
405 292 18 27 1 0
310 241 20 24 1 1
250 155 3 4 1 1
12 166 3 4 1 1
196 177 3 4 1 1
335 158 3 4 1 1
6 350 15 23 1 0
441 205 9 8 1 1
283 112 0 0 1 1
415 97 0 0 1 1
413 252 20 24 1 0
288 297 18 27 1 0
159 237 9 8 1 1
296 223 9 8 1 1
166 159 3 4 1 1
425 128 3 7 1 1
315 313 18 27 1 0
264 305 18 27 1 0
573 114 0 0 1 1
215 192 9 8 1 1
592 443 26 34 1 0
63 301 18 27 1 0
86 132 3 4 1 1
508 124 0 0 1 1
604 160 3 4 1 1
34 195 9 8 1 1
84 325 18 27 1 0
397 169 3 4 1 1
474 288 18 27 1 0
168 209 9 8 1 1
150 133 3 4 1 1
277 239 10 13 1 1
349 134 3 4 1 1
430 228 9 8 1 1
524 184 9 8 1 1
227 109 0 0 1 1
381 119 0 0 1 1
90 204 9 8 1 1
215 386 26 34 1 0
492 102 0 0 1 1
36 145 3 4 1 1
464 118 0 0 1 1
267 270 20 24 1 0
290 331 18 27 1 0
394 153 3 4 1 1
31 237 9 8 1 1
423 147 3 4 1 1
180 405 26 34 1 0
8 229 8 7 1 1
431 287 18 27 1 0
607 130 3 4 1 1
474 404 26 34 1 0
75 143 3 4 1 1
454 410 26 34 1 0
252 220 9 8 1 1
121 172 3 4 1 1
472 258 20 24 1 0
111 159 3 4 1 1
424 371 26 34 1 0
218 265 20 24 1 0
134 204 9 8 1 1
306 115 0 0 1 1
75 166 3 4 1 1
9 203 8 7 1 1
66 133 3 4 1 1
581 119 0 0 1 1
291 254 20 24 1 0
248 232 9 8 1 1
410 140 3 4 1 1
508 254 20 24 1 0
49 362 26 34 1 0
559 343 18 27 1 0
173 167 3 4 1 1
149 151 3 4 1 1
225 171 3 4 1 1
110 176 3 4 1 1
489 285 20 24 1 0
72 117 0 0 1 1
593 304 18 27 1 0
190 135 3 4 1 1
150 367 26 34 1 0
286 175 3 4 1 1
227 161 3 4 1 1
439 257 20 24 1 0
316 285 20 24 1 0
180 337 18 27 1 0
224 150 3 4 1 1
43 385 26 34 1 0
614 371 26 34 1 0
213 229 9 8 1 1
59 198 9 8 1 1
298 135 3 4 1 1
614 130 3 4 1 1
94 379 26 34 1 0
199 242 20 24 1 1
6 144 3 4 1 1
270 140 3 4 1 1
185 263 20 24 1 0
536 126 0 0 1 1
428 263 20 24 1 0
139 146 3 4 1 1
235 333 18 27 1 0
472 242 20 24 1 1
498 123 0 0 1 1
39 170 3 4 1 1
250 118 0 0 1 1
458 111 0 0 1 1
418 355 18 27 1 0
473 368 26 34 1 0
133 272 20 24 1 0
496 183 9 8 1 1
280 192 9 8 1 1
240 361 26 34 1 0
359 118 0 0 1 1
607 242 20 24 1 1
210 121 0 0 1 1
588 252 20 24 1 0
483 99 0 0 1 1
232 252 20 24 1 0
