503 34 9 8 1 0
395 46 9 8 1 0
67 216 59 69 1 0
16 109 18 26 1 0
454 82 25 23 1 0
192 37 11 10 1 0
294 41 11 12 1 0
219 76 22 26 1 0
246 43 11 12 1 0
96 95 18 26 1 0
54 64 8 8 1 0
365 143 25 23 1 0
208 36 11 10 1 0
101 35 11 10 1 0
2 76 13 17 1 0
123 51 11 10 1 0
351 17 9 8 1 0
399 92 25 23 1 0
178 42 11 10 1 0
167 38 11 10 1 0
481 36 9 8 1 0
288 30 6 6 1 0
150 48 11 10 1 0
125 102 34 49 1 0
105 44 8 8 1 0
183 67 16 20 1 0
256 23 6 6 1 0
260 22 6 6 1 0
66 89 18 26 1 0
382 50 9 8 1 0
233 23 6 6 1 0
262 95 18 18 1 0
25 73 8 8 1 0
190 30 11 10 1 0
276 24 6 6 1 0
162 75 16 20 1 0
318 37 25 32 1 0
91 60 8 8 1 0
443 47 9 8 1 0
