173 522 12 19 1 0
612 267 8 12 1 1
319 264 8 12 1 1
402 344 8 12 1 0
426 264 8 12 1 1
488 130 5 7 1 1
638 594 16 21 1 0
918 216 7 9 1 1
958 231 7 9 1 1
573 89 4 5 1 1
1217 389 14 17 1 0
527 134 5 7 1 1
608 201 5 7 1 1
582 163 5 7 1 1
640 475 16 21 2 0
2 503 12 19 1 0
1257 340 8 11 1 0
1193 298 7 9 1 0
622 237 5 7 1 1
1134 415 14 17 1 0
274 441 12 19 1 0
626 208 5 7 1 1
426 183 5 7 1 1
531 267 8 12 1 1
1241 346 10 13 1 0
536 97 4 5 1 1
608 109 4 5 1 1
1275 459 14 17 1 0
554 86 4 5 1 1
1202 285 7 9 1 1
514 182 5 7 1 1
1244 466 14 17 2 0
544 112 4 5 1 1
651 187 5 7 1 1
497 89 4 5 1 1
593 162 5 7 1 1
80 342 5 8 1 0
1006 310 7 9 1 1
1148 414 14 17 1 0
554 437 8 12 1 0
1217 304 7 9 1 0
593 91 4 5 1 1
155 470 12 19 1 0
564 173 5 7 1 1
476 192 5 7 1 1
1219 453 14 17 1 0
558 357 8 12 1 0
924 274 7 9 1 1
1272 353 14 17 1 0
849 216 7 10 1 1
475 364 8 12 1 0
686 186 5 7 1 1
118 459 12 19 1 0
509 120 5 7 1 1
1132 394 14 17 2 0
613 82 4 5 1 1
879 209 7 9 1 1
161 551 12 19 1 0
227 428 5 8 1 0
608 138 5 7 1 1
1256 306 7 9 1 0
1144 269 7 9 1 1
1248 424 14 17 2 0
263 301 7 7 1 1
212 472 12 19 1 0
32 688 15 24 1 0
1058 338 7 9 1 1
674 343 8 12 1 0
238 514 12 19 1 0
519 202 5 7 1 1
955 254 7 9 1 1
109 412 5 8 1 0
1276 579 14 17 1 0
171 438 8 13 1 0
1024 251 7 9 1 1
557 534 16 21 1 0
995 242 7 9 1 1
573 327 8 12 1 0
622 193 5 7 1 1
659 165 5 7 1 1
232 319 5 8 1 1
1169 453 14 17 1 0
103 362 5 8 1 0
610 160 5 7 1 1
1270 386 14 17 1 0
966 731 16 21 1 0
798 256 8 12 1 1
719 595 16 21 1 0
612 176 5 7 1 1
44 703 15 24 1 0
1234 324 7 9 1 0
514 169 5 7 1 1
900 287 8 12 1 1
568 127 5 7 1 1
514 146 5 7 1 1
523 150 5 7 1 1
6 753 15 24 2 0
1161 311 7 9 1 0
18 686 15 24 1 0
768 522 16 21 1 0
1188 453 14 17 1 0
112 552 12 19 1 0
623 80 4 5 1 1
338 393 8 12 1 0
1199 424 14 17 1 0
1225 318 7 9 1 0
654 214 5 7 1 1
1250 397 14 17 2 0
607 306 8 12 1 0
1090 719 16 21 1 0
155 493 12 19 1 0
496 159 5 7 1 1
590 183 5 7 1 1
1246 415 14 17 2 0
87 504 12 19 1 0
623 158 5 7 1 1
1195 385 14 17 1 0
324 227 7 7 1 1
591 104 4 5 1 1
658 281 8 12 1 1
1226 424 14 17 2 0
212 432 5 8 1 0
504 449 8 12 1 0
476 266 8 12 1 1
247 304 5 8 1 1
1058 290 7 9 1 1
1092 247 7 9 1 1
75 683 15 24 1 0
663 226 5 7 1 1
1223 277 7 9 1 1
96 338 5 8 1 0
600 105 4 5 1 1
575 338 8 12 1 0
781 341 8 12 1 0
571 112 4 5 1 1
113 649 15 24 1 0
461 150 5 7 1 1
24 613 15 24 2 0
426 443 8 12 1 0
970 238 7 9 1 1
594 390 8 12 1 0
1074 303 7 9 1 0
1095 329 7 9 1 0
5 412 5 8 1 0
1245 404 14 17 1 0
773 307 8 12 1 0
599 451 16 21 1 0
1120 312 7 9 1 0
646 307 8 12 1 0
606 90 4 5 1 1
34 731 15 24 1 0
768 270 8 12 1 1
1183 436 14 17 2 0
523 252 7 10 1 1
239 318 5 8 1 1
262 272 7 7 1 1
928 289 7 9 1 1
91 643 15 24 1 0
313 235 7 7 1 1
523 337 8 12 1 0
137 412 5 8 1 0
376 165 5 7 1 1
167 589 15 24 1 0
651 261 8 12 1 1
975 283 7 9 1 1
1144 384 14 17 2 0
720 679 16 21 1 0
1178 452 14 17 1 0
503 115 4 5 1 1
825 263 8 12 1 1
828 293 8 12 1 0
591 127 5 7 1 1
630 126 5 7 1 1
599 239 5 7 1 1
57 403 5 8 1 0
566 206 5 7 1 1
672 135 5 7 1 1
1190 437 14 17 2 0
590 172 5 7 1 1
916 242 7 9 1 1
475 628 16 21 1 0
61 353 5 8 1 0
111 738 15 24 1 0
617 216 5 7 1 1
1187 421 14 17 1 0
223 443 12 19 1 0
91 428 5 8 1 0
22 623 15 24 2 0
1258 473 14 17 1 0
548 123 5 7 1 1
943 536 16 21 1 0
31 548 12 19 1 0
50 331 5 8 1 0
715 430 8 12 1 0
805 364 8 12 1 0
1154 325 7 9 1 0
74 303 5 8 1 0
701 167 5 7 1 1
1233 452 14 17 1 0
429 322 8 12 1 0
652 240 5 7 1 1
1200 449 14 17 1 0
739 256 8 12 1 1
665 351 8 12 1 0
564 283 8 12 1 1
633 443 8 12 1 0
36 340 5 8 1 0
503 138 5 7 1 1
259 280 7 7 1 1
6 625 15 24 1 0
226 674 15 24 1 0
1226 434 14 17 2 0
802 183 7 10 1 1
834 542 16 21 1 0
552 271 8 12 1 1
462 290 8 12 1 1
241 308 5 8 1 1
584 632 16 21 1 0
467 435 8 12 1 0
96 410 5 8 1 0
959 275 7 9 1 1
1274 429 14 17 2 0
674 419 8 12 1 0
444 126 5 7 1 1
492 69 4 5 1 1
1256 386 14 17 1 0
595 236 5 7 1 1
54 357 5 8 1 0
435 180 5 7 1 1
523 258 8 12 1 1
1083 260 7 9 1 1
572 292 8 12 1 0
641 448 8 12 1 0
993 499 16 21 1 0
69 344 5 8 1 0
131 449 12 19 1 0
631 174 5 7 1 1
610 316 8 12 1 0
1212 474 14 17 1 0
1012 426 9 12 1 0
667 192 5 7 1 1
1091 318 7 9 1 0
686 195 5 7 1 1
1075 277 7 9 1 1
545 146 5 7 1 1
797 203 7 10 1 1
1046 439 12 15 1 0
1200 331 7 9 1 0
498 193 5 7 1 1
77 500 12 19 1 0
621 175 5 7 1 1
1212 428 14 17 2 0
963 266 7 9 1 1
1210 314 7 9 1 0
504 264 8 12 1 1
394 468 16 21 1 0
1187 406 14 17 1 0
263 499 12 19 1 0
104 348 5 8 1 0
127 713 15 24 1 0
100 568 12 19 1 0
783 192 7 10 1 1
528 150 5 7 1 1
987 264 7 9 1 1
136 507 12 19 1 0
1162 415 14 17 1 0
401 190 5 7 1 1
391 221 5 7 1 1
975 293 7 9 1 1
510 125 5 7 1 1
611 147 5 7 1 1
1272 422 14 17 2 0
29 333 5 8 1 0
155 453 12 19 1 0
529 193 5 7 1 1
998 297 7 9 1 1
402 192 5 7 1 1
551 102 4 5 1 1
691 234 5 7 1 1
535 585 16 21 1 0
458 125 5 7 1 1
65 559 12 19 1 0
10 546 12 19 1 0
1242 459 14 17 2 0
414 254 5 7 1 1
565 194 5 7 1 1
39 358 5 8 1 0
788 178 6 9 1 1
552 205 5 7 1 1
600 290 8 12 1 1
45 537 12 19 1 0
979 261 7 9 1 1
113 430 5 8 1 0
653 108 4 5 1 1
385 218 5 7 1 1
73 403 5 8 1 0
922 235 7 9 1 1
462 245 5 7 1 1
110 439 8 13 1 0
241 313 5 8 1 1
284 255 8 12 1 1
991 279 7 9 1 1
1266 441 14 17 1 0
127 529 12 19 1 0
254 289 6 7 1 1
1266 407 14 17 2 0
732 147 5 7 1 1
529 207 5 7 1 1
1152 377 14 17 1 0
1265 454 14 17 1 0
138 575 15 24 1 0
1172 426 14 17 1 0
146 465 12 19 1 0
139 434 5 8 1 0
978 239 7 9 1 1
65 492 12 19 1 0
988 624 16 21 1 0
542 180 5 7 1 1
1144 381 14 17 2 0
664 119 4 5 1 1
1205 432 14 17 2 0
1162 368 14 17 1 0
633 134 5 7 1 1
1137 367 14 17 1 0
583 117 4 5 1 1
1209 415 14 17 1 0
915 670 16 21 1 0
1142 248 7 9 1 1
217 699 15 24 1 0
576 250 5 8 1 1
463 221 5 7 1 1
12 499 12 19 1 0
370 560 16 21 1 0
635 477 16 21 2 0
90 443 12 19 1 0
1030 261 7 9 1 1
25 422 5 8 1 0
327 239 7 7 1 1
592 114 4 5 1 1
796 394 8 12 1 0
522 125 5 7 1 1
1241 299 7 9 1 0
622 141 5 7 1 1
505 295 8 12 1 0
555 156 5 7 1 1
594 153 5 7 1 1
364 345 8 12 1 0
871 275 8 12 1 1
1243 435 14 17 1 0
7 766 15 24 2 0
264 275 7 7 1 1
608 418 8 12 1 0
835 611 16 21 1 0
640 413 8 12 2 0
908 240 7 9 1 1
1144 402 14 17 1 0
948 496 16 21 1 0
509 296 8 12 1 0
531 161 5 7 1 1
503 173 5 7 1 1
267 296 7 7 1 1
5 438 10 16 1 0
435 236 5 7 1 1
936 279 7 9 1 1
1195 312 7 9 1 0
133 552 12 19 1 0
488 82 4 5 1 1
220 562 12 19 1 0
522 172 5 7 1 1
998 315 7 9 1 1
558 92 4 5 1 1
539 319 8 12 1 0
575 222 5 7 1 1
169 487 12 19 1 0
992 253 7 9 1 1
882 207 7 9 1 1
164 428 5 8 1 0
1117 273 7 9 1 1
620 477 16 21 1 0
509 76 4 5 1 1
926 254 7 9 1 1
85 654 15 24 1 0
588 80 4 5 1 1
43 576 15 24 1 0
582 126 5 7 1 1
1240 510 14 17 1 0
1154 293 7 9 1 0
546 161 5 7 1 1
76 444 12 19 1 0
383 229 5 7 1 1
568 159 5 7 1 1
83 403 5 8 1 0
544 118 4 5 1 1
462 259 8 12 1 1
495 228 5 7 1 1
495 147 5 7 1 1
24 363 5 8 1 0
1272 329 8 11 1 0
468 170 5 7 1 1
539 419 8 12 1 0
1255 401 14 17 2 0
707 169 5 7 1 1
758 280 8 12 1 1
1170 400 14 17 1 0
621 127 5 7 1 1
168 473 12 19 1 0
712 288 8 12 1 1
1066 253 7 9 1 1
1264 416 14 17 2 0
592 523 16 21 1 0
170 562 12 19 1 0
26 345 5 8 1 0
520 77 4 5 1 1
418 400 8 12 1 0
1206 271 7 9 1 1
979 275 7 9 1 1
521 95 4 5 1 1
529 104 4 5 1 1
1067 321 7 9 1 0
1155 281 7 9 1 1
582 150 5 7 1 1
220 521 12 19 1 0
700 237 5 7 1 1
98 665 15 24 1 0
148 441 12 19 1 0
736 349 8 12 1 0
257 443 12 19 1 0
327 301 8 12 1 1
771 768 16 21 1 0
648 595 16 21 1 0
493 167 5 7 1 1
818 463 16 21 1 0
613 106 4 5 1 1
23 752 15 24 1 0
447 209 5 7 1 1
125 435 5 8 1 0
607 207 5 7 1 1
1135 397 14 17 2 0
629 84 4 5 1 1
1051 358 7 9 1 0
558 126 5 7 1 1
583 204 5 7 1 1
497 354 8 12 1 0
533 121 5 7 1 1
614 95 4 5 1 1
1110 289 7 9 1 1
560 239 5 7 1 1
504 73 4 5 1 1
1265 537 14 17 1 0
738 204 5 7 1 1
639 416 8 12 2 0
644 133 5 7 1 1
1164 378 14 17 1 0
662 138 5 7 1 1
975 306 7 9 1 1
919 260 7 9 1 1
1253 455 14 17 1 0
442 515 16 21 1 0
467 107 4 5 1 1
538 190 5 7 1 1
792 264 8 12 1 1
552 228 5 7 1 1
632 191 5 7 1 1
907 254 7 9 1 1
951 296 7 9 1 1
204 435 5 8 1 0
1266 582 14 17 1 0
248 431 5 8 1 0
486 324 8 12 1 0
827 419 8 12 1 0
496 137 5 7 1 1
579 173 5 7 1 1
566 93 4 5 1 1
972 247 7 9 1 1
583 93 4 5 1 1
19 642 15 24 1 0
