373 15 6 8 1 1
133 21 6 8 1 1
72 68 7 8 1 1
369 21 6 8 1 1
190 72 7 8 1 1
160 12 6 8 1 1
323 55 7 8 1 1
204 15 6 8 1 1
341 64 7 8 1 1
65 26 6 8 1 1
305 27 6 8 1 1
157 8 6 8 1 1
51 4 6 8 1 1
66 55 7 8 1 1
175 8 6 8 1 1
17 18 6 8 1 1
134 76 7 8 1 1
314 0 6 8 1 1
189 20 6 8 1 1
184 33 6 8 1 1
136 80 7 8 1 1
227 47 6 8 1 1
208 1 6 8 1 1
304 53 7 8 1 1
240 4 6 8 1 1
18 31 6 8 1 1
204 22 6 8 1 1
173 22 6 8 1 1
36 37 6 8 1 1
119 64 7 8 1 1
156 11 6 8 1 1
73 3 6 8 1 1
265 80 7 8 1 1
286 39 6 8 1 1
227 60 7 8 1 1
142 78 7 8 1 1
186 28 6 8 1 1
21 24 6 8 1 1
281 5 6 8 1 1
37 47 6 8 1 1
248 28 6 8 1 1
209 51 6 8 1 1
52 29 6 8 1 1
159 75 7 8 1 1
165 36 6 8 1 1
118 22 6 8 1 1
133 79 7 8 1 1
360 28 6 8 1 1
350 15 6 8 1 1
129 22 6 8 1 1
225 5 6 8 1 1
333 58 7 8 1 1
319 56 7 8 1 1
78 210 16 18 1 0
130 39 6 8 1 1
346 48 6 8 1 1
4 45 6 8 1 1
70 71 7 8 1 1
348 38 6 8 1 1
370 35 6 8 1 1
191 13 6 8 1 1
329 46 6 8 1 1
298 71 7 8 1 1
284 72 7 8 1 1
39 4 6 8 1 1
44 54 7 8 1 1
253 79 7 8 1 1
278 40 6 8 1 1
300 73 7 8 1 1
59 83 7 8 1 1
244 35 6 8 1 1
315 19 6 8 1 1
296 51 6 8 1 1
11 83 7 8 1 1
102 16 6 8 1 1
54 50 6 8 1 1
39 45 6 8 1 1
342 46 6 8 1 1
339 36 6 8 1 1
165 4 6 8 1 1
204 31 6 8 1 1
214 43 6 8 1 1
304 57 7 8 1 1
182 61 7 8 1 1
66 13 6 8 1 1
266 50 6 8 1 1
286 27 6 8 1 1
91 72 7 8 1 1
2 38 6 8 1 1
296 7 6 8 1 1
323 52 7 8 1 1
24 11 6 8 1 1
198 9 6 8 1 1
257 78 7 8 1 1
366 46 6 8 1 1
306 59 7 8 1 1
230 47 6 8 1 1
300 3 6 8 1 1
159 31 6 8 1 1
275 77 7 8 1 1
354 79 7 8 1 1
200 53 7 8 1 1
50 27 6 8 1 1
245 32 6 8 1 1
295 81 7 8 1 1
316 72 7 8 1 1
104 60 7 8 1 1
211 74 7 8 1 1
88 22 6 8 1 1
312 207 16 18 1 0
101 11 6 8 1 1
297 21 6 8 1 1
61 45 6 8 1 1
337 4 6 8 1 1
347 71 7 8 1 1
369 71 6 8 1 1
370 6 6 8 1 1
357 58 7 8 1 1
165 70 7 8 1 1
313 32 6 8 1 1
237 69 7 8 1 1
164 19 6 8 1 1
260 60 7 8 1 1
231 12 6 8 1 1
2 70 6 8 1 1
