222 233 55 64 1 0
592 198 55 64 1 0
480 102 7 10 1 1
383 117 7 10 1 1
394 131 14 17 1 0
196 131 14 17 1 0
402 112 7 10 1 1
161 129 14 17 1 0
576 145 14 17 1 0
187 120 7 10 1 0
352 123 7 10 1 0
39 182 21 23 1 0
200 119 7 10 1 0
548 234 55 64 1 0
155 217 55 64 1 0
440 132 14 17 1 0
472 132 14 17 1 0
8 112 10 13 1 1
243 104 7 10 1 1
67 295 55 64 1 0
33 135 14 17 1 0
471 104 7 10 1 1
258 123 7 10 1 0
105 110 7 10 1 1
48 114 7 10 1 1
359 117 7 10 1 1
158 102 7 10 1 1
348 176 21 23 1 0
222 126 14 17 1 0
81 163 21 23 1 0
327 164 21 23 1 0
83 102 7 10 1 1
292 102 7 10 1 1
507 110 7 10 1 1
309 178 21 23 1 0
30 91 7 10 1 1
449 144 14 17 1 0
147 103 7 10 1 1
299 102 7 10 1 1
73 145 14 17 1 0
252 140 14 17 1 0
262 105 7 10 1 1
240 173 21 23 1 0
488 98 7 10 1 1
246 135 14 17 1 0
678 151 34 40 1 0
438 114 7 10 1 1
91 114 7 10 1 1
629 103 7 10 1 1
267 112 7 10 1 1
221 141 14 17 1 0
23 124 14 17 1 0
490 294 55 64 1 0
341 146 14 17 1 0
6 133 10 13 1 0
316 112 7 10 1 1
222 110 7 10 1 1
275 99 7 10 1 1
179 101 7 10 1 1
25 114 7 10 1 1
410 129 14 17 1 0
423 122 7 10 1 0
665 229 55 64 1 0
69 212 55 64 1 0
30 103 7 10 1 1
55 107 7 10 1 1
616 191 21 23 1 0
337 196 55 64 1 0
282 218 55 64 1 0
276 107 7 10 1 1
127 150 21 23 1 0
114 141 14 17 1 0
58 96 7 10 1 1
497 115 7 10 1 1
125 111 7 10 1 1
571 264 55 64 1 0
78 118 7 10 1 0
40 103 7 10 1 1
209 107 7 10 1 1
457 99 7 10 1 1
42 143 14 17 1 0
523 118 7 10 1 0
170 104 7 10 1 1
183 141 14 17 1 0
482 92 7 10 1 1
405 202 55 64 1 0
351 139 14 17 1 0
325 129 14 17 1 0
88 146 14 17 1 0
347 108 7 10 1 1
501 231 55 64 1 0
71 112 7 10 1 1
371 180 21 23 1 0
307 113 7 10 1 1
450 178 21 23 1 0
252 109 7 10 1 1
411 118 7 10 1 0
139 110 7 10 1 1
7 190 26 30 1 0
562 103 7 10 1 1
416 154 21 23 1 0
445 114 7 10 1 1
233 101 7 10 1 1
237 125 14 17 1 0
71 126 14 17 1 0
309 124 14 17 1 0
210 195 55 64 1 0
338 211 55 64 1 0
22 92 8 11 1 1
288 130 14 17 1 0
490 124 14 17 1 0
355 110 7 10 1 1
285 111 7 10 1 1
227 105 7 10 1 1
130 135 14 17 1 0
205 96 7 10 1 1
9 101 8 11 1 1
694 186 24 28 1 0
188 108 7 10 1 1
371 117 7 10 1 1
377 249 55 64 1 0
116 114 7 10 1 1
95 106 7 10 1 1
102 139 14 17 1 0
561 127 14 17 1 0
264 175 21 23 1 0
25 172 21 23 1 0
285 96 7 10 1 1
158 110 7 10 1 1
644 136 14 17 1 0
