471 806 21 30 1 0
435 1002 37 45 1 0
431 885 44 42 1 0
315 768 19 21 1 0
166 957 34 40 1 0
362 800 21 30 1 0
658 909 44 42 1 0
413 824 21 30 1 0
293 661 18 19 1 1
282 740 19 21 1 0
467 840 21 30 1 0
500 935 30 36 1 0
575 926 44 42 1 0
108 934 44 42 1 0
307 682 18 19 1 1
408 733 19 21 1 0
157 1040 37 45 1 0
439 786 21 30 1 0
230 844 21 30 1 0
576 1060 36 39 1 0
43 800 21 30 1 1
393 686 18 19 1 1
374 758 19 21 1 0
254 791 21 30 1 0
221 754 19 21 1 0
281 708 18 19 1 0
53 1004 37 45 1 0
366 665 18 19 1 1
380 702 18 19 1 1
254 905 44 42 1 0
349 910 44 42 1 0
267 865 21 30 1 0
292 853 21 30 1 0
