509 521 64 83 1 0
849 498 64 83 1 0
569 249 48 53 1 1
476 525 64 83 1 0
919 604 92 102 1 0
130 498 64 83 1 0
289 579 92 102 1 0
716 504 76 100 1 0
941 520 64 83 1 0
473 592 92 102 1 0
817 659 92 102 1 0
652 496 64 83 1 0
449 557 92 102 1 0
601 536 47 58 1 0
39 587 92 102 1 0
73 657 92 102 1 0
606 682 92 102 1 0
550 573 92 102 1 0
332 605 92 102 1 0
211 525 64 83 1 0
319 528 64 83 1 0
283 489 64 83 1 0
121 492 64 83 1 0
459 678 92 102 1 0
178 634 92 102 1 0
674 580 92 102 1 0
13 510 64 83 1 0
188 506 64 83 1 0
380 532 64 83 1 0
341 501 64 83 1 0
