725 1397 48 65 1 0
630 262 36 47 1 0
2596 216 36 47 1 0
2408 1844 50 53 1 0
968 716 36 47 1 0
1119 79 36 47 1 0
2195 918 48 65 1 0
1447 1145 48 65 2 0
1028 305 36 47 1 0
990 1605 50 53 1 0
2463 288 36 47 1 0
3049 1515 48 62 1 0
1294 1221 48 65 1 0
1220 104 36 47 1 0
364 385 36 47 1 0
499 1312 48 65 1 0
2987 1000 48 65 1 0
2788 1876 50 53 1 0
2238 448 36 47 1 0
1699 1904 50 53 1 0
2261 1126 48 65 1 0
2536 1529 50 53 1 0
2005 1244 48 65 1 0
932 1467 50 53 1 0
2003 1295 48 65 1 0
543 881 48 65 1 0
1652 1463 50 53 1 0
2755 1385 48 65 1 0
1474 1466 50 53 1 0
1217 1279 48 65 1 0
1443 378 36 47 1 0
1452 415 36 47 1 0
1576 1087 48 65 1 0
100 1292 48 62 1 0
124 444 36 47 1 0
1569 1573 50 53 1 0
467 1449 50 53 1 0
2596 568 36 47 1 0
27 2048 50 53 1 0
2607 951 48 65 1 0
2140 1335 48 65 1 0
1494 1363 48 65 2 0
911 331 36 47 1 0
1046 1282 48 65 1 0
989 1221 48 65 1 0
449 1053 48 65 1 0
687 1217 48 65 1 0
2217 3 36 47 1 0
2905 365 36 47 1 0
774 1515 50 53 1 0
3094 245 36 47 1 0
1796 1714 50 53 1 0
1591 1485 50 53 1 0
1423 1015 48 65 1 0
2866 433 36 47 1 0
1284 1466 50 53 1 0
674 252 36 47 1 0
785 1088 48 65 1 0
1239 2044 50 53 1 0
646 873 48 65 1 0
2975 813 48 65 1 0
2084 1125 48 65 1 0
2679 1511 50 53 1 0
674 318 36 47 1 0
733 43 36 47 1 0
1881 129 36 47 1 0
2665 721 36 47 1 0
1797 1176 48 65 1 0
2802 1122 48 65 1 0
1658 519 36 47 1 0
1 1805 50 53 1 0
142 760 42 56 1 0
2188 530 36 47 1 0
246 718 36 47 1 0
1302 221 36 47 1 0
456 264 36 47 1 0
2081 1074 48 65 1 0
2296 323 36 47 1 0
775 317 36 47 1 0
283 961 48 65 1 0
2366 1047 48 65 1 0
439 1550 50 53 1 0
1759 1521 50 53 1 0
2648 134 36 47 1 0
44 1916 50 53 1 0
262 78 36 47 1 0
2479 953 48 65 1 0
1489 1983 50 53 1 0
686 887 48 65 1 0
1102 34 36 47 1 0
2191 676 36 47 1 0
1695 711 36 47 1 0
1051 1790 50 53 1 0
1365 884 48 65 1 0
2065 1006 48 65 1 0
2200 1001 48 65 1 0
2756 682 36 47 1 0
654 658 36 47 1 0
696 1177 48 65 1 0
2036 1491 50 53 1 0
1286 882 48 65 1 0
2273 801 36 47 1 0
1668 1370 48 65 1 0
2589 1006 48 65 1 0
1574 1693 50 53 1 0
514 1566 50 53 1 0
2993 183 36 47 1 0
2130 1698 50 53 1 0
2310 1958 50 53 1 0
886 1791 50 53 1 0
2845 797 36 47 1 0
297 42 36 47 1 0
850 1389 48 65 1 0
1714 237 36 47 1 0
346 617 36 47 1 0
2151 1531 50 53 1 0
1710 2061 50 53 1 0
1072 852 48 65 1 0
2836 1598 50 53 1 0
1412 98 36 47 1 0
2180 378 36 47 1 0
2167 980 48 65 1 0
1497 871 48 65 1 0
536 777 36 47 1 0
1322 789 36 47 1 0
1567 1967 50 53 2 0
718 168 36 47 1 0
2441 404 36 47 1 0
2591 1879 50 53 1 0
842 1618 50 53 1 0
346 1666 50 53 1 0
1743 165 36 47 1 0
614 455 36 47 1 0
2214 115 36 47 1 0
1959 630 36 47 1 0
2761 777 36 47 1 0
452 559 36 47 1 0
1568 212 36 47 2 0
2369 1546 50 53 1 0
1838 956 48 65 1 0
1133 915 48 65 1 0
1945 5 36 47 1 0
135 686 42 56 1 0
1627 4 36 47 1 0
1188 12 36 47 1 0
688 1736 50 53 1 0
2986 145 36 47 1 0
1280 1419 48 65 1 0
337 36 36 47 1 0
1126 348 36 47 1 0
917 1894 50 53 1 0
1738 1600 50 53 1 0
1205 1039 48 65 1 0
359 767 36 47 1 0
1969 893 48 65 1 0
2216 1691 50 53 1 0
955 829 48 65 1 0
1325 965 48 65 1 0
2989 83 36 47 1 0
1429 605 36 47 1 0
1307 1643 50 53 1 0
1044 778 36 47 1 0
2552 280 36 47 1 0
456 1896 50 53 1 0
493 1130 48 65 1 0
285 380 36 47 1 0
2247 1465 50 53 1 0
1551 1973 50 53 2 0
1145 592 36 47 1 0
1506 1211 48 65 1 0
2591 1375 48 65 1 0
842 1070 48 65 1 0
1358 1676 50 53 1 0
335 1819 50 53 1 0
837 1172 48 65 1 0
2797 27 36 47 1 0
377 940 48 65 1 0
2152 1959 50 53 1 0
1513 104 36 47 1 0
882 1324 48 65 1 0
830 1444 50 53 1 0
2440 562 36 47 1 0
1546 1267 48 65 1 0
1011 1668 50 53 1 0
362 1476 50 53 1 0
1163 1400 48 65 1 0
1861 1290 48 65 1 0
2020 804 36 47 1 0
153 1323 48 65 1 0
2652 173 36 47 1 0
2591 9 36 47 1 0
304 1321 48 65 1 0
2751 487 36 47 1 0
2008 941 48 65 1 0
166 834 48 65 1 0
2275 188 36 47 1 0
1819 318 36 47 1 0
2278 282 36 47 1 0
1813 1363 48 65 1 0
1963 244 36 47 1 0
83 1572 50 53 1 0
42 774 45 60 1 0
861 130 36 47 1 0
2749 225 36 47 1 0
572 1572 50 53 1 0
2052 162 36 47 1 0
2722 302 36 47 1 0
2017 1349 48 65 1 0
2009 724 36 47 1 0
581 538 36 47 1 0
2724 532 36 47 1 0
2033 542 36 47 1 0
1237 1648 50 53 1 0
2895 498 36 47 1 0
2514 543 36 47 1 0
121 912 48 65 1 0
3084 623 39 51 1 0
1867 1554 50 53 1 0
1251 1356 48 65 1 0
2831 282 36 47 1 0
1645 362 36 47 1 0
2452 2029 50 53 1 0
2121 2047 50 53 1 0
157 1069 48 65 1 0
847 920 48 65 1 0
572 1340 48 65 1 0
2081 610 36 47 1 0
2649 1031 48 65 1 0
3084 82 36 47 1 0
2227 694 36 47 1 0
614 304 36 47 1 0
2665 1562 50 53 1 0
2147 796 36 47 1 0
981 1283 48 65 1 0
2263 26 36 47 1 0
50 233 36 47 1 0
244 176 36 47 1 0
335 852 48 65 1 0
1082 538 36 47 1 0
3083 691 39 51 1 0
1343 523 36 47 1 0
332 1175 48 65 1 0
140 525 36 47 1 0
2997 1041 48 65 1 0
1575 213 36 47 2 0
1851 171 36 47 1 0
975 119 36 47 1 0
1093 1022 48 65 1 0
897 1277 48 65 1 0
509 944 48 65 1 0
913 552 36 47 1 0
1526 639 36 47 1 0
2149 280 36 47 1 0
385 41 36 47 1 0
2832 1448 50 53 1 0
2450 1292 48 65 1 0
270 1525 50 53 1 0
201 1283 48 65 1 0
1635 1154 48 65 2 0
2224 1373 48 65 1 0
985 1365 48 65 1 0
966 1765 50 53 1 0
687 1297 48 65 1 0
2088 1662 50 53 1 0
635 1480 50 53 1 0
1385 0 36 47 1 0
2838 1066 48 65 1 0
337 1027 48 65 1 0
3103 806 45 60 1 0
1852 1888 50 53 1 0
151 1656 50 53 1 0
676 1817 50 53 1 0
1690 279 36 47 1 0
2125 1586 50 53 1 0
1093 1368 48 65 1 0
1176 789 36 47 1 0
405 1407 48 65 1 0
1218 299 36 47 1 0
1727 580 36 47 1 0
1399 781 36 47 1 0
2308 1349 48 65 1 0
1443 1126 48 65 2 0
1800 852 48 65 1 0
666 1016 48 65 1 0
2031 225 36 47 1 0
2368 445 36 47 1 0
1135 1505 50 53 1 0
994 1132 48 65 1 0
1651 1137 48 65 2 0
2363 1666 50 53 1 0
838 788 36 47 1 0
425 792 36 47 1 0
1518 778 36 47 1 0
2205 1056 48 65 1 0
1319 1055 48 65 1 0
2186 202 36 47 1 0
752 1803 50 53 1 0
1337 16 36 47 1 0
764 1393 48 65 1 0
1811 1779 50 53 1 0
279 1204 48 65 1 0
2447 142 36 47 1 0
2651 593 36 47 1 0
1173 1572 50 53 1 0
203 1908 50 53 1 0
1095 943 48 65 1 0
1608 1039 48 65 1 0
2974 1230 48 65 1 0
542 396 36 47 1 0
957 219 36 47 1 0
1811 1441 48 65 1 0
100 836 45 60 1 0
2502 1088 48 65 1 0
605 1911 50 53 1 0
2864 92 36 47 1 0
2560 1162 48 65 1 0
1702 23 36 47 1 0
598 1184 48 65 1 0
1366 1302 48 65 1 0
1549 1828 50 53 1 0
1642 803 36 47 1 0
1279 771 36 47 1 0
2347 767 36 47 1 0
1683 874 48 65 1 0
1456 482 36 47 1 0
2296 1818 50 53 1 0
1088 2014 50 53 1 0
2877 1989 50 53 1 0
719 1508 50 53 1 0
105 1112 48 65 1 0
1953 2052 50 53 1 0
125 1055 48 65 1 0
2316 1256 48 65 1 0
1504 1338 48 65 2 0
414 851 48 65 1 0
215 1450 50 53 1 0
1351 2053 50 53 1 0
110 184 36 47 1 0
1915 677 36 47 1 0
871 717 36 47 1 0
1885 1138 48 65 1 0
654 1656 50 53 1 0
299 86 36 47 1 0
1786 668 36 47 1 0
1142 237 36 47 1 0
3010 731 36 47 1 0
1202 1105 48 65 1 0
1184 613 36 47 1 0
2680 838 48 65 1 0
2339 359 36 47 1 0
2853 920 48 65 1 0
1799 491 36 47 1 0
467 1 36 47 1 0
1221 1739 50 53 1 0
1533 3 36 47 1 0
858 67 36 47 1 0
2971 1169 48 65 1 0
2751 1262 48 65 1 0
278 288 36 47 1 0
505 669 36 47 1 0
1299 275 36 47 1 0
1851 1238 48 65 1 0
2073 506 36 47 1 0
2420 1643 50 53 1 0
2170 6 36 47 1 0
72 610 42 56 1 0
2445 191 36 47 1 0
1731 2197 50 53 1 0
928 391 36 47 1 0
1317 423 36 47 1 0
694 741 36 47 1 0
2847 986 48 65 1 0
1906 976 48 65 1 0
15 723 42 56 1 0
564 822 48 65 1 0
1024 442 36 47 1 0
510 1810 50 53 1 0
646 1614 50 53 1 0
1424 1233 48 65 1 0
2853 604 36 47 1 0
3095 450 36 47 1 0
1204 1230 48 65 1 0
82 195 36 47 1 0
2609 1612 50 53 1 0
238 1110 48 65 1 0
2521 438 36 47 1 0
2423 1393 48 65 1 0
2385 45 36 47 1 0
2136 1401 48 65 1 0
630 1332 48 65 1 0
1456 1686 50 53 1 0
162 1834 50 53 1 0
2860 250 36 47 1 0
947 535 36 47 1 0
1089 1835 50 53 1 0
1173 1891 50 53 1 0
30 991 48 65 1 0
780 526 36 47 1 0
163 181 36 47 1 0
1972 1233 48 65 1 0
475 1729 50 53 1 0
1818 1067 48 65 1 0
1627 167 36 47 1 0
2321 926 48 65 1 0
2267 1537 50 53 1 0
1138 1180 48 65 1 0
2016 1720 50 53 1 0
833 1976 50 53 1 0
2382 713 36 47 1 0
594 232 36 47 1 0
2788 169 36 47 1 0
1917 1065 48 65 1 0
2687 1439 48 65 1 0
1323 1941 50 53 1 0
270 329 36 47 1 0
762 695 36 47 1 0
