998 256 17 21 1 0
388 229 9 11 1 0
205 246 13 17 1 0
659 311 22 25 1 0
495 218 5 5 1 1
867 297 29 37 1 0
701 275 29 37 1 0
341 242 11 13 1 0
304 251 13 17 1 0
521 219 5 5 1 1
842 259 17 16 1 0
431 237 11 13 1 0
594 231 5 5 1 0
489 227 5 5 1 0
1037 255 17 21 1 0
531 248 13 17 1 0
617 224 5 5 1 1
790 242 17 16 1 0
717 218 5 5 1 1
717 386 57 63 1 0
685 223 5 5 1 1
551 230 5 5 1 0
903 258 17 16 1 0
25 237 14 17 1 0
499 245 13 17 1 0
68 468 62 66 1 0
665 234 9 9 1 0
961 281 29 37 1 0
773 464 57 63 1 0
953 323 29 37 1 0
729 274 29 37 1 0
370 224 9 11 1 1
771 277 29 37 1 0
565 294 22 25 1 0
830 283 29 37 2 0
826 273 29 37 2 0
1120 248 17 21 1 0
1058 260 17 21 1 0
723 212 5 5 1 1
275 249 13 17 1 0
984 269 29 37 1 0
539 227 5 5 1 0
628 218 5 5 1 1
410 219 9 11 1 1
503 222 5 5 1 1
3 323 14 27 1 0
636 219 5 5 1 1
361 240 11 13 1 0
247 590 79 98 1 0
398 487 79 98 1 0
316 236 13 17 1 0
470 222 5 5 1 1
230 246 13 17 1 0
464 238 11 13 1 0
668 247 13 17 1 0
728 250 17 16 1 0
671 219 5 5 1 1
645 224 5 5 1 1
589 256 13 17 1 0
559 254 13 17 1 0
744 251 17 16 1 0
1117 378 73 74 1 0
1105 242 17 21 1 0
751 278 29 37 1 0
797 270 29 37 1 0
390 241 11 13 1 0
987 251 17 21 1 0
677 290 22 25 1 0
765 253 17 16 1 0
264 228 8 10 1 0
808 238 17 16 1 0
412 230 9 11 1 0
689 218 5 5 1 1
1105 268 17 21 1 0
174 375 62 66 1 0
1021 239 17 21 1 0
717 226 17 16 1 0
570 228 5 5 1 0
653 249 13 17 1 0
684 249 17 16 1 0
