1971 1413 82 91 1 1
143 1201 52 48 1 1
1160 1684 112 153 1 0
2999 1516 139 185 1 1
13 1520 82 100 1 0
3606 1731 139 185 1 0
1853 1461 44 44 1 1
3056 1737 139 185 1 0
1826 1873 331 380 1 0
344 1221 52 48 1 1
2079 1510 95 107 1 1
3737 1905 139 185 1 0
142 2034 129 181 1 0
2264 1534 95 107 1 0
3835 1604 139 185 1 0
2676 2304 525 587 1 0
1974 1552 95 107 1 1
3209 1614 139 185 1 1
279 1280 52 48 1 1
3828 2564 525 587 1 0
88 1393 49 59 1 0
556 1669 244 359 1 0
1541 1524 162 198 1 0
2039 1672 95 107 1 0
981 1515 112 153 1 0
163 1584 112 153 1 0
1359 2023 525 587 1 0
2855 1640 139 185 1 1
2026 1485 44 44 1 1
664 1295 52 48 1 1
2550 1639 139 185 1 0
485 2131 525 587 1 0
1097 1440 112 153 1 0
227 1199 52 48 1 1
257 1471 112 153 1 0
3467 1594 139 185 1 0
3172 1696 139 185 1 1
2630 1727 139 185 1 0
516 1240 52 48 1 1
