2414 2853 26 37 1 0
24 1792 17 18 1 0
871 2389 29 29 1 0
915 2442 29 29 1 0
240 1973 28 24 1 0
2367 2859 26 37 1 0
2578 1325 6 9 1 0
5090 2410 29 36 1 0
3176 3206 68 90 1 0
5303 2414 29 36 1 0
28 1744 17 18 1 0
91 1752 17 18 1 0
2508 3158 68 90 1 0
2216 2793 26 37 1 0
108 2162 28 24 1 0
290 2224 28 24 1 0
744 2259 28 24 1 0
205 2023 28 24 1 0
5274 2187 19 25 1 0
5499 2151 19 25 1 0
3928 2746 35 31 1 0
46 1817 17 18 1 0
1873 2447 22 26 1 0
5412 3074 29 34 1 0
5497 2026 19 25 1 0
4428 3165 35 37 1 0
705 2529 29 29 1 0
5274 1515 8 8 1 0
2881 3165 68 90 1 0
4260 2740 35 37 1 0
423 1991 28 24 1 0
621 2189 28 24 1 0
530 2351 28 24 1 0
4785 3153 32 35 1 0
13 1740 17 18 1 0
1258 2713 26 37 1 0
3741 2747 35 29 1 0
170 1768 17 18 1 0
5458 2093 19 25 1 0
4802 2663 30 33 1 0
706 2399 29 29 1 0
98 1761 17 18 1 0
2 2682 33 32 1 0
5162 2308 19 25 1 0
4440 2772 35 37 1 0
5731 1993 19 25 1 0
34 2064 28 24 1 0
339 1968 28 24 1 0
2124 2828 26 37 1 0
2588 2863 26 37 1 0
5235 2342 19 25 1 0
554 2370 28 26 1 0
126 2045 28 24 1 0
4641 2603 30 33 1 0
5215 2243 19 25 1 0
3191 1331 6 9 1 0
765 2566 29 29 1 0
4911 2475 30 33 1 0
424 2337 28 24 1 0
365 2068 28 24 1 0
3869 2813 35 29 1 0
2049 2814 26 37 1 0
2323 2745 26 37 1 0
4519 2785 35 37 1 0
3330 2805 35 29 1 0
4939 2571 30 33 1 0
2254 2863 26 37 1 0
1698 1450 6 9 1 0
10 1727 17 18 1 0
1287 3055 60 83 1 0
4276 3157 35 37 1 0
474 2109 28 24 1 0
4384 2724 35 37 1 0
364 2133 28 24 1 0
5483 2311 19 25 1 0
3815 1835 13 11 1 0
560 2277 28 24 1 0
4611 2613 30 33 1 0
151 1839 17 18 1 0
2513 1322 6 9 1 0
1524 2728 26 37 1 0
5320 2293 19 25 1 0
224 2142 28 24 1 0
5228 2454 29 36 1 0
5651 2285 19 25 1 0
4353 3125 35 37 1 0
162 2424 28 24 1 0
5717 1872 19 25 1 0
1361 2680 26 37 1 0
623 2214 28 24 1 0
40 1731 17 18 1 0
555 1421 6 6 1 0
5428 2273 19 25 1 0
2290 1387 6 9 1 0
5681 2197 19 25 1 0
309 1973 25 22 1 0
354 1997 28 24 1 0
2974 3224 68 90 1 0
702 2505 29 29 1 0
1569 2757 26 37 1 0
1476 2785 26 37 1 0
5495 2056 19 25 1 0
308 2134 28 24 1 0
3102 2840 43 48 1 0
54 1949 17 18 1 0
381 2480 28 24 1 0
4758 2601 30 33 1 0
3611 2778 35 29 1 0
884 2612 29 29 1 0
182 1771 17 18 1 0
5541 2475 29 36 1 0
131 1769 17 18 1 0
1079 2699 29 29 1 0
5285 2458 29 36 1 0
3240 1327 6 9 1 0
5290 2293 19 25 1 0
588 2277 28 24 1 0
158 1775 17 18 1 0
50 1746 17 18 1 0
5412 2196 19 25 1 0
5411 2322 19 25 1 0
224 1836 17 18 1 0
483 2364 28 24 1 0
5695 2467 29 36 1 0
4232 3217 35 37 1 0
709 2312 28 24 1 0
4836 2609 30 33 1 0
3362 1645 13 11 1 0
240 1985 25 22 1 0
3383 1376 6 9 1 0
5096 2506 29 36 1 0
2584 2824 26 37 1 0
1957 2813 26 37 1 0
5252 1507 8 8 1 0
5716 1857 19 25 1 0
176 2018 28 24 1 0
441 2250 28 24 1 0
1414 3088 60 83 1 0
3219 1328 6 9 1 0
411 2362 28 24 1 0
1057 2500 29 29 1 0
1538 1559 13 11 1 0
5665 2170 19 25 1 0
4593 1385 8 8 1 0
1470 2749 26 37 1 0
2561 3139 68 90 1 0
381 2018 28 24 1 0
1596 3103 60 83 1 0
3701 2097 13 11 1 0
110 2003 28 24 1 0
3591 2852 35 29 1 0
3167 1627 13 11 1 0
3699 2828 35 29 1 0
1389 2744 26 37 1 0
5013 3657 170 230 1 0
2310 3172 68 90 1 0
5376 1890 19 25 1 0
1004 2549 29 29 1 0
3465 2890 35 29 1 0
5443 2097 19 25 1 0
5371 2225 19 25 1 0
2512 1382 6 9 1 0
1047 2547 29 29 1 0
1507 3090 60 83 1 0
5690 2148 19 25 1 0
645 2529 29 29 1 0
209 1934 17 18 1 0
4959 2632 30 33 1 0
724 2406 29 29 1 0
1709 1806 13 11 1 0
3600 2815 35 29 1 0
5735 1961 19 25 1 0
165 2127 28 24 1 0
5554 2022 19 25 1 0
5591 2077 19 25 1 0
4455 2744 35 37 1 0
5750 1878 19 25 1 0
338 2990 79 106 1 0
686 3014 79 106 1 0
5001 2421 29 35 1 0
913 2404 29 29 1 0
4163 2780 35 37 1 0
2738 3126 68 90 1 0
64 1745 17 18 1 0
602 2412 28 26 1 0
186 2285 28 24 1 0
2856 3153 68 90 1 0
1351 1975 22 26 1 0
2709 2809 26 37 1 0
622 2373 29 29 1 0
2415 1343 6 9 1 0
1724 1429 6 9 1 0
978 2599 29 29 1 0
466 2187 28 24 1 0
340 2138 28 24 1 0
5667 2304 19 25 1 0
1879 2818 26 37 1 0
958 2548 29 29 1 0
1039 2618 29 29 1 0
4382 3149 35 37 1 0
5116 2452 29 36 1 0
1186 2694 29 29 1 0
3360 1380 6 9 1 0
115 2018 28 24 1 0
5456 2239 19 25 1 0
1766 1333 6 9 1 0
831 2600 29 29 1 0
5264 2211 19 25 1 0
1721 2718 26 37 1 0
5189 2690 29 35 1 0
66 2813 50 56 1 0
677 2352 28 24 1 0
5167 2404 29 36 1 0
5534 2041 19 25 1 0
1284 2607 26 37 1 0
135 1949 17 18 1 0
5413 2474 29 36 1 0
5669 2733 29 36 1 0
101 1937 17 18 1 0
3118 2854 43 48 1 0
5196 2494 29 36 1 0
4982 2457 29 35 1 0
5506 2488 29 36 1 0
5756 2441 24 30 1 0
5747 1909 19 25 1 0
417 2145 28 24 1 0
2395 1346 6 9 1 0
722 2372 29 29 1 0
5626 2178 19 25 1 0
4106 3262 129 170 1 0
323 1989 28 24 1 0
2619 2823 26 37 1 0
5652 2063 19 25 1 0
5286 2589 29 35 1 0
545 2487 28 27 1 0
2159 2790 26 37 1 0
361 2092 28 24 1 0
1820 1390 6 9 1 0
5239 2428 29 36 1 0
436 1432 6 6 1 0
321 2252 28 24 1 0
52 1740 17 18 1 0
4624 2650 30 33 1 0
5757 1849 19 25 1 0
2676 2877 26 37 1 0
153 2229 28 24 1 0
87 1746 17 18 1 0
488 2068 28 24 1 0
5158 2539 30 33 1 0
3006 2297 18 20 1 0
1447 3164 60 83 1 0
2798 1693 13 11 1 0
5647 2010 19 25 1 0
361 1879 17 18 1 0
3286 2828 35 29 1 0
13 1759 17 18 1 0
4609 3169 35 37 1 0
464 1861 17 18 1 0
5546 2089 19 25 1 0
5655 2419 29 36 1 0
347 2164 28 24 1 0
3414 3190 68 90 1 0
5590 2191 19 25 1 0
5308 2385 29 36 1 0
1596 2720 26 37 1 0
1673 2698 26 37 1 0
5707 2020 19 25 1 0
941 2592 29 29 1 0
3468 3214 68 90 1 0
891 2360 28 24 1 0
2503 2808 26 37 1 0
131 2028 28 24 1 0
5615 2125 19 25 1 0
5349 2229 19 25 1 0
5210 3116 64 83 1 0
1243 2617 26 37 1 0
5580 1462 8 8 1 0
3217 2807 35 29 1 0
3667 2807 35 29 1 0
744 2422 29 29 1 0
2048 2767 26 37 1 0
5533 2197 19 25 1 0
477 2275 28 24 1 0
3506 2871 35 29 1 0
3200 2904 43 48 1 0
4983 2546 30 33 1 0
1152 3052 60 83 1 0
3322 1311 6 9 1 0
241 2047 28 24 1 0
225 1867 17 18 1 0
3975 2727 35 33 1 0
131 2258 28 24 1 0
3386 2817 35 29 1 0
2433 2807 26 37 1 0
219 2362 28 24 1 0
2954 1924 13 11 1 0
669 2274 28 24 1 0
5748 1844 19 25 1 0
2124 2757 26 37 1 0
5723 2174 19 25 1 0
16 1927 17 18 1 0
4236 2028 13 11 1 0
5721 1907 19 25 1 0
744 2516 29 29 1 0
5385 2205 19 25 1 0
438 2154 28 24 1 0
5610 2036 19 25 1 0
5709 2520 29 36 1 0
5392 2436 29 36 1 0
5444 2372 29 36 1 0
3291 3112 68 90 1 0
640 1975 25 22 1 0
5121 2360 26 33 1 0
3492 2812 35 29 1 0
393 2217 28 24 1 0
2163 2854 26 37 1 0
3690 2788 35 29 1 0
5586 1960 19 25 1 0
3870 2846 35 29 1 0
5371 2335 19 25 1 0
548 2175 28 24 1 0
5425 2100 19 25 1 0
5748 2399 24 30 1 0
145 1773 17 18 1 0
4792 2597 30 33 1 0
4835 3105 31 34 1 0
888 2569 29 29 1 0
5496 1935 19 25 1 0
3578 3177 68 90 1 0
254 2115 28 24 1 0
3254 1334 6 9 1 0
5099 3101 30 33 1 0
4340 2760 35 37 1 0
1899 3154 43 65 1 0
5446 2496 29 36 1 0
271 2098 28 24 1 0
423 2239 28 24 1 0
3210 1516 13 11 1 0
5440 2427 29 36 1 0
3128 3221 68 90 1 0
5479 2182 19 25 1 0
4246 2780 35 37 1 0
1096 2593 29 29 1 0
2431 1344 6 9 1 0
5292 2485 29 36 1 0
5542 2267 19 25 1 0
2632 3106 68 90 1 0
5402 2296 19 25 1 0
3978 3198 43 46 1 0
1295 3117 60 83 1 0
366 1435 6 6 1 0
651 2381 29 29 1 0
5068 2373 29 36 1 0
5128 2343 19 25 1 0
50 2784 50 56 1 0
5134 2324 19 25 1 0
53 1758 17 18 1 0
870 3062 79 106 1 0
2073 2843 26 37 1 0
5509 2121 19 25 1 0
104 1772 17 18 1 0
5729 1850 19 25 1 0
1714 2894 77 109 1 0
5560 2234 19 25 1 0
3632 2846 35 29 1 0
4048 2732 35 35 1 0
1673 2730 26 37 1 0
5637 1873 19 25 1 0
785 2190 28 24 1 0
1084 3082 60 83 1 0
538 1420 6 6 1 0
690 2260 28 24 1 0
5730 2226 19 25 1 0
4320 1901 13 11 1 0
4633 1451 8 8 1 0
2244 2782 26 37 1 0
282 1893 17 18 1 0
1131 2562 29 29 1 0
3415 2855 35 29 1 0
2089 1817 13 11 1 0
1012 2518 29 29 1 0
185 2004 28 24 1 0
2743 2249 18 20 1 0
851 2574 29 29 1 0
2323 2842 26 37 1 0
119 1790 17 18 1 0
5345 2556 29 36 1 0
410 2063 28 24 1 0
269 2214 28 24 1 0
5268 2234 19 25 1 0
2189 1327 6 9 1 0
383 2064 28 24 1 0
339 2032 28 24 1 0
3870 1551 13 11 1 0
4705 2629 30 33 1 0
5464 2378 29 36 1 0
522 2234 28 24 1 0
5395 2121 19 25 1 0
2063 1428 6 9 1 0
5608 2258 19 25 1 0
412 2129 28 24 1 0
4356 2814 35 37 1 0
3491 2790 35 29 1 0
65 1993 28 24 1 0
5248 2236 19 25 1 0
5470 2412 29 36 1 0
1613 2677 26 37 1 0
3408 2802 35 29 1 0
545 2272 28 24 1 0
5389 1883 19 25 1 0
5532 2178 19 25 1 0
4872 2583 30 33 1 0
5117 2579 30 33 1 0
5109 2424 29 36 1 0
5423 2395 29 36 1 0
788 2584 29 29 1 0
617 2491 29 29 1 0
1399 2702 26 37 1 0
