732 28 10 12 1 1
873 80 10 12 1 1
802 20 10 12 1 1
916 78 10 12 1 1
624 35 10 12 1 1
220 90 42 55 1 0
756 200 54 56 1 0
770 43 10 12 1 1
893 30 10 12 1 1
612 69 10 12 1 1
831 98 9 10 1 1
411 78 42 55 1 0
826 112 9 10 1 1
11 102 6 8 1 1
158 299 40 58 1 0
622 257 43 48 1 0
736 101 10 12 1 0
55 101 6 8 1 1
882 104 9 10 1 1
830 19 10 12 1 1
619 51 10 12 1 1
863 141 9 10 1 1
952 194 12 15 1 1
481 210 54 56 1 0
916 118 9 10 1 1
156 122 42 55 1 0
313 66 42 55 1 0
648 120 35 48 1 0
705 116 35 48 1 0
560 81 10 12 1 0
843 117 9 10 1 1
884 76 10 12 1 1
857 100 9 10 1 1
764 27 10 12 1 1
876 88 10 12 1 1
880 207 12 15 1 1
936 135 9 10 1 1
815 117 9 10 1 1
38 101 6 8 1 1
947 97 9 10 1 1
782 21 10 12 1 1
823 34 10 12 1 1
687 42 10 12 1 1
667 55 10 12 1 1
71 93 6 8 1 1
320 196 54 56 1 0
876 119 9 10 1 1
928 24 10 12 1 1
916 300 40 58 1 0
491 74 42 55 1 0
755 37 10 12 1 1
247 312 40 58 1 0
25 100 6 8 1 1
652 57 10 12 1 1
572 119 35 48 1 0
905 107 9 10 1 1
665 30 10 12 1 1
710 30 10 12 1 1
845 84 10 12 1 1
843 155 9 10 1 1
793 292 40 58 1 0
530 201 54 56 1 0
829 86 10 12 1 1
941 53 10 12 1 1
903 19 10 12 1 1
863 20 10 12 1 1
853 85 10 12 1 1
685 27 10 12 1 1
662 198 54 56 1 0
59 66 6 8 1 1
337 279 40 58 1 0
916 25 10 12 1 1
620 319 40 58 1 0
239 186 54 56 1 0
902 72 10 12 1 1
405 222 54 56 1 0
