221 186 13 17 1 0
333 180 13 17 1 0
459 31 12 12 1 0
42 206 13 17 1 0
392 52 12 12 1 0
320 33 12 12 1 0
348 171 13 17 1 0
622 7 8 8 1 0
403 26 12 12 1 0
281 370 36 51 1 1
19 207 13 17 1 0
496 104 13 17 1 0
604 177 16 20 1 0
496 125 13 17 1 0
498 35 12 12 1 0
605 187 16 20 1 0
544 168 16 20 1 0
413 173 16 20 1 0
319 182 13 17 1 0
511 40 12 12 1 0
444 139 13 17 1 0
266 187 13 17 1 0
295 29 12 12 1 0
447 20 12 12 1 0
382 26 12 12 1 0
444 160 16 20 1 0
329 32 12 12 1 0
115 356 72 76 1 1
470 31 12 12 1 0
513 162 16 20 1 0
568 26 12 12 1 0
478 77 13 17 1 0
538 44 12 12 1 0
518 153 16 20 1 0
176 4 8 8 1 0
185 199 13 17 1 0
360 203 13 17 1 0
72 204 13 17 1 0
274 188 13 17 1 0
579 286 36 51 1 0
526 32 12 12 1 0
273 31 12 12 1 0
199 14 10 10 1 0
251 16 12 12 1 0
4 211 8 10 1 0
118 190 13 17 1 0
554 190 16 20 1 0
212 18 12 12 1 0
464 176 16 20 1 0
554 166 16 20 1 0
485 64 12 12 1 0
592 164 16 20 1 0
501 165 16 20 1 0
380 8 8 8 1 0
265 23 12 12 1 0
479 29 12 12 1 0
301 37 12 12 1 0
370 179 16 20 1 0
236 185 13 17 1 0
551 27 12 12 1 0
147 195 13 17 1 0
217 199 13 17 1 0
445 324 36 51 1 0
405 188 16 20 1 0
241 21 12 12 1 0
186 206 13 17 1 0
250 191 13 17 1 0
590 19 12 12 1 0
57 208 13 17 1 0
265 29 12 12 1 0
231 22 12 12 1 0
416 18 12 12 1 0
43 334 72 76 1 1
411 127 13 17 1 0
205 179 13 17 1 0
571 183 16 20 1 0
163 4 8 8 1 0
300 169 13 17 1 0
570 36 12 12 1 0
168 201 13 17 1 0
92 200 13 17 1 0
420 101 13 17 1 0
557 38 12 12 1 0
283 29 12 12 1 0
423 170 16 20 1 0
437 20 12 12 1 0
133 203 13 17 1 0
