228 122 45 40 1 0
55 205 41 43 1 0
543 221 41 43 1 0
75 105 45 40 1 0
100 313 38 47 1 0
396 372 38 47 1 0
268 112 45 40 1 0
42 36 45 40 1 0
18 374 38 47 1 0
356 141 41 43 1 0
81 81 45 40 1 0
336 45 45 40 1 0
71 285 38 47 1 0
175 110 45 40 1 0
292 204 41 43 1 0
159 157 41 43 1 0
466 94 45 40 1 0
20 105 45 40 1 0
126 75 45 40 1 0
355 301 38 47 1 0
109 115 45 40 1 0
583 257 39 45 1 0
43 316 38 47 1 0
366 263 38 47 1 0
257 350 38 47 1 0
416 249 38 47 1 0
307 355 38 47 1 0
487 266 38 47 1 0
161 366 38 47 1 0
564 60 45 40 1 0
134 389 38 47 1 0
452 292 38 47 1 0
386 155 41 43 1 0
556 129 45 40 1 0
201 129 45 40 1 0
535 162 41 43 1 0
548 385 38 47 1 0
4 333 38 47 1 0
184 305 38 47 1 0
475 190 41 43 1 0
429 36 45 40 1 0
176 190 41 43 1 0
592 343 38 47 1 0
80 149 41 43 1 0
585 33 44 40 1 0
340 220 41 43 1 0
443 161 41 43 1 0
540 278 38 47 1 0
536 342 38 47 1 0
116 202 41 43 3 0
116 344 38 47 1 0
392 11 45 40 1 0
55 352 38 47 1 0
489 374 38 47 1 0
134 196 41 43 3 0
345 95 45 40 1 0
486 40 45 40 1 0
