2178 2012 68 74 1 0
2271 498 33 45 1 0
616 737 46 65 1 0
975 1905 68 74 1 0
1019 1836 65 73 1 0
1331 102 33 45 1 0
655 955 46 65 1 0
559 2402 68 74 1 0
1195 2001 68 74 1 0
3445 863 46 65 1 0
2441 811 46 65 1 0
2927 227 33 45 1 0
2526 208 33 45 1 0
2165 2116 68 74 1 0
158 1450 58 70 1 0
1087 566 46 65 1 0
239 2430 68 74 1 0
1257 103 33 45 1 0
490 2222 68 74 1 0
2707 1185 58 70 1 0
3297 2230 68 74 1 0
1781 9 33 45 1 0
2635 2282 68 74 2 0
660 518 33 45 1 0
1063 2185 68 74 1 0
1512 2386 68 74 1 0
2173 2197 68 74 1 0
2565 639 46 65 2 0
2809 793 46 65 1 0
1245 850 46 65 2 0
201 481 33 45 1 0
3420 1179 58 70 1 0
978 1014 46 65 2 0
802 2192 68 74 1 0
1665 4 33 45 1 0
282 1311 58 70 1 0
3356 1186 58 70 1 0
668 882 46 65 1 0
619 1629 58 70 1 0
1453 897 46 65 1 0
3741 1320 58 70 2 0
12 1282 58 70 1 0
2597 643 46 65 2 0
3210 814 46 65 1 0
3651 1242 58 70 1 0
2356 2050 68 74 1 0
363 808 46 65 1 0
1226 550 46 65 1 0
907 2256 68 74 1 0
2737 571 46 65 2 0
812 1868 68 74 2 0
1989 119 33 45 1 0
2511 2170 68 74 1 0
333 1094 46 65 2 0
3065 2057 68 74 2 0
2937 14 33 45 1 0
2663 476 33 45 1 0
3236 1100 58 70 1 0
175 182 33 45 1 0
24 2174 68 74 1 0
740 218 33 45 1 0
2614 396 33 45 1 0
3048 381 33 45 1 0
781 1075 46 65 1 0
1841 544 46 65 1 0
90 592 39 55 1 0
2103 575 46 65 1 0
2007 752 46 65 1 0
140 2274 68 74 1 0
1995 2389 68 74 1 0
1096 885 46 65 1 0
1820 794 46 65 1 0
1916 238 33 45 1 0
127 1746 58 70 1 0
3200 2086 68 74 1 0
3646 1292 58 70 1 0
1105 2218 68 74 1 0
837 1118 58 70 1 0
1869 22 33 45 1 0
501 756 46 65 1 0
3600 1174 58 70 2 0
1351 964 46 65 1 0
3191 903 46 65 1 0
522 933 46 65 1 0
281 1890 68 74 1 0
1911 796 46 65 1 0
452 1428 58 70 2 0
1674 2468 68 74 1 0
1946 756 46 65 1 0
921 15 33 45 1 0
3113 737 46 65 1 0
8 71 33 45 1 0
62 868 46 65 1 0
2671 229 33 45 1 0
3679 1329 58 70 1 0
2266 1964 68 74 2 0
2304 2245 68 74 1 0
3516 1115 58 70 1 0
2597 957 46 65 2 0
3748 1318 58 70 2 0
3072 896 46 65 1 0
655 1591 58 70 1 0
2496 124 33 45 1 0
121 2017 68 74 1 0
2810 2281 68 74 1 0
2025 431 33 45 1 0
457 1406 58 70 2 0
607 2270 68 74 1 0
1303 408 33 45 1 0
471 1882 68 74 1 0
217 1871 68 74 1 0
53 1206 58 70 1 0
3747 728 46 65 1 0
1699 266 33 45 1 0
2752 782 46 65 1 0
2090 2414 68 74 1 0
1588 492 33 45 1 0
2284 1128 58 70 1 0
3323 1082 46 65 1 0
95 1150 58 70 2 0
3706 178 33 45 1 0
1533 20 33 45 1 0
3602 2254 68 74 1 0
3469 1336 58 70 2 0
1504 899 46 65 1 0
873 2418 68 74 1 0
2665 702 46 65 1 0
2005 694 46 65 1 0
496 1420 58 70 1 0
675 802 46 65 1 0
238 1616 58 70 1 0
1369 508 33 45 1 0
3566 2432 68 74 1 0
2481 2122 68 74 1 0
3408 857 46 65 1 0
3435 2305 68 74 1 0
302 446 33 45 1 0
2950 2252 68 74 1 0
2997 1203 58 70 1 0
490 1988 68 74 1 0
3463 291 33 45 1 0
2182 549 46 65 1 0
956 564 46 65 1 0
322 1243 58 70 1 0
1630 775 46 65 1 0
1737 643 46 65 1 0
961 1670 58 70 1 0
2358 2384 68 74 1 0
1868 355 33 45 1 0
794 2245 68 74 1 0
2146 2271 68 74 1 0
2966 2184 68 74 1 0
2459 843 46 65 1 0
3703 834 46 65 1 0
1176 925 46 65 1 0
2591 2021 68 74 1 0
3346 2159 68 74 1 0
3620 1951 68 74 2 0
3041 31 33 45 1 0
3561 725 46 65 1 0
2131 357 33 45 1 0
820 475 33 45 1 0
1160 724 46 65 1 0
3127 19 33 45 1 0
956 890 46 65 1 0
3083 1159 58 70 1 0
3163 781 46 65 1 0
3621 1120 58 70 1 0
933 360 33 45 1 0
2780 791 46 65 1 0
2659 532 33 45 2 0
590 1560 58 70 2 0
903 2464 68 74 1 0
583 1265 58 70 1 0
1682 2014 68 74 1 0
1500 409 33 45 1 0
3237 206 33 45 1 0
1510 305 33 45 1 0
120 1814 63 72 1 0
645 2028 68 74 1 0
598 1593 58 70 2 0
1586 723 46 65 1 0
1095 791 46 65 1 0
296 185 33 45 1 0
3261 2019 68 74 1 0
3504 1971 68 74 2 0
927 1936 68 74 1 0
1824 1999 68 74 1 0
258 1420 58 70 2 0
1981 727 46 65 1 0
1703 774 46 65 1 0
2715 2420 68 74 1 0
2763 2140 68 74 1 0
1119 1881 68 74 1 0
1268 780 46 65 1 0
503 886 46 65 1 0
1760 1894 68 74 1 0
730 2131 68 74 1 0
3735 1226 58 70 1 0
337 787 46 65 1 0
1399 244 33 45 1 0
1511 1945 68 74 2 0
2847 887 46 65 1 0
3370 1279 58 70 1 0
570 1053 46 65 1 0
1622 2087 68 74 1 0
3627 218 33 45 1 0
2132 528 33 45 1 0
536 868 46 65 1 0
1155 1193 58 70 1 0
485 992 46 65 1 0
62 672 46 65 1 0
1863 452 33 45 1 0
120 1137 58 70 2 0
2438 895 46 65 1 0
2238 293 33 45 1 0
975 1050 46 65 2 0
874 469 33 45 1 0
916 2154 68 74 1 0
3096 705 46 65 1 0
3041 570 46 65 1 0
1579 286 33 45 1 0
1768 158 33 45 1 0
2711 369 33 45 1 0
3278 672 46 65 1 0
466 1102 58 70 2 0
610 670 46 65 1 0
1976 2201 68 74 1 0
2080 2294 68 74 1 0
2194 2389 68 74 1 0
1639 702 46 65 1 0
2059 54 33 45 1 0
53 1546 58 70 1 0
757 1666 58 70 2 0
142 1490 58 70 1 0
12 1870 65 73 1 0
225 1013 46 65 2 0
2258 237 33 45 1 0
356 1802 65 73 1 0
1959 2146 68 74 1 0
236 1506 58 70 2 0
982 2409 68 74 1 0
1383 723 46 65 1 0
1214 1834 65 73 2 0
2689 872 46 65 1 0
479 2315 68 74 1 0
3060 1081 46 65 1 0
267 1215 58 70 1 0
3075 1984 68 74 1 0
854 2136 68 74 1 0
2379 2100 68 74 1 0
782 985 46 65 2 0
1018 952 46 65 2 0
1428 808 46 65 1 0
3704 1018 52 67 1 0
715 1198 58 70 1 0
3152 964 46 65 1 0
1963 2482 68 74 1 0
1069 1766 58 70 1 0
802 1691 58 70 1 0
1882 700 46 65 1 0
1380 304 33 45 1 0
3528 986 46 65 1 0
694 13 33 45 1 0
465 520 33 45 1 0
2674 809 46 65 1 0
2616 777 46 65 2 0
3362 650 46 65 1 0
1155 2202 68 74 1 0
2050 617 46 65 2 0
3140 556 46 65 1 0
3174 659 46 65 1 0
1486 13 33 45 1 0
391 2060 68 74 1 0
320 953 46 65 1 0
278 1057 46 65 1 0
166 28 33 45 1 0
309 1654 58 70 1 0
482 1033 46 65 1 0
2278 452 33 45 1 0
431 1639 58 70 1 0
1274 2218 68 74 1 0
316 1319 58 70 2 0
247 672 46 65 1 0
478 1810 65 73 1 0
2780 652 46 65 1 0
1240 817 46 65 2 0
682 844 46 65 1 0
2208 135 33 45 1 0
2000 631 46 65 1 0
544 1655 58 70 1 0
63 1055 52 67 1 0
844 119 33 45 1 0
595 1016 46 65 1 0
14 643 42 60 1 0
3720 1091 52 67 1 0
830 1032 46 65 1 0
2560 1000 46 65 1 0
1095 2304 68 74 1 0
1360 2050 68 74 1 0
2936 594 46 65 1 0
2593 2380 68 74 1 0
2810 1143 58 70 1 0
2181 414 33 45 1 0
2614 453 33 45 1 0
13 1674 58 70 1 0
1554 814 46 65 1 0
2933 1155 58 70 1 0
607 905 46 65 1 0
3615 1050 46 65 1 0
1267 870 46 65 1 0
1731 786 46 65 1 0
1695 8 33 45 1 0
3218 1285 58 70 1 0
3373 992 46 65 2 0
2486 1014 46 65 1 0
2927 1111 58 70 1 0
1039 943 46 65 2 0
1118 124 33 45 1 0
26 730 46 65 1 0
3466 1200 58 70 1 0
202 1293 58 70 1 0
577 2160 68 74 1 0
1240 2076 68 74 1 0
390 1149 58 70 1 0
2003 239 33 45 1 0
1770 842 46 65 1 0
1075 1002 46 65 1 0
1886 166 33 45 1 0
2040 536 33 45 1 0
2505 1932 68 74 1 0
20 2458 68 74 1 0
3139 1298 58 70 1 0
153 715 46 65 1 0
3588 1430 58 70 1 0
996 1788 58 70 1 0
2458 2040 68 74 1 0
635 1198 58 70 1 0
3371 439 33 45 1 0
2404 1982 68 74 1 0
14 1022 49 66 1 0
3303 918 46 65 1 0
2969 1077 46 65 1 0
2470 552 46 65 1 0
2810 2425 68 74 1 0
3730 273 33 45 1 0
943 57 33 45 1 0
2806 408 33 45 1 0
440 2256 68 74 1 0
2682 191 33 45 1 0
2646 2156 68 74 1 0
185 944 46 65 1 0
1627 2217 68 74 1 0
679 1760 58 70 1 0
3186 1137 58 70 1 0
1477 661 46 65 1 0
2584 1052 46 65 1 0
371 1070 46 65 1 0
482 1195 58 70 1 0
3219 1071 46 65 1 0
2236 1958 68 74 2 0
1820 2191 68 74 1 0
864 877 46 65 1 0
333 1620 58 70 1 0
747 909 46 65 1 0
2846 988 46 65 2 0
938 820 46 65 2 0
1524 857 46 65 1 0
5 241 33 45 1 0
3334 1987 68 74 1 0
171 1047 46 65 2 0
1957 572 46 65 1 0
2682 1089 46 65 1 0
2571 891 46 65 2 0
3388 722 46 65 1 0
235 1542 58 70 2 0
3140 796 46 65 1 0
471 435 33 45 1 0
2801 1969 68 74 1 0
3092 2340 68 74 1 0
2552 681 46 65 1 0
223 1787 58 70 1 0
3510 2007 68 74 2 0
345 2188 68 74 1 0
2813 197 33 45 1 0
1261 2465 68 74 1 0
3016 802 46 65 1 0
372 449 33 45 1 0
1750 473 33 45 1 0
1807 696 46 65 2 0
503 1223 58 70 1 0
52 1397 58 70 1 0
3703 360 33 45 1 0
358 1962 68 74 1 0
2120 1980 68 74 1 0
1160 1950 68 74 1 0
2561 863 46 65 2 0
2790 605 46 65 1 0
60 1881 68 74 1 0
3302 551 46 65 1 0
2720 694 46 65 1 0
1857 2054 68 74 1 0
386 662 46 65 1 0
2850 1148 58 70 1 0
1363 894 46 65 1 0
1911 3 33 45 1 0
1496 2455 68 74 1 0
105 434 33 45 1 0
1448 836 46 65 1 0
165 1079 46 65 2 0
1889 2224 68 74 1 0
1395 868 46 65 1 0
2673 919 46 65 1 0
399 1276 58 70 2 0
3570 924 46 65 1 0
1643 2166 68 74 1 0
2819 1099 58 70 2 0
165 1208 58 70 1 0
3114 866 46 65 1 0
295 2415 68 74 1 0
2957 2089 68 74 1 0
451 1132 58 70 2 0
1871 537 33 45 2 0
253 2134 68 74 2 0
1588 876 46 65 1 0
2044 651 46 65 2 0
940 845 46 65 2 0
1717 2370 68 74 1 0
873 771 46 65 1 0
1679 836 46 65 1 0
1140 953 46 65 1 0
1300 738 46 65 1 0
1181 9 33 45 1 0
2820 1062 46 65 2 0
733 732 46 65 1 0
1534 734 46 65 1 0
991 623 46 65 1 0
3563 1349 58 70 1 0
1188 2301 68 74 1 0
3713 1415 58 70 1 0
1880 616 46 65 1 0
1151 130 33 45 1 0
162 1822 65 73 1 0
1272 2374 68 74 1 0
143 310 33 45 1 0
3706 470 36 50 1 0
17 2240 68 74 1 0
12 2024 68 74 1 0
1158 555 46 65 1 0
3282 2394 68 74 1 0
3741 1275 58 70 1 0
3604 1217 58 70 1 0
3142 277 33 45 1 0
3470 2074 68 74 1 0
2858 767 46 65 1 0
752 595 46 65 1 0
3543 1222 58 70 2 0
3068 1045 46 65 1 0
252 2095 68 74 2 0
555 525 33 45 1 0
47 1153 58 70 1 0
2951 352 33 45 1 0
700 1562 58 70 1 0
1222 2239 68 74 1 0
2803 918 46 65 1 0
920 2024 68 74 1 0
13 929 46 65 2 0
348 1541 58 70 1 0
2067 588 46 65 1 0
1880 533 33 45 2 0
958 957 46 65 1 0
785 1846 65 73 2 0
757 5 33 45 1 0
1361 810 46 65 1 0
3699 575 42 60 1 0
1389 1928 68 74 1 0
2712 902 46 65 1 0
926 778 46 65 1 0
26 2371 68 74 1 0
2694 26 33 45 1 0
450 1528 58 70 1 0
977 2363 68 74 1 0
2890 715 46 65 1 0
714 1890 68 74 2 0
3621 445 33 45 1 0
1616 1977 68 74 1 0
158 2400 68 74 1 0
671 2099 68 74 1 0
428 1262 58 70 2 0
2748 504 33 45 1 0
341 1126 58 70 2 0
2678 505 33 45 1 0
3742 1033 52 67 1 0
3719 2327 68 74 1 0
2644 1032 46 65 1 0
2573 767 46 65 2 0
688 1093 46 65 1 0
1752 2471 68 74 1 0
2245 511 33 45 1 0
17 441 36 50 1 0
1594 392 33 45 1 0
365 2410 68 74 1 0
1416 2312 68 74 1 0
901 1778 58 70 1 0
1814 272 33 45 1 0
1868 925 46 65 1 0
40 1262 58 70 1 0
1065 1902 68 74 1 0
510 686 46 65 1 0
531 1942 68 74 1 0
1218 864 46 65 1 0
1020 1700 58 70 1 0
587 1864 68 74 1 0
340 646 46 65 1 0
2439 2185 68 74 1 0
202 1599 58 70 1 0
422 1818 68 74 1 0
3429 764 46 65 1 0
1953 2320 68 74 1 0
3046 2375 68 74 1 0
2452 228 33 45 1 0
623 1235 58 70 1 0
28 905 46 65 2 0
77 1970 68 74 1 0
3534 674 46 65 1 0
3364 766 46 65 1 0
2926 928 46 65 1 0
3733 688 46 65 1 0
430 1358 58 70 1 0
242 288 33 45 1 0
1937 2028 68 74 1 0
3422 916 46 65 1 0
3602 913 46 65 1 0
1927 716 46 65 1 0
2816 865 46 65 1 0
2699 1007 46 65 1 0
27 11 33 45 1 0
2640 733 46 65 1 0
1055 2441 68 74 1 0
3215 857 46 65 1 0
360 538 46 65 1 0
3695 894 46 65 1 0
3303 841 46 65 2 0
269 2049 68 74 1 0
293 894 46 65 2 0
234 926 46 65 1 0
185 1359 58 70 1 0
2834 531 33 45 1 0
463 2177 68 74 1 0
3327 2357 68 74 1 0
3687 684 46 65 1 0
3272 990 46 65 2 0
3028 911 46 65 1 0
621 1773 58 70 1 0
655 2248 68 74 1 0
2758 1013 46 65 1 0
2033 2259 68 74 1 0
2374 1035 46 65 1 0
1334 2411 68 74 1 0
330 1455 58 70 1 0
125 1273 58 70 1 0
1659 226 33 45 1 0
2773 2196 68 74 2 0
18 1198 58 70 1 0
576 1214 58 70 1 0
3593 1151 58 70 2 0
2109 338 33 45 1 0
3728 1143 58 70 1 0
777 845 46 65 2 0
1945 603 46 65 1 0
2804 2200 68 74 2 0
1020 261 33 45 1 0
2920 875 46 65 1 0
1194 974 46 65 1 0
1037 2066 68 74 2 0
14 1741 60 71 1 0
3391 1017 46 65 1 0
2963 914 46 65 2 0
2125 2329 68 74 1 0
494 1914 68 74 1 0
317 1927 68 74 1 0
2128 257 33 45 1 0
1443 143 33 45 1 0
88 60 33 45 1 0
1552 2155 68 74 1 0
881 1096 46 65 1 0
2760 709 46 65 1 0
1924 2444 68 74 1 0
3529 2125 68 74 1 0
2792 733 46 65 1 0
2808 307 33 45 1 0
1223 1962 68 74 1 0
1990 2052 68 74 1 0
710 1863 68 74 2 0
2927 1021 46 65 1 0
3051 624 46 65 1 0
1003 2274 68 74 1 0
1955 655 46 65 1 0
642 1929 68 74 1 0
1424 918 46 65 1 0
807 2058 68 74 1 0
758 1628 58 70 2 0
2559 309 33 45 1 0
3655 1963 68 74 2 0
2674 548 46 65 2 0
3301 878 46 65 2 0
630 1534 58 70 1 0
2183 88 33 45 1 0
1392 2109 68 74 1 0
3523 1441 58 70 1 0
885 950 46 65 1 0
3669 2009 68 74 1 0
2709 2076 68 74 1 0
479 1323 58 70 1 0
32 1628 58 70 1 0
803 846 46 65 2 0
3101 1010 46 65 1 0
2096 2014 68 74 1 0
976 989 46 65 2 0
2632 788 46 65 2 0
3016 1147 58 70 1 0
1050 354 33 45 1 0
183 1142 58 70 1 0
352 279 33 45 1 0
1437 1997 68 74 1 0
3221 924 46 65 1 0
122 1555 58 70 1 0
2344 237 33 45 1 0
997 1017 46 65 2 0
2211 291 33 45 1 0
2730 734 46 65 1 0
200 47 33 45 1 0
901 621 46 65 1 0
1383 394 33 45 1 0
78 1302 58 70 1 0
3475 1086 46 65 1 0
2851 954 46 65 2 0
1417 14 33 45 1 0
356 1169 58 70 1 0
2200 521 33 45 1 0
1781 755 46 65 1 0
919 1879 68 74 1 0
977 2165 68 74 1 0
163 568 46 65 1 0
3188 204 33 45 1 0
472 807 46 65 1 0
1467 503 33 45 1 0
173 676 46 65 1 0
3422 1243 58 70 1 0
2278 2416 68 74 1 0
1709 2058 68 74 1 0
811 1760 58 70 1 0
105 899 46 65 1 0
2273 389 33 45 1 0
3621 1340 58 70 1 0
2571 957 46 65 2 0
772 887 46 65 1 0
2895 305 33 45 1 0
210 1692 58 70 1 0
322 2242 68 74 1 0
3380 965 46 65 2 0
1362 2211 68 74 1 0
3430 1128 58 70 1 0
672 1223 58 70 1 0
136 1180 58 70 1 0
320 1345 58 70 2 0
2665 632 46 65 1 0
1800 665 46 65 2 0
3544 1251 58 70 2 0
3472 797 46 65 1 0
1170 312 33 45 1 0
3660 1159 58 70 1 0
876 1628 58 70 2 0
760 976 46 65 2 0
577 2 33 45 1 0
3469 2146 68 74 1 0
1867 794 46 65 1 0
245 1028 46 65 2 0
3219 1198 58 70 1 0
3632 1079 46 65 1 0
2964 952 46 65 2 0
3500 1235 58 70 1 0
83 187 33 45 1 0
3172 1054 46 65 2 0
2395 1177 58 70 1 0
691 2034 68 74 1 0
898 1650 58 70 2 0
1207 1818 65 73 2 0
533 1590 58 70 1 0
163 2141 68 74 1 0
3552 832 46 65 1 0
651 1709 58 70 1 0
3573 446 33 45 1 0
811 2413 68 74 1 0
3482 1363 58 70 2 0
2629 595 46 65 1 0
3063 103 33 45 1 0
577 1103 58 70 1 0
3492 999 46 65 1 0
2698 2024 68 74 1 0
1243 2330 68 74 1 0
3703 1468 58 70 1 0
2508 2039 68 74 1 0
1886 327 33 45 1 0
924 85 33 45 1 0
2086 2184 68 74 1 0
462 932 46 65 1 0
1768 683 46 65 1 0
1291 637 46 65 1 0
566 935 46 65 1 0
703 973 46 65 1 0
3442 399 33 45 1 0
693 1039 46 65 1 0
1542 2473 68 74 1 0
3569 286 33 45 1 0
3692 2222 68 74 1 0
112 1005 46 65 1 0
250 1922 68 74 1 0
3255 1211 58 70 1 0
2598 775 46 65 2 0
388 2006 68 74 1 0
788 1921 68 74 1 0
1713 1165 58 70 1 0
3067 2099 68 74 2 0
3453 659 46 65 1 0
1763 2268 68 74 1 0
869 1701 58 70 1 0
2750 599 46 65 2 0
3282 779 46 65 1 0
1695 888 46 65 1 0
377 977 46 65 1 0
1979 602 46 65 1 0
2404 2236 68 74 1 0
2912 2024 68 74 1 0
3165 1030 46 65 2 0
2767 561 46 65 1 0
778 2031 68 74 1 0
3270 710 46 65 1 0
2929 2132 68 74 1 0
1257 968 46 65 1 0
3003 763 46 65 1 0
313 912 46 65 2 0
1739 336 33 45 1 0
2324 2162 68 74 1 0
1523 208 33 45 1 0
3720 782 46 65 1 0
3579 793 46 65 1 0
95 1628 58 70 1 0
455 999 46 65 1 0
731 2486 68 74 1 0
3595 225 33 45 1 0
1023 146 33 45 1 0
2635 2030 68 74 1 0
3082 1254 58 70 1 0
3065 319 33 45 1 0
894 1823 63 72 1 0
38 2134 68 74 1 0
7 1138 55 68 1 0
775 2305 68 74 1 0
1145 865 46 65 1 0
3029 680 46 65 1 0
2814 2097 68 74 1 0
3243 607 46 65 1 0
155 889 46 65 1 0
967 2102 68 74 1 0
560 1718 58 70 1 0
3336 1151 58 70 1 0
2521 808 46 65 1 0
2460 984 46 65 1 0
2679 304 33 45 1 0
1135 2069 68 74 1 0
1090 753 46 65 1 0
3398 1302 58 70 1 0
1812 2298 68 74 1 0
569 1811 60 71 1 0
3102 2162 68 74 1 0
1409 734 46 65 1 0
207 1116 58 70 1 0
5 499 39 55 1 0
1836 2342 68 74 1 0
171 1276 58 70 1 0
1140 2406 68 74 1 0
88 965 46 65 1 0
2529 2385 68 74 1 0
2614 2251 68 74 2 0
1847 741 46 65 1 0
261 2308 68 74 1 0
1075 832 46 65 1 0
588 2483 68 74 1 0
268 549 46 65 1 0
2620 2079 68 74 1 0
1879 437 33 45 1 0
2584 653 46 65 2 0
5 1488 58 70 1 0
3190 504 33 45 1 0
3124 2054 68 74 1 0
1039 2022 68 74 2 0
961 1716 58 70 1 0
3101 2239 68 74 1 0
548 1354 58 70 1 0
1277 903 46 65 1 0
1607 9 33 45 1 0
635 2426 68 74 1 0
2515 733 46 65 1 0
3259 1058 46 65 1 0
3268 1023 46 65 2 0
1515 1988 68 74 2 0
1271 1979 68 74 1 0
238 1397 58 70 2 0
1313 2081 68 74 1 0
503 1082 46 65 1 0
143 2330 68 74 1 0
361 865 46 65 1 0
