699 373 9 10 1 0
328 391 11 11 1 0
164 393 14 14 1 0
778 361 9 10 1 0
22 397 14 14 1 0
548 374 9 10 1 0
637 409 17 19 1 0
903 392 2 6 1 0
436 372 11 11 1 0
267 397 8 12 1 0
673 346 9 10 1 0
532 384 17 19 1 0
764 403 17 19 1 0
130 392 14 14 1 0
578 391 17 19 1 0
116 406 14 14 1 0
605 399 17 19 1 0
332 383 11 11 1 0
661 395 17 19 1 0
352 386 11 11 1 0
418 377 11 11 1 0
572 368 9 10 1 0
212 390 8 12 1 0
722 372 9 10 1 0
248 397 8 12 1 0
628 387 17 19 1 0
289 375 11 11 1 0
496 375 9 10 1 0
519 384 17 19 1 0
691 405 17 19 1 0
476 383 9 10 1 0
578 377 9 10 1 0
541 394 17 19 1 0
699 386 17 19 1 0
399 382 11 11 1 0
639 389 17 19 1 0
560 368 9 10 1 0
529 374 9 10 1 0
788 353 9 10 1 0
81 397 14 14 1 0
560 391 17 19 1 0
864 399 17 19 1 0
290 397 11 11 1 0
498 391 17 19 1 0
118 389 14 14 1 0
782 385 17 19 1 0
816 381 9 10 1 0
663 350 9 10 1 0
724 401 17 19 1 0
464 368 11 11 1 0
770 351 9 10 1 0
672 395 17 19 1 0
152 398 14 14 1 0
392 382 11 11 1 0
66 387 14 14 1 0
848 375 9 10 1 0
414 391 11 11 1 0
744 391 17 19 1 0
763 384 17 19 1 0
441 377 11 11 1 0
55 407 14 14 1 0
724 389 17 19 1 0
