865 995 78 94 2 0
658 341 29 35 2 0
1565 59 6 9 1 1
1053 428 39 59 1 0
1551 733 78 94 2 0
1753 94 15 20 1 1
817 186 15 20 1 0
13 522 39 59 1 0
1667 69 6 9 1 1
18 480 39 59 1 0
1136 267 29 35 1 0
913 212 15 20 1 0
546 844 78 94 1 0
890 964 78 94 2 0
585 298 29 35 1 0
1499 122 15 20 1 1
1139 187 15 20 1 0
1514 911 78 94 1 0
761 279 29 35 1 0
1471 346 29 35 2 0
1052 215 15 20 1 0
621 522 39 59 1 0
1241 356 29 35 1 0
1439 755 78 94 2 0
1398 956 78 94 1 0
1783 360 29 35 1 0
1502 304 29 35 2 0
1641 129 15 20 1 1
925 321 29 35 1 0
1288 278 29 35 1 0
869 291 29 35 1 0
836 165 15 20 1 0
997 142 15 20 1 0
1664 143 15 20 1 1
265 521 39 59 2 0
1463 93 15 20 1 1
1566 246 15 20 1 0
839 293 29 35 1 0
850 184 15 20 1 0
1657 197 15 20 1 0
942 111 15 20 1 0
539 372 29 35 1 0
490 502 39 59 1 0
588 566 39 59 1 0
1676 37 6 9 1 1
1580 251 15 20 1 0
493 421 39 59 1 0
1085 306 29 35 2 0
1769 258 22 27 1 0
1492 195 15 20 1 0
1553 280 29 35 2 0
1047 268 29 35 1 0
494 127 25 31 1 0
1280 551 39 59 1 0
1467 358 29 35 2 0
866 228 15 20 1 0
1774 180 15 20 1 0
1543 81 6 9 1 1
1676 169 15 20 1 0
840 56 15 20 1 1
1361 101 15 20 1 1
901 201 15 20 1 0
1544 484 39 59 1 0
1564 942 78 94 2 0
1678 88 6 9 1 1
820 200 15 20 1 0
571 319 29 35 1 0
1162 223 15 20 1 0
1017 209 15 20 1 0
217 624 39 59 1 0
945 369 29 35 1 0
1105 462 39 59 1 0
461 410 29 35 1 0
1629 58 6 9 1 1
1091 648 39 59 1 0
1651 830 78 94 1 0
1665 299 29 35 1 0
1757 188 15 20 1 0
1111 286 29 35 2 0
1414 328 29 35 1 0
1371 376 29 35 1 0
1551 102 15 20 1 1
1528 81 6 9 1 1
958 294 29 35 1 0
490 579 39 59 2 0
1307 440 39 59 2 0
869 75 15 20 1 1
1007 341 29 35 1 0
1362 290 29 35 2 0
1638 71 6 9 1 1
1644 358 29 35 1 0
496 321 29 35 1 0
1770 280 25 31 1 0
1182 190 15 20 1 0
1302 390 29 35 1 0
320 683 39 59 1 0
620 442 39 59 1 0
35 436 39 59 1 0
561 270 29 35 1 0
1564 524 39 59 2 0
1691 122 15 20 1 1
606 363 29 35 1 0
112 565 39 59 2 0
986 175 15 20 1 0
1659 252 15 20 1 0
1724 338 29 35 1 0
1301 149 15 20 1 0
1422 453 39 59 1 0
781 192 15 20 1 0
1409 783 78 94 2 0
1698 504 39 59 1 0
532 588 39 59 1 0
1517 1068 78 94 1 0
1756 76 6 9 1 1
240 401 29 35 1 0
1565 494 39 59 2 0
1047 152 15 20 1 0
314 429 39 59 1 0
1283 927 78 94 1 0
323 248 29 35 1 0
1324 685 68 85 1 0
989 334 29 35 1 0
1186 360 29 35 1 0
1033 310 29 35 2 0
1753 312 29 35 1 0
542 483 39 59 1 0
1631 585 39 59 1 0
1483 297 29 35 1 0
847 221 15 20 1 0
6 1071 78 94 1 0
1538 328 29 35 1 0
951 137 15 20 1 0
1002 292 29 35 1 0
1040 212 15 20 1 0
348 514 39 59 1 0
1658 238 15 20 1 0
1389 326 29 35 1 0
1767 928 78 94 2 0
1347 1092 78 94 2 0
1436 316 29 35 1 0
1082 199 15 20 1 0
947 234 15 20 1 0
1110 266 29 35 2 0
1455 429 39 59 1 0
1577 235 15 20 1 0
468 377 29 35 1 0
1274 191 15 20 1 0
1369 710 78 94 1 0
1454 162 15 20 1 1
1482 402 29 35 1 0
1371 271 29 35 1 0
1496 64 6 9 1 1
1069 365 29 35 1 0
1673 569 39 59 1 0
147 446 39 59 1 0
1122 138 15 20 1 0
488 546 39 59 2 0
801 168 15 20 1 0
329 326 29 35 1 0
259 495 39 59 2 0
1053 464 39 59 1 0
1400 443 39 59 1 0
169 584 39 59 1 0
1429 105 15 20 1 1
121 932 78 94 1 0
1093 709 78 94 2 0
1333 203 15 20 1 0
1013 239 15 20 1 0
1668 88 6 9 1 1
806 413 29 35 1 0
628 247 15 20 1 0
773 128 15 20 1 0
355 701 78 94 1 0
1610 263 29 35 1 0
756 321 29 35 1 0
1203 193 15 20 1 0
1108 569 39 59 1 0
1642 151 15 20 1 1
1734 12 6 9 1 1
1148 166 15 20 2 0
1285 161 15 20 1 0
1690 312 29 35 1 0
1137 461 39 59 1 0
1532 60 6 9 1 1
1440 93 15 20 1 1
1521 547 39 59 1 0
1227 372 29 35 1 0
1347 247 15 20 1 0
109 533 39 59 2 0
1447 145 15 20 1 1
1169 318 29 35 1 0
1653 331 29 35 2 0
1321 101 15 20 1 1
1495 156 15 20 1 1
1537 263 29 35 2 0
1634 485 39 59 1 0
659 265 29 35 1 0
1687 662 39 59 1 0
854 159 15 20 1 0
1703 900 78 94 2 0
1560 324 29 35 1 0
1563 77 6 9 1 1
1698 205 15 20 1 0
1346 526 39 59 1 0
1122 252 15 20 1 0
486 343 29 35 1 0
156 665 39 59 1 0
1728 128 15 20 1 1
945 174 15 20 1 0
1316 166 15 20 1 0
1107 1131 78 94 1 0
296 336 29 35 1 0
1206 361 29 35 1 0
297 164 29 35 1 0
1286 146 15 20 1 0
1339 283 29 35 1 0
1312 110 15 20 1 1
408 302 29 35 1 0
1672 452 39 59 2 0
1634 313 29 35 1 0
1694 264 29 35 1 0
700 282 29 35 1 0
1446 496 39 59 1 0
1213 161 15 20 1 0
1059 148 15 20 1 0
1289 113 15 20 1 1
1175 143 15 20 1 0
1760 5 6 9 1 1
1379 305 29 35 1 0
1622 150 15 20 1 1
1229 172 15 20 1 0
1276 1164 78 94 1 0
82 429 39 59 1 0
675 1022 78 94 1 0
1752 459 36 53 2 0
1525 415 39 59 1 0
1149 300 29 35 1 0
1517 61 6 9 1 1
582 441 39 59 2 0
1070 241 15 20 1 0
1157 442 39 59 1 0
1746 241 15 20 1 0
885 199 15 20 1 0
1505 376 29 35 1 0
1389 507 39 59 1 0
1626 282 29 35 2 0
1642 277 29 35 1 0
1561 292 29 35 2 0
1686 336 29 35 1 0
1181 168 15 20 1 0
992 386 29 35 1 0
1074 226 15 20 1 0
1644 221 15 20 1 0
1181 211 15 20 1 0
855 354 29 35 1 0
1267 307 29 35 1 0
863 200 15 20 1 0
1526 283 29 35 2 0
1631 1026 78 94 2 0
88 615 39 59 1 0
271 340 29 35 1 0
245 855 78 94 1 0
658 453 39 59 1 0
1573 206 15 20 1 0
1257 286 29 35 1 0
895 312 29 35 1 0
257 313 29 35 1 0
817 361 29 35 1 0
1604 75 6 9 1 1
1100 177 15 20 1 0
1180 390 29 35 1 0
1514 304 29 35 2 0
1068 145 15 20 1 0
1520 336 29 35 1 0
743 770 78 94 1 0
1670 19 6 9 1 1
669 332 29 35 2 0
787 124 15 20 1 0
918 146 15 20 1 0
1704 54 6 9 1 1
1689 59 6 9 1 1
862 784 78 94 1 0
1160 480 39 59 1 0
1714 25 6 9 1 1
1698 20 6 9 1 1
331 349 29 35 1 0
531 216 29 35 1 0
558 1125 78 94 1 0
1352 397 29 35 1 0
1677 70 6 9 1 1
1323 156 15 20 1 0
1096 162 15 20 1 0
870 124 15 20 1 0
1736 85 6 9 1 1
1045 316 29 35 2 0
298 387 29 35 1 0
920 163 15 20 1 0
1018 168 15 20 1 0
1738 473 39 59 2 0
1278 130 15 20 1 0
1018 301 29 35 1 0
1769 472 39 59 2 0
1308 969 78 94 1 0
1090 256 15 20 1 0
1618 218 15 20 1 0
1650 86 6 9 1 1
1740 53 6 9 1 1
1276 151 15 20 1 0
1360 487 39 59 1 0
1498 331 29 35 1 0
1773 1082 78 94 1 0
814 220 15 20 1 0
425 436 39 59 1 0
1050 987 78 94 1 0
1717 83 6 9 1 1
1034 167 15 20 1 0
1589 80 6 9 1 1
1310 260 29 35 1 0
532 305 29 35 1 0
822 233 15 20 1 0
1309 550 39 59 1 0
319 775 78 94 1 0
1692 186 15 20 1 0
1213 397 29 35 1 0
1696 89 6 9 1 1
1084 143 15 20 1 0
1491 252 15 20 1 0
1611 299 29 35 2 0
79 544 39 59 1 0
684 338 29 35 2 0
691 421 39 59 1 0
1525 266 29 35 2 0
1667 232 15 20 1 0
1205 316 29 35 1 0
567 506 39 59 1 0
1334 219 15 20 1 0
1643 98 15 20 1 1
1749 17 6 9 1 1
839 195 15 20 1 0
1711 139 15 20 1 1
1240 943 78 94 1 0
1110 687 68 85 2 0
910 94 15 20 1 1
1780 200 18 23 1 0
1488 129 15 20 1 1
231 434 39 59 1 0
1173 514 39 59 1 0
1277 232 15 20 1 0
1065 198 15 20 1 0
425 364 29 35 1 0
1135 752 78 94 1 0
1209 177 15 20 1 0
1302 416 39 59 2 0
560 361 29 35 1 0
584 358 29 35 1 0
1164 361 29 35 1 0
968 1136 78 94 1 0
1041 740 78 94 2 0
1096 220 15 20 1 0
1004 271 29 35 1 0
1704 695 78 94 1 0
237 655 39 59 1 0
666 290 29 35 2 0
1292 364 29 35 1 0
1268 171 15 20 1 0
1487 434 39 59 1 0
397 429 39 59 1 0
310 1022 78 94 1 0
1661 338 29 35 2 0
1701 33 6 9 1 1
584 264 29 35 1 0
1230 154 15 20 1 0
68 656 39 59 1 0
1473 153 15 20 1 1
1771 30 8 11 1 1
1722 177 15 20 1 0
904 1063 78 94 1 0
457 335 29 35 1 0
980 131 15 20 1 0
1616 161 15 20 1 1
1244 531 39 59 1 0
1583 732 78 94 2 0
1598 175 15 20 1 0
1671 365 29 35 1 0
1571 99 15 20 1 1
1421 97 15 20 1 1
719 1050 78 94 1 0
972 1048 78 94 1 0
984 256 15 20 1 0
1053 175 15 20 1 0
1287 130 15 20 1 0
1336 178 15 20 1 0
957 231 15 20 1 0
1020 151 15 20 1 0
1261 133 15 20 1 0
1004 93 15 20 1 1
1027 240 15 20 1 0
1072 313 29 35 2 0
1601 1020 78 94 2 0
1505 112 15 20 1 1
831 129 15 20 1 0
1061 278 29 35 1 0
215 319 29 35 1 0
1327 254 15 20 1 0
809 76 15 20 1 1
966 171 15 20 1 0
1608 449 39 59 1 0
1617 282 29 35 2 0
830 382 29 35 1 0
1782 501 39 59 1 0
61 1004 78 94 1 0
361 330 29 35 1 0
972 11 15 20 1 1
524 450 39 59 1 0
427 178 29 35 1 0
888 346 29 35 1 0
1623 748 78 94 2 0
1610 242 15 20 1 0
1609 615 39 59 1 0
1103 521 39 59 1 0
1644 182 15 20 1 0
1409 254 15 20 1 0
897 290 29 35 1 0
1560 590 39 59 1 0
1422 165 15 20 1 1
1576 47 6 9 1 1
12 442 39 59 1 0
1630 256 15 20 1 0
236 736 78 94 1 0
587 810 78 94 1 0
518 519 39 59 1 0
527 267 29 35 1 0
84 771 78 94 1 0
1482 695 78 94 1 0
739 709 78 94 1 0
1076 157 15 20 1 0
1475 71 6 9 1 1
1141 161 15 20 2 0
503 478 39 59 1 0
304 546 39 59 1 0
1672 431 39 59 2 0
1679 78 6 9 1 1
626 349 29 35 1 0
1462 187 15 20 1 0
1374 187 15 20 1 0
971 147 15 20 1 0
649 403 29 35 1 0
1737 902 78 94 2 0
1377 156 15 20 1 1
584 474 39 59 2 0
1544 626 39 59 1 0
346 376 29 35 1 0
823 94 15 20 1 1
1750 266 29 35 1 0
1272 458 39 59 1 0
1198 1184 78 94 1 0
1736 161 15 20 1 1
1409 299 29 35 1 0
1684 153 15 20 1 1
469 440 39 59 1 0
1078 268 29 35 1 0
914 461 39 59 1 0
1717 157 15 20 1 1
1293 223 15 20 1 0
770 500 39 59 1 0
1715 940 78 94 2 0
1483 555 39 59 1 0
1730 33 6 9 1 1
869 701 78 94 1 0
1097 134 15 20 1 0
1260 807 78 94 1 0
906 129 15 20 1 0
1047 770 78 94 2 0
1433 402 29 35 2 0
956 175 15 20 1 0
1016 783 78 94 2 0
194 586 39 59 1 0
317 270 29 35 1 0
128 395 36 53 1 0
1670 156 15 20 1 1
430 334 29 35 1 0
1237 390 29 35 1 0
1349 145 15 20 1 0
1082 397 29 35 1 0
1755 45 8 11 1 1
1361 310 29 35 2 0
1350 802 78 94 1 0
1397 171 15 20 1 0
1372 1065 78 94 2 0
215 412 29 35 1 0
1473 114 15 20 1 1
1548 171 15 20 1 0
1711 70 6 9 1 1
1671 275 29 35 1 0
1373 120 15 20 1 1
1656 65 6 9 1 1
616 263 29 35 1 0
1323 363 29 35 1 0
1715 93 15 20 1 1
372 555 39 59 1 0
721 464 39 59 1 0
730 293 29 35 1 0
1108 199 15 20 1 0
1028 260 29 35 1 0
937 135 15 20 1 0
644 304 29 35 1 0
332 653 39 59 1 0
1123 192 15 20 1 0
1587 970 78 94 2 0
680 293 29 35 2 0
1590 234 15 20 1 0
1664 118 15 20 1 1
1341 322 29 35 1 0
1139 146 15 20 1 0
697 330 29 35 2 0
1429 421 39 59 2 0
831 1179 78 94 1 0
1544 303 29 35 1 0
960 571 39 59 1 0
