463 93 6 7 1 0
1782 728 12 17 1 0
1600 350 8 9 1 0
599 560 12 17 1 0
156 474 8 9 1 0
1420 206 7 8 1 0
346 51 6 7 1 0
1716 197 7 8 1 0
884 259 8 9 1 0
523 59 6 7 1 0
337 768 12 17 1 0
551 137 6 7 1 0
1358 125 6 7 1 0
985 583 12 17 1 0
500 35 6 7 1 0
355 168 6 7 1 0
672 324 8 9 1 0
159 290 8 9 1 0
950 349 8 9 1 0
495 890 12 17 1 0
1191 118 6 7 1 0
1788 493 12 17 2 0
366 806 12 17 1 0
1037 252 8 9 1 0
30 630 12 17 1 0
1371 390 8 9 1 0
22 606 12 17 1 0
1802 25 6 7 1 0
56 858 12 17 1 0
1378 98 6 7 1 0
914 402 8 9 1 0
725 801 12 17 1 0
602 723 12 17 1 0
26 449 8 9 1 0
807 480 8 9 1 0
403 663 12 17 1 0
782 69 6 7 1 0
1362 284 8 9 1 0
573 602 12 17 1 0
393 607 12 17 1 0
1669 1 6 7 1 0
222 343 8 9 1 0
645 176 6 7 1 0
1337 192 6 7 1 0
1344 486 12 17 1 0
1301 330 8 9 1 0
318 271 8 9 1 0
235 208 7 8 1 0
622 607 12 17 1 0
1161 425 8 9 1 0
1441 167 6 7 1 0
1551 336 8 9 1 0
13 792 12 17 1 0
1829 559 12 17 1 0
1283 438 8 9 1 0
856 317 8 9 1 0
1389 54 6 7 1 0
405 263 8 9 1 0
1215 8 6 7 1 0
1229 14 6 7 1 0
153 797 12 17 1 0
1706 425 8 9 1 0
1830 231 8 9 1 0
1447 242 8 9 1 0
1728 349 8 9 1 0
1547 274 8 9 1 0
1236 277 8 9 1 0
421 238 8 9 1 0
639 160 6 7 1 0
1242 319 8 9 1 0
128 694 12 17 1 0
970 294 8 9 1 0
1499 269 8 9 1 0
1337 110 6 7 1 0
70 76 6 7 1 0
1313 330 8 9 1 0
874 352 8 9 1 0
358 77 6 7 1 0
1651 187 6 7 1 0
159 567 12 17 1 0
1356 210 8 9 1 0
1698 469 8 9 1 0
569 844 12 17 1 0
136 271 8 9 1 0
179 53 6 7 1 0
218 423 8 9 1 0
1586 204 8 9 1 0
625 32 6 7 1 0
1485 362 8 9 1 0
940 314 8 9 1 0
122 105 6 7 1 0
313 293 8 9 1 0
1284 387 8 9 1 0
593 329 8 9 1 0
1435 65 6 7 1 0
686 417 8 9 1 0
984 307 8 9 1 0
400 113 6 7 1 0
1411 84 6 7 1 0
75 444 8 9 1 0
1070 349 8 9 1 0
556 427 8 9 1 0
309 375 8 9 1 0
1310 413 8 9 1 0
341 180 6 7 1 0
384 245 8 9 1 0
1012 517 12 17 1 0
371 212 8 9 1 0
249 979 12 17 1 0
23 220 8 9 1 0
1615 76 6 7 1 0
848 537 12 17 1 0
1626 83 6 7 1 0
1610 455 8 9 1 0
1630 112 6 7 1 0
1020 423 8 9 1 0
51 680 12 17 1 0
323 160 6 7 1 0
414 335 8 9 1 0
1121 517 12 17 1 0
131 64 6 7 1 0
1538 547 12 17 1 0
668 759 12 17 1 0
441 123 6 7 1 0
633 342 8 9 1 0
1811 494 12 17 2 0
83 966 12 17 1 0
1258 480 8 9 1 0
211 129 6 7 1 0
806 193 6 7 1 0
805 185 6 7 1 0
160 31 6 7 1 0
1409 278 8 9 1 0
183 107 6 7 1 0
673 74 6 7 1 0
1542 82 6 7 1 0
766 74 6 7 1 0
1204 95 6 7 1 0
728 903 12 17 1 0
481 396 8 9 1 0
471 10 6 7 1 0
1670 203 7 8 1 0
1190 484 8 9 1 0
783 682 12 17 1 0
1432 115 6 7 1 0
1350 165 6 7 1 0
366 846 12 17 1 0
589 176 6 7 1 0
1621 288 8 9 1 0
610 582 12 17 1 0
629 18 6 7 1 0
414 582 12 17 1 0
1340 131 6 7 1 0
1756 707 12 17 1 0
1458 76 6 7 1 0
1823 239 8 9 1 0
262 553 12 17 1 0
422 300 8 9 1 0
1477 344 8 9 1 0
1730 528 12 17 1 0
451 575 12 17 1 0
1054 472 8 9 1 0
1634 834 12 17 1 0
277 842 12 17 1 0
1261 66 6 7 1 0
425 868 12 17 1 0
1510 128 6 7 1 0
823 500 12 17 1 0
1425 364 8 9 1 0
1557 691 12 17 1 0
281 584 12 17 1 0
636 686 12 17 1 0
335 57 6 7 1 0
495 100 6 7 1 0
1309 65 6 7 1 0
614 186 6 7 1 0
1693 184 6 7 1 0
696 774 12 17 1 0
1720 922 12 17 1 0
246 721 12 17 1 0
652 96 6 7 1 0
1851 236 8 9 1 0
650 189 6 7 1 0
16 479 10 13 1 0
589 117 6 7 1 0
1786 916 12 17 2 0
134 806 12 17 1 0
1236 151 6 7 1 0
344 504 12 17 1 0
1439 277 8 9 1 0
273 71 6 7 1 0
758 45 6 7 1 0
1238 310 8 9 1 0
1827 473 8 9 1 0
1593 378 8 9 1 0
61 492 12 17 1 0
1020 478 8 9 1 0
329 612 12 17 1 0
635 380 8 9 1 0
582 787 12 17 1 0
9 50 6 7 1 0
693 553 12 17 1 0
1211 116 6 7 1 0
1585 242 8 9 1 0
1730 447 8 9 1 0
396 457 8 9 1 0
1485 43 6 7 1 0
1352 148 6 7 1 0
1549 30 6 7 1 0
124 195 6 7 1 0
227 266 8 9 1 0
1639 697 12 17 1 0
1054 609 12 17 1 0
1010 482 8 9 1 0
1193 53 6 7 1 0
1676 575 12 17 1 0
184 561 12 17 1 0
1768 811 12 17 1 0
1357 315 8 9 1 0
1737 234 8 9 1 0
1561 47 6 7 1 0
1615 150 6 7 1 0
190 303 8 9 1 0
859 54 6 7 1 0
1308 46 6 7 1 0
845 352 8 9 1 0
1129 56 6 7 1 0
1063 214 8 9 1 0
609 530 12 17 1 0
559 22 6 7 1 0
368 312 8 9 1 0
1371 413 8 9 1 0
421 818 12 17 1 0
782 304 8 9 1 0
459 288 8 9 1 0
1758 749 12 17 1 0
844 111 6 7 1 0
749 438 8 9 1 0
1335 298 8 9 1 0
832 442 8 9 1 0
125 618 12 17 1 0
1231 127 6 7 1 0
316 695 12 17 1 0
942 288 8 9 1 0
448 229 8 9 1 0
532 693 12 17 1 0
1387 550 12 17 1 0
1080 265 8 9 1 0
457 108 6 7 1 0
762 147 6 7 1 0
1307 143 6 7 1 0
1285 64 6 7 1 0
1802 190 6 7 1 0
1359 246 8 9 1 0
348 54 6 7 1 0
612 136 6 7 1 0
574 5 6 7 1 0
571 40 6 7 1 0
1598 249 8 9 1 0
232 31 6 7 1 0
1600 59 6 7 1 0
1461 112 6 7 1 0
440 155 6 7 1 0
779 279 8 9 1 0
993 561 12 17 1 0
249 72 6 7 1 0
277 400 8 9 1 0
1463 381 8 9 1 0
1132 506 12 17 1 0
62 874 12 17 1 0
1431 293 8 9 1 0
11 234 8 9 1 0
301 200 7 8 1 0
1617 42 6 7 1 0
126 596 12 17 1 0
170 436 8 9 1 0
751 62 6 7 1 0
799 454 8 9 1 0
1095 425 8 9 1 0
1627 119 6 7 1 0
648 127 6 7 1 0
1841 365 8 9 1 0
1241 32 6 7 1 0
1349 68 6 7 1 0
1602 301 8 9 1 0
752 280 8 9 1 0
75 20 6 7 1 0
242 737 12 17 1 0
1307 1 6 7 1 0
482 454 8 9 1 0
567 220 8 9 1 0
1061 582 12 17 1 0
1513 782 12 17 1 0
401 224 8 9 1 0
1377 185 6 7 1 0
1037 344 8 9 1 0
415 208 7 8 1 0
176 153 6 7 1 0
1130 326 8 9 1 0
1015 557 12 17 1 0
1372 537 12 17 1 0
60 770 12 17 1 0
1313 284 8 9 1 0
183 288 8 9 1 0
357 184 6 7 1 0
586 71 6 7 1 0
1640 482 8 9 1 0
1534 118 6 7 1 0
1219 54 6 7 1 0
106 237 8 9 1 0
111 131 6 7 1 0
422 462 8 9 1 0
301 263 8 9 1 0
318 866 12 17 1 0
1366 0 6 7 1 0
196 704 12 17 1 0
424 702 12 17 1 0
1093 442 8 9 1 0
1180 58 6 7 1 0
82 521 12 17 1 0
174 884 12 17 1 0
227 12 6 7 1 0
492 463 8 9 1 0
1311 369 8 9 1 0
1267 4 6 7 1 0
888 559 12 17 1 0
637 800 12 17 2 0
1426 39 6 7 1 0
1723 390 8 9 1 0
931 470 8 9 2 0
1188 316 8 9 1 0
550 301 8 9 1 0
566 685 12 17 1 0
1479 37 6 7 1 0
1734 95 6 7 1 0
202 42 6 7 1 0
1540 48 6 7 1 0
1306 111 6 7 1 0
1792 917 12 17 2 0
1232 531 12 17 1 0
389 443 8 9 1 0
1456 81 6 7 1 0
17 198 7 8 1 0
947 447 8 9 1 0
16 754 12 17 2 0
1507 488 12 17 2 0
615 253 8 9 1 0
1645 386 8 9 1 0
1335 163 6 7 1 0
432 92 6 7 1 0
1148 301 8 9 1 0
524 75 6 7 1 0
397 45 6 7 1 0
725 426 8 9 1 0
1077 372 8 9 1 0
507 529 12 17 1 0
166 465 8 9 1 0
970 571 12 17 1 0
280 72 6 7 1 0
1256 198 6 7 1 0
1040 313 8 9 1 0
1608 506 12 17 1 0
57 323 8 9 1 0
1643 503 12 17 1 0
247 416 8 9 1 0
1634 95 6 7 1 0
1369 310 8 9 1 0
1511 338 8 9 1 0
1266 174 6 7 1 0
1840 194 8 9 1 0
722 747 12 17 1 0
1314 430 8 9 1 0
771 343 8 9 1 0
1696 146 6 7 1 0
1480 561 12 17 1 0
1326 353 8 9 1 0
1672 135 6 7 1 0
1847 944 12 17 1 0
250 95 6 7 1 0
1627 219 8 9 1 0
585 185 6 7 1 0
1687 842 12 17 1 0
1378 245 8 9 1 0
961 455 8 9 1 0
1243 208 7 8 1 0
1432 445 8 9 1 0
107 39 6 7 1 0
813 357 8 9 1 0
1703 379 8 9 1 0
19 842 12 17 1 0
1507 238 8 9 1 0
147 577 12 17 1 0
462 201 6 7 1 0
652 216 8 9 1 0
775 920 12 17 1 0
240 372 8 9 1 0
1368 289 8 9 1 0
1217 360 8 9 1 0
416 121 6 7 1 0
1715 440 8 9 1 0
1606 102 6 7 1 0
1837 317 8 9 1 0
618 543 12 17 1 0
105 823 12 17 1 0
1558 117 6 7 1 0
208 395 8 9 1 0
1855 372 8 9 1 0
1350 222 8 9 1 0
1314 117 6 7 1 0
1075 298 8 9 1 0
325 208 7 8 1 0
617 162 6 7 1 0
82 826 12 17 1 0
661 462 8 9 1 0
625 350 8 9 1 0
219 309 8 9 1 0
1818 273 8 9 1 0
1147 49 6 7 1 0
1400 170 6 7 1 0
1786 776 12 17 1 0
1751 200 7 8 1 0
655 594 12 17 1 0
585 413 8 9 1 0
1367 119 6 7 1 0
306 140 6 7 1 0
155 5 6 7 1 0
1557 742 12 17 1 0
745 172 6 7 1 0
724 36 6 7 1 0
333 192 6 7 1 0
164 140 6 7 1 0
350 767 12 17 1 0
1199 508 12 17 1 0
468 847 12 17 1 0
1400 0 6 7 1 0
1310 181 6 7 1 0
1547 127 6 7 1 0
1273 550 12 17 1 0
644 827 12 17 1 0
1184 302 8 9 1 0
1653 647 12 17 1 0
60 616 12 17 1 0
883 537 12 17 1 0
506 102 6 7 1 0
215 818 12 17 1 0
1189 102 6 7 1 0
619 156 6 7 1 0
694 7 6 7 1 0
1461 195 6 7 1 0
405 475 8 9 1 0
70 423 8 9 1 0
608 410 8 9 1 0
970 530 12 17 1 0
1732 673 12 17 1 0
421 515 12 17 1 0
1756 673 12 17 1 0
736 94 6 7 1 0
759 496 12 17 1 0
481 510 12 17 1 0
287 667 12 17 1 0
206 592 12 17 1 0
621 440 8 9 1 0
1390 88 6 7 1 0
1412 1 6 7 1 0
1494 169 6 7 1 0
1123 278 8 9 1 0
1418 179 6 7 1 0
237 499 12 17 1 0
1127 392 8 9 1 0
143 637 12 17 1 0
489 652 12 17 1 0
525 653 12 17 1 0
1530 96 6 7 1 0
837 170 6 7 1 0
1175 234 8 9 1 0
266 855 12 17 1 0
278 359 8 9 1 0
505 424 8 9 1 0
547 793 12 17 1 0
389 862 12 17 1 0
210 158 6 7 1 0
1568 64 6 7 1 0
1382 471 8 9 1 0
32 6 6 7 1 0
1433 259 8 9 1 0
1049 589 12 17 1 0
66 22 6 7 1 0
1223 52 6 7 1 0
1240 141 6 7 1 0
663 154 6 7 1 0
956 233 8 9 1 0
170 286 8 9 1 0
1787 889 12 17 1 0
836 157 6 7 1 0
1023 282 8 9 1 0
708 120 6 7 1 0
84 240 8 9 1 0
1734 375 8 9 1 0
385 940 12 17 1 0
130 393 8 9 1 0
1012 447 8 9 1 0
70 466 8 9 1 0
1271 186 6 7 1 0
781 545 12 17 1 0
699 703 12 17 1 0
591 490 12 17 1 0
444 293 8 9 1 0
1427 67 6 7 1 0
938 400 8 9 1 0
1796 243 8 9 1 0
853 235 8 9 1 0
1654 121 6 7 1 0
1143 249 8 9 1 0
1352 203 7 8 1 0
744 349 8 9 1 0
1728 898 12 17 1 0
158 634 12 17 1 0
292 585 12 17 1 0
1761 763 12 17 1 0
174 608 12 17 1 0
192 458 8 9 1 0
1775 840 12 17 1 0
595 535 12 17 1 0
1211 30 6 7 1 0
1842 926 12 17 1 0
719 525 12 17 1 0
434 691 12 17 1 0
266 586 12 17 1 0
585 5 6 7 1 0
792 244 8 9 1 0
21 401 8 9 1 0
1453 291 8 9 1 0
1500 62 6 7 1 0
518 104 6 7 1 0
714 49 6 7 1 0
1707 479 8 9 1 0
1580 59 6 7 1 0
477 54 6 7 1 0
911 93 6 7 1 0
211 617 12 17 1 0
276 536 12 17 1 0
1393 266 8 9 1 0
1317 0 6 7 1 0
1032 490 12 17 2 0
348 342 8 9 1 0
1610 121 6 7 1 0
1815 867 12 17 1 0
1242 128 6 7 1 0
345 743 12 17 1 0
655 336 8 9 1 0
247 603 12 17 1 0
1496 211 8 9 1 0
101 363 8 9 1 0
692 498 12 17 1 0
1660 165 6 7 1 0
1376 91 6 7 1 0
467 403 8 9 1 0
468 720 12 17 1 0
662 614 12 17 1 0
245 395 8 9 1 0
941 508 12 17 1 0
320 900 12 17 1 0
1651 222 8 9 1 0
475 574 12 17 1 0
132 119 6 7 1 0
970 630 12 17 1 0
182 425 8 9 1 0
209 755 12 17 1 0
1329 199 7 8 1 0
1769 97 6 7 1 0
261 507 12 17 1 0
1171 73 6 7 1 0
1403 137 6 7 1 0
358 124 6 7 1 0
1402 179 6 7 1 0
1606 945 12 17 1 0
1231 40 6 7 1 0
470 611 12 17 1 0
450 609 12 17 1 0
1207 355 8 9 1 0
335 3 6 7 1 0
581 114 6 7 1 0
1451 279 8 9 1 0
1050 339 8 9 1 0
86 906 12 17 1 0
51 446 8 9 1 0
565 42 6 7 1 0
1805 536 12 17 1 0
588 593 12 17 1 0
616 702 12 17 1 0
738 40 6 7 1 0
1419 232 8 9 1 0
1516 119 6 7 1 0
1414 217 8 9 1 0
942 251 8 9 1 0
1370 224 8 9 1 0
753 222 8 9 1 0
161 615 12 17 1 0
283 372 8 9 1 0
578 818 12 17 1 0
282 146 6 7 1 0
870 52 6 7 1 0
575 615 12 17 1 0
849 210 8 9 1 0
1204 590 12 17 1 0
1139 531 12 17 1 0
1056 490 12 17 1 0
1504 164 6 7 1 0
1190 78 6 7 1 0
685 403 8 9 1 0
469 89 6 7 1 0
1452 500 12 17 1 0
729 144 6 7 1 0
1763 299 8 9 1 0
106 486 12 17 1 0
822 190 6 7 1 0
466 140 6 7 1 0
1578 773 12 17 1 0
1339 470 8 9 1 0
345 543 12 17 1 0
1567 34 6 7 1 0
769 290 8 9 1 0
684 383 8 9 1 0
1416 89 6 7 1 0
724 977 12 17 1 0
1324 517 12 17 1 0
773 355 8 9 1 0
393 626 12 17 1 0
579 568 12 17 1 0
1688 556 12 17 1 0
1539 330 8 9 1 0
524 95 6 7 1 0
850 410 8 9 1 0
405 335 8 9 1 0
1315 222 8 9 1 0
1165 407 8 9 1 0
433 412 8 9 1 0
1025 297 8 9 1 0
123 30 6 7 1 0
193 37 6 7 1 0
1577 576 12 17 1 0
1343 244 8 9 1 0
412 885 12 17 1 0
1365 161 6 7 1 0
525 811 12 17 1 0
1205 393 8 9 1 0
1583 322 8 9 1 0
1781 663 12 17 1 0
1532 537 12 17 1 0
1778 163 6 7 1 0
523 667 12 17 1 0
1814 199 7 8 1 0
747 813 12 17 1 0
735 158 6 7 1 0
1853 709 12 17 1 0
785 232 8 9 1 0
642 238 8 9 1 0
643 701 12 17 1 0
208 177 6 7 1 0
1001 626 12 17 1 0
148 347 8 9 1 0
1725 951 12 17 1 0
1461 307 8 9 1 0
1106 308 8 9 1 0
1512 35 6 7 1 0
1748 368 8 9 1 0
286 867 12 17 1 0
1451 63 6 7 1 0
532 559 12 17 1 0
1705 737 12 17 1 0
1 774 12 17 1 0
656 10 6 7 1 0
1794 318 8 9 1 0
653 203 7 8 1 0
693 44 6 7 1 0
478 547 12 17 1 0
86 729 12 17 1 0
611 391 8 9 1 0
538 160 6 7 1 0
1715 835 12 17 1 0
800 174 6 7 1 0
351 660 12 17 1 0
910 446 8 9 1 0
904 283 8 9 1 0
1392 20 6 7 1 0
285 430 8 9 1 0
933 343 8 9 1 0
1323 394 8 9 1 0
1702 400 8 9 1 0
622 53 6 7 1 0
1603 747 12 17 1 0
85 52 6 7 1 0
53 462 8 9 1 0
1025 321 8 9 1 0
487 533 12 17 1 0
449 88 6 7 1 0
784 974 12 17 1 0
1739 448 8 9 1 0
1532 7 6 7 1 0
508 687 12 17 1 0
778 938 12 17 1 0
201 417 8 9 1 0
1563 230 8 9 1 0
1134 488 12 17 1 0
918 81 6 7 1 0
1006 310 8 9 1 0
923 443 8 9 1 0
1633 159 6 7 1 0
1179 426 8 9 1 0
778 533 12 17 2 0
689 902 12 17 1 0
1677 550 12 17 1 0
112 418 8 9 1 0
374 225 8 9 1 0
29 283 8 9 1 0
1473 302 8 9 1 0
230 21 6 7 1 0
1433 186 6 7 1 0
608 366 8 9 1 0
976 321 8 9 1 0
1564 393 8 9 1 0
1295 81 6 7 1 0
1847 332 8 9 1 0
103 263 8 9 1 0
73 717 12 17 1 0
509 787 12 17 1 0
1428 218 8 9 1 0
1581 16 6 7 1 0
1410 477 8 9 1 0
1168 265 8 9 1 0
835 367 8 9 1 0
726 647 12 17 1 0
1593 112 6 7 1 0
1784 348 8 9 1 0
1293 126 6 7 1 0
75 794 12 17 1 0
148 217 8 9 1 0
1807 594 12 17 1 0
1380 258 8 9 1 0
275 109 6 7 1 0
227 73 6 7 1 0
1672 246 8 9 1 0
629 331 8 9 1 0
1328 486 12 17 1 0
421 74 6 7 1 0
1211 557 12 17 1 0
1281 159 6 7 1 0
595 2 6 7 1 0
571 475 8 9 1 0
740 720 12 17 1 0
1226 187 6 7 1 0
533 209 8 9 1 0
325 311 8 9 1 0
314 28 6 7 1 0
709 681 12 17 1 0
117 555 12 17 1 0
1186 436 8 9 1 0
364 104 6 7 1 0
799 322 8 9 1 0
1526 620 12 17 1 0
660 180 6 7 1 0
309 537 12 17 1 0
1424 84 6 7 1 0
913 521 12 17 1 0
952 376 8 9 1 0
1608 768 12 17 1 0
348 276 8 9 1 0
1304 488 12 17 2 0
433 651 12 17 1 0
1468 484 8 9 1 0
126 651 12 17 1 0
1760 407 8 9 1 0
480 41 6 7 1 0
1568 533 12 17 1 0
848 252 8 9 1 0
1093 345 8 9 1 0
1318 165 6 7 1 0
180 732 12 17 1 0
393 537 12 17 1 0
1292 192 6 7 1 0
890 481 8 9 1 0
667 168 6 7 1 0
1207 567 12 17 1 0
277 236 8 9 1 0
603 615 12 17 1 0
1374 437 8 9 1 0
1166 553 12 17 1 0
1295 436 8 9 1 0
1216 132 6 7 1 0
1202 341 8 9 1 0
533 81 6 7 1 0
226 709 12 17 1 0
98 329 8 9 1 0
1520 329 8 9 1 0
790 572 12 17 1 0
252 365 8 9 1 0
1668 271 8 9 1 0
377 401 8 9 1 0
1347 44 6 7 1 0
118 174 6 7 1 0
1570 113 6 7 1 0
743 80 6 7 1 0
726 857 12 17 1 0
133 48 6 7 1 0
813 229 8 9 1 0
202 350 8 9 1 0
1325 306 8 9 1 0
822 280 8 9 1 0
1634 313 8 9 1 0
1167 364 8 9 1 0
337 671 12 17 1 0
823 528 12 17 1 0
238 17 6 7 1 0
744 203 7 8 1 0
640 435 8 9 1 0
1162 77 6 7 1 0
315 169 6 7 1 0
1798 39 6 7 1 0
170 557 12 17 1 0
749 765 12 17 1 0
1589 258 8 9 1 0
78 703 12 17 1 0
1599 221 8 9 1 0
1305 275 8 9 1 0
1349 36 6 7 1 0
1825 902 12 17 1 0
1201 129 6 7 1 0
384 637 12 17 1 0
1277 312 8 9 1 0
69 275 8 9 1 0
1703 534 12 17 1 0
643 489 12 17 1 0
760 220 8 9 1 0
85 657 12 17 1 0
714 447 8 9 1 0
1657 256 8 9 1 0
751 260 8 9 1 0
1843 210 8 9 1 0
1839 617 12 17 1 0
334 80 6 7 1 0
1549 231 8 9 1 0
1487 411 8 9 1 0
696 141 6 7 1 0
1617 510 12 17 1 0
1319 42 6 7 1 0
18 444 8 9 1 0
1300 74 6 7 1 0
1724 214 8 9 1 0
1793 158 6 7 1 0
1766 673 12 17 1 0
1811 791 12 17 1 0
1041 418 8 9 1 0
1705 788 12 17 1 0
326 23 6 7 1 0
1403 388 8 9 1 0
1447 14 6 7 1 0
1602 163 6 7 1 0
190 830 12 17 1 0
1279 24 6 7 1 0
726 500 12 17 1 0
1389 443 8 9 1 0
430 102 6 7 1 0
736 261 8 9 1 0
1541 928 12 17 1 0
1761 346 8 9 1 0
620 360 8 9 1 0
552 415 8 9 1 0
932 357 8 9 1 0
1519 350 8 9 1 0
1397 133 6 7 1 0
822 96 6 7 1 0
704 591 12 17 1 0
342 83 6 7 1 0
1699 258 8 9 1 0
1012 324 8 9 1 0
1364 460 8 9 1 0
1642 415 8 9 1 0
166 103 6 7 1 0
140 454 8 9 1 0
1294 270 8 9 1 0
860 440 8 9 1 0
851 563 12 17 1 0
1711 853 12 17 1 0
1390 184 6 7 1 0
607 679 12 17 1 0
788 178 6 7 1 0
694 866 12 17 1 0
732 119 6 7 1 0
1275 334 8 9 1 0
399 515 12 17 1 0
196 180 6 7 1 0
1388 165 6 7 1 0
120 204 7 8 1 0
1650 327 8 9 1 0
1575 239 8 9 1 0
152 855 12 17 1 0
1629 557 12 17 1 0
1680 740 12 17 1 0
294 74 6 7 1 0
267 948 12 17 1 0
613 488 12 17 1 0
236 545 12 17 1 0
1838 889 12 17 1 0
231 244 8 9 1 0
799 123 6 7 1 0
1367 341 8 9 1 0
714 896 12 17 1 0
95 471 8 9 1 0
434 59 6 7 1 0
1298 145 6 7 1 0
1186 592 12 17 1 0
1816 579 12 17 1 0
493 976 12 17 1 0
429 810 12 17 1 0
787 117 6 7 1 0
1237 267 8 9 1 0
340 714 12 17 1 0
1336 514 12 17 1 0
1482 271 8 9 1 0
1351 3 6 7 1 0
1329 276 8 9 1 0
1685 598 12 17 1 0
1006 254 8 9 1 0
1747 212 8 9 1 0
307 4 6 7 1 0
801 279 8 9 1 0
617 174 6 7 1 0
445 424 8 9 1 0
1723 936 12 17 1 0
1841 486 11 15 1 0
1171 22 6 7 1 0
1277 0 6 7 1 0
480 780 12 17 1 0
1658 617 12 17 1 0
39 183 6 7 1 0
323 71 6 7 1 0
133 554 12 17 2 0
1461 164 6 7 1 0
591 137 6 7 1 0
225 694 12 17 1 0
251 306 8 9 1 0
1332 405 8 9 1 0
819 551 12 17 1 0
1578 821 12 17 1 0
330 119 6 7 1 0
835 181 6 7 1 0
1433 3 6 7 1 0
894 304 8 9 1 0
195 676 12 17 1 0
782 106 6 7 1 0
1537 159 6 7 1 0
816 30 6 7 1 0
663 961 12 17 1 0
439 625 12 17 2 0
477 185 6 7 1 0
1285 601 12 17 1 0
1041 589 12 17 1 0
498 323 8 9 1 0
101 647 12 17 2 0
1593 200 7 8 1 0
1615 212 8 9 1 0
741 106 6 7 1 0
1359 89 6 7 1 0
1047 446 8 9 1 0
1484 278 8 9 1 0
104 301 8 9 1 0
334 816 12 17 1 0
1090 287 8 9 1 0
434 887 12 17 1 0
1836 444 8 9 1 0
117 267 8 9 1 0
73 622 12 17 1 0
81 743 12 17 1 0
1831 650 12 17 1 0
1534 827 12 17 1 0
1077 555 12 17 1 0
1736 729 12 17 1 0
843 219 8 9 1 0
253 615 12 17 1 0
905 422 8 9 1 0
710 295 8 9 1 0
428 762 12 17 1 0
717 367 8 9 1 0
506 12 6 7 1 0
188 488 12 17 1 0
700 398 8 9 1 0
545 668 12 17 1 0
1406 497 12 17 1 0
1375 347 8 9 1 0
1252 57 6 7 1 0
101 44 6 7 1 0
1718 131 6 7 1 0
588 201 7 8 1 0
475 961 12 17 1 0
420 130 6 7 1 0
1155 61 6 7 1 0
1099 267 8 9 1 0
260 45 6 7 1 0
348 908 12 17 1 0
399 204 6 7 1 0
1589 74 6 7 1 0
1509 262 8 9 1 0
366 966 12 17 1 0
681 545 12 17 1 0
1229 264 8 9 1 0
795 290 8 9 1 0
1059 567 12 17 1 0
242 97 6 7 1 0
1349 385 8 9 1 0
96 507 12 17 1 0
1421 288 8 9 1 0
152 388 8 9 1 0
688 169 6 7 1 0
452 540 12 17 1 0
713 98 6 7 1 0
160 118 6 7 1 0
433 282 8 9 1 0
265 610 12 17 1 0
497 128 6 7 1 0
1108 94 6 7 1 0
464 128 6 7 1 0
1166 30 6 7 1 0
486 488 12 17 2 0
1553 61 6 7 1 0
1553 53 6 7 1 0
1242 100 6 7 1 0
1617 852 12 17 1 0
1601 133 6 7 1 0
721 320 8 9 1 0
1373 34 6 7 1 0
62 845 12 17 1 0
1424 154 6 7 1 0
621 196 6 7 1 0
1618 199 7 8 1 0
1354 23 6 7 1 0
1002 333 8 9 1 0
757 343 8 9 1 0
167 704 12 17 1 0
600 392 8 9 1 0
1689 121 6 7 1 0
711 169 6 7 1 0
669 264 8 9 1 0
500 262 8 9 1 0
350 311 8 9 1 0
116 880 12 17 1 0
1227 83 6 7 1 0
1390 452 8 9 1 0
273 928 12 17 1 0
581 260 8 9 1 0
1271 66 6 7 1 0
738 237 8 9 1 0
99 57 6 7 1 0
1677 514 12 17 1 0
467 946 12 17 1 0
548 46 6 7 1 0
1376 83 6 7 1 0
1764 581 12 17 1 0
447 868 12 17 1 0
572 662 12 17 1 0
810 573 12 17 1 0
206 111 6 7 1 0
595 26 6 7 1 0
548 749 12 17 1 0
614 232 8 9 1 0
595 972 12 17 1 0
1055 221 8 9 1 0
689 98 6 7 1 0
1435 345 8 9 1 0
1421 522 12 17 1 0
752 245 8 9 1 0
1398 104 6 7 1 0
1246 183 6 7 1 0
1028 619 12 17 1 0
25 871 12 17 1 0
1751 226 8 9 1 0
608 663 12 17 1 0
1692 862 12 17 1 0
898 622 12 17 1 0
1827 88 6 7 1 0
1646 104 6 7 1 0
1326 497 12 17 1 0
1737 207 7 8 1 0
714 146 6 7 1 0
837 117 6 7 1 0
570 31 6 7 1 0
168 689 12 17 1 0
559 545 12 17 2 0
587 465 8 9 1 0
233 96 6 7 1 0
169 401 8 9 1 0
48 224 8 9 1 0
187 610 12 17 1 0
401 20 6 7 1 0
244 383 8 9 1 0
140 952 12 17 1 0
86 194 6 7 1 0
1370 90 6 7 1 0
669 141 6 7 1 0
898 441 8 9 1 0
164 830 12 17 1 0
770 790 12 17 1 0
194 153 6 7 1 0
70 638 12 17 1 0
367 66 6 7 1 0
473 522 12 17 1 0
257 123 6 7 1 0
1472 412 8 9 1 0
333 427 8 9 1 0
1579 25 6 7 1 0
1828 732 12 17 1 0
1406 31 6 7 1 0
1377 41 6 7 1 0
296 516 12 17 1 0
879 379 8 9 1 0
849 334 8 9 1 0
387 662 12 17 1 0
630 807 12 17 1 0
1296 156 6 7 1 0
1557 790 12 17 1 0
1098 223 8 9 1 0
444 66 6 7 1 0
1704 129 6 7 1 0
1642 211 8 9 1 0
662 775 12 17 1 0
196 284 8 9 1 0
252 63 6 7 1 0
340 810 12 17 1 0
1494 83 6 7 1 0
194 448 8 9 1 0
1557 464 8 9 1 0
635 762 12 17 1 0
679 165 6 7 1 0
683 725 12 17 1 0
1639 772 12 17 1 0
1250 374 8 9 1 0
192 171 6 7 1 0
1429 200 7 8 1 0
285 347 8 9 1 0
1648 745 12 17 1 0
1545 262 8 9 1 0
227 180 6 7 1 0
750 401 8 9 1 0
850 596 12 17 1 0
26 727 12 17 1 0
694 568 12 17 1 0
231 411 8 9 1 0
268 350 8 9 1 0
509 246 8 9 1 0
259 434 8 9 1 0
798 740 12 17 1 0
1054 277 8 9 1 0
218 466 8 9 1 0
1416 151 6 7 1 0
329 49 6 7 1 0
137 503 12 17 1 0
1272 22 6 7 1 0
838 602 12 17 1 0
1572 955 12 17 1 0
365 350 8 9 1 0
1523 754 12 17 1 0
228 622 12 17 1 0
248 572 12 17 1 0
660 379 8 9 1 0
1234 497 12 17 1 0
1786 178 6 7 1 0
196 4 6 7 1 0
1125 383 8 9 1 0
1005 279 8 9 1 0
134 183 6 7 1 0
66 914 12 17 1 0
521 434 8 9 1 0
40 319 8 9 1 0
473 878 12 17 1 0
503 234 8 9 1 0
5 907 12 17 1 0
959 543 12 17 1 0
1136 268 8 9 1 0
244 666 12 17 1 0
136 515 12 17 1 0
309 426 8 9 1 0
175 412 8 9 1 0
1117 303 8 9 1 0
811 141 6 7 1 0
1533 106 6 7 1 0
1440 60 6 7 1 0
991 517 12 17 1 0
497 301 8 9 1 0
107 750 12 17 1 0
492 674 12 17 1 0
105 530 12 17 1 0
1538 169 6 7 1 0
219 296 8 9 1 0
726 297 8 9 1 0
1711 547 12 17 1 0
565 348 8 9 1 0
130 891 12 17 1 0
1422 76 6 7 1 0
1182 78 6 7 1 0
1507 47 6 7 1 0
208 639 12 17 2 0
288 458 8 9 1 0
362 861 12 17 1 0
210 185 6 7 1 0
644 139 6 7 1 0
1579 183 6 7 1 0
1227 601 12 17 1 0
1353 498 12 17 1 0
492 740 12 17 1 0
1699 209 8 9 1 0
1811 127 6 7 1 0
1500 404 8 9 1 0
438 616 12 17 2 0
580 220 8 9 1 0
142 142 6 7 1 0
638 401 8 9 1 0
112 212 8 9 1 0
653 231 8 9 1 0
1267 117 6 7 1 0
183 71 6 7 1 0
1250 237 8 9 1 0
1494 141 6 7 1 0
1385 0 6 7 1 0
1315 127 6 7 1 0
1447 257 8 9 1 0
1533 71 6 7 1 0
232 53 6 7 1 0
556 694 12 17 1 0
543 451 8 9 1 0
1380 115 6 7 1 0
1648 979 12 17 1 0
255 114 6 7 1 0
356 566 12 17 1 0
931 389 8 9 1 0
1407 37 6 7 1 0
1709 980 12 17 1 0
415 88 6 7 1 0
283 193 6 7 1 0
861 226 8 9 1 0
486 194 6 7 1 0
152 63 6 7 1 0
1113 264 8 9 1 0
573 149 6 7 1 0
69 321 8 9 1 0
1458 343 8 9 1 0
67 245 8 9 1 0
1772 548 12 17 1 0
1601 274 8 9 1 0
607 567 12 17 1 0
255 746 12 17 1 0
484 743 12 17 1 0
1747 387 8 9 1 0
687 240 8 9 1 0
1529 609 12 17 1 0
1726 601 12 17 1 0
1775 718 12 17 1 0
624 473 8 9 1 0
1373 146 6 7 1 0
1408 367 8 9 1 0
664 4 6 7 1 0
514 351 8 9 1 0
1065 232 8 9 1 0
1513 77 6 7 1 0
800 892 12 17 1 0
229 743 12 17 1 0
524 322 8 9 1 0
301 124 6 7 1 0
497 67 6 7 1 0
760 772 12 17 1 0
497 19 6 7 1 0
1835 739 12 17 1 0
411 240 8 9 1 0
1218 391 8 9 1 0
1662 142 6 7 1 0
1569 888 12 17 1 0
1214 182 6 7 1 0
704 140 6 7 1 0
472 132 6 7 1 0
484 53 6 7 1 0
584 904 12 17 1 0
1831 334 8 9 1 0
74 191 6 7 1 0
1769 14 6 7 1 0
11 974 12 17 1 0
287 88 6 7 1 0
1462 256 8 9 1 0
1515 421 8 9 1 0
1471 35 6 7 1 0
1511 40 6 7 1 0
963 475 8 9 1 0
690 627 12 17 1 0
150 117 6 7 1 0
189 331 8 9 1 0
1155 482 8 9 1 0
464 242 8 9 1 0
1205 376 8 9 1 0
939 570 12 17 1 0
130 417 8 9 1 0
972 302 8 9 1 0
1449 45 6 7 1 0
893 606 12 17 1 0
1363 121 6 7 1 0
760 692 12 17 1 0
1379 192 6 7 1 0
807 50 6 7 1 0
1411 195 6 7 1 0
324 30 6 7 1 0
613 274 8 9 1 0
304 525 12 17 1 0
613 67 6 7 1 0
1064 523 12 17 1 0
6 854 12 17 1 0
517 230 8 9 1 0
1193 381 8 9 1 0
642 914 12 17 1 0
1754 83 6 7 1 0
1579 309 8 9 1 0
183 312 8 9 1 0
1530 133 6 7 1 0
1718 310 8 9 1 0
789 535 12 17 1 0
1493 372 8 9 1 0
78 391 8 9 1 0
1445 363 8 9 1 0
157 55 6 7 1 0
251 586 12 17 1 0
1277 120 6 7 1 0
1417 4 6 7 1 0
1807 55 6 7 1 0
1455 427 8 9 1 0
297 331 8 9 1 0
560 106 6 7 1 0
764 357 8 9 1 0
1748 276 8 9 1 0
253 81 6 7 1 0
90 41 6 7 1 0
1640 649 12 17 1 0
1269 157 6 7 1 0
1537 849 12 17 1 0
550 122 6 7 1 0
1179 495 12 17 1 0
94 850 12 17 1 0
849 623 12 17 1 0
549 440 8 9 1 0
1581 165 6 7 1 0
392 154 6 7 1 0
1827 663 12 17 1 0
900 330 8 9 1 0
152 432 8 9 1 0
1036 457 8 9 1 0
472 168 6 7 1 0
541 169 6 7 1 0
635 595 12 17 1 0
1297 2 6 7 1 0
1437 292 8 9 1 0
159 964 12 17 1 0
723 543 12 17 1 0
1541 453 8 9 1 0
1677 194 6 7 1 0
1298 181 6 7 1 0
307 104 6 7 1 0
1647 484 8 9 1 0
481 607 12 17 2 0
1564 516 12 17 1 0
437 842 12 17 1 0
128 580 12 17 1 0
99 312 8 9 1 0
375 67 6 7 1 0
370 449 8 9 1 0
401 740 12 17 1 0
306 487 12 17 1 0
530 604 12 17 1 0
1180 286 8 9 1 0
1424 398 8 9 1 0
292 358 8 9 1 0
1661 894 12 17 1 0
328 173 6 7 1 0
1312 205 7 8 1 0
208 3 6 7 1 0
804 209 8 9 1 0
1829 225 8 9 1 0
824 360 8 9 1 0
1808 844 12 17 1 0
732 471 8 9 1 0
1172 60 6 7 1 0
767 234 8 9 1 0
321 224 8 9 1 0
741 286 8 9 1 0
708 89 6 7 1 0
466 502 12 17 1 0
1471 283 8 9 1 0
392 164 6 7 1 0
718 261 8 9 1 0
1635 232 8 9 1 0
1574 265 8 9 1 0
1751 152 6 7 1 0
1634 738 12 17 1 0
647 314 8 9 1 0
1471 96 6 7 1 0
1655 517 12 17 1 0
994 589 12 17 1 0
1307 268 8 9 1 0
1801 682 12 17 1 0
1631 199 7 8 1 0
1518 125 6 7 1 0
194 625 12 17 1 0
1446 553 12 17 1 0
1577 642 12 17 1 0
538 353 8 9 1 0
1195 109 6 7 1 0
514 15 6 7 1 0
1514 310 8 9 1 0
746 33 6 7 1 0
1630 298 8 9 1 0
1622 327 8 9 1 0
847 581 12 17 1 0
1301 587 12 17 1 0
886 271 8 9 1 0
145 208 7 8 1 0
1310 439 8 9 1 0
916 465 8 9 1 0
1157 348 8 9 1 0
340 626 12 17 1 0
350 25 6 7 1 0
28 807 12 17 1 0
390 35 6 7 1 0
1132 257 8 9 1 0
1662 461 8 9 1 0
1601 203 7 8 1 0
1260 547 12 17 1 0
269 314 8 9 1 0
220 4 6 7 1 0
210 798 12 17 1 0
781 747 12 17 1 0
1688 197 7 8 1 0
1589 26 6 7 1 0
1121 597 12 17 1 0
1427 407 8 9 1 0
1561 277 8 9 1 0
538 477 8 9 1 0
370 26 6 7 1 0
564 542 12 17 2 0
1773 263 8 9 1 0
972 427 8 9 1 0
626 315 8 9 1 0
1157 583 12 17 1 0
39 8 6 7 1 0
589 63 6 7 1 0
471 75 6 7 1 0
1304 216 8 9 1 0
738 583 12 17 1 0
1152 516 12 17 1 0
597 843 12 17 1 0
1015 275 8 9 1 0
1357 271 8 9 1 0
349 642 12 17 1 0
178 385 8 9 1 0
1058 321 8 9 1 0
248 843 12 17 1 0
683 459 8 9 1 0
253 18 6 7 1 0
1512 209 8 9 1 0
1841 245 8 9 1 0
1811 895 12 17 1 0
1148 341 8 9 1 0
508 838 12 17 1 0
197 364 8 9 1 0
706 276 8 9 1 0
546 154 6 7 1 0
1492 260 8 9 1 0
49 201 6 7 1 0
1681 855 12 17 1 0
1302 54 6 7 1 0
710 570 12 17 1 0
203 57 6 7 1 0
281 40 6 7 1 0
1434 53 6 7 1 0
129 493 12 17 1 0
1564 134 6 7 1 0
981 254 8 9 1 0
61 532 12 17 1 0
467 343 8 9 1 0
1694 279 8 9 1 0
1604 79 6 7 1 0
110 905 12 17 1 0
739 441 8 9 1 0
19 121 6 7 1 0
631 622 12 17 1 0
39 651 12 17 1 0
1466 173 6 7 1 0
1573 724 12 17 1 0
1191 551 12 17 1 0
531 55 6 7 1 0
1259 127 6 7 1 0
501 361 8 9 1 0
1449 223 8 9 1 0
1010 300 8 9 1 0
1156 36 6 7 1 0
269 206 7 8 1 0
258 764 12 17 1 0
368 40 6 7 1 0
1565 807 12 17 1 0
1793 876 12 17 1 0
1738 285 8 9 1 0
129 705 12 17 1 0
1063 303 8 9 1 0
119 308 8 9 1 0
568 284 8 9 1 0
1636 676 12 17 1 0
279 172 6 7 1 0
1376 236 8 9 1 0
129 771 12 17 1 0
1497 310 8 9 1 0
677 509 12 17 1 0
646 70 6 7 1 0
1410 6 6 7 1 0
1549 421 8 9 1 0
1170 200 8 9 1 0
1761 315 8 9 1 0
232 138 6 7 1 0
482 173 6 7 1 0
1464 269 8 9 1 0
239 432 8 9 1 0
1651 136 6 7 1 0
211 74 6 7 1 0
740 682 12 17 1 0
1210 340 8 9 1 0
440 570 12 17 1 0
1396 72 6 7 1 0
1714 578 12 17 1 0
196 788 12 17 1 0
1491 545 12 17 1 0
430 530 12 17 1 0
1728 268 8 9 1 0
932 327 8 9 1 0
771 224 8 9 1 0
1138 404 8 9 1 0
1505 449 8 9 1 0
52 9 6 7 1 0
1284 184 6 7 1 0
889 249 8 9 1 0
1447 289 8 9 1 0
1455 219 8 9 1 0
153 553 12 17 1 0
1440 153 6 7 1 0
1718 238 8 9 1 0
103 707 12 17 2 0
42 689 12 17 1 0
564 271 8 9 1 0
1473 251 8 9 1 0
1717 374 8 9 1 0
98 654 12 17 2 0
236 630 12 17 2 0
1510 739 12 17 1 0
1848 258 8 9 1 0
494 917 12 17 1 0
420 676 12 17 1 0
23 912 12 17 2 0
661 108 6 7 1 0
1110 234 8 9 1 0
293 412 8 9 1 0
131 847 12 17 1 0
206 652 12 17 1 0
281 313 8 9 1 0
820 265 8 9 1 0
1192 220 8 9 1 0
1320 575 12 17 1 0
424 379 8 9 1 0
1362 111 6 7 1 0
638 521 12 17 1 0
30 529 12 17 1 0
317 717 12 17 1 0
1610 483 8 9 1 0
1237 239 8 9 1 0
699 733 12 17 1 0
1070 374 8 9 1 0
408 572 12 17 1 0
565 927 12 17 2 0
1361 5 6 7 1 0
185 146 6 7 1 0
400 132 6 7 1 0
143 479 8 9 1 0
1797 357 8 9 1 0
1432 107 6 7 1 0
519 879 12 17 1 0
1679 212 8 9 1 0
1021 503 12 17 1 0
94 172 6 7 1 0
580 47 6 7 1 0
728 777 12 17 1 0
97 34 6 7 1 0
457 261 8 9 1 0
605 128 6 7 1 0
728 691 12 17 1 0
289 53 6 7 1 0
909 305 8 9 1 0
772 175 6 7 1 0
395 327 8 9 1 0
52 88 6 7 1 0
959 205 8 9 1 0
506 933 12 17 1 0
789 767 12 17 1 0
368 85 6 7 1 0
1022 256 8 9 1 0
1587 177 6 7 1 0
740 16 6 7 1 0
1736 335 8 9 1 0
1036 385 8 9 1 0
1028 310 8 9 1 0
1239 586 12 17 1 0
1818 422 8 9 1 0
1165 494 12 17 1 0
1148 324 8 9 1 0
817 295 8 9 1 0
1263 284 8 9 1 0
709 59 6 7 1 0
348 206 7 8 1 0
1188 69 6 7 1 0
277 100 6 7 1 0
1282 74 6 7 1 0
313 632 12 17 1 0
635 842 12 17 1 0
194 68 6 7 1 0
522 175 6 7 1 0
1026 554 12 17 1 0
824 614 12 17 1 0
1515 184 6 7 1 0
1158 294 8 9 1 0
1728 38 6 7 1 0
1693 892 12 17 1 0
14 110 6 7 1 0
680 618 12 17 1 0
219 794 12 17 1 0
450 559 12 17 1 0
800 52 6 7 1 0
32 772 12 17 1 0
875 502 12 17 1 0
1391 10 6 7 1 0
752 886 12 17 1 0
748 626 12 17 1 0
505 330 8 9 1 0
1779 123 6 7 1 0
380 438 8 9 1 0
383 173 6 7 1 0
472 653 12 17 1 0
154 495 12 17 1 0
594 9 6 7 1 0
1224 2 6 7 1 0
1792 49 6 7 1 0
86 938 12 17 1 0
1275 302 8 9 1 0
1449 85 6 7 1 0
620 591 12 17 1 0
1144 354 8 9 1 0
1317 272 8 9 1 0
1653 315 8 9 1 0
1687 529 12 17 1 0
341 555 12 17 1 0
70 175 6 7 1 0
1292 73 6 7 1 0
1812 66 6 7 1 0
778 418 8 9 1 0
173 581 12 17 1 0
1663 655 12 17 1 0
1652 423 8 9 1 0
623 273 8 9 1 0
1280 275 8 9 1 0
411 365 8 9 1 0
601 233 8 9 1 0
85 383 8 9 1 0
1558 71 6 7 1 0
873 63 6 7 1 0
1543 70 6 7 1 0
580 755 12 17 1 0
1342 98 6 7 1 0
1379 270 8 9 1 0
154 101 6 7 1 0
1507 395 8 9 1 0
1374 158 6 7 1 0
1610 291 8 9 1 0
785 35 6 7 1 0
757 706 12 17 1 0
1226 388 8 9 1 0
1798 267 8 9 1 0
1017 314 8 9 1 0
73 206 6 7 1 0
1648 125 6 7 1 0
1508 561 12 17 1 0
1134 610 12 17 1 0
501 672 12 17 1 0
582 799 12 17 1 0
716 494 12 17 1 0
142 720 12 17 1 0
1779 944 12 17 1 0
577 22 6 7 1 0
1850 903 12 17 1 0
1229 90 6 7 1 0
1773 181 6 7 1 0
1315 501 12 17 1 0
155 280 8 9 1 0
448 372 8 9 1 0
584 579 12 17 1 0
673 344 8 9 1 0
979 392 8 9 1 0
412 842 12 17 1 0
17 683 12 17 1 0
1366 149 6 7 1 0
1553 193 6 7 1 0
479 840 12 17 1 0
1661 876 12 17 1 0
83 429 8 9 1 0
1329 121 6 7 1 0
1519 42 6 7 1 0
951 270 8 9 1 0
383 192 6 7 1 0
985 443 8 9 1 0
1766 44 6 7 1 0
758 573 12 17 1 0
1600 187 6 7 1 0
39 123 6 7 1 0
278 722 12 17 1 0
746 190 6 7 1 0
91 256 8 9 1 0
361 20 6 7 1 0
1393 148 6 7 1 0
385 295 8 9 1 0
612 18 6 7 1 0
292 574 12 17 1 0
34 226 8 9 1 0
1414 542 12 17 1 0
558 882 12 17 1 0
656 281 8 9 1 0
382 573 12 17 1 0
49 25 6 7 1 0
143 392 8 9 1 0
244 192 6 7 1 0
391 140 6 7 1 0
535 323 8 9 1 0
320 798 12 17 1 0
1664 71 6 7 1 0
603 92 6 7 1 0
1404 431 8 9 1 0
1504 285 8 9 1 0
304 807 12 17 1 0
681 919 12 17 1 0
1006 589 12 17 1 0
839 424 8 9 1 0
49 71 6 7 1 0
1557 87 6 7 1 0
861 22 6 7 1 0
1281 138 6 7 1 0
647 280 8 9 1 0
1516 53 6 7 1 0
785 246 8 9 1 0
1638 538 12 17 1 0
257 267 8 9 1 0
1338 341 8 9 1 0
1591 804 12 17 1 0
779 81 6 7 1 0
1739 16 6 7 1 0
1452 459 8 9 1 0
481 594 12 17 1 0
249 333 8 9 1 0
338 165 6 7 1 0
1647 679 12 17 1 0
1348 543 12 17 2 0
268 600 12 17 1 0
271 558 12 17 1 0
627 977 12 17 1 0
457 441 8 9 1 0
318 183 6 7 1 0
1185 565 12 17 1 0
443 887 12 17 1 0
479 701 12 17 1 0
239 155 6 7 1 0
272 426 8 9 1 0
1219 178 6 7 1 0
995 480 8 9 1 0
1502 330 8 9 1 0
1806 259 8 9 1 0
754 26 6 7 1 0
1659 374 8 9 1 0
775 125 6 7 1 0
213 850 12 17 1 0
231 957 12 17 1 0
893 517 12 17 1 0
486 101 6 7 1 0
1458 119 6 7 1 0
814 122 6 7 1 0
964 389 8 9 1 0
1765 393 8 9 1 0
1483 255 8 9 1 0
508 113 6 7 1 0
1580 70 6 7 1 0
1750 311 8 9 1 0
1366 83 6 7 1 0
1324 2 6 7 1 0
1303 226 8 9 1 0
599 458 8 9 1 0
1368 53 6 7 1 0
2 655 12 17 2 0
763 246 8 9 1 0
1672 28 6 7 1 0
1326 381 8 9 1 0
1116 284 8 9 1 0
400 317 8 9 1 0
133 564 12 17 2 0
1390 587 12 17 1 0
408 488 12 17 1 0
1232 414 8 9 1 0
1380 153 6 7 1 0
767 465 8 9 1 0
720 818 12 17 1 0
1205 324 8 9 1 0
602 296 8 9 1 0
808 326 8 9 1 0
732 191 6 7 1 0
778 433 8 9 1 0
302 880 12 17 1 0
1194 360 8 9 1 0
1795 609 12 17 1 0
1466 16 6 7 1 0
988 328 8 9 1 0
1028 589 12 17 1 0
452 121 6 7 1 0
730 713 12 17 1 0
315 241 8 9 1 0
1397 96 6 7 1 0
1548 157 6 7 1 0
1573 969 12 17 1 0
964 222 8 9 1 0
545 100 6 7 1 0
623 220 8 9 1 0
1551 111 6 7 1 0
1237 94 6 7 1 0
1345 180 6 7 1 0
1506 215 8 9 1 0
795 80 6 7 1 0
518 617 12 17 1 0
1537 252 8 9 1 0
412 457 8 9 1 0
69 588 12 17 1 0
221 108 6 7 1 0
978 423 8 9 1 0
1382 510 12 17 1 0
492 83 6 7 1 0
1280 92 6 7 1 0
291 13 6 7 1 0
1399 41 6 7 1 0
1703 685 12 17 1 0
521 494 12 17 2 0
1613 318 8 9 1 0
1633 415 8 9 1 0
1459 232 8 9 1 0
267 772 12 17 1 0
1462 133 6 7 1 0
992 297 8 9 1 0
782 155 6 7 1 0
799 152 6 7 1 0
1525 340 8 9 1 0
970 376 8 9 1 0
663 27 6 7 1 0
755 733 12 17 1 0
209 276 8 9 1 0
401 72 6 7 1 0
261 65 6 7 1 0
1269 282 8 9 1 0
540 112 6 7 1 0
589 235 8 9 1 0
658 711 12 17 1 0
51 134 6 7 1 0
681 703 12 17 1 0
1783 96 6 7 1 0
1258 5 6 7 1 0
111 108 6 7 1 0
1044 240 8 9 1 0
407 107 6 7 1 0
420 653 12 17 1 0
843 475 8 9 1 0
83 329 8 9 1 0
1608 216 8 9 1 0
1825 264 8 9 1 0
1459 210 8 9 1 0
1098 297 8 9 1 0
1208 496 12 17 1 0
843 492 12 17 2 0
1762 781 12 17 1 0
1398 308 8 9 1 0
1496 51 6 7 1 0
843 548 12 17 1 0
849 386 8 9 1 0
176 216 8 9 1 0
1281 567 12 17 1 0
69 355 8 9 1 0
0 721 12 17 1 0
204 167 6 7 1 0
1615 827 12 17 1 0
1090 260 8 9 1 0
1521 139 6 7 1 0
528 25 6 7 1 0
601 117 6 7 1 0
40 367 8 9 1 0
396 91 6 7 1 0
1385 119 6 7 1 0
98 222 8 9 1 0
459 322 8 9 1 0
146 15 6 7 1 0
1213 270 8 9 1 0
493 565 12 17 1 0
608 123 6 7 1 0
1781 269 8 9 1 0
558 647 12 17 1 0
1370 139 6 7 1 0
626 140 6 7 1 0
556 161 6 7 1 0
942 641 12 17 1 0
601 430 8 9 1 0
144 551 12 17 1 0
198 236 8 9 1 0
994 459 8 9 1 0
1364 237 8 9 1 0
292 477 8 9 1 0
657 322 8 9 1 0
560 845 12 17 1 0
401 120 6 7 1 0
1368 374 8 9 1 0
424 332 8 9 1 0
601 147 6 7 1 0
1468 156 6 7 1 0
1769 685 12 17 1 0
1632 355 8 9 1 0
1834 219 8 9 1 0
1835 171 7 8 1 0
140 601 12 17 1 0
535 144 6 7 1 0
1758 267 8 9 1 0
1250 483 8 9 1 0
366 948 12 17 1 0
808 634 12 17 1 0
88 349 8 9 1 0
909 83 6 7 1 0
12 900 12 17 1 0
627 429 8 9 1 0
1472 494 12 17 1 0
1716 651 12 17 1 0
1580 331 8 9 1 0
523 192 6 7 1 0
358 204 7 8 1 0
1085 427 8 9 1 0
1741 834 12 17 1 0
662 508 12 17 1 0
731 171 6 7 1 0
151 241 8 9 1 0
1842 232 8 9 1 0
515 475 8 9 1 0
470 671 12 17 1 0
1514 452 8 9 1 0
632 720 12 17 1 0
521 489 12 17 2 0
872 77 6 7 1 0
1154 503 12 17 1 0
932 487 12 17 1 0
1443 214 8 9 1 0
677 558 12 17 1 0
667 535 12 17 1 0
1356 516 12 17 1 0
511 87 6 7 1 0
1066 338 8 9 1 0
322 779 12 17 1 0
1483 136 6 7 1 0
119 664 12 17 1 0
1631 54 6 7 1 0
519 151 6 7 1 0
194 266 8 9 1 0
1627 121 6 7 1 0
1621 977 12 17 1 0
617 381 8 9 1 0
350 780 12 17 1 0
603 27 6 7 1 0
450 305 8 9 1 0
1539 229 8 9 1 0
251 180 6 7 1 0
1230 397 8 9 1 0
1332 172 6 7 1 0
1444 481 8 9 1 0
117 50 6 7 1 0
643 796 12 17 2 0
756 234 8 9 1 0
1848 469 9 11 1 0
37 263 8 9 1 0
364 640 12 17 1 0
29 65 6 7 1 0
985 623 12 17 1 0
1121 240 8 9 1 0
1467 217 8 9 1 0
245 826 12 17 1 0
1418 429 8 9 1 0
366 281 8 9 1 0
684 121 6 7 1 0
1724 715 12 17 1 0
1646 80 6 7 1 0
1856 408 8 9 1 0
829 5 6 7 1 0
573 591 12 17 1 0
1102 281 8 9 1 0
401 796 12 17 1 0
560 140 6 7 1 0
768 492 12 17 1 0
1386 202 7 8 1 0
1593 165 6 7 1 0
1283 300 8 9 1 0
710 191 6 7 1 0
1769 972 12 17 1 0
1606 367 8 9 1 0
1729 758 12 17 1 0
666 49 6 7 1 0
773 244 8 9 1 0
1328 295 8 9 1 0
1246 514 12 17 1 0
234 521 12 17 1 0
864 89 6 7 1 0
876 100 6 7 1 0
786 429 8 9 1 0
659 434 8 9 1 0
1230 318 8 9 1 0
1788 149 6 7 1 0
843 76 6 7 1 0
86 339 8 9 1 0
1043 287 8 9 1 0
574 136 6 7 1 0
1762 168 6 7 1 0
90 405 8 9 1 0
283 907 12 17 1 0
794 116 6 7 1 0
1214 347 8 9 1 0
724 485 10 13 1 0
255 278 8 9 1 0
1673 149 6 7 1 0
1400 215 8 9 1 0
1310 395 8 9 1 0
1557 147 6 7 1 0
1652 196 7 8 1 0
551 595 12 17 1 0
838 72 6 7 1 0
1186 262 8 9 1 0
1851 636 12 17 1 0
160 672 12 17 1 0
333 964 12 17 1 0
846 32 6 7 1 0
1058 292 8 9 1 0
1763 205 8 9 1 0
1354 349 8 9 1 0
804 412 8 9 1 0
803 848 12 17 1 0
147 669 12 17 1 0
26 743 12 17 1 0
968 547 12 17 1 0
540 230 8 9 1 0
1664 193 6 7 1 0
1254 139 6 7 1 0
804 5 6 7 1 0
1517 658 12 17 1 0
1655 91 6 7 1 0
1626 967 12 17 1 0
1642 156 6 7 1 0
1571 214 8 9 1 0
552 714 12 17 1 0
890 443 8 9 1 0
1366 5 6 7 1 0
788 318 8 9 1 0
103 496 12 17 1 0
1627 543 12 17 1 0
1552 183 6 7 1 0
1285 47 6 7 1 0
144 50 6 7 1 0
611 51 6 7 1 0
396 102 6 7 1 0
1135 461 8 9 1 0
877 475 8 9 1 0
1631 262 8 9 1 0
1227 331 8 9 1 0
1720 422 8 9 1 0
1667 773 12 17 1 0
1023 465 8 9 1 0
1590 903 12 17 1 0
191 587 12 17 1 0
19 79 6 7 1 0
223 678 12 17 1 0
1346 591 12 17 1 0
1300 20 6 7 1 0
242 864 12 17 1 0
1420 316 8 9 1 0
56 337 8 9 1 0
395 399 8 9 1 0
1302 135 6 7 1 0
431 135 6 7 1 0
508 774 12 17 1 0
1139 237 8 9 1 0
546 321 8 9 1 0
1725 291 8 9 1 0
1487 58 6 7 1 0
1554 352 8 9 1 0
588 336 8 9 1 0
1522 109 6 7 1 0
1439 33 6 7 1 0
692 826 12 17 1 0
783 882 12 17 1 0
303 393 8 9 1 0
427 119 6 7 1 0
1673 825 12 17 1 0
1356 80 6 7 1 0
1170 528 12 17 1 0
716 837 12 17 1 0
1422 161 6 7 1 0
1780 149 6 7 1 0
669 281 8 9 1 0
1660 153 6 7 1 0
1202 227 8 9 1 0
1289 589 12 17 1 0
1655 394 8 9 1 0
705 921 12 17 1 0
132 675 12 17 1 0
838 623 12 17 1 0
710 877 12 17 1 0
257 600 12 17 1 0
1711 487 12 17 2 0
1281 352 8 9 1 0
1479 162 6 7 1 0
1112 252 8 9 1 0
1558 34 6 7 1 0
146 308 8 9 1 0
950 246 8 9 1 0
564 132 6 7 1 0
466 118 6 7 1 0
1167 349 8 9 1 0
1603 172 6 7 1 0
685 144 6 7 1 0
787 6 6 7 1 0
252 877 12 17 1 0
810 391 8 9 1 0
1254 212 8 9 1 0
491 326 8 9 1 0
1456 536 12 17 1 0
721 279 8 9 1 0
1771 647 12 17 1 0
636 313 8 9 1 0
671 300 8 9 1 0
1249 229 8 9 1 0
1180 358 8 9 1 0
477 195 6 7 1 0
502 157 6 7 1 0
1729 325 8 9 1 0
116 157 6 7 1 0
500 447 8 9 1 0
369 365 8 9 1 0
1267 130 6 7 1 0
1553 138 6 7 1 0
334 701 12 17 1 0
75 9 6 7 1 0
1636 272 8 9 1 0
188 28 6 7 1 0
1777 399 8 9 1 0
1312 560 12 17 1 0
790 650 12 17 1 0
741 330 8 9 1 0
1485 222 8 9 1 0
1222 300 8 9 1 0
1686 268 8 9 1 0
207 476 8 9 1 0
770 169 6 7 1 0
454 593 12 17 1 0
420 434 8 9 1 0
1477 7 6 7 1 0
811 68 6 7 1 0
173 227 8 9 1 0
1150 376 8 9 1 0
959 385 8 9 1 0
1231 167 6 7 1 0
1546 210 8 9 1 0
136 533 12 17 1 0
1590 361 8 9 1 0
1192 417 8 9 1 0
165 208 7 8 1 0
1300 101 6 7 1 0
1240 400 8 9 1 0
938 427 8 9 1 0
965 254 8 9 1 0
771 705 12 17 1 0
1446 435 8 9 1 0
706 99 6 7 1 0
558 505 12 17 1 0
291 156 6 7 1 0
1329 91 6 7 1 0
781 363 8 9 1 0
1710 492 12 17 2 0
88 886 12 17 1 0
1541 111 6 7 1 0
1376 561 12 17 1 0
1013 253 8 9 1 0
1278 51 6 7 1 0
188 747 12 17 1 0
1782 31 6 7 1 0
91 182 6 7 1 0
1107 375 8 9 1 0
1811 172 6 7 1 0
298 317 8 9 1 0
582 864 12 17 1 0
384 144 6 7 1 0
1352 410 8 9 1 0
370 662 12 17 1 0
1353 538 12 17 2 0
120 65 6 7 1 0
1506 537 12 17 1 0
1655 833 12 17 1 0
1358 102 6 7 1 0
1326 261 8 9 1 0
1389 204 7 8 1 0
608 761 12 17 1 0
1826 202 8 9 1 0
808 455 8 9 1 0
178 335 8 9 1 0
743 796 12 17 1 0
1840 385 8 9 1 0
208 297 8 9 1 0
1302 566 12 17 1 0
1430 1 6 7 1 0
1067 484 8 9 1 0
1690 382 8 9 1 0
1258 431 8 9 1 0
213 17 6 7 1 0
343 376 8 9 1 0
1057 324 8 9 1 0
354 933 12 17 1 0
537 629 12 17 1 0
302 94 6 7 1 0
1273 419 8 9 1 0
236 639 12 17 2 0
1004 240 8 9 1 0
519 974 12 17 1 0
1699 604 12 17 1 0
485 492 12 17 2 0
943 229 8 9 1 0
403 11 6 7 1 0
1625 100 6 7 1 0
461 188 6 7 1 0
1178 570 12 17 1 0
1606 522 12 17 1 0
527 264 8 9 1 0
1771 504 12 17 1 0
777 22 6 7 1 0
1278 202 7 8 1 0
1457 14 6 7 1 0
127 606 12 17 1 0
1441 346 8 9 1 0
102 779 12 17 1 0
155 415 8 9 1 0
1826 245 8 9 1 0
73 62 6 7 1 0
407 761 12 17 1 0
625 76 6 7 1 0
164 48 6 7 1 0
1389 46 6 7 1 0
807 266 8 9 1 0
1165 605 12 17 1 0
1603 594 12 17 1 0
962 335 8 9 1 0
485 258 8 9 1 0
394 231 8 9 1 0
858 266 8 9 1 0
282 115 6 7 1 0
1644 156 6 7 1 0
1741 411 8 9 1 0
1389 385 8 9 1 0
1150 609 12 17 1 0
1649 630 12 17 2 0
1759 279 8 9 1 0
114 230 8 9 1 0
1679 150 6 7 1 0
185 924 12 17 1 0
297 241 8 9 1 0
813 561 12 17 1 0
529 707 12 17 1 0
533 840 12 17 1 0
1675 229 8 9 1 0
823 206 7 8 1 0
1477 288 8 9 1 0
1323 22 6 7 1 0
888 325 8 9 1 0
1761 108 6 7 1 0
1730 159 6 7 1 0
739 134 6 7 1 0
1349 306 8 9 1 0
1213 543 12 17 1 0
1205 202 7 8 1 0
494 177 6 7 1 0
379 135 6 7 1 0
799 541 12 17 1 0
1282 403 8 9 1 0
1167 573 12 17 1 0
125 121 6 7 1 0
533 3 6 7 1 0
1448 312 8 9 1 0
1766 184 6 7 1 0
784 707 12 17 1 0
536 487 12 17 2 0
1035 570 12 17 1 0
140 753 12 17 1 0
218 714 12 17 1 0
362 493 12 17 1 0
7 204 7 8 1 0
1395 408 8 9 1 0
1435 547 12 17 1 0
201 443 8 9 1 0
985 263 8 9 1 0
1533 248 8 9 1 0
1696 726 12 17 1 0
1379 312 8 9 1 0
54 538 12 17 1 0
1230 47 6 7 1 0
321 135 6 7 1 0
575 421 8 9 1 0
1212 147 6 7 1 0
1604 123 6 7 1 0
14 669 12 17 1 0
1493 478 8 9 1 0
854 5 6 7 1 0
1721 691 12 17 1 0
1373 107 6 7 1 0
1522 312 8 9 1 0
1711 353 8 9 1 0
1645 830 12 17 1 0
826 250 8 9 1 0
612 739 12 17 1 0
1654 156 6 7 1 0
150 870 12 17 1 0
1402 319 8 9 1 0
1642 360 8 9 1 0
206 517 12 17 1 0
850 449 8 9 1 0
13 502 11 15 1 0
1449 196 6 7 1 0
1575 133 6 7 1 0
1591 428 8 9 1 0
415 420 8 9 1 0
1123 51 6 7 1 0
1729 474 8 9 1 0
1591 844 12 17 1 0
1348 124 6 7 1 0
1188 126 6 7 1 0
1386 127 6 7 1 0
23 179 6 7 1 0
1737 271 8 9 1 0
990 534 12 17 1 0
759 135 6 7 1 0
184 353 8 9 1 0
449 185 6 7 1 0
1630 282 8 9 1 0
524 10 6 7 1 0
234 314 8 9 1 0
1429 98 6 7 1 0
238 679 12 17 1 0
620 110 6 7 1 0
350 43 6 7 1 0
723 236 8 9 1 0
620 298 8 9 1 0
496 701 12 17 1 0
1184 329 8 9 1 0
114 677 12 17 1 0
89 590 12 17 1 0
424 343 8 9 1 0
383 691 12 17 1 0
1807 614 12 17 1 0
1667 25 6 7 1 0
86 493 12 17 1 0
325 290 8 9 1 0
1110 275 8 9 1 0
301 83 6 7 1 0
1526 148 6 7 1 0
1801 68 6 7 1 0
121 838 12 17 1 0
991 254 8 9 1 0
1703 908 12 17 1 0
1128 560 12 17 1 0
582 701 12 17 1 0
56 260 8 9 1 0
638 856 12 17 1 0
267 368 8 9 1 0
1618 947 12 17 1 0
799 98 6 7 1 0
732 344 8 9 1 0
1825 395 8 9 1 0
1666 722 12 17 1 0
1072 430 8 9 1 0
910 643 12 17 1 0
570 487 12 17 1 0
674 483 8 9 1 0
630 195 6 7 1 0
1206 483 8 9 1 0
1818 57 6 7 1 0
45 481 8 9 1 0
1479 237 8 9 1 0
584 500 12 17 1 0
841 488 12 17 2 0
1401 540 12 17 1 0
741 549 12 17 1 0
30 242 8 9 1 0
88 634 12 17 1 0
8 313 8 9 1 0
1815 733 12 17 1 0
844 130 6 7 1 0
1409 118 6 7 1 0
1624 928 12 17 1 0
224 568 12 17 1 0
523 472 8 9 1 0
637 647 12 17 1 0
1757 9 6 7 1 0
60 962 12 17 1 0
415 548 12 17 1 0
334 448 8 9 1 0
1657 353 8 9 1 0
1472 520 12 17 1 0
780 54 6 7 1 0
280 570 12 17 1 0
672 413 8 9 1 0
961 558 12 17 1 0
779 9 6 7 1 0
925 326 8 9 1 0
161 582 12 17 1 0
1564 148 6 7 1 0
470 561 12 17 1 0
816 310 8 9 1 0
1384 329 8 9 1 0
238 303 8 9 1 0
1078 286 8 9 1 0
1366 496 12 17 1 0
1243 113 6 7 1 0
1482 101 6 7 1 0
1593 971 12 17 1 0
1132 290 8 9 1 0
1636 924 12 17 1 0
1312 315 8 9 1 0
879 402 8 9 1 0
1385 297 8 9 1 0
884 573 12 17 1 0
285 698 12 17 1 0
1496 277 8 9 1 0
275 248 8 9 1 0
688 951 12 17 1 0
1564 432 8 9 1 0
879 363 8 9 1 0
274 410 8 9 1 0
1418 31 6 7 1 0
327 525 12 17 1 0
797 818 12 17 1 0
1262 52 6 7 1 0
1671 782 12 17 1 0
1632 411 8 9 1 0
1779 457 8 9 1 0
1401 559 12 17 1 0
1330 447 8 9 1 0
1513 162 6 7 1 0
1518 213 8 9 1 0
1686 255 8 9 1 0
1304 89 6 7 1 0
758 902 12 17 1 0
228 402 8 9 1 0
1145 485 11 15 1 0
1126 250 8 9 1 0
836 454 8 9 1 0
1630 96 6 7 1 0
74 98 6 7 1 0
703 939 12 17 1 0
1412 21 6 7 1 0
582 879 12 17 1 0
373 324 8 9 1 0
35 305 8 9 1 0
679 33 6 7 1 0
585 627 12 17 1 0
236 290 8 9 1 0
1700 447 8 9 1 0
1249 37 6 7 1 0
1600 324 8 9 1 0
1527 283 8 9 1 0
1477 437 8 9 1 0
783 820 12 17 1 0
1114 214 8 9 1 0
128 439 8 9 1 0
725 182 6 7 1 0
1286 330 8 9 1 0
1742 696 12 17 1 0
1183 348 8 9 1 0
1212 202 7 8 1 0
1753 322 8 9 1 0
1767 624 12 17 1 0
348 355 8 9 1 0
582 80 6 7 1 0
1340 346 8 9 1 0
80 156 6 7 1 0
22 6 6 7 1 0
1725 254 8 9 1 0
11 654 12 17 1 0
339 492 12 17 1 0
554 521 12 17 1 0
1211 0 6 7 1 0
1245 1 6 7 1 0
985 570 12 17 1 0
690 123 6 7 1 0
648 41 6 7 1 0
288 281 8 9 1 0
295 107 6 7 1 0
617 75 6 7 1 0
929 469 8 9 2 0
1219 92 6 7 1 0
1666 171 6 7 1 0
1569 623 12 17 1 0
712 735 12 17 1 0
1167 381 8 9 1 0
272 8 6 7 1 0
157 889 12 17 1 0
783 520 12 17 1 0
1651 566 12 17 1 0
1063 549 12 17 1 0
1594 240 8 9 1 0
215 264 8 9 1 0
382 153 6 7 1 0
89 85 6 7 1 0
287 746 12 17 1 0
461 424 8 9 1 0
273 851 12 17 1 0
459 297 8 9 1 0
1648 61 6 7 1 0
1331 24 6 7 1 0
1560 104 6 7 1 0
1492 97 6 7 1 0
1365 442 8 9 1 0
1150 421 8 9 1 0
947 385 8 9 1 0
588 224 8 9 1 0
464 597 12 17 1 0
1003 442 8 9 1 0
1625 469 8 9 1 0
527 301 8 9 1 0
1615 228 8 9 1 0
1110 337 8 9 1 0
1045 432 8 9 1 0
702 766 12 17 1 0
1531 245 8 9 1 0
1267 324 8 9 1 0
1520 97 6 7 1 0
44 665 12 17 1 0
1124 26 6 7 1 0
1051 214 8 9 1 0
1123 420 8 9 1 0
437 336 8 9 1 0
1845 281 8 9 1 0
1545 528 12 17 1 0
1656 551 12 17 1 0
469 786 12 17 1 0
692 228 8 9 1 0
769 116 6 7 1 0
532 640 12 17 1 0
1419 133 6 7 1 0
1553 211 8 9 1 0
1349 110 6 7 1 0
1798 309 8 9 1 0
314 147 6 7 1 0
724 397 8 9 1 0
1778 969 12 17 1 0
505 607 12 17 1 0
52 294 8 9 1 0
1523 52 6 7 1 0
1809 322 8 9 1 0
758 117 6 7 1 0
714 38 6 7 1 0
643 86 6 7 1 0
1502 517 12 17 1 0
940 272 8 9 1 0
1415 271 8 9 1 0
526 108 6 7 1 0
457 468 8 9 1 0
1755 947 12 17 1 0
420 163 6 7 1 0
1508 492 12 17 2 0
1632 75 6 7 1 0
233 611 12 17 1 0
800 666 12 17 1 0
771 454 8 9 1 0
743 217 8 9 1 0
674 669 12 17 1 0
755 481 8 9 1 0
331 346 8 9 1 0
659 121 6 7 1 0
1436 206 7 8 1 0
290 557 12 17 1 0
614 314 8 9 1 0
858 464 8 9 1 0
27 823 12 17 1 0
287 77 6 7 1 0
658 540 12 17 1 0
1220 586 12 17 1 0
1523 880 12 17 1 0
1129 365 8 9 1 0
1296 8 6 7 1 0
80 77 6 7 1 0
1804 169 6 7 1 0
919 348 8 9 1 0
240 105 6 7 1 0
1544 607 12 17 1 0
40 842 12 17 1 0
1652 210 8 9 1 0
953 364 8 9 1 0
87 113 6 7 1 0
1307 240 8 9 1 0
6 886 12 17 1 0
353 480 8 9 1 0
1369 261 8 9 1 0
1253 563 12 17 1 0
384 899 12 17 1 0
437 36 6 7 1 0
453 342 8 9 1 0
84 804 12 17 1 0
682 110 6 7 1 0
948 214 8 9 1 0
1680 424 8 9 1 0
1725 70 6 7 1 0
52 790 12 17 1 0
703 47 6 7 1 0
313 463 8 9 1 0
1238 258 8 9 1 0
335 68 6 7 1 0
1621 245 8 9 1 0
1322 251 8 9 1 0
757 751 12 17 1 0
197 125 6 7 1 0
1005 474 8 9 1 0
1416 42 6 7 1 0
411 500 12 17 1 0
307 439 8 9 1 0
1620 410 8 9 1 0
1634 376 8 9 1 0
118 764 12 17 1 0
1306 120 6 7 1 0
1634 106 6 7 1 0
1346 508 12 17 1 0
109 281 8 9 1 0
574 373 8 9 1 0
554 28 6 7 1 0
1401 54 6 7 1 0
145 500 12 17 1 0
683 430 8 9 1 0
1250 385 8 9 1 0
826 176 6 7 1 0
1689 578 12 17 1 0
1434 174 6 7 1 0
1679 939 12 17 1 0
570 780 12 17 1 0
1478 60 6 7 1 0
1478 51 6 7 1 0
1654 3 6 7 1 0
924 365 8 9 1 0
210 205 7 8 1 0
1446 22 6 7 1 0
1454 146 6 7 1 0
509 284 8 9 1 0
990 360 8 9 1 0
164 342 8 9 1 0
804 693 12 17 1 0
1663 214 8 9 1 0
786 20 6 7 1 0
736 458 8 9 1 0
789 798 12 17 1 0
1624 189 6 7 1 0
1670 407 8 9 1 0
644 740 12 17 1 0
466 50 6 7 1 0
268 677 12 17 1 0
1692 160 6 7 1 0
1797 461 8 9 1 0
537 539 12 17 1 0
218 630 12 17 2 0
1151 541 12 17 1 0
1440 75 6 7 1 0
796 203 6 7 1 0
1811 951 12 17 1 0
1159 320 8 9 1 0
658 42 6 7 1 0
839 91 6 7 1 0
829 571 12 17 1 0
1817 456 8 9 1 0
510 632 12 17 1 0
632 534 12 17 1 0
708 359 8 9 1 0
1124 336 8 9 1 0
146 126 6 7 1 0
185 271 8 9 1 0
1582 191 6 7 1 0
1715 809 12 17 1 0
685 194 6 7 1 0
1829 279 8 9 1 0
716 348 8 9 1 0
259 834 12 17 1 0
630 70 6 7 1 0
1494 204 7 8 1 0
1319 313 8 9 1 0
305 46 6 7 1 0
1352 75 6 7 1 0
1146 219 8 9 1 0
314 99 6 7 1 0
1602 115 6 7 1 0
574 722 12 17 1 0
377 415 8 9 1 0
133 239 8 9 1 0
1541 7 6 7 1 0
1173 339 8 9 1 0
733 400 8 9 1 0
1277 506 12 17 1 0
333 111 6 7 1 0
420 801 12 17 1 0
803 518 12 17 1 0
434 487 12 17 1 0
98 685 12 17 1 0
1668 257 8 9 1 0
378 541 12 17 1 0
120 404 8 9 1 0
1749 49 6 7 1 0
243 790 12 17 1 0
1713 180 6 7 1 0
555 319 8 9 1 0
1600 535 12 17 1 0
357 523 12 17 1 0
1015 340 8 9 1 0
169 34 6 7 1 0
414 183 6 7 1 0
577 231 8 9 1 0
1759 196 7 8 1 0
1480 153 6 7 1 0
1245 336 8 9 1 0
490 713 12 17 1 0
1225 108 6 7 1 0
121 10 6 7 1 0
574 400 8 9 1 0
272 884 12 17 1 0
1416 72 6 7 1 0
1245 47 6 7 1 0
791 551 12 17 1 0
753 156 6 7 1 0
1030 515 12 17 1 0
11 135 6 7 1 0
1447 346 8 9 1 0
1054 249 8 9 1 0
304 597 12 17 1 0
1801 816 12 17 1 0
1627 488 12 17 1 0
386 615 12 17 1 0
1789 625 12 17 1 0
231 157 6 7 1 0
1606 627 12 17 1 0
28 18 6 7 1 0
500 753 12 17 1 0
802 335 8 9 1 0
2 976 12 17 1 0
335 561 12 17 1 0
1487 568 12 17 1 0
152 758 12 17 1 0
1066 451 8 9 1 0
941 391 8 9 1 0
507 125 6 7 1 0
302 230 8 9 1 0
144 282 8 9 1 0
787 836 12 17 1 0
1122 222 8 9 1 0
358 540 12 17 1 0
808 200 6 7 1 0
1826 325 8 9 1 0
1551 832 12 17 1 0
331 688 12 17 1 0
1472 123 6 7 1 0
1240 293 8 9 1 0
147 445 8 9 1 0
1352 192 6 7 1 0
805 249 8 9 1 0
118 784 12 17 1 0
68 39 6 7 1 0
832 323 8 9 1 0
1720 862 12 17 1 0
591 348 8 9 1 0
356 631 12 17 1 0
924 393 8 9 1 0
1173 8 6 7 1 0
667 353 8 9 1 0
1380 75 6 7 1 0
925 425 8 9 1 0
153 227 8 9 1 0
1383 148 6 7 1 0
830 512 12 17 1 0
1329 81 6 7 1 0
1716 91 6 7 1 0
406 814 12 17 1 0
424 613 12 17 1 0
706 830 12 17 1 0
1660 231 8 9 1 0
861 256 8 9 1 0
624 822 12 17 1 0
1515 625 12 17 1 0
668 875 12 17 1 0
106 608 12 17 1 0
690 74 6 7 1 0
351 34 6 7 1 0
861 576 12 17 1 0
1140 12 6 7 1 0
205 605 12 17 1 0
1549 873 12 17 1 0
1406 146 6 7 1 0
75 235 8 9 1 0
1560 374 8 9 1 0
1777 216 8 9 1 0
1051 311 8 9 1 0
1055 385 8 9 1 0
767 721 12 17 1 0
341 420 8 9 1 0
829 489 12 17 1 0
135 736 12 17 1 0
100 113 6 7 1 0
11 102 6 7 1 0
1209 433 8 9 1 0
1659 48 6 7 1 0
733 109 6 7 1 0
622 563 12 17 1 0
1123 447 8 9 1 0
1341 0 6 7 1 0
528 424 8 9 1 0
548 224 8 9 1 0
383 561 12 17 1 0
532 247 8 9 1 0
355 676 12 17 1 0
367 226 8 9 1 0
869 538 12 17 1 0
43 164 6 7 1 0
670 13 6 7 1 0
1272 195 6 7 1 0
1477 198 7 8 1 0
718 508 12 17 1 0
738 358 8 9 1 0
361 429 8 9 1 0
371 627 12 17 1 0
818 387 8 9 1 0
837 20 6 7 1 0
1750 169 6 7 1 0
1435 278 8 9 1 0
476 113 6 7 1 0
14 153 6 7 1 0
908 274 8 9 1 0
1516 152 6 7 1 0
564 115 6 7 1 0
1168 483 8 9 1 0
1706 298 8 9 1 0
444 828 12 17 1 0
1540 959 12 17 1 0
364 554 12 17 1 0
363 329 8 9 1 0
262 809 12 17 1 0
1272 408 8 9 1 0
480 83 6 7 1 0
472 312 8 9 1 0
319 119 6 7 1 0
1397 486 12 17 1 0
1 941 12 17 1 0
494 509 12 17 1 0
1108 44 6 7 1 0
827 333 8 9 1 0
98 18 6 7 1 0
603 788 12 17 1 0
1232 247 8 9 1 0
324 486 12 17 2 0
1688 136 6 7 1 0
1003 488 12 17 1 0
834 385 8 9 1 0
447 35 6 7 1 0
317 7 6 7 1 0
79 840 12 17 1 0
713 402 8 9 1 0
771 770 12 17 1 0
239 123 6 7 1 0
659 628 12 17 1 0
1702 225 8 9 1 0
325 920 12 17 1 0
1754 293 8 9 1 0
516 208 7 8 1 0
80 777 12 17 1 0
1799 218 8 9 1 0
510 260 8 9 1 0
602 330 8 9 1 0
1016 306 8 9 1 0
654 501 12 17 1 0
971 466 8 9 1 0
199 553 12 17 1 0
236 471 8 9 1 0
438 357 8 9 1 0
1230 300 8 9 1 0
1018 358 8 9 1 0
1750 535 12 17 1 0
720 123 6 7 1 0
1062 261 8 9 1 0
795 696 12 17 1 0
277 472 8 9 1 0
1794 678 12 17 1 0
481 620 12 17 1 0
390 522 12 17 1 0
606 70 6 7 1 0
508 58 6 7 1 0
1811 190 7 8 1 0
353 102 6 7 1 0
133 34 6 7 1 0
1198 606 12 17 1 0
1548 383 8 9 1 0
418 227 8 9 1 0
287 124 6 7 1 0
1778 279 8 9 1 0
1725 169 6 7 1 0
1237 198 6 7 1 0
1694 503 12 17 1 0
1259 107 6 7 1 0
1232 553 12 17 1 0
1294 166 6 7 1 0
1347 576 12 17 1 0
912 544 12 17 1 0
445 143 6 7 1 0
768 853 12 17 1 0
715 620 12 17 1 0
334 28 6 7 1 0
1609 112 6 7 1 0
1153 466 8 9 1 0
1417 48 6 7 1 0
800 379 8 9 1 0
330 274 8 9 1 0
516 117 6 7 1 0
141 978 12 17 1 0
802 77 6 7 1 0
1200 278 8 9 1 0
493 805 12 17 1 0
358 335 8 9 1 0
789 472 8 9 1 0
198 404 8 9 1 0
1415 65 6 7 1 0
1252 171 6 7 1 0
510 389 8 9 1 0
215 550 12 17 1 0
724 669 12 17 2 0
1568 166 6 7 1 0
1665 925 12 17 1 0
491 226 8 9 1 0
43 715 12 17 1 0
272 790 12 17 1 0
276 331 8 9 1 0
1334 39 6 7 1 0
1010 607 12 17 1 0
816 926 12 17 1 0
684 886 12 17 1 0
119 968 12 17 1 0
114 248 8 9 1 0
1853 294 8 9 1 0
1275 44 6 7 1 0
1440 306 8 9 1 0
875 263 8 9 1 0
826 123 6 7 1 0
1394 366 8 9 1 0
659 93 6 7 1 0
179 507 12 17 1 0
641 461 8 9 1 0
633 507 12 17 1 0
695 156 6 7 1 0
456 152 6 7 1 0
9 161 6 7 1 0
1828 819 12 17 1 0
1436 269 8 9 1 0
1259 372 8 9 1 0
944 588 12 17 1 0
1074 314 8 9 1 0
683 264 8 9 1 0
897 642 12 17 1 0
1683 113 6 7 1 0
244 689 12 17 1 0
388 823 12 17 1 0
1235 79 6 7 1 0
711 419 8 9 1 0
1424 266 8 9 1 0
1186 395 8 9 1 0
750 659 12 17 1 0
1799 574 12 17 1 0
1773 305 8 9 1 0
419 501 12 17 1 0
1534 82 6 7 1 0
116 918 12 17 1 0
283 978 12 17 1 0
256 225 8 9 1 0
112 385 8 9 1 0
434 473 8 9 1 0
365 116 6 7 1 0
255 162 6 7 1 0
936 549 12 17 2 0
1335 323 8 9 1 0
1574 123 6 7 1 0
1371 198 6 7 1 0
91 667 12 17 1 0
273 517 12 17 1 0
728 607 12 17 1 0
261 331 8 9 1 0
239 557 12 17 1 0
445 379 8 9 1 0
548 94 6 7 1 0
341 31 6 7 1 0
1853 596 12 17 1 0
745 605 12 17 1 0
248 473 8 9 1 0
11 21 6 7 1 0
748 523 12 17 1 0
986 472 8 9 1 0
906 390 8 9 1 0
1043 332 8 9 1 0
543 938 12 17 1 0
1719 162 6 7 1 0
558 151 6 7 1 0
563 196 6 7 1 0
589 21 6 7 1 0
192 81 6 7 1 0
10 419 8 9 1 0
954 583 12 17 1 0
712 459 8 9 1 0
418 689 12 17 1 0
640 661 12 17 1 0
1069 277 8 9 1 0
824 240 8 9 1 0
78 473 8 9 1 0
536 593 12 17 1 0
1776 377 8 9 1 0
160 484 8 9 1 0
1595 130 6 7 1 0
1381 361 8 9 1 0
57 173 6 7 1 0
1819 876 12 17 1 0
251 322 8 9 1 0
1572 103 6 7 1 0
136 817 12 17 1 0
811 767 12 17 1 0
188 242 8 9 1 0
1087 280 8 9 1 0
102 698 12 17 2 0
1282 484 8 9 1 0
1218 237 8 9 1 0
1371 74 6 7 1 0
1357 559 12 17 1 0
490 42 6 7 1 0
1768 448 8 9 1 0
638 328 8 9 1 0
189 656 12 17 1 0
390 552 12 17 1 0
1517 19 6 7 1 0
481 285 8 9 1 0
1356 166 6 7 1 0
1606 239 8 9 1 0
1569 311 8 9 1 0
1091 576 12 17 1 0
1359 484 8 9 1 0
304 132 6 7 1 0
1345 55 6 7 1 0
1216 161 6 7 1 0
326 235 8 9 1 0
1564 190 6 7 1 0
520 386 8 9 1 0
794 67 6 7 1 0
1790 236 8 9 1 0
418 47 6 7 1 0
165 761 12 17 1 0
1543 711 12 17 2 0
716 912 12 17 1 0
159 812 12 17 1 0
256 495 12 17 1 0
448 658 12 17 1 0
1634 329 8 9 1 0
1314 338 8 9 1 0
1617 111 6 7 1 0
1822 640 12 17 1 0
634 225 8 9 1 0
630 487 12 17 1 0
1770 433 8 9 1 0
1366 258 8 9 1 0
803 291 8 9 1 0
401 610 12 17 1 0
369 724 12 17 1 0
1573 608 12 17 1 0
483 367 8 9 1 0
863 363 8 9 1 0
1406 80 6 7 1 0
666 599 12 17 1 0
1734 653 12 17 1 0
1675 791 12 17 1 0
661 807 12 17 1 0
322 106 6 7 1 0
1268 582 12 17 1 0
1593 85 6 7 1 0
309 854 12 17 1 0
477 300 8 9 1 0
697 326 8 9 1 0
1684 125 6 7 1 0
1624 597 12 17 1 0
1612 34 6 7 1 0
1505 243 8 9 1 0
1793 295 8 9 1 0
1744 857 12 17 1 0
197 820 12 17 1 0
1382 298 8 9 1 0
1440 511 12 17 1 0
589 55 6 7 1 0
53 426 8 9 1 0
193 138 6 7 1 0
1486 122 6 7 1 0
1311 250 8 9 1 0
733 270 8 9 1 0
636 420 8 9 1 0
1333 286 8 9 1 0
1438 147 6 7 1 0
1076 592 12 17 1 0
156 738 12 17 1 0
1847 735 12 17 1 0
642 211 8 9 1 0
280 734 12 17 1 0
48 729 12 17 1 0
1674 47 6 7 1 0
330 437 8 9 1 0
1176 326 8 9 1 0
781 915 12 17 1 0
795 603 12 17 1 0
1396 140 6 7 1 0
660 520 12 17 1 0
178 679 12 17 1 0
1514 246 8 9 1 0
1517 240 8 9 1 0
1034 266 8 9 1 0
235 511 12 17 1 0
449 756 12 17 1 0
529 35 6 7 1 0
1548 362 8 9 1 0
760 556 12 17 1 0
1578 151 6 7 1 0
1818 365 8 9 1 0
1723 536 12 17 2 0
1734 172 6 7 1 0
1541 19 6 7 1 0
769 737 12 17 1 0
770 550 12 17 1 0
1365 44 6 7 1 0
557 55 6 7 1 0
789 195 6 7 1 0
1809 26 6 7 1 0
746 872 12 17 1 0
1356 32 6 7 1 0
72 688 12 17 1 0
36 886 12 17 1 0
603 447 8 9 1 0
436 192 6 7 1 0
812 79 6 7 1 0
652 386 8 9 1 0
520 858 12 17 1 0
1774 135 6 7 1 0
1315 190 6 7 1 0
1213 250 8 9 1 0
1607 154 6 7 1 0
601 769 12 17 1 0
1748 239 8 9 1 0
653 575 12 17 1 0
1516 230 8 9 1 0
669 570 12 17 1 0
1523 288 8 9 1 0
275 122 6 7 1 0
370 706 12 17 1 0
1668 308 8 9 1 0
393 763 12 17 1 0
605 511 12 17 1 0
1744 434 8 9 1 0
945 484 8 9 1 0
1613 165 6 7 1 0
630 742 12 17 1 0
78 762 12 17 1 0
1510 221 8 9 1 0
386 277 8 9 1 0
1317 479 8 9 1 0
436 936 12 17 1 0
792 371 8 9 1 0
1010 248 8 9 1 0
168 154 6 7 1 0
1797 631 12 17 1 0
847 522 12 17 1 0
829 268 8 9 1 0
682 792 12 17 1 0
1383 29 6 7 1 0
132 141 6 7 1 0
1369 172 6 7 1 0
1516 436 8 9 1 0
1521 247 8 9 1 0
305 671 12 17 1 0
18 256 8 9 1 0
707 260 8 9 1 0
888 647 12 17 1 0
77 411 8 9 1 0
1542 897 12 17 1 0
700 976 12 17 1 0
320 331 8 9 1 0
434 214 8 9 1 0
754 517 12 17 1 0
1154 396 8 9 1 0
1269 256 8 9 1 0
390 115 6 7 1 0
1406 294 8 9 1 0
400 35 6 7 1 0
955 571 12 17 1 0
802 113 6 7 1 0
80 54 6 7 1 0
1794 591 12 17 1 0
807 495 12 17 1 0
1473 103 6 7 1 0
1184 229 8 9 1 0
821 459 8 9 1 0
561 78 6 7 1 0
796 715 12 17 1 0
708 721 12 17 1 0
1120 58 6 7 1 0
451 918 12 17 1 0
724 730 12 17 1 0
565 729 12 17 1 0
372 338 8 9 1 0
1463 82 6 7 1 0
673 429 8 9 1 0
394 784 12 17 1 0
283 230 8 9 1 0
962 408 8 9 1 0
1528 858 12 17 1 0
1209 167 6 7 1 0
1489 4 6 7 1 0
1404 305 8 9 1 0
488 379 8 9 1 0
1441 367 8 9 1 0
60 82 6 7 1 0
1591 403 8 9 1 0
700 840 12 17 1 0
567 176 6 7 1 0
1122 539 12 17 1 0
99 810 12 17 1 0
460 80 6 7 1 0
1744 461 8 9 1 0
1648 633 12 17 2 0
1776 520 12 17 1 0
353 147 6 7 1 0
1653 408 8 9 1 0
1539 391 8 9 1 0
1761 563 12 17 1 0
1748 734 12 17 1 0
1572 145 6 7 1 0
1793 744 12 17 1 0
1284 167 6 7 1 0
533 129 6 7 1 0
648 424 8 9 1 0
1461 0 6 7 1 0
638 147 6 7 1 0
882 305 8 9 1 0
1380 53 6 7 1 0
699 123 6 7 1 0
754 182 6 7 1 0
1692 222 8 9 1 0
174 781 12 17 1 0
53 837 12 17 1 0
351 574 12 17 1 0
959 212 8 9 1 0
1079 331 8 9 1 0
824 132 6 7 1 0
713 549 12 17 1 0
1278 141 6 7 1 0
282 137 6 7 1 0
1487 319 8 9 1 0
1817 218 8 9 1 0
1597 230 8 9 1 0
280 10 6 7 1 0
1212 14 6 7 1 0
1525 362 8 9 1 0
485 569 12 17 1 0
780 566 12 17 1 0
522 354 8 9 1 0
1414 484 8 9 1 0
1854 438 8 9 1 0
541 421 8 9 1 0
1718 408 8 9 1 0
1166 309 8 9 1 0
1363 76 6 7 1 0
450 717 12 17 1 0
285 485 9 11 1 0
1853 217 8 9 1 0
1462 282 8 9 1 0
1375 21 6 7 1 0
816 411 8 9 1 0
630 936 12 17 1 0
709 203 6 7 1 0
1364 580 12 17 1 0
1765 22 6 7 1 0
1413 129 6 7 1 0
171 643 12 17 1 0
146 162 6 7 1 0
978 292 8 9 1 0
1329 561 12 17 1 0
946 422 8 9 1 0
558 205 6 7 1 0
784 130 6 7 1 0
463 25 6 7 1 0
477 213 8 9 1 0
1753 959 12 17 1 0
1072 248 8 9 1 0
378 466 8 9 1 0
414 378 8 9 1 0
217 497 12 17 1 0
383 480 8 9 1 0
1826 521 12 17 1 0
1483 23 6 7 1 0
808 531 12 17 1 0
765 387 8 9 1 0
110 952 12 17 1 0
1247 20 6 7 1 0
1412 169 6 7 1 0
607 955 12 17 1 0
1237 227 8 9 1 0
1685 540 12 17 1 0
1158 337 8 9 1 0
1359 329 8 9 1 0
42 704 12 17 1 0
1676 103 6 7 1 0
4 830 12 17 1 0
620 946 12 17 1 0
92 154 6 7 1 0
1031 284 8 9 1 0
1804 647 12 17 1 0
1775 918 12 17 1 0
510 296 8 9 1 0
1782 213 8 9 1 0
36 942 12 17 1 0
1552 636 12 17 1 0
314 318 8 9 1 0
1368 127 6 7 1 0
519 895 12 17 1 0
1072 574 12 17 1 0
1325 337 8 9 1 0
538 581 12 17 2 0
636 94 6 7 1 0
113 650 12 17 1 0
600 39 6 7 1 0
1284 149 6 7 1 0
1319 554 12 17 1 0
527 150 6 7 1 0
540 817 12 17 1 0
1189 86 6 7 1 0
1295 337 8 9 1 0
834 497 12 17 1 0
1364 204 7 8 1 0
61 895 12 17 1 0
1158 364 8 9 1 0
190 600 12 17 1 0
349 945 12 17 1 0
767 600 12 17 1 0
837 262 8 9 1 0
1247 601 12 17 1 0
72 746 12 17 1 0
1502 175 6 7 1 0
637 607 12 17 1 0
363 144 6 7 1 0
1300 314 8 9 1 0
570 897 12 17 1 0
397 576 12 17 1 0
224 527 12 17 1 0
635 180 6 7 1 0
1503 67 6 7 1 0
1800 278 8 9 1 0
1219 141 6 7 1 0
1294 113 6 7 1 0
1839 259 8 9 1 0
637 888 12 17 1 0
1300 34 6 7 1 0
936 539 12 17 2 0
261 100 6 7 1 0
1621 426 8 9 1 0
1540 61 6 7 1 0
111 88 6 7 1 0
76 300 8 9 1 0
220 585 12 17 1 0
494 3 6 7 1 0
1225 94 6 7 1 0
728 844 12 17 1 0
338 789 12 17 1 0
145 39 6 7 1 0
953 217 8 9 1 0
1231 585 12 17 1 0
1522 972 12 17 1 0
210 323 8 9 1 0
1494 15 6 7 1 0
1253 158 6 7 1 0
316 42 6 7 1 0
437 21 6 7 1 0
1785 200 7 8 1 0
1765 359 8 9 1 0
524 952 12 17 1 0
27 954 12 17 1 0
316 514 12 17 1 0
790 402 8 9 1 0
1288 12 6 7 1 0
447 401 8 9 1 0
1089 543 12 17 1 0
413 134 6 7 1 0
427 324 8 9 1 0
1492 283 8 9 1 0
244 81 6 7 1 0
1448 522 12 17 1 0
772 87 6 7 1 0
1575 78 6 7 1 0
1448 136 6 7 1 0
1605 394 8 9 1 0
382 595 12 17 1 0
162 543 12 17 1 0
1826 754 12 17 1 0
1519 609 12 17 1 0
912 591 12 17 1 0
1010 427 8 9 1 0
363 30 6 7 1 0
42 406 8 9 1 0
239 588 12 17 1 0
347 71 6 7 1 0
609 149 6 7 1 0
554 171 6 7 1 0
1824 508 12 17 1 0
902 293 8 9 1 0
1440 97 6 7 1 0
1640 459 8 9 1 0
1128 232 8 9 1 0
896 339 8 9 1 0
1227 171 6 7 1 0
756 167 6 7 1 0
984 380 8 9 1 0
1805 518 12 17 1 0
1698 679 12 17 1 0
916 227 8 9 1 0
191 314 8 9 1 0
306 175 6 7 1 0
1235 103 6 7 1 0
507 948 12 17 1 0
961 243 8 9 1 0
1122 40 6 7 1 0
547 51 6 7 1 0
1162 520 12 17 1 0
1259 265 8 9 1 0
1504 122 6 7 1 0
1282 117 6 7 1 0
777 869 12 17 1 0
870 13 6 7 1 0
161 873 12 17 1 0
619 6 6 7 1 0
1835 526 12 17 1 0
1669 975 12 17 1 0
1430 14 6 7 1 0
1787 570 12 17 1 0
216 224 8 9 1 0
628 263 8 9 1 0
1694 215 8 9 1 0
1670 468 8 9 1 0
547 380 8 9 1 0
876 604 12 17 1 0
1327 229 8 9 1 0
591 713 12 17 1 0
530 545 12 17 1 0
1616 365 8 9 1 0
1205 306 8 9 1 0
211 335 8 9 1 0
562 393 8 9 1 0
1291 16 6 7 1 0
1607 969 12 17 1 0
487 475 8 9 1 0
427 551 12 17 1 0
1114 399 8 9 1 0
261 410 8 9 1 0
1231 273 8 9 1 0
1468 203 7 8 1 0
1175 29 6 7 1 0
1493 439 8 9 1 0
1373 262 8 9 1 0
239 111 6 7 1 0
674 809 12 17 1 0
762 743 12 17 1 0
797 132 6 7 1 0
661 976 12 17 1 0
515 336 8 9 1 0
223 356 8 9 1 0
1647 112 6 7 1 0
1686 252 8 9 1 0
247 656 12 17 1 0
1800 378 8 9 1 0
258 575 12 17 1 0
1320 148 6 7 1 0
476 181 6 7 1 0
1574 395 8 9 1 0
668 707 12 17 1 0
252 103 6 7 1 0
286 260 8 9 1 0
388 69 6 7 1 0
1257 581 12 17 1 0
1250 65 6 7 1 0
1765 33 6 7 1 0
637 132 6 7 1 0
1182 537 12 17 1 0
427 851 12 17 1 0
240 926 12 17 1 0
581 961 12 17 1 0
633 52 6 7 1 0
1349 291 8 9 2 0
474 929 12 17 1 0
408 98 6 7 1 0
628 966 12 17 1 0
1254 97 6 7 1 0
291 963 12 17 1 0
1645 51 6 7 1 0
1552 171 6 7 1 0
545 346 8 9 1 0
53 60 6 7 1 0
1201 142 6 7 1 0
1665 398 8 9 1 0
1441 81 6 7 1 0
1584 226 8 9 1 0
1510 120 6 7 1 0
1681 437 8 9 1 0
546 654 12 17 1 0
111 143 6 7 1 0
1776 211 8 9 1 0
218 175 6 7 1 0
684 750 12 17 1 0
657 743 12 17 1 0
320 98 6 7 1 0
334 204 7 8 1 0
218 869 12 17 1 0
738 426 8 9 1 0
1685 978 12 17 1 0
720 594 12 17 1 0
1399 202 6 7 1 0
1120 231 8 9 1 0
432 23 6 7 1 0
487 589 12 17 1 0
637 710 12 17 1 0
553 867 12 17 1 0
1577 200 7 8 1 0
799 252 8 9 1 0
599 263 8 9 1 0
255 198 7 8 1 0
951 478 8 9 1 0
811 98 6 7 1 0
1330 53 6 7 1 0
1145 397 8 9 1 0
300 567 12 17 1 0
62 781 12 17 1 0
1503 131 6 7 1 0
1350 134 6 7 1 0
154 781 12 17 1 0
571 190 6 7 1 0
647 29 6 7 1 0
1072 328 8 9 1 0
1780 231 8 9 1 0
1822 695 12 17 1 0
954 520 12 17 1 0
678 148 6 7 1 0
333 589 12 17 1 0
1745 191 6 7 1 0
997 414 8 9 1 0
1332 585 12 17 1 0
413 300 8 9 1 0
751 497 12 17 1 0
101 558 12 17 1 0
1676 457 8 9 1 0
1442 536 12 17 1 0
1224 483 8 9 1 0
187 38 6 7 1 0
472 751 12 17 1 0
806 862 12 17 1 0
1740 805 12 17 1 0
528 723 12 17 1 0
232 275 8 9 1 0
714 667 12 17 2 0
1608 140 6 7 1 0
665 101 6 7 1 0
1550 118 6 7 1 0
410 441 8 9 1 0
1235 53 6 7 1 0
1571 381 8 9 1 0
840 228 8 9 1 0
213 740 12 17 1 0
300 778 12 17 1 0
382 226 8 9 1 0
1292 92 6 7 1 0
1636 626 12 17 1 0
112 466 8 9 1 0
1622 612 12 17 1 0
1340 306 8 9 1 0
1317 96 6 7 1 0
1806 303 8 9 1 0
1699 79 6 7 1 0
1221 67 6 7 1 0
1719 202 7 8 1 0
642 545 12 17 1 0
855 108 6 7 1 0
979 486 12 17 1 0
401 640 12 17 1 0
590 39 6 7 1 0
192 47 6 7 1 0
438 780 12 17 1 0
165 14 6 7 1 0
982 598 12 17 1 0
688 509 12 17 1 0
1832 204 8 9 1 0
432 177 6 7 1 0
1165 64 6 7 1 0
564 671 12 17 1 0
1683 227 8 9 1 0
408 85 6 7 1 0
1623 391 8 9 1 0
474 627 12 17 1 0
1834 598 12 17 1 0
859 639 12 17 1 0
804 224 8 9 1 0
736 56 6 7 1 0
1460 45 6 7 1 0
1322 215 8 9 1 0
515 161 6 7 1 0
1028 448 8 9 1 0
174 90 6 7 1 0
1281 212 8 9 1 0
343 471 8 9 1 0
364 753 12 17 1 0
188 222 8 9 1 0
1422 491 12 17 2 0
449 499 12 17 1 0
1719 269 8 9 1 0
1260 520 12 17 1 0
708 30 6 7 1 0
733 759 12 17 1 0
701 342 8 9 1 0
340 529 12 17 1 0
397 295 8 9 1 0
630 255 8 9 1 0
826 48 6 7 1 0
286 396 8 9 1 0
346 111 6 7 1 0
682 283 8 9 1 0
704 794 12 17 1 0
1598 313 8 9 1 0
1831 679 12 17 1 0
494 687 12 17 1 0
1295 136 6 7 1 0
1467 333 8 9 1 0
71 154 6 7 1 0
1260 309 8 9 1 0
441 919 12 17 1 0
1696 593 12 17 1 0
1612 23 6 7 1 0
1659 500 12 17 1 0
990 390 8 9 1 0
369 186 6 7 1 0
1333 365 8 9 1 0
1299 290 8 9 1 0
901 362 8 9 1 0
1479 86 6 7 1 0
1057 366 8 9 1 0
1734 512 12 17 1 0
412 318 8 9 1 0
770 886 12 17 1 0
1126 74 6 7 1 0
1477 1 6 7 1 0
1460 90 6 7 1 0
275 440 8 9 1 0
98 442 8 9 1 0
162 357 8 9 1 0
1588 54 6 7 1 0
748 539 12 17 1 0
1527 424 8 9 1 0
1019 456 8 9 1 0
1421 503 12 17 1 0
1586 137 6 7 1 0
790 745 12 17 1 0
1419 21 6 7 1 0
1742 349 8 9 1 0
649 243 8 9 1 0
992 426 8 9 1 0
349 132 6 7 1 0
174 747 12 17 1 0
592 364 8 9 1 0
330 638 12 17 1 0
211 92 6 7 1 0
1439 235 8 9 1 0
1843 675 12 17 1 0
279 220 8 9 1 0
255 703 12 17 1 0
291 639 12 17 1 0
1814 404 8 9 1 0
295 598 12 17 1 0
1172 254 8 9 1 0
1714 359 8 9 1 0
956 296 8 9 1 0
1480 418 8 9 1 0
1317 453 8 9 1 0
1712 268 8 9 1 0
1601 929 12 17 1 0
600 184 6 7 1 0
1752 98 6 7 1 0
995 284 8 9 1 0
1487 155 6 7 1 0
615 719 12 17 1 0
361 51 6 7 1 0
246 51 6 7 1 0
220 34 6 7 1 0
75 308 8 9 1 0
1588 334 8 9 1 0
66 508 12 17 1 0
372 521 12 17 1 0
1660 59 6 7 1 0
640 867 12 17 1 0
1519 67 6 7 1 0
537 390 8 9 1 0
400 852 12 17 1 0
619 130 6 7 1 0
310 19 6 7 1 0
126 756 12 17 1 0
801 759 12 17 1 0
56 155 6 7 1 0
664 738 12 17 1 0
260 475 8 9 1 0
761 665 12 17 1 0
560 786 12 17 1 0
723 51 6 7 1 0
1575 412 8 9 1 0
1088 377 8 9 1 0
166 172 6 7 1 0
1415 113 6 7 1 0
1395 495 12 17 1 0
496 192 6 7 1 0
1485 85 6 7 1 0
1113 203 8 9 1 0
652 882 12 17 1 0
1454 327 8 9 1 0
101 667 12 17 1 0
1744 93 6 7 1 0
808 787 12 17 1 0
1833 291 8 9 1 0
157 529 12 17 1 0
606 350 8 9 1 0
1612 72 6 7 1 0
780 583 12 17 1 0
36 168 6 7 1 0
164 449 8 9 1 0
1334 237 8 9 1 0
498 733 12 17 1 0
65 407 8 9 1 0
631 279 8 9 1 0
1316 237 8 9 1 0
1430 80 6 7 1 0
1808 556 12 17 1 0
564 757 12 17 1 0
367 386 8 9 1 0
476 123 6 7 1 0
649 368 8 9 1 0
1554 200 7 8 1 0
328 573 12 17 1 0
1582 928 12 17 1 0
1232 70 6 7 1 0
1270 392 8 9 1 0
860 36 6 7 1 0
597 199 6 7 1 0
1355 59 6 7 1 0
1308 512 12 17 1 0
750 464 8 9 1 0
348 333 8 9 1 0
508 149 6 7 1 0
65 53 6 7 1 0
310 974 12 17 1 0
365 787 12 17 1 0
628 159 6 7 1 0
482 165 6 7 1 0
217 287 8 9 1 0
1292 209 8 9 1 0
1670 908 12 17 1 0
103 94 6 7 1 0
1453 260 8 9 1 0
1628 65 6 7 1 0
1045 462 8 9 1 0
127 639 12 17 1 0
770 435 8 9 1 0
280 266 8 9 1 0
1616 54 6 7 1 0
432 517 12 17 1 0
48 765 12 17 1 0
921 252 8 9 1 0
652 726 12 17 1 0
540 275 8 9 1 0
1811 767 12 17 1 0
527 456 8 9 1 0
644 47 6 7 1 0
1126 468 8 9 1 0
738 740 12 17 1 0
781 638 12 17 1 0
888 340 8 9 1 0
1589 153 6 7 1 0
1271 74 6 7 1 0
1787 107 6 7 1 0
1533 470 8 9 1 0
308 716 12 17 1 0
816 597 12 17 1 0
1686 775 12 17 1 0
1406 160 6 7 1 0
558 409 8 9 1 0
1836 340 8 9 1 0
372 781 12 17 1 0
1570 53 6 7 1 0
1640 173 6 7 1 0
1698 170 6 7 1 0
815 439 8 9 1 0
203 879 12 17 1 0
100 386 8 9 1 0
1217 216 8 9 1 0
1685 365 8 9 1 0
1431 425 8 9 1 0
1411 76 6 7 1 0
1367 358 8 9 1 0
1786 49 6 7 1 0
38 436 8 9 1 0
1216 44 6 7 1 0
791 940 12 17 1 0
510 458 8 9 1 0
1119 352 8 9 1 0
493 59 6 7 1 0
1318 415 8 9 1 0
1128 263 8 9 1 0
883 89 6 7 1 0
1525 27 6 7 1 0
1582 743 12 17 1 0
62 304 8 9 1 0
377 767 12 17 1 0
1363 428 8 9 1 0
771 46 6 7 1 0
1302 83 6 7 1 0
1519 407 8 9 1 0
678 182 6 7 1 0
571 91 6 7 1 0
1306 308 8 9 1 0
4 66 6 7 1 0
759 422 8 9 1 0
1406 357 8 9 1 0
1621 682 12 17 1 0
1141 363 8 9 1 0
1755 30 6 7 1 0
879 591 12 17 1 0
525 938 12 17 1 0
634 9 6 7 1 0
374 258 8 9 1 0
510 752 12 17 1 0
1735 397 8 9 1 0
55 238 8 9 1 0
1801 837 12 17 1 0
254 683 12 17 1 0
617 796 12 17 1 0
290 296 8 9 1 0
1193 245 8 9 1 0
1717 209 8 9 1 0
304 657 12 17 1 0
1408 124 6 7 1 0
577 127 6 7 1 0
533 117 6 7 1 0
590 641 12 17 1 0
1160 32 6 7 1 0
1848 130 6 7 1 0
1049 361 8 9 1 0
757 841 12 17 1 0
45 111 6 7 1 0
1286 39 6 7 1 0
1654 303 8 9 1 0
1196 255 8 9 1 0
475 241 8 9 1 0
232 895 12 17 1 0
376 7 6 7 1 0
939 411 8 9 1 0
1404 225 8 9 1 0
350 220 8 9 1 0
1411 458 8 9 1 0
236 222 8 9 1 0
36 595 12 17 1 0
597 483 8 9 1 0
324 409 8 9 1 0
380 355 8 9 1 0
1436 497 12 17 1 0
1614 173 6 7 1 0
1770 729 12 17 1 0
1808 659 12 17 1 0
1099 387 8 9 1 0
1814 287 8 9 1 0
609 31 6 7 1 0
938 367 8 9 1 0
1223 35 6 7 1 0
1011 530 12 17 1 0
494 450 8 9 1 0
1143 577 12 17 1 0
1171 214 8 9 1 0
411 159 6 7 1 0
1560 425 8 9 1 0
1545 579 12 17 1 0
192 103 6 7 1 0
1423 487 12 17 2 0
575 208 7 8 1 0
1386 236 8 9 1 0
492 348 8 9 1 0
372 288 8 9 1 0
1420 330 8 9 1 0
483 341 8 9 1 0
1480 115 6 7 1 0
906 254 8 9 1 0
617 653 12 17 1 0
523 368 8 9 1 0
1437 122 6 7 1 0
130 89 6 7 1 0
1604 480 8 9 1 0
1253 73 6 7 1 0
455 174 6 7 1 0
247 898 12 17 1 0
581 146 6 7 1 0
1454 569 12 17 1 0
1676 291 8 9 1 0
1499 227 8 9 1 0
174 9 6 7 1 0
1461 400 8 9 1 0
448 196 6 7 1 0
1678 169 6 7 1 0
115 575 12 17 1 0
566 974 12 17 1 0
1830 965 12 17 1 0
1674 684 12 17 1 0
213 51 6 7 1 0
1320 325 8 9 1 0
212 770 12 17 1 0
480 537 12 17 1 0
676 731 12 17 1 0
1535 673 12 17 1 0
1406 100 6 7 1 0
78 458 8 9 1 0
1622 151 6 7 1 0
994 270 8 9 1 0
902 348 8 9 1 0
1503 299 8 9 1 0
1241 420 8 9 1 0
689 778 12 17 1 0
612 219 8 9 1 0
395 268 8 9 1 0
326 476 8 9 1 0
228 282 8 9 1 0
1512 195 6 7 1 0
485 296 8 9 1 0
649 105 6 7 1 0
455 57 6 7 1 0
702 441 8 9 1 0
837 59 6 7 1 0
1632 143 6 7 1 0
332 978 12 17 1 0
816 341 8 9 1 0
665 365 8 9 1 0
1185 53 6 7 1 0
1526 901 12 17 1 0
1685 489 12 17 2 0
1753 601 12 17 1 0
772 12 6 7 1 0
999 309 8 9 1 0
1267 236 8 9 1 0
1393 99 6 7 1 0
1401 87 6 7 1 0
86 613 12 17 1 0
46 525 12 17 1 0
733 376 8 9 1 0
1311 152 6 7 1 0
485 12 6 7 1 0
252 347 8 9 1 0
98 867 12 17 1 0
797 443 8 9 1 0
434 304 8 9 1 0
1367 66 6 7 1 0
1374 9 6 7 1 0
1483 525 12 17 1 0
1649 175 6 7 1 0
848 280 8 9 1 0
964 318 8 9 1 0
1855 549 12 17 1 0
358 41 6 7 1 0
372 156 6 7 1 0
1309 77 6 7 1 0
1761 906 12 17 1 0
1836 148 6 7 1 0
410 73 6 7 1 0
1847 267 8 9 1 0
754 72 6 7 1 0
583 163 6 7 1 0
1674 484 8 9 1 0
1358 65 6 7 1 0
1645 120 6 7 1 0
658 478 8 9 1 0
1374 520 12 17 1 0
1526 9 6 7 1 0
1817 332 8 9 1 0
1513 324 8 9 1 0
1619 279 8 9 1 0
1263 250 8 9 1 0
549 360 8 9 1 0
1502 96 6 7 1 0
1161 223 8 9 1 0
1345 208 8 9 1 0
1023 377 8 9 1 0
1847 347 8 9 1 0
1548 656 12 17 1 0
525 234 8 9 1 0
223 41 6 7 1 0
982 503 12 17 1 0
263 114 6 7 1 0
600 691 12 17 1 0
272 42 6 7 1 0
220 480 8 9 1 0
1401 270 8 9 1 0
291 168 6 7 1 0
1042 220 8 9 1 0
642 563 12 17 1 0
1336 34 6 7 1 0
1823 209 8 9 1 0
1411 572 12 17 1 0
100 753 12 17 1 0
122 739 12 17 1 0
475 913 12 17 1 0
372 904 12 17 1 0
1788 488 12 17 2 0
1454 272 8 9 1 0
1475 145 6 7 1 0
882 392 8 9 1 0
1216 310 8 9 1 0
1296 43 6 7 1 0
142 431 8 9 1 0
544 11 6 7 1 0
1053 235 8 9 1 0
373 649 12 17 1 0
1754 259 8 9 1 0
632 407 8 9 1 0
833 307 8 9 1 0
212 726 12 17 1 0
943 608 12 17 1 0
606 547 12 17 1 0
719 761 12 17 1 0
1088 307 8 9 1 0
390 337 8 9 1 0
645 157 6 7 1 0
654 170 6 7 1 0
918 431 8 9 1 0
374 114 6 7 1 0
1730 199 7 8 1 0
1453 99 6 7 1 0
602 49 6 7 1 0
1259 226 8 9 1 0
1386 247 8 9 1 0
124 455 8 9 1 0
683 521 12 17 1 0
1228 141 6 7 1 0
354 62 6 7 1 0
804 162 6 7 1 0
141 151 6 7 1 0
1508 19 6 7 1 0
215 28 6 7 1 0
198 720 12 17 1 0
1078 403 8 9 1 0
1397 511 12 17 1 0
7 806 12 17 1 0
280 753 12 17 1 0
224 216 8 9 1 0
954 463 8 9 1 0
1523 579 12 17 1 0
1422 144 6 7 1 0
905 503 12 17 1 0
1741 872 12 17 1 0
1817 148 6 7 1 0
1504 311 8 9 1 0
1388 102 6 7 1 0
1561 221 8 9 1 0
1832 978 12 17 1 0
1557 259 8 9 1 0
548 767 12 17 1 0
1226 367 8 9 1 0
1397 159 6 7 1 0
1505 79 6 7 1 0
591 318 8 9 1 0
139 77 6 7 1 0
1290 263 8 9 1 0
1753 690 12 17 1 0
1692 664 12 17 1 0
1552 398 8 9 1 0
762 158 6 7 1 0
1476 126 6 7 1 0
149 709 12 17 1 0
110 741 12 17 1 0
1853 750 12 17 1 0
351 689 12 17 1 0
764 27 6 7 1 0
1226 353 8 9 1 0
67 382 8 9 1 0
1510 179 6 7 1 0
1645 137 6 7 1 0
456 39 6 7 1 0
1302 493 12 17 2 0
353 155 6 7 1 0
1403 16 6 7 1 0
663 17 6 7 1 0
1333 1 6 7 1 0
70 602 12 17 1 0
749 575 12 17 1 0
408 405 8 9 1 0
910 62 6 7 1 0
513 506 12 17 1 0
1748 290 8 9 1 0
184 972 12 17 1 0
1203 120 6 7 1 0
161 258 8 9 1 0
260 563 12 17 1 0
1600 435 8 9 1 0
788 450 8 9 1 0
457 978 12 17 1 0
67 112 6 7 1 0
1520 849 12 17 1 0
1105 429 8 9 1 0
1344 425 8 9 1 0
1706 85 6 7 1 0
385 97 6 7 1 0
463 694 12 17 1 0
580 676 12 17 1 0
1799 121 6 7 1 0
372 583 12 17 1 0
270 18 6 7 1 0
736 415 8 9 1 0
1426 16 6 7 1 0
318 365 8 9 1 0
834 96 6 7 1 0
1797 330 8 9 1 0
568 641 12 17 1 0
743 640 12 17 1 0
183 260 8 9 1 0
1429 319 8 9 1 0
431 223 8 9 1 0
723 6 6 7 1 0
1695 242 8 9 1 0
39 748 12 17 1 0
753 674 12 17 1 0
1217 419 8 9 1 0
720 565 12 17 1 0
98 836 12 17 1 0
831 230 8 9 1 0
1330 526 12 17 1 0
544 254 8 9 1 0
540 614 12 17 1 0
137 318 8 9 1 0
1365 15 6 7 1 0
1559 667 12 17 1 0
450 682 12 17 1 0
1715 396 8 9 1 0
1561 651 12 17 1 0
174 853 12 17 1 0
790 97 6 7 1 0
360 91 6 7 1 0
421 637 12 17 1 0
1700 698 12 17 1 0
467 178 6 7 1 0
674 129 6 7 1 0
1778 47 6 7 1 0
1062 355 8 9 1 0
226 810 12 17 1 0
676 836 12 17 1 0
810 552 12 17 1 0
11 33 6 7 1 0
1265 216 8 9 1 0
312 73 6 7 1 0
442 80 6 7 1 0
864 417 8 9 1 0
543 28 6 7 1 0
1573 154 6 7 1 0
1598 66 6 7 1 0
1467 7 6 7 1 0
1606 230 8 9 1 0
1268 86 6 7 1 0
1335 265 8 9 1 0
1500 31 6 7 1 0
113 638 12 17 1 0
285 205 7 8 1 0
241 450 8 9 1 0
817 538 12 17 1 0
149 326 8 9 1 0
1037 529 12 17 1 0
35 90 6 7 1 0
1617 495 12 17 1 0
557 9 6 7 1 0
782 339 8 9 1 0
1282 291 8 9 1 0
1587 124 6 7 1 0
1750 847 12 17 1 0
1436 9 6 7 1 0
374 743 12 17 1 0
1675 645 12 17 1 0
377 493 12 17 1 0
1773 63 6 7 1 0
409 254 8 9 1 0
467 63 6 7 1 0
963 280 8 9 1 0
642 59 6 7 1 0
613 332 8 9 1 0
428 715 12 17 1 0
612 501 12 17 1 0
544 579 12 17 2 0
138 468 8 9 1 0
874 315 8 9 1 0
1539 771 12 17 1 0
507 2 6 7 1 0
320 649 12 17 1 0
457 776 12 17 1 0
219 450 8 9 1 0
78 508 12 17 1 0
698 204 7 8 1 0
1382 219 8 9 1 0
14 285 8 9 1 0
1320 133 6 7 1 0
1695 292 8 9 1 0
94 280 8 9 1 0
1055 511 12 17 1 0
385 24 6 7 1 0
1502 502 12 17 1 0
1519 546 12 17 1 0
1710 234 8 9 1 0
1048 194 6 7 1 0
1520 522 12 17 1 0
523 82 6 7 1 0
1211 406 8 9 1 0
597 152 6 7 1 0
1129 585 12 17 1 0
648 116 6 7 1 0
72 860 12 17 1 0
930 443 8 9 1 0
1418 350 8 9 1 0
160 223 8 9 1 0
700 168 6 7 1 0
435 635 12 17 1 0
1749 894 12 17 1 0
1735 41 6 7 1 0
1557 24 6 7 1 0
1761 803 12 17 1 0
641 499 12 17 1 0
1856 683 12 17 1 0
700 614 12 17 1 0
1367 32 6 7 1 0
1348 364 8 9 1 0
681 847 12 17 1 0
312 569 12 17 1 0
1542 143 6 7 1 0
1684 326 8 9 1 0
1542 97 6 7 1 0
402 924 12 17 1 0
1143 456 8 9 1 0
389 677 12 17 1 0
208 711 12 17 1 0
330 95 6 7 1 0
295 5 6 7 1 0
1364 593 12 17 1 0
273 84 6 7 1 0
308 614 12 17 1 0
1566 589 12 17 1 0
529 466 8 9 1 0
1098 414 8 9 1 0
1540 420 8 9 1 0
1206 236 8 9 1 0
476 826 12 17 1 0
1299 252 8 9 1 0
1255 281 8 9 1 0
1487 16 6 7 1 0
519 828 12 17 1 0
622 207 7 8 1 0
369 123 6 7 1 0
135 260 8 9 1 0
1402 335 8 9 1 0
1248 346 8 9 1 0
312 348 8 9 1 0
798 362 8 9 1 0
237 397 8 9 1 0
1795 209 8 9 1 0
579 88 6 7 1 0
868 434 8 9 1 0
918 304 8 9 1 0
1503 371 8 9 1 0
1735 147 6 7 1 0
934 618 12 17 1 0
172 716 12 17 1 0
210 673 12 17 1 0
1599 269 8 9 1 0
681 970 12 17 1 0
756 435 8 9 1 0
446 515 12 17 1 0
1773 957 12 17 1 0
298 827 12 17 1 0
597 816 12 17 1 0
1524 91 6 7 1 0
760 813 12 17 1 0
821 631 12 17 1 0
360 407 8 9 1 0
1833 608 12 17 1 0
394 420 8 9 1 0
519 581 12 17 1 0
1308 529 12 17 1 0
1439 91 6 7 1 0
1315 13 6 7 1 0
1500 207 7 8 1 0
586 743 12 17 1 0
1341 448 8 9 1 0
1536 597 12 17 1 0
515 129 6 7 1 0
1614 606 12 17 1 0
28 782 12 17 1 0
403 128 6 7 1 0
97 793 12 17 1 0
512 439 8 9 1 0
1163 443 8 9 1 0
1106 78 6 7 1 0
1570 481 8 9 1 0
1346 215 8 9 1 0
955 434 8 9 1 0
1644 93 6 7 1 0
1237 181 6 7 1 0
891 495 12 17 1 0
655 136 6 7 1 0
1144 276 8 9 1 0
242 278 8 9 1 0
318 396 8 9 1 0
404 57 6 7 1 0
352 863 12 17 1 0
487 432 8 9 1 0
1487 382 8 9 1 0
1268 140 6 7 1 0
512 171 6 7 1 0
247 293 8 9 1 0
578 542 12 17 1 0
529 403 8 9 1 0
1782 288 8 9 1 0
498 839 12 17 1 0
1301 470 8 9 1 0
262 459 8 9 1 0
512 661 12 17 1 0
1607 91 6 7 1 0
647 954 12 17 1 0
340 260 8 9 1 0
49 820 12 17 1 0
1544 728 12 17 1 0
591 619 12 17 1 0
126 478 8 9 1 0
1711 293 8 9 1 0
1062 201 7 8 1 0
1555 92 6 7 1 0
1821 680 12 17 1 0
1541 335 8 9 1 0
1438 106 6 7 1 0
47 367 8 9 1 0
1384 139 6 7 1 0
1522 740 12 17 1 0
1591 145 6 7 1 0
35 382 8 9 1 0
579 174 6 7 1 0
537 22 6 7 1 0
1529 587 12 17 1 0
527 162 6 7 1 0
738 501 12 17 1 0
892 458 8 9 1 0
1412 383 8 9 1 0
1721 84 6 7 1 0
1375 132 6 7 1 0
627 728 12 17 1 0
464 16 6 7 1 0
192 163 6 7 1 0
1808 209 8 9 1 0
576 688 12 17 1 0
1640 291 8 9 1 0
1349 292 8 9 2 0
1535 151 6 7 1 0
901 554 12 17 1 0
1463 446 8 9 1 0
857 276 8 9 1 0
1356 182 6 7 1 0
1807 274 8 9 1 0
1341 229 8 9 1 0
589 99 6 7 1 0
436 582 12 17 1 0
1107 356 8 9 1 0
1604 411 8 9 1 0
347 121 6 7 1 0
1809 672 12 17 1 0
568 123 6 7 1 0
883 58 6 7 1 0
674 217 8 9 1 0
98 203 7 8 1 0
1616 133 6 7 1 0
763 306 8 9 1 0
266 649 12 17 1 0
414 286 8 9 1 0
729 226 8 9 1 0
319 550 12 17 1 0
470 365 8 9 1 0
1636 244 8 9 1 0
1708 266 8 9 1 0
23 919 12 17 2 0
1007 500 12 17 1 0
594 280 8 9 1 0
850 378 8 9 1 0
1271 306 8 9 1 0
808 618 12 17 1 0
580 193 6 7 1 0
784 259 8 9 1 0
29 76 6 7 1 0
1514 289 8 9 1 0
1614 351 8 9 1 0
615 463 8 9 1 0
868 397 8 9 1 0
1410 16 6 7 1 0
135 83 6 7 1 0
1007 381 8 9 1 0
283 385 8 9 1 0
1042 278 8 9 1 0
1774 318 8 9 1 0
740 668 12 17 1 0
463 738 12 17 1 0
1540 133 6 7 1 0
1614 903 12 17 1 0
198 503 12 17 1 0
804 938 12 17 1 0
931 221 8 9 1 0
1258 35 6 7 1 0
1133 417 8 9 1 0
226 437 8 9 1 0
430 256 8 9 1 0
317 586 12 17 1 0
364 566 12 17 1 0
1042 303 8 9 1 0
248 8 6 7 1 0
697 19 6 7 1 0
113 362 8 9 1 0
1712 705 12 17 1 0
397 679 12 17 1 0
1618 485 10 13 1 0
1775 297 8 9 1 0
604 884 12 17 1 0
260 298 8 9 1 0
1793 436 8 9 1 0
254 149 6 7 1 0
770 258 8 9 1 0
175 807 12 17 1 0
1518 710 12 17 1 0
38 794 12 17 1 0
1212 66 6 7 1 0
7 642 12 17 2 0
1271 220 8 9 1 0
173 272 8 9 1 0
1744 57 6 7 1 0
682 205 7 8 1 0
1331 221 8 9 1 0
836 196 7 8 1 0
41 279 8 9 1 0
1607 338 8 9 1 0
1816 628 12 17 1 0
353 595 12 17 1 0
1511 30 6 7 1 0
317 59 6 7 1 0
1647 376 8 9 1 0
45 628 12 17 1 0
325 153 6 7 1 0
1398 121 6 7 1 0
440 531 12 17 1 0
1489 438 8 9 1 0
202 12 6 7 1 0
753 970 12 17 1 0
589 406 8 9 1 0
1145 311 8 9 1 0
103 288 8 9 1 0
205 531 12 17 1 0
760 208 7 8 1 0
764 974 12 17 1 0
75 248 8 9 1 0
230 594 12 17 1 0
668 234 8 9 1 0
391 437 8 9 1 0
1667 420 8 9 1 0
273 831 12 17 1 0
9 618 12 17 1 0
192 806 12 17 1 0
12 174 6 7 1 0
1852 139 6 7 1 0
623 184 6 7 1 0
1652 864 12 17 1 0
1196 445 8 9 1 0
711 234 8 9 1 0
767 370 8 9 1 0
1659 436 8 9 1 0
971 495 12 17 1 0
558 458 8 9 1 0
1262 195 6 7 1 0
366 609 12 17 1 0
398 703 12 17 1 0
673 392 8 9 1 0
1720 222 8 9 1 0
1305 204 7 8 1 0
175 182 6 7 1 0
864 519 12 17 1 0
549 182 6 7 1 0
126 53 6 7 1 0
1542 197 7 8 1 0
1080 620 12 17 1 0
1706 629 12 17 1 0
796 187 6 7 1 0
647 682 12 17 1 0
1119 365 8 9 1 0
283 410 8 9 1 0
16 702 12 17 1 0
552 823 12 17 1 0
1430 312 8 9 1 0
1328 101 6 7 1 0
1445 7 6 7 1 0
1252 47 6 7 1 0
1386 83 6 7 1 0
424 392 8 9 1 0
571 264 8 9 1 0
1107 592 12 17 1 0
228 124 6 7 1 0
1473 24 6 7 1 0
152 91 6 7 1 0
703 816 12 17 1 0
1728 563 12 17 1 0
216 248 8 9 1 0
1307 322 8 9 1 0
779 507 12 17 1 0
79 42 6 7 1 0
577 120 6 7 1 0
1336 539 12 17 1 0
105 444 8 9 1 0
588 253 8 9 1 0
598 218 8 9 1 0
181 201 7 8 1 0
402 548 12 17 1 0
1601 30 6 7 1 0
1309 358 8 9 1 0
306 459 8 9 1 0
726 676 12 17 2 0
1272 373 8 9 1 0
551 469 8 9 1 0
1532 481 8 9 1 0
353 445 8 9 1 0
570 808 12 17 1 0
172 116 6 7 1 0
458 890 12 17 1 0
918 454 8 9 1 0
325 822 12 17 1 0
720 73 6 7 1 0
1461 30 6 7 1 0
461 351 8 9 1 0
689 488 12 17 1 0
1398 187 6 7 1 0
814 819 12 17 1 0
982 462 8 9 1 0
824 80 6 7 1 0
1814 350 8 9 1 0
204 894 12 17 1 0
1485 449 8 9 1 0
143 826 12 17 1 0
1453 171 6 7 1 0
1008 393 8 9 1 0
1642 38 6 7 1 0
1195 333 8 9 1 0
483 810 12 17 1 0
837 563 12 17 1 0
86 227 8 9 1 0
430 272 8 9 1 0
440 798 12 17 1 0
1726 281 8 9 1 0
859 327 8 9 1 0
857 76 6 7 1 0
1544 683 12 17 1 0
648 346 8 9 1 0
795 228 8 9 1 0
93 52 6 7 1 0
1522 690 12 17 1 0
1691 343 8 9 1 0
523 683 12 17 1 0
212 960 12 17 1 0
122 371 8 9 1 0
482 266 8 9 1 0
1832 699 12 17 1 0
210 104 6 7 1 0
1685 494 12 17 2 0
388 426 8 9 1 0
800 20 6 7 1 0
1262 408 8 9 1 0
1351 87 6 7 1 0
558 282 8 9 1 0
489 28 6 7 1 0
667 68 6 7 1 0
1639 79 6 7 1 0
1385 69 6 7 1 0
935 237 8 9 1 0
1582 487 12 17 1 0
806 649 12 17 1 0
1129 50 6 7 1 0
501 213 8 9 1 0
291 42 6 7 1 0
1479 329 8 9 1 0
1244 214 8 9 1 0
1737 161 6 7 1 0
1268 168 6 7 1 0
187 4 6 7 1 0
1719 529 12 17 2 0
1047 404 8 9 1 0
725 206 7 8 1 0
764 51 6 7 1 0
632 118 6 7 1 0
104 156 6 7 1 0
1183 219 8 9 1 0
1380 282 8 9 1 0
1525 78 6 7 1 0
340 516 12 17 1 0
97 8 6 7 1 0
1429 31 6 7 1 0
1145 62 6 7 1 0
571 66 6 7 1 0
1291 260 8 9 1 0
9 186 7 8 1 0
357 247 8 9 1 0
309 155 6 7 1 0
1738 849 12 17 1 0
70 809 12 17 1 0
106 583 12 17 1 0
710 177 6 7 1 0
1768 220 8 9 1 0
833 404 8 9 1 0
774 521 12 17 1 0
1595 468 8 9 1 0
1839 301 8 9 1 0
324 199 7 8 1 0
17 765 12 17 1 0
966 487 12 17 1 0
594 443 8 9 1 0
1267 39 6 7 1 0
1278 100 6 7 1 0
1811 977 12 17 1 0
654 789 12 17 1 0
1543 818 12 17 1 0
659 193 6 7 1 0
586 541 12 17 1 0
471 21 6 7 1 0
780 392 8 9 1 0
1337 213 8 9 1 0
868 556 12 17 1 0
752 549 12 17 1 0
776 839 12 17 1 0
577 342 8 9 1 0
516 767 12 17 1 0
824 290 8 9 1 0
435 70 6 7 1 0
1548 557 12 17 1 0
1760 233 8 9 1 0
871 512 12 17 1 0
814 321 8 9 1 0
1078 395 8 9 1 0
759 33 6 7 1 0
493 640 12 17 1 0
1663 11 6 7 1 0
258 38 6 7 1 0
334 9 6 7 1 0
1762 657 12 17 1 0
689 17 6 7 1 0
508 563 12 17 1 0
1508 350 8 9 1 0
62 802 12 17 1 0
750 320 8 9 1 0
1469 72 6 7 1 0
159 155 6 7 1 0
1529 792 12 17 1 0
264 890 12 17 1 0
1506 110 6 7 1 0
762 827 12 17 1 0
15 223 8 9 1 0
632 37 6 7 1 0
20 24 6 7 1 0
1326 190 6 7 1 0
1354 221 8 9 1 0
557 292 8 9 1 0
973 278 8 9 1 0
803 354 8 9 1 0
1036 495 12 17 2 0
810 25 6 7 1 0
334 231 8 9 1 0
312 841 12 17 1 0
1621 207 7 8 1 0
110 172 6 7 1 0
1289 495 12 17 1 0
521 561 12 17 1 0
1688 716 12 17 1 0
43 39 6 7 1 0
630 295 8 9 1 0
1179 106 6 7 1 0
605 288 8 9 1 0
1007 570 12 17 1 0
561 934 12 17 2 0
715 675 12 17 2 0
107 183 6 7 1 0
450 703 12 17 1 0
1779 249 8 9 1 0
1796 696 12 17 1 0
328 950 12 17 1 0
1206 50 6 7 1 0
1330 140 6 7 1 0
560 948 12 17 1 0
1731 249 8 9 1 0
1738 177 6 7 1 0
1750 483 8 9 1 0
1545 782 12 17 1 0
1502 34 6 7 1 0
881 456 8 9 1 0
1748 81 6 7 1 0
32 851 12 17 1 0
1610 259 8 9 1 0
1364 131 6 7 1 0
340 220 8 9 1 0
1233 375 8 9 1 0
58 39 6 7 1 0
1315 301 8 9 1 0
1096 365 8 9 1 0
599 925 12 17 1 0
48 380 8 9 1 0
429 201 7 8 1 0
1487 497 12 17 1 0
259 423 8 9 1 0
1515 10 6 7 1 0
868 254 8 9 1 0
711 475 8 9 1 0
1550 244 8 9 1 0
11 87 6 7 1 0
375 91 6 7 1 0
260 397 8 9 1 0
261 105 6 7 1 0
632 780 12 17 1 0
639 575 12 17 1 0
1036 299 8 9 1 0
6 662 12 17 2 0
1479 246 8 9 1 0
975 365 8 9 1 0
457 854 12 17 1 0
1694 308 8 9 1 0
292 625 12 17 1 0
856 651 12 17 1 0
955 330 8 9 1 0
1587 757 12 17 1 0
1565 247 8 9 1 0
1571 87 6 7 1 0
206 781 12 17 1 0
1616 872 12 17 1 0
1834 422 8 9 1 0
1395 351 8 9 1 0
1497 149 6 7 1 0
182 586 12 17 1 0
1518 505 12 17 1 0
110 507 12 17 1 0
248 138 6 7 1 0
1588 98 6 7 1 0
224 657 12 17 1 0
571 323 8 9 1 0
1379 121 6 7 1 0
109 324 8 9 1 0
417 195 6 7 1 0
1185 247 8 9 1 0
1415 96 6 7 1 0
889 290 8 9 1 0
712 311 8 9 1 0
560 621 12 17 1 0
257 251 8 9 1 0
339 399 8 9 1 0
388 381 8 9 1 0
629 874 12 17 1 0
1421 55 6 7 1 0
567 7 6 7 1 0
1840 574 12 17 1 0
826 37 6 7 1 0
1692 365 8 9 1 0
865 378 8 9 1 0
258 208 7 8 1 0
705 245 8 9 1 0
149 692 12 17 1 0
1409 112 6 7 1 0
183 46 6 7 1 0
862 211 8 9 1 0
153 300 8 9 1 0
800 419 8 9 1 0
611 627 12 17 1 0
809 42 6 7 1 0
1708 160 6 7 1 0
1432 167 6 7 1 0
500 345 8 9 1 0
199 386 8 9 1 0
1243 563 12 17 1 0
429 158 6 7 1 0
1277 11 6 7 1 0
1835 717 12 17 1 0
262 628 12 17 1 0
842 145 6 7 1 0
1548 756 12 17 1 0
594 736 12 17 1 0
1214 223 8 9 1 0
568 626 12 17 1 0
202 924 12 17 1 0
1095 323 8 9 1 0
1114 558 12 17 1 0
1746 618 12 17 1 0
1345 78 6 7 1 0
692 596 12 17 1 0
1242 166 6 7 1 0
1388 280 8 9 1 0
667 681 12 17 1 0
807 595 12 17 1 0
280 600 12 17 1 0
416 534 12 17 1 0
172 299 8 9 1 0
1122 297 8 9 1 0
241 537 12 17 1 0
227 377 8 9 1 0
1391 337 8 9 1 0
148 192 6 7 1 0
1696 758 12 17 1 0
1298 62 6 7 1 0
1400 28 6 7 1 0
542 178 6 7 1 0
330 459 8 9 1 0
197 215 8 9 1 0
804 439 8 9 1 0
709 502 12 17 1 0
1219 319 8 9 1 0
1796 666 12 17 1 0
711 529 12 17 1 0
74 218 8 9 1 0
224 323 8 9 1 0
1501 184 6 7 1 0
1260 24 6 7 1 0
1530 639 12 17 1 0
660 405 8 9 1 0
1134 338 8 9 1 0
143 401 8 9 1 0
1206 245 8 9 1 0
973 342 8 9 1 0
1715 895 12 17 1 0
1319 594 12 17 1 0
394 961 12 17 1 0
462 640 12 17 1 0
111 98 6 7 1 0
1495 108 6 7 1 0
418 275 8 9 1 0
1132 240 8 9 1 0
597 305 8 9 1 0
669 942 12 17 1 0
1569 910 12 17 1 0
1572 65 6 7 1 0
903 580 12 17 1 0
336 130 6 7 1 0
1447 33 6 7 1 0
1430 131 6 7 1 0
773 208 7 8 1 0
453 11 6 7 1 0
163 187 6 7 1 0
131 354 8 9 1 0
529 744 12 17 1 0
1257 325 8 9 1 0
439 389 8 9 1 0
1465 63 6 7 1 0
314 660 12 17 1 0
664 339 8 9 1 0
572 580 12 17 1 0
486 111 6 7 1 0
1555 577 12 17 1 0
1389 168 6 7 1 0
126 870 12 17 1 0
348 836 12 17 1 0
1633 432 8 9 1 0
27 99 6 7 1 0
1444 328 8 9 1 0
1391 37 6 7 1 0
773 147 6 7 1 0
496 870 12 17 1 0
1443 176 6 7 1 0
763 7 6 7 1 0
1599 99 6 7 1 0
1319 32 6 7 1 0
1220 203 6 7 1 0
712 378 8 9 1 0
200 29 6 7 1 0
293 182 6 7 1 0
790 298 8 9 1 0
313 259 8 9 1 0
169 624 12 17 1 0
889 424 8 9 1 0
681 83 6 7 1 0
302 276 8 9 1 0
961 305 8 9 1 0
286 329 8 9 1 0
1347 267 8 9 1 0
264 543 12 17 1 0
1218 282 8 9 1 0
1193 570 12 17 1 0
208 313 8 9 1 0
72 370 8 9 1 0
656 562 12 17 1 0
950 598 12 17 1 0
394 909 12 17 1 0
90 138 6 7 1 0
866 345 8 9 1 0
1468 343 8 9 1 0
1529 199 7 8 1 0
1280 264 8 9 1 0
485 764 12 17 1 0
1242 74 6 7 1 0
115 32 6 7 1 0
442 266 8 9 1 0
569 412 8 9 1 0
1404 66 6 7 1 0
1547 704 12 17 2 0
1528 233 8 9 1 0
1435 227 8 9 1 0
1511 93 6 7 1 0
1663 338 8 9 1 0
1657 104 6 7 1 0
1467 542 12 17 1 0
72 824 12 17 1 0
606 478 8 9 1 0
870 632 12 17 1 0
1295 227 8 9 1 0
574 931 12 17 1 0
1245 80 6 7 1 0
22 930 12 17 1 0
814 479 8 9 1 0
1342 320 8 9 1 0
1321 62 6 7 1 0
1534 377 8 9 1 0
923 287 8 9 1 0
1474 76 6 7 1 0
408 193 6 7 1 0
481 324 8 9 1 0
408 593 12 17 1 0
1298 490 12 17 2 0
211 580 12 17 1 0
633 242 8 9 1 0
1019 440 8 9 1 0
1219 568 12 17 1 0
531 47 6 7 1 0
1084 317 8 9 1 0
1491 346 8 9 1 0
1384 536 12 17 1 0
121 390 8 9 1 0
163 315 8 9 1 0
27 185 7 8 1 0
441 258 8 9 1 0
607 908 12 17 1 0
861 484 8 9 1 0
736 828 12 17 1 0
207 141 6 7 1 0
380 671 12 17 1 0
275 697 12 17 1 0
307 33 6 7 1 0
1209 258 8 9 1 0
1330 63 6 7 1 0
622 39 6 7 1 0
1043 544 12 17 1 0
367 268 8 9 1 0
139 106 6 7 1 0
1678 718 12 17 1 0
1285 0 6 7 1 0
1811 234 8 9 1 0
512 600 12 17 1 0
349 432 8 9 1 0
1339 149 6 7 1 0
841 650 12 17 1 0
194 16 6 7 1 0
1607 543 12 17 1 0
1633 440 8 9 1 0
1430 230 8 9 1 0
1075 256 8 9 1 0
61 186 6 7 1 0
1842 761 12 17 1 0
786 628 12 17 1 0
455 522 12 17 1 0
507 516 12 17 1 0
638 266 8 9 1 0
568 100 6 7 1 0
339 247 8 9 1 0
1711 683 12 17 1 0
672 200 6 7 1 0
1744 577 12 17 1 0
265 25 6 7 1 0
419 597 12 17 1 0
582 283 8 9 1 0
1689 410 8 9 1 0
1429 23 6 7 1 0
60 115 6 7 1 0
1747 520 12 17 1 0
547 335 8 9 1 0
320 604 12 17 1 0
977 448 8 9 1 0
1215 102 6 7 1 0
216 910 12 17 1 0
1203 522 12 17 1 0
665 828 12 17 1 0
870 649 12 17 1 0
553 551 12 17 1 0
1287 246 8 9 1 0
112 519 12 17 1 0
527 891 12 17 1 0
1077 274 8 9 1 0
99 140 6 7 1 0
1533 34 6 7 1 0
772 590 12 17 1 0
1685 911 12 17 1 0
1294 361 8 9 1 0
762 402 8 9 1 0
728 311 8 9 1 0
1537 438 8 9 1 0
528 511 12 17 1 0
188 475 8 9 1 0
1500 579 12 17 1 0
139 60 6 7 1 0
1342 328 8 9 1 0
1565 835 12 17 1 0
297 101 6 7 1 0
165 325 8 9 1 0
1111 537 12 17 1 0
757 645 12 17 1 0
308 212 8 9 1 0
174 358 8 9 1 0
938 457 8 9 1 0
505 44 6 7 1 0
1256 190 6 7 1 0
1614 377 8 9 1 0
976 605 12 17 1 0
1300 376 8 9 1 0
990 342 8 9 1 0
584 663 12 17 1 0
1738 265 8 9 1 0
789 910 12 17 1 0
1205 162 6 7 1 0
1456 183 6 7 1 0
598 585 12 17 1 0
439 726 12 17 1 0
563 334 8 9 1 0
172 475 8 9 1 0
1419 300 8 9 1 0
218 561 12 17 1 0
1771 286 8 9 1 0
25 327 8 9 1 0
255 522 12 17 1 0
211 632 12 17 2 0
1259 14 6 7 1 0
828 347 8 9 1 0
596 164 6 7 1 0
462 486 12 17 1 0
72 657 12 17 1 0
386 455 8 9 1 0
702 388 8 9 1 0
142 417 8 9 1 0
1361 139 6 7 1 0
1307 169 6 7 1 0
616 808 12 17 1 0
138 7 6 7 1 0
420 782 12 17 1 0
728 327 8 9 1 0
602 172 6 7 1 0
434 669 12 17 1 0
792 30 6 7 1 0
324 495 12 17 2 0
386 491 12 17 1 0
1252 291 8 9 1 0
1529 507 12 17 1 0
480 690 12 17 1 0
297 536 12 17 1 0
513 4 6 7 1 0
204 258 8 9 1 0
713 116 6 7 1 0
524 39 6 7 1 0
512 274 8 9 1 0
581 316 8 9 1 0
428 571 12 17 1 0
547 80 6 7 1 0
79 122 6 7 1 0
295 30 6 7 1 0
536 491 12 17 2 0
1614 88 6 7 1 0
894 399 8 9 1 0
1237 332 8 9 1 0
627 104 6 7 1 0
1046 569 12 17 1 0
743 389 8 9 1 0
444 102 6 7 1 0
1398 115 6 7 1 0
838 296 8 9 1 0
979 336 8 9 1 0
1774 113 6 7 1 0
1080 256 8 9 1 0
680 5 6 7 1 0
821 107 6 7 1 0
651 437 8 9 1 0
817 164 6 7 1 0
1316 86 6 7 1 0
1177 272 8 9 1 0
866 459 8 9 1 0
1097 336 8 9 1 0
788 785 12 17 1 0
794 674 12 17 1 0
1482 174 6 7 1 0
1365 181 6 7 1 0
177 530 12 17 1 0
196 116 6 7 1 0
185 872 12 17 1 0
574 298 8 9 1 0
1056 425 8 9 1 0
1219 78 6 7 1 0
1788 417 8 9 1 0
666 400 8 9 1 0
410 629 12 17 1 0
522 925 12 17 1 0
737 295 8 9 1 0
443 457 8 9 1 0
27 158 6 7 1 0
1813 489 12 17 2 0
1318 52 6 7 1 0
552 254 8 9 1 0
1584 874 12 17 1 0
1647 843 12 17 1 0
1773 595 12 17 1 0
10 636 12 17 2 0
1546 978 12 17 1 0
1599 213 8 9 1 0
314 762 12 17 1 0
178 656 12 17 1 0
1297 304 8 9 1 0
1288 532 12 17 1 0
1507 136 6 7 1 0
27 698 12 17 1 0
833 43 6 7 1 0
1852 311 8 9 1 0
446 242 8 9 1 0
1411 107 6 7 1 0
508 586 12 17 1 0
1090 601 12 17 1 0
1474 220 8 9 1 0
1404 113 6 7 1 0
971 397 8 9 1 0
1720 747 12 17 1 0
1344 414 8 9 1 0
1768 215 8 9 1 0
335 39 6 7 1 0
68 756 12 17 1 0
1156 86 6 7 1 0
169 72 6 7 1 0
620 577 12 17 1 0
1462 296 8 9 1 0
697 312 8 9 1 0
1582 343 8 9 1 0
1383 175 6 7 1 0
585 381 8 9 1 0
369 52 6 7 1 0
1578 860 12 17 1 0
1346 530 12 17 1 0
1411 310 8 9 1 0
205 431 8 9 1 0
301 549 12 17 1 0
494 137 6 7 1 0
600 61 6 7 1 0
426 421 8 9 1 0
1184 518 12 17 1 0
412 143 6 7 1 0
1811 445 8 9 1 0
1495 240 8 9 1 0
63 479 8 9 1 0
793 346 8 9 1 0
1787 62 6 7 1 0
1063 413 8 9 1 0
1285 105 6 7 1 0
463 456 8 9 1 0
50 641 12 17 1 0
867 283 8 9 1 0
404 172 6 7 1 0
506 71 6 7 1 0
861 613 12 17 1 0
1822 304 8 9 1 0
122 933 12 17 1 0
1471 184 6 7 1 0
1307 461 8 9 1 0
528 286 8 9 1 0
709 14 6 7 1 0
1571 669 12 17 1 0
1273 30 6 7 1 0
573 53 6 7 1 0
369 198 7 8 1 0
848 505 12 17 1 0
1568 355 8 9 1 0
1569 703 12 17 1 0
387 74 6 7 1 0
1186 368 8 9 1 0
307 223 8 9 1 0
180 635 12 17 1 0
1673 852 12 17 1 0
128 427 8 9 1 0
1759 430 8 9 1 0
1712 252 8 9 1 0
1212 299 8 9 1 0
1609 665 12 17 1 0
740 918 12 17 1 0
1679 613 12 17 1 0
998 375 8 9 1 0
769 20 6 7 1 0
774 539 12 17 2 0
171 22 6 7 1 0
1811 41 6 7 1 0
967 234 8 9 1 0
1838 504 12 17 1 0
349 463 8 9 1 0
718 28 6 7 1 0
869 332 8 9 1 0
952 402 8 9 1 0
908 242 8 9 1 0
604 711 12 17 1 0
792 384 8 9 1 0
347 324 8 9 1 0
951 634 12 17 1 0
1340 278 8 9 1 0
486 212 8 9 1 0
49 908 12 17 1 0
423 108 6 7 1 0
590 394 8 9 1 0
1341 15 6 7 1 0
390 353 8 9 1 0
207 545 12 17 1 0
1198 71 6 7 1 0
1557 16 6 7 1 0
556 570 12 17 1 0
489 357 8 9 1 0
1534 179 6 7 1 0
688 337 8 9 1 0
1563 455 8 9 1 0
1487 67 6 7 1 0
917 581 12 17 1 0
16 335 8 9 1 0
306 744 12 17 1 0
50 212 8 9 1 0
1372 206 7 8 1 0
155 589 12 17 1 0
433 438 8 9 1 0
1273 271 8 9 1 0
260 137 6 7 1 0
369 134 6 7 1 0
1031 328 8 9 1 0
721 437 8 9 1 0
536 70 6 7 1 0
378 507 12 17 1 0
489 126 6 7 1 0
221 22 6 7 1 0
1200 80 6 7 1 0
1344 400 8 9 1 0
1842 280 8 9 1 0
433 973 12 17 1 0
716 291 8 9 1 0
1839 435 8 9 1 0
241 761 12 17 1 0
885 72 6 7 1 0
118 42 6 7 1 0
16 861 12 17 1 0
672 114 6 7 1 0
660 252 8 9 1 0
436 952 12 17 1 0
159 269 8 9 1 0
910 349 8 9 1 0
48 596 12 17 1 0
111 435 8 9 1 0
1782 26 6 7 1 0
1654 955 12 17 1 0
302 510 12 17 1 0
1188 105 6 7 1 0
755 101 6 7 1 0
1330 313 8 9 1 0
566 236 8 9 1 0
524 788 12 17 1 0
1192 89 6 7 1 0
172 127 6 7 1 0
763 802 12 17 1 0
1704 150 6 7 1 0
459 383 8 9 1 0
1506 7 6 7 1 0
885 28 6 7 1 0
1661 236 8 9 1 0
681 861 12 17 1 0
1381 33 6 7 1 0
64 98 6 7 1 0
917 638 12 17 1 0
825 379 8 9 1 0
412 964 12 17 1 0
858 348 8 9 1 0
1650 393 8 9 1 0
714 158 6 7 1 0
1685 309 8 9 1 0
1445 127 6 7 1 0
1390 191 6 7 1 0
1334 252 8 9 1 0
1409 211 8 9 1 0
259 12 6 7 1 0
536 185 6 7 1 0
898 386 8 9 1 0
912 328 8 9 1 0
1517 385 8 9 1 0
1467 360 8 9 1 0
652 624 12 17 1 0
1247 252 8 9 1 0
1398 241 8 9 1 0
1664 595 12 17 1 0
385 40 6 7 1 0
479 153 6 7 1 0
326 734 12 17 1 0
1531 211 8 9 1 0
695 34 6 7 1 0
51 356 8 9 1 0
819 56 6 7 1 0
979 633 12 17 1 0
1537 309 8 9 1 0
162 908 12 17 1 0
45 506 12 17 1 0
1127 312 8 9 1 0
1799 189 6 7 1 0
1105 609 12 17 1 0
1167 85 6 7 1 0
1224 424 8 9 1 0
1159 277 8 9 1 0
275 293 8 9 1 0
1606 981 12 17 1 0
650 13 6 7 1 0
1209 189 6 7 1 0
686 292 8 9 1 0
105 59 6 7 1 0
762 189 6 7 1 0
680 225 8 9 1 0
1581 84 6 7 1 0
1303 545 12 17 1 0
1557 905 12 17 1 0
1574 222 8 9 1 0
1489 85 6 7 1 0
1196 131 6 7 1 0
37 198 7 8 1 0
653 908 12 17 1 0
128 20 6 7 1 0
287 809 12 17 1 0
1553 498 12 17 1 0
1196 199 7 8 1 0
239 41 6 7 1 0
1019 412 8 9 1 0
932 286 8 9 1 0
806 835 12 17 1 0
1768 609 12 17 1 0
1736 544 12 17 1 0
262 449 8 9 1 0
482 74 6 7 1 0
626 394 8 9 1 0
1321 178 6 7 1 0
1210 124 6 7 1 0
697 363 8 9 1 0
920 565 12 17 1 0
138 360 8 9 1 0
398 188 6 7 1 0
1705 840 12 17 1 0
1528 204 7 8 1 0
471 224 8 9 1 0
755 937 12 17 1 0
611 98 6 7 1 0
514 707 12 17 1 0
27 502 11 15 1 0
615 640 12 17 1 0
1256 395 8 9 1 0
175 254 8 9 1 0
539 45 6 7 1 0
1326 15 6 7 1 0
1721 778 12 17 1 0
1080 350 8 9 1 0
1631 571 12 17 1 0
224 366 8 9 1 0
194 529 12 17 1 0
203 248 8 9 1 0
1668 222 8 9 1 0
1164 332 8 9 1 0
599 603 12 17 1 0
490 751 12 17 1 0
173 793 12 17 1 0
1780 61 6 7 1 0
1452 182 6 7 1 0
1061 227 8 9 1 0
456 812 12 17 1 0
363 597 12 17 1 0
543 565 12 17 1 0
1111 581 12 17 1 0
292 920 12 17 1 0
1013 264 8 9 1 0
289 218 8 9 1 0
1534 227 8 9 1 0
1441 198 6 7 1 0
1559 126 6 7 1 0
760 91 6 7 1 0
737 772 12 17 1 0
1769 273 8 9 1 0
863 497 12 17 1 0
1811 145 6 7 1 0
572 435 8 9 1 0
305 702 12 17 1 0
1269 106 6 7 1 0
494 487 12 17 1 0
509 978 12 17 1 0
1296 237 8 9 1 0
50 249 8 9 1 0
236 811 12 17 1 0
117 699 12 17 1 0
1637 184 6 7 1 0
145 514 12 17 1 0
124 221 8 9 1 0
15 746 12 17 2 0
377 79 6 7 1 0
438 500 12 17 1 0
1410 403 8 9 1 0
934 216 8 9 1 0
152 932 12 17 1 0
354 5 6 7 1 0
697 803 12 17 1 0
114 295 8 9 1 0
1062 248 8 9 1 0
355 392 8 9 1 0
1212 85 6 7 1 0
110 715 12 17 1 0
831 474 8 9 1 0
695 408 8 9 1 0
1251 131 6 7 1 0
142 69 6 7 1 0
565 379 8 9 1 0
1632 523 12 17 1 0
1668 118 6 7 1 0
1179 243 8 9 1 0
1565 160 6 7 1 0
344 299 8 9 1 0
526 910 12 17 1 0
102 629 12 17 1 0
682 63 6 7 1 0
155 837 12 17 1 0
1169 462 8 9 1 0
983 298 8 9 1 0
74 531 12 17 1 0
602 107 6 7 1 0
502 83 6 7 1 0
311 911 12 17 1 0
1211 593 12 17 1 0
1101 312 8 9 1 0
398 726 12 17 1 0
923 514 12 17 1 0
296 744 12 17 1 0
122 713 12 17 1 0
486 609 12 17 2 0
551 12 6 7 1 0
1547 222 8 9 1 0
731 960 12 17 1 0
1563 175 6 7 1 0
1454 154 6 7 1 0
1260 55 6 7 1 0
615 245 8 9 1 0
726 382 8 9 1 0
391 563 12 17 1 0
24 136 6 7 1 0
686 319 8 9 1 0
436 45 6 7 1 0
1282 227 8 9 1 0
1226 200 6 7 1 0
1786 273 8 9 1 0
692 740 12 17 1 0
