142 355 34 49 1 0
823 169 16 26 1 0
475 324 34 49 1 0
442 33 12 18 1 0
454 223 30 35 1 0
230 234 30 35 1 0
827 10 9 15 1 0
518 72 12 18 1 0
485 28 12 18 1 0
99 109 20 31 1 0
151 4 9 15 1 0
141 26 12 18 1 0
622 129 20 31 1 0
602 27 12 18 1 0
343 289 30 35 1 0
524 215 30 35 1 0
796 44 12 18 1 0
606 257 30 35 1 0
394 421 34 49 1 0
761 46 12 18 1 0
534 115 20 31 1 0
590 102 20 31 1 0
442 279 30 35 1 0
159 160 16 26 1 0
477 88 12 18 1 0
777 28 12 18 1 0
20 165 14 26 1 0
68 465 34 49 1 0
761 96 20 31 1 0
63 116 20 31 1 0
200 216 30 35 1 0
694 108 20 31 1 0
214 40 12 18 1 0
270 34 12 18 1 0
544 179 30 35 1 0
226 156 16 26 1 0
17 138 16 31 1 0
142 183 30 35 1 0
768 84 12 18 1 0
89 318 34 49 1 0
13 67 9 15 1 0
21 76 10 18 1 0
403 124 20 31 1 0
94 253 30 35 1 0
464 255 30 35 1 0
158 233 30 35 1 0
184 20 12 18 1 0
11 441 29 49 1 0
571 148 16 26 1 0
70 206 30 35 1 0
785 192 30 35 1 0
822 132 20 31 1 0
505 452 34 49 1 0
330 60 12 18 1 0
68 29 12 18 1 0
533 283 30 35 1 0
6 199 25 35 1 0
604 124 20 31 1 0
744 319 34 49 1 0
211 381 34 49 1 0
62 232 30 35 1 0
575 85 12 18 1 0
815 24 12 18 1 0
237 16 12 18 1 0
678 104 20 31 1 0
178 313 30 35 1 0
641 27 12 18 1 0
620 87 12 18 1 0
250 175 16 26 1 0
391 79 12 18 1 0
170 186 30 35 1 0
794 329 34 49 1 0
217 121 20 31 1 0
456 174 16 26 1 0
850 316 30 35 1 0
265 8 9 15 1 0
38 347 34 49 1 0
114 114 20 31 1 0
740 109 20 31 1 0
46 94 20 31 1 0
366 290 30 35 1 0
125 150 16 26 1 0
348 24 12 18 1 0
601 320 34 49 1 0
702 324 34 49 1 0
323 186 30 35 1 0
104 26 12 18 1 0
682 208 30 35 1 0
808 195 30 35 1 0
380 193 30 35 1 0
187 68 12 18 1 0
394 102 20 31 1 0
849 20 12 18 1 0
797 409 34 49 1 0
694 140 20 31 1 0
699 182 30 35 1 0
338 83 12 18 1 0
570 201 30 35 1 0
165 53 12 18 1 0
304 230 30 35 1 0
430 230 30 35 1 0
688 15 10 18 1 0
190 117 20 31 1 0
530 30 12 18 1 0
141 86 12 18 1 0
690 262 30 35 1 0
639 473 34 49 1 0
614 167 16 26 1 0
559 20 12 18 1 0
177 268 30 35 1 0
24 305 25 35 1 0
26 242 30 35 1 0
260 357 34 49 1 0
178 445 34 49 1 0
720 28 12 18 1 0
573 60 12 18 1 0
633 151 16 26 1 0
251 254 30 35 1 0
282 162 16 26 1 0
251 278 30 35 1 0
84 178 14 11 1 0
832 75 12 18 1 0
230 74 12 18 1 0
107 70 12 18 1 0
