354 109 40 44 1 0
9 29 25 28 1 0
17 59 25 28 1 0
572 45 25 28 1 0
492 53 25 28 1 0
125 59 25 28 1 0
196 256 36 49 1 0
244 28 22 25 1 0
156 193 36 49 1 0
659 80 29 42 1 0
334 193 36 56 1 0
379 270 44 60 1 0
640 43 25 28 1 0
599 117 29 42 1 0
524 9 22 25 1 0
392 155 27 36 1 0
67 197 44 60 1 0
418 52 25 28 1 0
95 10 22 25 1 0
561 100 22 28 1 0
492 11 22 25 1 0
71 144 45 57 1 0
569 19 22 25 1 0
79 26 22 25 1 0
403 34 22 25 1 0
7 5 18 18 1 0
294 35 25 28 1 0
331 23 22 25 1 0
556 55 25 28 1 0
568 191 44 51 1 0
61 52 25 28 1 0
617 93 29 42 1 0
489 34 22 25 1 0
537 87 22 28 1 0
269 191 36 47 1 0
699 138 33 43 1 0
608 44 25 28 1 0
509 6 22 25 1 0
670 5 22 25 1 0
456 67 25 28 1 0
197 22 22 25 1 0
134 20 22 25 1 0
524 41 25 28 1 0
262 11 22 25 1 0
291 15 22 25 1 0
310 6 22 25 1 0
596 164 44 51 1 0
24 29 25 28 1 0
156 38 25 28 1 0
175 12 22 25 1 0
423 34 22 25 1 0
668 37 25 28 1 0
449 116 37 42 1 0
377 16 22 25 1 0
609 16 22 25 1 0
686 70 25 28 1 0
694 18 22 25 1 0
473 131 48 58 1 0
660 213 52 60 1 0
554 33 22 25 1 0
142 123 28 35 1 0
52 24 25 28 1 0
679 47 25 28 1 0
431 213 36 56 1 0
625 71 25 28 1 0
80 123 28 35 1 0
323 138 40 44 1 0
455 22 22 25 1 0
222 121 28 35 1 0
418 77 25 26 1 0
334 63 25 28 1 0
398 8 22 25 1 0
66 6 22 25 1 0
489 83 22 28 1 0
182 38 25 28 1 0
229 56 25 28 1 0
