210 185 8 10 1 0
21 329 83 89 1 0
799 192 9 22 1 0
380 154 14 16 1 0
799 256 15 54 1 0
130 248 43 45 1 0
93 179 9 6 1 0
395 157 14 16 1 0
555 373 83 89 1 0
71 196 28 23 1 0
556 148 14 16 1 0
431 157 14 16 1 0
242 234 27 27 1 0
626 144 14 16 1 0
366 248 43 45 1 0
69 216 28 23 1 0
529 204 28 23 1 0
350 155 14 16 1 0
276 191 8 10 1 0
336 150 14 16 1 0
80 252 43 45 1 0
729 215 28 23 1 0
421 205 28 23 1 0
408 157 14 16 1 0
236 184 8 10 1 0
664 297 43 45 1 0
761 169 14 16 1 0
95 202 28 23 1 0
497 234 24 17 1 0
531 226 28 23 1 0
263 181 8 10 1 0
9 202 28 23 1 0
137 288 43 45 1 0
475 219 28 23 1 0
453 152 14 16 1 0
612 210 28 23 1 0
152 200 28 23 1 0
441 212 28 23 1 0
287 206 28 23 1 0
525 153 14 16 1 0
603 237 43 45 1 0
773 186 14 16 1 0
471 278 43 45 1 0
724 254 43 45 1 0
313 147 14 16 1 0
658 151 14 16 1 0
322 201 28 23 1 0
209 301 49 59 1 0
354 215 28 23 1 0
651 199 28 23 1 0
75 185 9 6 1 0
134 214 28 23 1 0
294 190 8 10 1 0
327 318 55 68 1 0
249 218 28 23 1 0
492 150 14 16 1 0
196 226 28 23 1 0
32 190 9 6 1 0
581 157 14 16 1 0
431 300 43 45 1 0
772 215 28 23 1 0
704 152 14 16 1 0
