825 277 26 28 1 0
187 143 15 17 1 0
570 268 26 28 1 0
548 16 16 18 1 0
175 83 15 17 1 0
301 98 15 17 1 0
620 14 16 18 1 0
210 35 16 18 1 0
281 2 15 17 2 0
268 228 26 28 1 0
399 150 15 17 1 0
828 160 26 28 1 0
627 158 15 17 1 0
738 52 16 18 1 0
219 218 26 28 1 0
242 99 15 17 1 0
547 399 29 38 1 0
499 193 26 28 1 0
678 90 15 17 1 0
510 131 15 17 1 0
406 270 26 28 1 0
624 219 26 28 1 0
243 280 26 28 1 0
50 122 15 17 1 0
517 232 26 28 1 0
680 406 29 38 1 0
333 256 26 28 1 0
97 89 15 17 1 0
371 112 15 17 1 0
399 42 16 18 1 0
214 119 15 17 1 0
502 37 16 18 1 0
75 22 16 18 1 0
761 60 15 17 1 0
667 47 16 18 1 0
190 46 16 18 1 0
475 52 16 18 1 0
528 90 15 17 1 0
593 3 16 18 1 0
435 313 29 38 1 0
140 285 26 28 1 0
840 47 18 20 1 0
102 8 16 18 1 0
623 52 16 18 1 0
805 15 16 18 1 0
223 175 26 28 1 0
379 218 26 28 1 0
119 325 29 38 1 0
843 8 15 17 1 0
604 186 26 28 1 0
638 11 16 18 1 0
433 383 29 38 1 0
840 127 15 17 1 0
260 398 29 38 1 0
79 120 15 17 1 0
798 35 16 18 1 0
275 0 15 17 2 0
670 132 15 17 1 0
334 191 26 28 1 0
453 166 26 28 1 0
719 29 16 18 1 0
534 23 16 18 1 0
426 163 26 28 1 0
