1469 700 45 46 1 0
925 72 30 38 1 0
1678 1036 41 47 1 0
456 746 45 46 1 0
1263 107 30 38 1 0
192 354 33 39 1 0
609 743 45 46 1 0
32 58 30 38 1 0
745 1020 41 47 1 0
686 677 45 46 1 0
1791 797 47 45 1 0
591 46 30 38 1 0
1599 441 33 39 1 0
1371 389 33 39 1 0
1063 126 30 38 1 0
1469 507 40 40 1 0
1470 537 40 40 1 0
189 226 30 38 1 0
548 17 30 38 1 0
1802 535 40 40 1 0
151 206 30 38 1 0
252 664 45 46 1 0
1084 938 47 45 1 0
1104 274 33 39 1 0
326 282 33 39 1 0
591 1004 41 47 1 0
140 330 33 39 1 0
1840 85 30 38 1 0
662 847 47 45 1 0
790 116 30 38 1 0
1265 542 40 40 1 0
348 415 33 39 1 0
51 160 30 38 1 0
417 81 30 38 1 0
1802 648 45 46 1 0
412 907 47 45 1 0
134 143 30 38 1 0
480 85 30 38 1 0
360 600 40 40 1 0
421 1057 41 47 1 0
330 24 30 38 1 0
1647 576 40 40 1 0
250 571 40 40 1 0
1105 84 30 38 1 0
1596 951 47 45 1 0
448 827 47 45 1 0
1329 157 30 38 1 0
1219 418 33 39 1 0
852 58 30 38 1 0
1775 971 47 45 1 0
976 1013 41 47 1 0
46 228 30 38 1 0
321 132 30 38 1 0
112 1062 41 47 1 0
1265 927 47 45 1 0
840 117 30 38 1 0
1414 591 40 40 1 0
1039 28 30 38 1 0
1889 711 45 46 1 0
1896 89 30 38 1 0
635 1011 41 47 1 0
1661 363 33 39 1 0
231 150 30 38 1 0
1707 367 33 39 1 0
1134 26 30 38 1 0
1332 412 33 39 1 0
1331 374 33 39 1 0
1410 629 45 46 1 0
695 769 45 46 1 0
1237 141 30 38 1 0
1539 342 33 39 1 0
1581 760 45 46 1 0
1691 451 40 40 1 0
1622 350 33 39 1 0
234 290 33 39 1 0
1578 17 30 38 1 0
1149 141 30 38 1 0
1060 1034 41 47 1 0
662 60 30 38 1 0
1163 410 33 39 1 0
1629 490 40 40 1 0
496 587 40 40 1 0
1379 430 33 39 1 0
245 498 40 40 1 0
1523 365 33 39 1 0
209 424 33 39 1 0
729 845 47 45 1 0
1717 792 47 45 1 0
685 49 30 38 1 0
1808 917 47 45 1 0
1900 962 47 45 1 0
525 70 30 38 1 0
341 944 47 45 1 0
1064 175 30 38 1 0
1568 536 40 40 1 0
1463 937 47 45 1 0
261 410 33 39 1 0
1675 934 47 45 1 0
985 128 30 38 1 0
1202 326 33 39 1 0
1443 771 45 46 1 0
1843 568 40 40 1 0
545 95 30 38 1 0
1407 1003 41 47 1 0
476 919 47 45 1 0
323 733 45 46 1 0
1475 631 45 46 1 0
243 49 30 38 1 0
1686 858 47 45 1 0
1596 875 47 45 1 0
1678 787 47 45 1 0
1875 938 47 45 1 0
982 193 30 38 1 0
1261 58 30 38 1 0
370 719 45 46 1 0
1150 339 33 39 1 0
367 77 30 38 1 0
1733 90 30 38 1 0
1550 569 40 40 1 0
1023 54 30 38 1 0
876 1017 41 47 1 0
1238 485 40 40 1 0
471 31 30 38 1 0
149 1014 41 47 1 0
1161 210 30 38 1 0
1296 266 33 39 1 0
396 369 33 39 1 0
83 974 47 45 1 0
300 399 33 39 1 0
1446 285 33 39 1 0
1654 891 47 45 1 0
618 43 30 38 1 0
407 953 47 45 1 0
1736 931 47 45 1 0
486 476 40 40 1 0
531 994 41 47 1 0
70 291 33 39 1 0
344 667 45 46 1 0
1816 28 30 38 1 0
576 613 40 40 1 0
1715 587 40 40 1 0
1576 88 30 38 1 0
96 87 30 38 1 0
1377 279 33 39 1 0
373 216 30 38 1 0
487 512 40 40 1 0
1558 700 45 46 1 0
1882 819 47 45 1 0
1573 1006 41 47 1 0
1196 107 30 38 1 0
1831 383 33 39 1 0
1201 63 30 38 1 0
1639 96 30 38 1 0
742 922 47 45 1 0
1841 661 45 46 1 0
143 556 40 40 1 0
537 725 45 46 1 0
1432 359 33 39 1 0
308 218 30 38 1 0
965 28 30 38 1 0
1660 728 45 46 1 0
22 404 33 39 1 0
1379 681 45 46 1 0
1624 655 45 46 1 0
942 967 47 45 1 0
1302 488 40 40 1 0
1164 463 40 40 1 0
1171 1030 41 47 1 0
1791 372 33 39 1 0
1368 229 30 38 1 0
879 15 30 38 1 0
1383 934 47 45 1 0
1736 704 45 46 1 0
1707 529 40 40 1 0
583 829 47 45 1 0
837 11 30 38 1 0
1534 10 30 38 1 0
71 501 40 40 1 0
1555 621 45 46 1 0
1162 924 47 45 1 0
1532 763 45 46 1 0
1452 29 30 38 1 0
1647 11 30 38 1 0
570 640 45 46 1 0
421 442 33 39 1 0
1261 361 33 39 1 0
754 21 30 38 1 0
218 91 30 38 1 0
1449 431 33 39 1 0
1528 441 33 39 1 0
159 90 30 38 1 0
1048 268 33 39 1 0
605 917 47 45 1 0
542 655 45 46 1 0
1797 113 30 38 1 0
1497 223 30 38 1 0
1247 1024 41 47 1 0
1709 662 45 46 1 0
1800 715 45 46 1 0
287 95 30 38 1 0
1239 235 23 28 1 0
380 821 47 45 1 0
