2217 1709 424 542 1 0
3788 1833 330 332 1 0
4062 1499 160 223 1 0
3964 1727 330 332 1 0
5347 1709 489 488 1 0
3127 1868 547 743 1 0
2704 1810 454 592 1 0
1531 2661 1109 1038 1 0
2038 1903 424 542 1 0
4189 1566 160 223 1 0
2756 1502 400 489 1 0
4112 1543 160 223 1 0
1358 1580 247 258 1 0
4958 1631 489 488 1 0
3822 1495 160 223 1 0
4525 1738 242 289 1 0
2683 2913 1109 1038 1 0
5763 1560 489 488 1 0
4269 1702 160 223 1 0
2057 1595 427 520 1 0
3696 1699 330 332 1 0
1882 1884 424 542 1 0
1985 1850 424 542 1 0
1704 1661 436 456 1 0
1999 2299 424 542 1 0
1092 1561 247 258 1 0
3424 2272 547 743 1 0
1114 1931 247 258 1 0
4503 1458 242 289 1 0
3872 1887 330 332 1 0
5123 1629 489 488 1 0
1157 1855 247 258 1 0
3534 1703 330 332 1 0
1013 1625 247 258 1 0
3261 1686 287 304 1 0
3951 2023 330 332 1 0
4308 2290 1126 1223 1 0
2242 2001 424 542 1 0
2778 1583 400 489 1 0
2990 2395 547 743 1 0
2965 1495 311 357 1 0
1191 1702 247 258 1 0
5474 2381 1656 1569 1 0
1300 1769 247 258 1 0
1437 1771 247 258 1 0
