1210 2004 9 11 1 0
229 1869 11 15 1 0
3815 2027 11 13 1 0
1810 1849 8 14 1 0
260 1713 11 15 1 0
3689 1916 11 13 1 0
4015 1971 11 13 1 0
3581 2029 11 13 1 0
1582 1817 9 11 1 0
3211 1897 11 13 1 0
2984 1909 10 11 1 0
2640 2006 10 11 1 0
1702 1956 9 11 1 0
360 1917 14 19 1 0
4847 1968 7 9 1 0
145 2042 14 19 1 0
2914 1602 11 10 1 0
3771 1936 11 13 1 0
4641 1948 7 9 1 0
2204 2003 17 22 1 0
1817 1542 11 10 1 0
2653 1907 10 11 1 0
2843 1698 11 10 1 0
1154 1934 14 19 1 0
3880 1934 11 13 1 0
1131 2022 14 19 1 0
1785 2031 17 22 1 0
198 1969 14 19 1 0
2801 1872 10 11 1 0
1908 2032 17 22 1 0
603 1761 11 15 1 0
3553 1892 11 13 1 0
3447 2006 11 13 1 0
3702 1915 11 13 1 0
2244 1926 8 14 1 0
3939 2027 11 13 1 0
1534 1855 9 11 1 0
687 1887 11 15 1 0
3729 1940 11 13 1 0
2817 2037 12 12 1 0
4327 2017 7 9 1 0
930 1875 11 15 1 0
2848 1907 10 11 1 0
1874 1544 11 10 1 0
2162 1894 8 14 1 0
329 1878 11 15 1 0
2153 1977 8 14 1 0
2585 1999 10 11 1 0
2843 1998 10 11 1 0
3029 1993 10 11 1 0
3393 2006 11 13 1 0
3467 1876 11 13 1 0
1454 2106 12 17 1 0
2169 1530 11 10 1 0
893 1829 11 15 1 0
1334 1623 9 12 1 0
3468 2087 7 9 1 0
4876 2004 7 9 1 0
116 2017 14 19 1 0
330 1848 11 15 1 0
4494 1927 7 9 1 0
611 1800 11 15 1 0
3354 1956 11 13 1 0
38 1975 12 17 1 0
3635 1896 11 13 1 0
614 2123 14 19 1 0
1718 1884 9 11 1 0
1884 1828 8 14 1 0
2651 1932 10 11 1 0
3395 1913 11 13 1 0
452 1952 14 19 1 0
2328 1902 8 14 1 0
527 1527 11 15 1 0
3025 1935 10 11 1 0
32 2159 14 19 1 0
4646 2000 7 9 1 0
2889 1731 11 10 1 0
1867 1900 8 14 1 0
2714 1736 11 10 1 0
188 1881 11 15 1 0
3164 1969 10 11 1 0
2406 2007 17 22 1 0
4285 1930 7 9 1 0
1344 1646 9 11 1 0
3628 2079 11 13 1 0
2585 1974 10 11 1 0
3660 1941 11 13 1 0
3350 1897 11 13 1 0
2714 2032 10 11 1 0
3783 1964 11 13 1 0
3589 1998 11 13 1 0
1100 2055 14 19 1 0
3473 1978 11 13 1 0
226 2057 14 19 1 0
2812 1917 10 11 1 0
4615 1979 7 9 1 0
4557 2010 7 9 1 0
237 1996 14 19 1 0
2171 1973 8 14 1 0
3741 1892 11 13 1 0
112 1751 11 15 1 0
1627 2023 9 11 1 0
1928 1946 8 14 1 0
4045 2017 11 13 1 0
2880 1595 11 10 1 0
2821 2000 10 11 1 0
680 2029 14 19 1 0
159 1936 14 19 1 0
3015 1951 10 11 1 0
1613 1808 9 11 1 0
4747 2000 7 9 1 0
2457 2063 17 22 1 0
1903 1898 8 14 1 0
4787 1872 7 9 1 0
1193 1805 11 15 1 0
1693 2114 17 22 1 0
106 1679 11 15 1 0
3689 2018 11 13 1 0
3464 1924 11 13 1 0
2601 1999 10 11 1 0
2409 1908 10 11 1 0
2601 1950 10 11 1 0
3580 1966 11 13 1 0
3719 2006 11 13 1 0
3299 1837 11 13 1 0
4964 1982 7 9 1 0
670 1837 11 15 1 0
1089 1615 11 15 1 0
115 2115 14 19 1 0
1054 1894 11 15 1 0
603 1801 11 15 1 0
3778 1950 11 13 1 0
2834 2042 18 18 1 0
468 2170 14 19 1 0
1368 1959 9 11 1 0
1877 2053 17 22 1 0
103 1842 11 15 1 0
2593 2015 10 11 1 0
3290 1910 11 13 1 0
290 1801 11 15 1 0
3747 2017 11 13 1 0
1861 1958 8 14 1 0
78 1912 14 19 1 0
3157 1992 10 11 1 0
3055 1909 10 11 1 0
2112 1861 8 14 1 0
3835 1953 11 13 1 0
517 1997 14 19 1 0
1586 1920 9 11 1 0
1089 1997 14 19 1 0
2774 1980 10 11 1 0
3747 1988 11 13 1 0
4427 1879 7 9 1 0
2524 2022 10 11 1 0
468 2038 14 19 1 0
2998 1733 11 10 1 0
1309 2001 9 11 1 0
4369 1914 7 9 1 0
383 1982 14 19 1 0
4438 1936 7 9 1 0
2751 1972 10 11 1 0
1122 1936 14 19 1 0
4212 1930 11 13 1 0
4035 1960 11 13 1 0
2622 1905 10 11 1 0
3804 1993 11 13 1 0
2342 1890 8 14 1 0
309 1859 11 15 1 0
1535 1951 9 11 1 0
2791 1998 10 11 1 0
764 2006 14 19 1 0
1816 2026 17 22 1 0
145 2001 14 19 1 0
2629 1648 11 10 1 0
1372 2065 12 17 1 0
2565 1924 10 11 1 0
4863 1993 7 9 1 0
3409 2011 11 13 1 0
47 1832 11 15 1 0
3254 1924 11 13 1 0
672 1885 11 15 1 0
378 1897 14 19 1 0
2678 2017 10 11 1 0
1287 1835 9 11 1 0
2541 1962 10 11 1 0
939 1818 11 15 1 0
694 1849 11 15 1 0
3004 1989 10 11 1 0
1345 1984 9 11 1 0
3181 2019 10 11 1 0
1491 2014 9 11 1 0
1826 1849 8 14 1 0
916 1999 14 19 1 0
1283 1961 9 11 1 0
2657 1974 10 11 1 0
2695 1714 11 10 1 0
2560 1897 10 11 1 0
344 1776 11 15 1 0
3052 1868 10 11 1 0
1936 1906 8 14 1 0
4633 1972 7 9 1 0
2983 1661 11 10 1 0
3858 1999 11 13 1 0
4231 1903 9 14 1 0
1243 1957 9 11 1 0
2978 1869 10 11 1 0
4777 2023 7 9 1 0
3849 2019 11 13 1 0
1550 1956 9 11 1 0
4183 2032 11 13 1 0
763 1904 14 19 1 0
1642 1891 9 11 1 0
185 1830 11 15 1 0
4207 1979 11 13 1 0
4524 1896 7 9 1 0
349 2085 14 19 1 0
2788 1951 10 11 1 0
3801 1944 11 13 1 0
4701 1964 7 9 1 0
3939 1967 11 13 1 0
211 1840 11 15 1 0
492 1774 11 15 1 0
3922 1993 11 13 1 0
4406 1994 7 9 1 0
2969 1715 11 10 1 0
942 1991 14 19 1 0
1282 1980 9 11 1 0
2695 2031 10 11 1 0
376 2012 14 19 1 0
381 1735 11 15 1 0
3455 1993 11 13 1 0
4485 1883 7 9 1 0
2922 1670 11 10 1 0
3440 2081 7 9 1 0
3872 1969 11 13 1 0
212 1869 11 15 1 0
3799 2019 11 13 1 0
812 2014 14 19 1 0
4882 1955 7 9 1 0
4016 1993 11 13 1 0
2208 1541 11 10 1 0
1379 2111 12 17 1 0
2848 2009 10 11 1 0
3861 1911 11 13 1 0
3990 2013 11 13 1 0
1259 1939 9 11 1 0
2943 1938 10 11 1 0
4521 1983 7 9 1 0
557 1731 11 15 1 0
38 1912 11 15 1 0
2109 1965 8 14 1 0
783 2038 14 19 1 0
240 1799 11 15 1 0
3433 1866 11 13 1 0
1239 1997 9 11 1 0
1544 1990 9 11 1 0
2579 1985 10 11 1 0
3398 1975 11 13 1 0
4076 1980 11 13 1 0
1922 1547 11 10 1 0
1788 1820 8 14 1 0
2588 1899 10 11 1 0
2978 1736 11 10 1 0
1183 2055 11 15 1 0
4325 1967 7 9 1 0
4422 1972 7 9 1 0
1060 1870 11 15 1 0
4941 1934 7 9 1 0
2695 1988 10 11 1 0
327 1753 11 15 1 0
2718 1887 10 11 1 0
2218 1996 17 22 1 0
3644 1941 11 13 1 0
3705 2017 11 13 1 0
718 1839 11 15 1 0
1466 2080 12 17 1 0
3055 1712 11 10 1 0
89 2031 14 19 1 0
3652 1923 11 13 1 0
248 1970 14 19 1 0
3023 1949 10 11 1 0
1129 2002 14 19 1 0
2257 1971 8 14 1 0
2477 1961 10 11 1 0
4105 2009 11 13 1 0
3927 2026 11 13 1 0
2687 1975 10 11 1 0
945 1419 11 15 1 0
723 1918 14 19 1 0
3554 1999 11 13 1 0
1689 1809 8 11 1 0
4218 1736 10 13 1 0
4085 1924 11 13 1 0
1772 1922 8 14 1 0
2854 2125 18 18 1 0
1378 1926 9 11 1 0
1397 1988 9 11 1 0
3098 1882 10 11 1 0
3440 1985 11 13 1 0
3788 2000 11 13 1 0
3778 2090 11 13 1 0
2131 1912 8 14 1 0
3075 2034 10 11 1 0
3868 1945 11 13 1 0
4873 1923 7 9 1 0
4379 1985 7 9 1 0
3600 2081 11 13 1 0
2439 1926 10 11 1 0
3797 2039 11 13 1 0
3509 1921 11 13 1 0
1610 2088 12 17 1 0
3291 1980 11 13 1 0
1750 1861 9 11 1 0
3264 1955 11 13 1 0
3702 1893 11 13 1 0
266 2065 14 19 1 0
2129 1935 8 14 1 0
1272 1927 9 11 1 0
1830 1938 8 14 1 0
3701 1961 11 13 1 0
3305 1916 11 13 1 0
3430 2003 11 13 1 0
39 2025 14 19 1 0
3243 2006 11 13 1 0
2295 2018 17 22 1 0
2468 1943 10 11 1 0
3382 1915 11 13 1 0
1861 1542 11 10 1 0
1846 1930 8 14 1 0
4721 2069 7 9 1 0
1956 1943 8 14 1 0
1808 2055 17 22 1 0
226 1957 14 19 1 0
3722 1960 11 13 1 0
2980 1936 10 11 1 0
501 1908 14 19 1 0
1044 2052 14 19 1 0
4488 1718 7 9 1 0
4040 2004 11 13 1 0
4025 1900 11 13 1 0
2720 1986 10 11 1 0
1153 1841 11 15 1 0
2525 2117 18 18 1 0
478 1912 14 19 1 0
1328 1611 10 13 1 0
1592 2063 12 17 1 0
3665 2011 11 13 1 0
3044 1950 10 11 1 0
4196 2029 11 13 1 0
3 1827 11 15 1 0
3834 1970 11 13 1 0
2830 1733 11 10 1 0
3059 2023 10 11 1 0
3072 1932 10 11 1 0
2131 2057 17 22 1 0
752 1898 14 19 1 0
1745 1816 8 14 1 0
4422 1904 7 9 1 0
2749 1952 10 11 1 0
1162 2017 12 17 2 0
462 2090 14 19 1 0
4179 1996 11 13 1 0
2066 2070 17 22 1 0
3304 1952 11 13 1 0
3788 1980 11 13 1 0
4529 1952 7 9 1 0
3979 2073 11 13 1 0
1761 1881 8 14 1 0
3143 1684 11 10 1 0
2782 2012 10 11 1 0
3059 1961 10 11 1 0
971 2008 14 19 1 0
4051 1909 11 13 1 0
188 1913 14 19 1 0
4773 1894 7 9 1 0
3575 2010 11 13 1 0
2624 1732 11 10 1 0
1464 1859 9 11 1 0
2236 1947 8 14 1 0
4905 1929 7 9 1 0
3745 2037 11 13 1 0
2929 2015 10 11 1 0
4140 1994 11 13 1 0
1056 2032 14 19 2 0
2157 1537 11 10 1 0
1166 2024 12 17 2 0
1778 1543 11 10 1 0
1744 2048 17 22 1 0
867 2054 14 19 1 0
4422 2028 7 9 1 0
1888 1846 8 14 1 0
4644 1904 7 9 1 0
1773 2011 17 22 1 0
1917 1821 8 14 1 0
1155 1492 11 15 1 0
2504 2089 18 18 1 0
4013 2014 11 13 1 0
3218 1886 11 13 1 0
2283 1941 8 14 1 0
2592 1876 10 11 1 0
2829 2006 10 11 1 0
2669 2037 10 11 1 0
2335 1723 11 10 1 0
3939 1984 11 13 1 0
1085 1844 11 15 1 0
3490 1956 11 13 1 0
1787 1994 17 22 1 0
3465 1906 11 13 1 0
2031 1820 8 14 1 0
4070 1955 11 13 1 0
2577 1671 11 10 1 0
2057 1836 8 14 1 0
4312 1980 7 9 1 0
3738 1956 11 13 1 0
4458 1937 7 9 1 0
4768 1952 7 9 1 0
1997 2059 17 22 1 0
1144 1623 11 15 1 0
2707 1979 10 11 1 0
3132 1743 11 10 1 0
477 1841 11 15 1 0
2310 1867 8 14 1 0
403 1368 11 15 1 0
2118 1878 8 14 1 0
342 1732 11 15 1 0
2001 1832 8 14 1 0
1950 1845 8 14 1 0
2668 1847 10 11 1 0
2889 1996 10 11 1 0
2763 1985 10 11 1 0
12 1934 11 16 1 0
4097 2033 11 13 1 0
4882 1839 7 9 1 0
4125 2000 11 13 1 0
3651 1877 11 13 1 0
1607 1830 9 11 1 0
4847 2022 7 9 1 0
2223 1909 8 14 1 0
4033 1976 11 13 1 0
405 1742 11 15 1 0
3237 1824 11 13 1 0
2091 2040 17 22 1 0
2977 1975 10 11 1 0
2818 1941 10 11 1 0
3089 1932 10 11 1 0
1718 1949 9 11 1 0
4147 1934 11 13 1 0
4217 1912 11 13 1 0
2214 1982 8 14 1 0
727 2058 14 19 1 0
3789 1920 11 13 1 0
896 1960 14 19 1 0
2288 1874 8 14 1 0
2617 2010 10 11 1 0
1076 2020 14 19 1 0
1705 1884 9 11 1 0
4549 1897 7 9 1 0
967 1808 11 15 1 0
146 1759 11 15 1 0
2465 2042 17 22 1 0
4645 2034 7 9 1 0
2900 1977 10 11 1 0
640 1836 11 15 1 0
1365 1864 9 11 1 0
1441 1929 9 11 1 0
4927 2058 7 9 1 0
2730 1972 10 11 1 0
2020 1886 8 14 1 0
2642 1971 10 11 1 0
1632 1900 9 11 1 0
3081 1722 11 10 1 0
1137 1849 11 15 1 0
1119 1804 11 15 1 0
2665 2018 10 11 1 0
943 1925 14 19 1 0
2003 1979 8 14 1 0
2191 1990 8 14 1 0
3456 1894 11 13 1 0
1334 1852 9 11 1 0
2540 2030 10 11 1 0
1159 2061 14 19 1 0
1913 2069 17 22 1 0
1521 1950 9 11 1 0
1969 1909 8 14 1 0
1789 1838 8 14 1 0
4754 1925 7 9 1 0
2731 1871 10 11 1 0
3158 1746 11 10 1 0
2588 1941 10 11 1 0
2710 2047 18 18 1 0
4946 1978 7 9 1 0
1410 1962 9 11 1 0
3982 1936 11 13 1 0
743 1943 14 19 1 0
357 1891 11 15 1 0
3670 1971 11 13 1 0
3120 1675 11 10 1 0
3969 1924 11 13 1 0
842 1864 11 15 1 0
3936 2081 11 13 1 0
1393 2048 12 17 1 0
1379 1961 9 11 1 0
3250 1939 11 13 1 0
4371 1890 7 9 1 0
128 2040 14 19 1 0
1581 2053 12 17 1 0
1043 1896 14 19 1 0
2688 1945 10 11 1 0
3188 1910 10 11 1 0
326 2036 14 19 1 0
2571 1997 10 11 1 0
443 1829 11 15 1 0
1313 1951 9 11 1 0
963 1881 11 15 1 0
2661 1710 11 10 1 0
307 1754 11 15 1 0
2829 1917 10 11 1 0
3114 1906 10 11 1 0
2832 2064 18 18 1 0
509 1388 11 15 1 0
179 1781 11 15 1 0
1851 1915 8 14 1 0
4555 1913 7 9 1 0
1032 2055 14 19 1 0
3012 1737 11 10 1 0
2669 1996 10 11 1 0
1181 1494 11 15 1 0
4469 1994 7 9 1 0
3812 1931 11 13 1 0
2026 1612 11 10 1 0
3680 2005 11 13 1 0
3792 1963 11 13 1 0
439 1810 11 15 1 0
4836 1887 7 9 1 0
850 1573 11 15 1 0
2391 1945 10 11 1 0
3490 2085 7 9 1 0
3468 1958 11 13 1 0
3001 1899 10 11 1 0
2561 1950 10 11 1 0
3243 1963 11 13 1 0
683 1813 11 15 1 0
3384 1988 11 13 1 0
3214 2043 7 9 1 0
1550 1892 9 11 1 0
3871 2014 11 13 1 0
407 2086 14 19 1 0
4392 1886 7 9 1 0
1632 2056 12 17 1 0
1104 1915 14 19 1 0
2884 2008 10 11 1 0
164 1884 11 15 1 0
3921 1927 11 13 1 0
1614 1869 9 11 1 0
4685 2012 7 9 1 0
833 1869 11 15 1 0
3183 1987 10 11 1 0
2281 1916 8 14 1 0
2269 1887 8 14 1 0
833 1915 14 19 1 0
4336 1990 7 9 1 0
2750 1635 11 10 1 0
1601 1992 9 11 1 0
1193 1885 11 15 1 0
525 1830 11 15 1 0
3847 1980 11 13 1 0
2231 2023 17 22 1 0
1447 1893 9 11 1 0
895 1422 11 15 1 0
771 2031 14 19 2 0
4887 2023 7 9 1 0
332 2073 14 19 1 0
2249 1946 8 14 1 0
4825 2059 7 9 1 0
2076 1912 8 14 1 0
3262 1835 11 13 1 0
2117 1830 8 14 1 0
3528 1897 11 13 1 0
4743 2065 7 9 1 0
1849 2044 17 22 1 0
2473 2050 17 22 1 0
1370 1905 9 11 1 0
788 2019 14 19 1 0
3202 2031 11 13 1 0
1475 1840 9 11 1 0
2002 1997 17 22 1 0
458 1773 11 15 1 0
4300 1956 7 9 1 0
228 2008 14 19 1 0
3913 1947 11 13 1 0
4673 2002 7 9 1 0
455 1841 11 15 1 0
2538 1837 10 11 1 0
2673 1868 10 11 1 0
2618 1915 10 11 1 0
4627 2003 7 9 1 0
3012 1936 10 11 1 0
2289 1999 17 22 1 0
2321 1910 8 14 1 0
881 1885 11 15 1 0
4532 1910 7 9 1 0
1921 2118 17 22 1 0
3725 1977 11 13 1 0
3635 1997 11 13 1 0
457 2011 14 19 1 0
1647 2014 9 11 1 0
4702 1928 7 9 1 0
1521 1845 9 11 1 0
1789 1972 8 14 1 0
3512 1900 11 13 1 0
530 2121 14 19 1 0
1510 1948 9 11 1 0
3145 1873 10 11 1 0
4478 2020 7 9 1 0
2059 1526 11 10 1 0
2106 1954 8 14 1 0
3552 1937 11 13 1 0
508 1505 11 15 1 0
858 1885 11 15 1 0
2531 1859 10 11 1 0
3561 1959 11 13 1 0
2629 1977 10 11 1 0
1452 1934 9 11 1 0
3073 1706 11 10 1 0
1411 1983 9 11 1 0
4351 1904 7 9 1 0
352 1816 11 15 1 0
3189 1869 10 11 1 0
1348 2069 12 17 1 0
2232 1882 8 14 1 0
4534 2071 7 9 1 0
4664 1942 7 9 1 0
437 2003 14 19 1 0
4023 2025 11 13 1 0
267 1828 11 15 1 0
790 1812 11 15 1 0
3960 2008 11 13 1 0
3041 1976 10 11 1 0
4094 1885 11 13 1 0
2584 1955 10 11 1 0
1048 1957 14 19 1 0
2123 2040 17 22 1 0
821 1984 14 19 1 0
4509 1956 7 9 1 0
2997 1978 10 11 1 0
2636 1609 11 10 1 0
2013 2063 17 22 1 0
2143 2047 17 22 1 0
1262 1998 9 11 1 0
3652 2026 11 13 1 0
3173 1940 10 11 1 0
2544 1882 10 11 1 0
4389 1974 7 9 1 0
312 1697 11 15 1 0
3015 1907 10 11 1 0
952 1814 11 15 1 0
245 2026 14 19 1 0
1210 2042 9 12 1 0
882 2058 14 19 1 0
274 1863 11 15 1 0
3642 2013 11 13 1 0
2167 1930 8 14 1 0
3950 2004 11 13 1 0
4310 1948 7 9 1 0
832 1827 11 15 1 0
4381 1903 7 9 1 0
2761 1899 10 11 1 0
4793 2020 7 9 1 0
827 1998 14 19 1 0
273 1796 11 15 1 0
4125 1943 11 13 1 0
3213 2001 11 13 1 0
1194 1954 9 11 1 0
3243 1865 11 13 1 0
423 1745 11 15 1 0
852 2021 14 19 1 0
1084 1903 14 19 1 0
1039 2012 14 19 1 0
2541 1900 10 11 1 0
2602 2041 10 11 1 0
4447 1909 7 9 1 0
2529 1945 10 11 1 0
1520 2088 12 17 1 0
578 1844 11 15 1 0
2909 1958 10 11 1 0
3425 1965 11 13 1 0
2855 1956 10 11 1 0
1125 2050 14 19 1 0
482 2065 14 19 1 0
1649 1960 9 11 1 0
4271 1746 9 13 1 0
2918 1937 10 11 1 0
4086 1962 11 13 1 0
1852 1674 11 10 1 0
1739 1902 9 11 1 0
1474 1975 9 11 1 0
130 1849 11 15 1 0
2601 1934 10 11 1 0
1548 1838 9 11 1 0
1976 2122 17 22 1 0
2549 1927 10 11 1 0
614 2021 14 19 1 0
2177 1876 8 14 1 0
1422 1835 9 11 1 0
659 1583 11 15 1 0
1991 1949 8 14 1 0
1931 1989 8 14 1 0
4647 2017 7 9 1 0
2103 1851 8 14 1 0
841 1952 14 19 1 0
1721 2047 17 22 1 0
2807 1999 10 11 1 0
4177 1972 11 13 1 0
3946 1955 11 13 1 0
4009 1946 11 13 1 0
4202 1966 11 13 1 0
4275 1912 9 14 1 0
2121 1965 8 14 1 0
2244 1988 8 14 1 0
2292 1860 8 14 1 0
3507 1974 11 13 1 0
625 1568 11 15 1 0
3564 1977 11 13 1 0
1559 1884 9 11 1 0
793 2031 14 19 1 0
269 1892 11 15 1 0
4616 1949 7 9 1 0
147 2178 14 19 1 0
1904 1540 11 10 1 0
754 1879 11 15 1 0
1733 1961 9 11 1 0
4307 1995 7 9 1 0
3408 1989 11 13 1 0
2069 1531 11 10 1 0
2708 1964 10 11 1 0
3126 2036 10 11 1 0
1062 2038 14 19 2 0
3764 2029 11 13 1 0
4578 2032 7 9 1 0
73 1829 11 15 1 0
1970 1948 8 14 1 0
4549 1954 7 9 1 0
1666 1854 9 11 1 0
2135 1836 8 14 1 0
1701 1871 9 11 1 0
3694 1984 11 13 1 0
2216 2107 17 22 1 0
2572 1860 10 11 1 0
110 1795 11 15 1 0
920 2062 14 19 1 0
2564 2008 10 11 1 0
89 1952 14 19 1 0
981 2044 14 19 1 0
293 1894 11 15 1 0
2920 1947 10 11 1 0
4125 1974 11 13 1 0
3562 1947 11 13 1 0
559 1996 14 19 1 0
3910 1909 11 13 1 0
2767 1962 10 11 1 0
2715 1924 10 11 1 0
4181 1939 11 13 1 0
116 1709 11 15 1 0
2544 1716 11 10 1 0
4181 2079 11 13 2 0
2611 1868 10 11 1 0
976 2063 14 19 1 0
2660 1992 10 11 1 0
2539 1931 10 11 1 0
3170 1870 10 11 1 0
4360 2032 7 9 1 0
3742 1920 11 13 1 0
4566 1986 7 9 1 0
2455 1923 10 11 1 0
4374 1925 7 9 1 0
2534 1876 10 11 1 0
411 1693 11 15 1 0
3695 1996 11 13 1 0
754 1868 11 15 1 0
2831 1890 10 11 1 0
1640 1999 9 11 1 0
314 1958 14 19 1 0
2689 2000 10 11 1 0
543 1791 11 15 1 0
2021 1849 8 14 1 0
781 1549 11 15 1 0
4699 2018 7 9 1 0
1136 1490 11 15 1 0
3660 1985 11 13 1 0
1372 1973 9 11 1 0
1925 1525 11 10 1 0
1630 1856 9 11 1 0
1235 1892 9 11 1 0
3620 1941 11 13 1 0
1227 1925 9 11 1 0
2927 1924 10 11 1 0
1918 1686 11 10 1 0
312 1980 14 19 1 0
4457 1917 7 9 1 0
139 1926 14 19 1 0
4205 2010 11 13 1 0
1871 1928 8 14 1 0
4284 1970 7 9 1 0
1992 1966 8 14 1 0
2055 1859 8 14 1 0
331 2001 14 19 1 0
427 2024 14 19 1 0
54 1728 11 15 1 0
2326 1850 8 14 1 0
2007 1851 8 14 1 0
2855 2044 18 18 2 0
2569 2028 10 11 1 0
75 1977 14 19 1 0
3199 1721 11 10 1 0
3805 1916 11 13 1 0
283 1996 14 19 1 0
616 1955 14 19 1 0
1753 1975 8 14 1 0
709 1588 11 15 1 0
2607 2019 10 11 1 0
3265 1896 11 13 1 0
3710 1943 11 13 1 0
430 1763 11 15 1 0
370 1958 14 19 1 0
4502 1895 7 9 1 0
2720 2001 10 11 1 0
2652 1867 10 11 1 0
2740 2090 18 18 1 0
4437 1992 7 9 1 0
1679 1885 9 11 1 0
4119 2031 11 13 1 0
637 1958 14 19 1 0
426 1837 11 15 1 0
3481 1897 11 13 1 0
1905 1978 8 14 1 0
2565 2044 18 18 1 0
1569 1827 9 11 1 0
2185 1859 8 14 1 0
2967 1623 11 10 1 0
2583 1633 11 10 1 0
2557 1964 10 11 1 0
1412 1919 9 11 1 0
1846 1542 11 10 1 0
2400 1843 10 11 1 0
3921 1965 11 13 1 0
3581 1984 11 13 1 0
3748 1937 11 13 1 0
477 1947 14 19 1 0
290 1965 14 19 1 0
3302 1886 11 13 1 0
3420 2031 11 13 1 0
1358 1841 9 11 1 0
3529 1933 11 13 1 0
189 2036 14 19 1 0
878 1995 14 19 1 0
4076 2011 11 13 1 0
2555 1979 10 11 1 0
3161 1683 11 10 1 0
903 1855 11 15 1 0
1461 1908 9 11 1 0
1627 2117 12 17 1 0
3047 1963 10 11 1 0
4947 1898 7 9 1 0
91 1914 14 19 1 0
66 1799 11 15 1 0
2363 1968 10 11 1 0
4437 1972 7 9 1 0
3762 2005 11 13 1 0
402 2168 14 19 1 0
3503 1866 11 13 1 0
1733 1816 8 14 1 0
3875 2080 11 13 1 0
163 1849 11 15 1 0
926 1958 14 19 1 0
3231 1904 11 13 1 0
2295 2105 17 22 1 0
4095 2086 11 13 1 0
2738 2005 10 11 1 0
4843 1934 7 9 1 0
3543 1959 11 13 1 0
1992 1883 8 14 1 0
4815 1906 7 9 1 0
3129 1902 10 11 1 0
3672 1885 11 13 1 0
272 2164 14 19 1 0
3521 1961 11 13 1 0
3430 2068 7 9 1 0
2013 1917 8 14 1 0
1306 2017 9 11 1 0
2190 1902 8 14 1 0
2482 1976 10 11 1 0
1365 2049 12 17 1 0
1481 1907 9 11 1 0
1428 1873 9 11 1 0
3447 2060 7 9 1 0
2709 1910 10 11 1 0
4814 2012 7 9 1 0
2768 2016 10 11 1 0
139 1944 14 19 1 0
3988 1969 11 13 1 0
2523 2006 10 11 1 0
2899 1912 10 11 1 0
3581 1947 11 13 1 0
689 1859 11 15 1 0
3175 1910 10 11 1 0
3090 2017 10 11 1 0
2739 1988 10 11 1 0
1839 1976 8 14 1 0
1738 1514 11 10 1 0
3070 1971 10 11 1 0
1086 1452 11 15 1 0
697 1999 14 19 1 0
4717 1950 7 9 1 0
4222 1962 9 14 1 0
4026 1989 11 13 1 0
3451 1941 11 13 1 0
1515 2120 12 17 1 0
2691 1741 11 10 1 0
2397 1705 11 10 1 0
2880 1964 10 11 1 0
1042 1987 14 19 1 0
2864 2007 10 11 1 0
245 1842 11 15 1 0
2312 1900 8 14 1 0
511 1487 11 15 1 0
1199 1837 11 15 1 0
2831 1686 11 10 1 0
119 1815 11 15 1 0
2554 1836 10 11 1 0
2020 1982 8 14 1 0
4284 1999 7 9 1 0
1204 1852 11 15 1 0
1983 1856 8 14 1 0
1729 1985 9 11 1 0
2777 2036 12 12 1 0
3277 1952 11 13 1 0
3597 1969 11 13 1 0
1023 1939 14 19 1 0
1269 1959 9 11 1 0
4187 2080 11 13 2 0
1066 1962 14 19 1 0
3502 1938 11 13 1 0
1200 1817 11 15 1 0
924 2012 14 19 1 0
2684 2036 12 12 1 0
411 1899 14 19 1 0
827 2015 14 19 1 0
2910 2032 10 11 1 0
3021 2001 10 11 1 0
224 1693 11 15 1 0
3245 1978 11 13 1 0
3005 1671 11 10 1 0
945 1589 11 15 1 0
1891 1944 8 14 1 0
3599 2019 11 13 1 0
27 1763 11 15 1 0
338 1941 14 19 1 0
1820 1817 8 14 1 0
4819 1955 7 9 1 0
4313 2024 7 9 1 0
2617 1976 10 11 1 0
1803 1545 11 10 1 0
2272 1969 8 14 1 0
1097 1873 11 15 1 0
4718 1930 7 9 1 0
2811 1900 10 11 1 0
2395 1959 10 11 1 0
4413 1958 7 9 1 0
897 1984 14 19 1 0
1333 1903 9 11 1 0
958 1610 11 15 1 0
3620 1927 11 13 1 0
141 1894 11 15 1 0
3018 1718 11 10 1 0
2747 1881 10 11 1 0
3722 1890 11 13 1 0
3971 2020 11 13 1 0
619 1783 11 15 1 0
1140 1957 14 19 1 0
3890 1913 11 13 1 0
3871 1984 11 13 1 0
987 1980 14 19 1 0
3847 1914 11 13 1 0
977 1857 11 15 1 0
1726 1839 9 11 1 0
385 1927 14 19 1 0
2540 1982 10 11 1 0
2643 1984 10 11 1 0
3552 2028 11 13 1 0
639 1936 14 19 1 0
3105 1947 10 11 1 0
2072 2050 17 22 1 0
1922 1852 8 14 1 0
4395 1960 7 9 1 0
2584 1927 10 11 1 0
1960 1547 11 10 1 0
1737 1983 9 11 1 0
610 2046 14 19 1 0
3496 1895 11 13 1 0
3819 2013 11 13 1 0
4532 2017 7 9 1 0
1482 2042 12 17 1 0
3207 1862 11 13 1 0
2754 2015 10 11 1 0
3774 1995 11 13 1 0
3768 1967 11 13 1 0
755 2070 14 19 1 0
983 1833 11 15 1 0
1218 1898 9 11 1 0
1526 1991 9 11 1 0
4803 2013 7 9 1 0
1783 2046 17 22 1 0
2301 1848 8 14 1 0
405 1941 14 19 1 0
3232 1988 11 13 1 0
410 1920 14 19 1 0
2934 1946 10 11 1 0
1563 2031 11 15 1 0
4523 1967 7 9 1 0
2444 2095 17 22 1 0
248 2130 14 19 1 0
2704 2005 10 11 1 0
3907 2005 11 13 1 0
241 1933 14 19 1 0
4515 1882 7 9 1 0
2618 1959 10 11 1 0
924 1429 11 15 1 0
2778 2087 18 18 1 0
151 1903 14 19 1 0
1455 1956 9 11 1 0
2123 2001 17 22 1 0
1551 2066 12 17 1 0
4005 1876 11 13 1 0
4101 1926 11 13 1 0
2649 1994 10 11 1 0
113 2002 14 19 1 0
613 1377 11 15 1 0
2088 2055 17 22 1 0
2228 1551 11 10 1 0
61 1947 12 17 1 0
874 1919 14 19 1 0
124 1931 14 19 1 0
4635 1926 7 9 1 0
3177 1846 10 11 1 0
4443 1895 7 9 1 0
1340 1909 9 11 1 0
29 1804 11 15 1 0
3205 1832 11 13 1 0
3272 1925 11 13 1 0
3207 1976 11 13 1 0
349 1879 11 15 1 0
1195 1922 9 11 1 0
4084 1999 11 13 1 0
3852 1924 11 13 1 0
344 1926 14 19 1 0
1485 1881 9 11 1 0
2795 2020 10 11 1 0
1593 2016 9 11 1 0
242 1822 11 15 1 0
483 1383 11 15 1 0
3999 2000 11 13 1 0
2527 1962 10 11 1 0
3491 2034 11 13 1 0
3398 1894 11 13 1 0
834 1794 11 15 1 0
2525 2039 12 12 1 0
4076 2084 11 13 1 0
3001 1922 10 11 1 0
2997 1938 10 11 1 0
829 1881 11 15 1 0
3159 1904 10 11 1 0
1784 1903 8 14 1 0
505 1822 11 15 1 0
2684 1620 11 10 1 0
1496 2109 12 17 1 0
464 1852 11 15 1 0
3822 1987 11 13 1 0
4055 1984 11 13 1 0
813 1930 14 19 1 0
1418 2036 9 12 1 0
3777 2028 11 13 1 0
329 1913 14 19 1 0
2962 1937 10 11 1 0
3727 2034 11 13 1 0
4141 2022 11 13 1 0
3819 1970 11 13 1 0
2419 1944 10 11 1 0
797 1918 14 19 1 0
2020 2038 17 22 1 0
4274 2036 7 10 1 0
2316 1941 8 14 1 0
3145 2006 10 11 1 0
925 1855 11 15 1 0
3789 1938 11 13 1 0
4000 1903 11 13 1 0
3208 1954 11 13 1 0
4961 2013 7 9 1 0
3419 1976 11 13 1 0
4269 2004 9 14 1 0
154 1700 11 15 1 0
4972 1955 7 9 1 0
2481 1581 11 10 1 0
529 1886 11 15 1 0
3335 1946 11 13 1 0
2028 2030 17 22 1 0
2875 1885 10 11 1 0
1427 2018 9 11 1 0
1971 1939 8 14 1 0
1499 2071 12 17 1 0
3122 1957 10 11 1 0
1424 1900 9 11 1 0
2783 1898 10 11 1 0
1376 2009 9 11 1 0
1457 2000 9 11 1 0
3848 2003 11 13 1 0
3847 1959 11 13 1 0
1141 1870 11 15 1 0
387 2044 14 19 1 0
1872 2038 17 22 1 0
1468 2049 12 17 1 0
4275 1987 9 14 1 0
606 1844 11 15 1 0
2381 1947 10 11 1 0
4429 1918 7 9 1 0
1471 2011 9 11 1 0
533 1857 11 15 1 0
3163 2027 10 11 1 0
3531 2000 11 13 1 0
3629 2027 11 13 1 0
1861 1856 8 14 1 0
1807 2035 17 22 1 0
1845 1952 8 14 1 0
1276 1894 9 11 1 0
2205 1934 8 14 1 0
3831 2028 11 13 1 0
4709 1994 7 9 1 0
911 1582 11 15 1 0
1996 1895 8 14 1 0
2579 1880 10 11 1 0
4792 2067 7 9 1 0
2635 1995 10 11 1 0
4531 1930 7 9 1 0
4097 1978 11 13 1 0
1008 1885 11 15 1 0
4166 1933 11 13 1 0
403 1767 11 15 1 0
4085 2034 11 13 1 0
1939 1547 11 10 1 0
1181 1971 11 15 1 0
807 2114 14 19 1 0
2030 2065 17 22 1 0
3672 2025 11 13 1 0
2256 1857 8 14 1 0
3503 2017 11 13 1 0
3174 1738 11 10 1 0
4965 1893 7 9 1 0
4532 1878 7 9 1 0
3729 1990 11 13 1 0
1697 1855 9 11 1 0
3290 2010 11 13 1 0
4266 1976 9 14 1 0
252 2005 14 19 1 0
3372 1925 11 13 1 0
2820 2014 10 11 1 0
3600 1983 11 13 1 0
4415 1927 7 9 1 0
3607 1910 11 13 1 0
4499 2038 7 9 1 0
496 1970 14 19 1 0
4628 1834 7 9 1 0
4545 1993 7 9 1 0
3985 1748 11 13 1 0
488 2012 14 19 1 0
4037 2036 11 13 1 0
2893 1966 10 11 1 0
4529 2028 7 9 1 0
1912 1996 17 22 1 0
584 1800 11 15 1 0
720 1937 14 19 1 0
3493 1908 11 13 1 0
572 1943 14 19 1 0
2769 1689 11 10 1 0
4467 1974 7 9 1 0
4507 1917 7 9 1 0
1822 1903 8 14 1 0
868 2132 14 19 1 0
2631 1965 10 11 1 0
2388 1863 10 11 1 0
3173 1886 10 11 1 0
2600 1960 10 11 1 0
2049 1935 8 14 1 0
252 1690 11 15 1 0
2859 2021 10 11 1 0
2594 1917 10 11 1 0
2607 1922 10 11 1 0
1606 2021 9 11 1 0
3197 1907 11 13 1 0
1526 2047 12 17 1 0
204 1935 14 19 1 0
4467 1902 7 9 1 0
3948 1933 11 13 1 0
2244 1999 17 22 1 0
4227 2081 10 13 1 0
3219 1910 11 13 1 0
1907 1846 8 14 1 0
3352 1919 11 13 1 0
3387 1895 11 13 1 0
484 1986 14 19 1 0
185 1808 11 15 1 0
2580 1579 11 10 1 0
4802 1995 7 9 1 0
2560 1909 10 11 1 0
1442 1975 9 11 1 0
1161 1830 11 15 1 0
1424 1963 9 11 1 0
3521 1986 11 13 1 0
1167 2172 14 19 1 0
1990 2121 17 22 1 0
2891 2048 18 18 1 0
4692 1950 7 9 1 0
663 2007 14 19 2 0
283 2021 14 19 1 0
4561 1969 7 9 1 0
3620 1966 11 13 1 0
2799 2051 18 18 1 0
769 2038 14 19 2 0
3140 1946 10 11 1 0
3533 1948 11 13 1 0
2422 1708 11 10 1 0
685 1995 14 19 1 0
3431 1903 11 13 1 0
2223 1979 8 14 1 0
3450 1906 11 13 1 0
4002 1986 11 13 1 0
3975 1978 11 13 1 0
930 1996 14 19 1 0
2653 1885 10 11 1 0
4543 1972 7 9 1 0
1383 1937 9 11 1 0
3987 1953 11 13 1 0
514 2041 14 19 1 0
655 1924 14 19 1 0
1600 1892 9 11 1 0
3120 1925 10 11 1 0
3241 1880 11 13 1 0
2657 1921 10 11 1 0
4402 1944 7 9 1 0
1588 1838 9 11 1 0
4817 1938 7 9 1 0
1038 2043 14 19 1 0
4155 2023 11 13 1 0
1136 1803 11 15 1 0
2208 1869 8 14 1 0
740 1861 11 15 1 0
248 1896 14 19 1 0
684 2128 14 19 1 0
2669 1909 10 11 1 0
3180 1962 10 11 1 0
3157 1938 10 11 1 0
3277 1978 11 13 1 0
3255 1999 11 13 1 0
4293 2017 7 9 1 0
3103 1905 10 11 1 0
2833 1961 10 11 1 0
2547 1854 10 11 1 0
2977 1889 10 11 1 0
1467 1936 9 11 1 0
2556 1626 11 10 1 0
713 2018 14 19 1 0
3375 1897 11 13 1 0
2480 2001 10 11 1 0
1193 1906 11 15 1 0
3199 1934 11 13 1 0
666 1998 14 19 2 0
3141 1716 11 10 1 0
4232 2032 10 13 1 0
3230 1847 11 13 1 0
2735 2035 10 11 1 0
1112 1977 14 19 1 0
2084 2008 17 22 1 0
2683 1663 11 10 1 0
980 1822 11 15 1 0
857 1965 14 19 1 0
2177 2033 17 22 2 0
3713 2020 11 13 1 0
4855 1852 7 9 1 0
3647 1980 11 13 1 0
1579 2087 12 17 1 0
297 1918 14 19 1 0
2231 1858 8 14 1 0
3252 1849 11 13 1 0
3459 2056 7 9 1 0
4809 1873 7 9 1 0
1915 1890 8 14 1 0
3433 2031 11 13 1 0
1979 1553 11 10 1 0
2175 1982 8 14 1 0
2235 1548 11 10 1 0
4155 1955 11 13 1 0
1959 1928 8 14 1 0
4051 1961 11 13 1 0
3471 2057 7 9 1 0
1745 1883 9 11 1 0
4905 2019 7 9 1 0
3393 1868 11 13 1 0
4499 2020 7 9 1 0
3365 1909 11 13 1 0
1216 1857 9 11 1 0
2202 2111 17 22 1 0
3507 1988 11 13 1 0
3875 1926 11 13 1 0
1307 1918 9 11 1 0
3282 1882 11 13 1 0
2102 2054 17 22 1 0
3144 1966 10 11 1 0
2557 1941 10 11 1 0
264 1929 14 19 1 0
2889 2094 18 18 1 0
3420 1889 11 13 1 0
3986 1985 11 13 1 0
1803 2002 17 22 1 0
1117 1854 11 15 1 0
1700 2022 9 11 1 0
3748 2001 11 13 1 0
947 2038 14 19 1 0
2243 2064 17 22 1 0
4197 1950 11 13 1 0
1543 2027 10 14 1 0
2145 1944 8 14 1 0
4897 1896 7 9 1 0
2170 2109 17 22 1 0
1005 1934 14 19 1 0
2415 1989 10 11 1 0
866 1983 14 19 1 0
357 1758 11 15 1 0
4169 2019 11 13 1 0
4486 1902 7 9 1 0
1979 1886 8 14 1 0
3680 1951 11 13 1 0
4866 1876 7 9 1 0
1193 2020 9 11 1 0
3132 1930 10 11 1 0
1083 1835 11 15 1 0
3555 1869 11 13 1 0
3085 1991 10 11 1 0
4237 1932 9 14 1 0
4775 2060 7 9 1 0
608 2002 14 19 1 0
710 1991 14 19 1 0
1818 1970 8 14 1 0
2652 1706 11 10 1 0
1990 2049 17 22 1 0
586 1735 11 15 1 0
1519 2017 9 11 1 0
3996 1937 11 13 1 0
740 2016 14 19 1 0
853 1601 11 15 1 0
2126 2110 17 22 1 0
4133 2014 11 13 1 0
2602 1977 10 11 1 0
2799 1609 11 10 1 0
2434 2052 17 22 2 0
243 1877 11 15 1 0
4446 1962 7 9 1 0
2548 1870 10 11 1 0
1994 2027 17 22 1 0
4245 1979 9 14 1 0
295 2140 14 19 1 0
100 1875 11 15 1 0
1742 2016 9 11 1 0
635 1890 11 15 1 0
771 1973 14 19 1 0
3479 2006 11 13 1 0
1115 2040 14 19 1 0
872 1820 11 15 1 0
72 1841 11 15 1 0
4254 1939 9 14 1 0
1707 1985 9 11 1 0
1773 1821 8 14 1 0
4791 1966 7 9 1 0
2412 1878 10 11 1 0
1020 1617 11 15 1 0
1485 1964 9 11 1 0
2658 1619 11 10 1 0
4797 1895 7 9 1 0
3575 1999 11 13 1 0
4779 1934 7 9 1 0
1245 2057 12 17 1 0
637 1907 14 19 1 0
3957 1984 11 13 1 0
1127 2013 14 19 1 0
4723 2008 7 9 1 0
2603 1727 11 10 1 0
1747 1961 9 11 1 0
684 1920 14 19 1 0
1587 1830 9 11 1 0
1772 1937 8 14 1 0
940 1906 14 19 1 0
2687 1891 10 11 1 0
547 1843 11 15 1 0
2002 1906 8 14 1 0
695 1951 14 19 1 0
356 1694 11 15 1 0
3020 1884 10 11 1 0
1148 1821 11 15 1 0
2366 1901 10 11 1 0
3089 1858 10 11 1 0
2830 1654 11 10 1 0
2314 1723 11 10 1 0
1914 2016 17 22 1 0
2997 2017 10 11 1 0
300 2019 14 19 1 0
3635 1953 11 13 1 0
3666 2079 11 13 1 0
3932 2005 11 13 1 0
2329 1954 8 14 1 0
3100 1670 11 10 1 0
1229 1959 9 11 1 0
1897 2019 17 22 1 0
1312 1634 9 12 1 0
3958 2025 11 13 1 0
4368 2085 7 9 1 0
1290 1932 9 11 1 0
1285 2020 9 11 1 0
1489 1936 9 11 1 0
2630 1929 10 11 1 0
118 1984 14 19 1 0
1662 2049 17 22 1 0
1004 2062 14 19 1 0
2841 1971 10 11 1 0
3634 1929 11 13 1 0
1374 2085 12 17 1 0
1795 1852 8 14 1 0
703 1540 11 15 1 0
1865 1990 8 14 1 0
4407 1914 7 9 1 0
2601 1902 10 11 1 0
2705 1949 10 11 1 0
43 1756 11 15 1 0
4671 2023 7 9 1 0
1400 1844 9 11 1 0
307 1735 11 15 1 0
3040 1896 10 11 1 0
612 1781 11 15 1 0
2313 1988 8 14 1 0
2297 1934 8 14 1 0
2575 1907 10 11 1 0
2431 1966 10 11 1 0
2026 1834 8 14 1 0
3592 1930 11 13 1 0
1359 2040 11 15 1 0
2412 1709 11 10 1 0
1971 1848 8 14 1 0
3580 1892 11 13 1 0
735 1896 14 19 1 0
2769 2004 10 11 1 0
3194 1962 10 11 1 0
1181 2040 12 17 1 0
398 1977 14 19 1 0
506 1768 11 15 1 0
3817 1951 11 13 1 0
171 1930 14 19 1 0
3101 1715 11 10 1 0
1461 2024 9 11 1 0
4513 2020 7 9 1 0
1416 1883 9 11 1 0
1389 2034 11 15 1 0
585 1894 11 15 1 0
3138 1990 10 11 1 0
4031 1941 11 13 1 0
1073 2061 14 19 1 0
1807 1820 8 14 1 0
579 1919 14 19 1 0
3907 1981 11 13 1 0
4659 1972 7 9 1 0
777 2015 14 19 1 0
1401 1903 9 11 1 0
1193 1826 11 15 1 0
1499 1978 9 11 1 0
4457 1992 7 9 1 0
2444 1685 11 10 1 0
1880 1996 17 22 2 0
3765 2017 11 13 1 0
2538 1917 10 11 1 0
88 1896 14 19 1 0
950 1633 11 15 1 0
4504 1863 7 9 1 0
4718 2029 7 9 1 0
2931 1957 10 11 1 0
1345 1894 9 11 1 0
3265 2043 7 9 1 0
2862 2047 18 18 2 0
1741 2122 17 22 1 0
4505 1970 7 9 1 0
3440 1919 11 13 1 0
1637 1832 9 11 1 0
4773 1918 7 9 1 0
3051 1997 10 11 1 0
516 2010 14 19 1 0
2523 1897 10 11 1 0
1095 1970 14 19 1 0
1012 1828 11 15 1 0
266 1811 11 15 1 0
2890 1945 10 11 1 0
1220 1909 9 11 1 0
1168 1894 11 15 1 0
3055 1890 10 11 1 0
552 1826 11 15 1 0
3805 1976 11 13 1 0
497 2036 14 19 1 0
1848 1897 8 14 1 0
275 2024 14 19 1 0
1129 1828 11 15 1 0
4156 2008 11 13 1 0
4856 1946 7 9 1 0
327 1696 11 15 1 0
2764 1877 10 11 1 0
1010 1953 14 19 1 0
2524 1976 10 11 1 0
4065 1915 11 13 1 0
1573 1845 9 11 1 0
1620 1905 9 11 1 0
3532 2021 11 13 1 0
746 1815 11 15 1 0
3761 1987 11 13 1 0
3332 1920 11 13 1 0
4515 2005 7 9 1 0
4273 1947 9 14 1 0
1013 2019 14 19 1 0
2220 2059 17 22 1 0
2158 1861 8 14 1 0
1160 1893 11 15 1 0
1963 1986 8 14 1 0
2237 1975 8 14 1 0
3624 1995 11 13 1 0
3071 1899 10 11 1 0
780 1903 14 19 1 0
743 1599 11 15 1 0
1393 1885 9 11 1 0
2432 2002 17 22 1 0
3774 2009 11 13 1 0
2121 2021 17 22 1 0
541 2074 14 19 1 0
1181 1935 11 15 1 0
2559 1878 10 11 1 0
3374 1943 11 13 1 0
3122 1880 10 11 1 0
847 1797 11 15 1 0
957 1964 14 19 1 0
3359 1858 11 13 1 0
3336 1978 11 13 1 0
220 1809 11 15 1 0
3041 1998 10 11 1 0
3079 1872 10 11 1 0
2850 1896 10 11 1 0
789 1997 14 19 1 0
2193 2057 17 22 1 0
3104 1929 10 11 1 0
4185 2019 11 13 1 0
793 1983 14 19 1 0
859 1533 11 15 1 0
212 1776 11 15 1 0
3931 1958 11 13 1 0
4344 2034 7 9 1 0
2893 1885 10 11 1 0
3221 1963 11 13 1 0
3357 1939 11 13 1 0
3568 1873 11 13 1 0
3680 1930 11 13 1 0
2895 2034 10 11 1 0
29 1733 11 15 1 0
410 1821 11 15 1 0
681 1797 11 15 1 0
4253 1887 9 14 1 0
623 1801 11 15 1 0
3711 1993 11 13 1 0
1710 1808 8 14 1 0
703 1903 14 19 1 0
15 1865 11 15 1 0
1596 2119 12 17 1 0
449 1994 14 19 1 0
379 1763 11 15 1 0
874 1405 11 15 1 0
1967 1880 8 14 1 0
1533 1890 9 11 1 0
806 1892 11 15 1 0
1950 1833 8 14 1 0
1343 1884 9 11 1 0
1675 2067 17 22 1 0
4076 2027 11 13 1 0
3389 1929 11 13 1 0
4395 1927 7 9 1 0
2582 2041 12 12 1 0
3142 1893 10 11 1 0
1960 1815 8 14 1 0
3054 1948 10 11 1 0
1658 1905 9 11 1 0
2640 1912 10 11 1 0
430 1920 14 19 1 0
1680 1933 9 11 1 0
402 1711 11 15 1 0
1881 1870 8 14 1 0
4324 2034 7 9 1 0
3394 1947 11 13 1 0
189 1861 11 15 1 0
2572 1940 10 11 1 0
2739 2022 10 11 1 0
3477 1905 11 13 1 0
355 1715 11 15 1 0
2100 2014 17 22 1 0
2168 2035 17 22 2 0
1321 2047 12 17 1 0
446 1878 11 15 1 0
558 1898 14 19 1 0
4867 1843 7 9 1 0
4685 1994 7 9 1 0
4429 1943 7 9 1 0
2729 1730 11 10 1 0
2131 1861 8 14 1 0
4010 2028 11 13 1 0
4386 1917 7 9 1 0
370 1879 11 15 1 0
135 2017 14 19 1 0
1443 2017 9 11 1 0
2978 1950 10 11 1 0
2944 1875 10 11 1 0
2937 1704 11 10 1 0
3590 1876 11 13 1 0
2874 1991 10 11 1 0
3515 2021 11 13 1 0
2574 1958 10 11 1 0
2817 1876 10 11 1 0
4252 1917 9 14 1 0
2847 1716 11 10 1 0
2787 1928 10 11 1 0
4342 2018 7 9 1 0
4833 1987 7 9 1 0
3195 1754 11 10 1 0
2137 1966 8 14 1 0
4255 1993 9 14 1 0
3103 1967 10 11 1 0
4127 1933 11 13 1 0
3668 1956 11 13 1 0
4903 2005 7 9 1 0
2630 1944 10 11 1 0
4237 1950 9 14 1 0
3284 1944 11 13 1 0
1824 2010 17 22 1 0
970 1934 14 19 1 0
3478 2030 11 13 1 0
733 1810 11 15 1 0
1071 1982 14 19 1 0
1289 1975 9 11 1 0
339 1991 14 19 1 0
741 1998 14 19 1 0
985 1926 14 19 1 0
4473 2005 7 9 1 0
3665 1921 11 13 1 0
2754 1989 10 11 1 0
1305 1844 9 11 1 0
2036 1846 8 14 1 0
1938 1844 8 14 1 0
1227 1988 9 11 1 0
4753 2029 7 9 1 0
1706 1848 9 11 1 0
3035 1914 10 11 1 0
2825 1989 10 11 1 0
1599 1964 9 11 1 0
3969 1908 11 13 1 0
1292 1893 9 11 1 0
3263 1912 11 13 1 0
1810 1938 8 14 1 0
2424 1914 10 11 1 0
2778 1867 10 11 1 0
2079 1855 8 14 1 0
4838 2004 7 9 1 0
1147 1889 11 15 1 0
4296 1985 7 9 1 0
1324 1913 9 11 1 0
1623 1980 9 11 1 0
3614 2025 11 13 1 0
509 1868 11 15 1 0
2262 1889 8 14 1 0
2417 1586 11 10 1 0
2614 1940 10 11 1 0
4006 1968 11 13 1 0
521 1572 11 15 1 0
1022 1925 14 19 1 0
662 1961 14 19 1 0
1665 1934 9 11 1 0
3822 1911 11 13 1 0
1981 1992 17 22 1 0
3329 1850 11 13 1 0
3608 2003 11 13 1 0
1715 2036 17 22 1 0
2632 2024 10 11 1 0
2747 1909 10 11 1 0
93 1676 11 15 1 0
2987 1711 11 10 1 0
1037 1837 11 15 1 0
468 1890 11 15 1 0
3841 2081 11 13 1 0
3692 1968 11 13 1 0
3890 2018 11 13 1 0
2310 1970 8 14 1 0
2266 1988 8 14 1 0
672 1854 11 15 1 0
604 1820 11 15 1 0
1653 1808 8 11 1 0
1022 1975 14 19 1 0
4356 2008 7 9 1 0
1669 1832 9 11 1 0
106 1961 14 19 1 0
3483 2058 7 9 1 0
1891 1546 11 10 1 0
2847 1936 10 11 1 0
3250 2044 7 9 1 0
3986 1898 11 13 1 0
4171 1947 11 13 1 0
2150 2058 17 22 1 0
4193 1918 11 13 1 0
4693 1980 7 9 1 0
3329 1901 11 13 1 0
4689 1902 7 9 1 0
294 2041 14 19 1 0
3483 1919 11 13 1 0
4169 2009 11 13 1 0
41 1942 12 17 1 0
339 2151 14 19 1 0
2578 1720 11 10 1 0
992 1830 11 15 1 0
2038 1940 8 14 1 0
2073 2130 17 22 1 0
4395 1899 7 9 1 0
1233 1880 9 11 1 0
1668 1810 9 11 1 0
3482 1936 11 13 1 0
4254 2028 9 14 1 0
3900 1936 11 13 1 0
727 1881 11 15 1 0
3427 1946 11 13 1 0
1282 1905 9 11 1 0
4802 1949 7 9 1 0
3905 1967 11 13 1 0
3203 1738 11 10 1 0
42 1818 11 15 1 0
1146 1906 14 19 1 0
4824 1997 7 9 1 0
4872 1898 7 9 1 0
1787 1939 8 14 1 0
2433 2043 17 22 2 0
1001 1912 14 19 1 0
1763 1902 8 14 1 0
1099 1839 11 15 1 0
2452 1979 10 11 1 0
2152 1877 8 14 1 0
2647 2027 10 11 1 0
1780 1851 8 14 1 0
4795 1915 7 9 1 0
3492 1996 11 13 1 0
1945 2108 17 22 1 0
2347 1843 8 14 1 0
336 1894 11 15 1 0
2545 1654 11 10 1 0
1473 1893 9 11 1 0
2139 2113 17 22 1 0
1332 1982 9 11 1 0
4463 1868 7 9 1 0
2052 1998 17 22 1 0
3290 1864 11 13 1 0
3437 1963 11 13 1 0
3882 1993 11 13 1 0
4449 1976 7 9 1 0
394 1811 11 15 1 0
1579 1979 9 11 1 0
4824 2027 7 9 1 0
1208 1903 11 15 1 0
3461 2011 11 13 1 0
3383 1960 11 13 1 0
4855 1918 7 9 1 0
4759 1970 7 9 1 0
2244 2115 17 22 1 0
2470 1585 11 10 1 0
3747 1970 11 13 1 0
3032 1957 10 11 1 0
2875 2039 14 14 1 0
2433 2102 17 22 1 0
2158 2036 17 22 1 0
3403 1931 11 13 1 0
898 1919 14 19 1 0
1650 1862 9 11 1 0
1013 1998 14 19 1 0
3273 2021 11 13 1 0
3158 1850 10 11 1 0
1565 1913 9 11 1 0
2880 2022 10 11 1 0
3594 1954 11 13 1 0
1510 1893 9 11 1 0
357 1961 14 19 1 0
782 1951 14 19 1 0
3232 1943 11 13 1 0
3708 1977 11 13 1 0
4659 1988 7 9 1 0
3534 1919 11 13 1 0
522 2027 14 19 1 0
711 2042 14 19 1 0
2166 1952 8 14 1 0
1660 2004 9 11 1 0
3022 1974 10 11 1 0
122 1884 11 15 1 0
4357 1928 7 9 1 0
165 1827 11 15 1 0
323 1732 11 15 1 0
807 1945 14 19 1 0
812 1577 11 15 1 0
1803 1958 8 14 1 0
2180 2107 17 22 1 0
2161 1837 8 14 1 0
3693 1948 11 13 1 0
2009 1871 8 14 1 0
3000 1886 10 11 1 0
4904 1883 7 9 1 0
2904 1936 10 11 1 0
1633 1963 9 11 1 0
1713 1874 9 11 1 0
2569 1976 10 11 1 0
3101 1995 10 11 1 0
4898 2064 7 9 1 0
1055 1992 14 19 1 0
3950 1904 11 13 1 0
2754 2037 10 11 1 0
365 1792 11 15 1 0
492 1881 11 15 1 0
323 1829 11 15 1 0
411 1958 14 19 1 0
2897 1723 11 10 1 0
4957 2060 7 9 1 0
4259 1955 9 14 1 0
625 1991 14 19 1 0
1841 2004 17 22 1 0
3408 1903 11 13 1 0
913 1870 11 15 1 0
4375 1965 7 9 1 0
917 1931 14 19 1 0
2445 2034 17 22 1 0
3933 1934 11 13 1 0
188 1743 11 15 1 0
1156 2039 14 19 1 0
1317 1969 9 11 1 0
2081 2104 17 22 1 0
1862 1681 11 10 1 0
347 1856 11 15 1 0
2777 1995 10 11 1 0
37 1868 11 15 1 0
3606 1894 11 13 1 0
4533 1977 7 9 1 0
1830 1952 8 14 1 0
3458 1983 11 13 1 0
4167 2030 11 13 1 0
4156 1982 11 13 1 0
2261 1945 8 14 1 0
2669 1977 10 11 1 0
4333 2008 7 9 1 0
2300 1882 8 14 1 0
1974 2044 17 22 1 0
2557 2052 18 18 1 0
4676 1960 7 9 1 0
3757 1954 11 13 1 0
2078 1528 11 10 1 0
646 1855 11 15 1 0
2449 2047 17 22 1 0
2099 1892 8 14 1 0
2579 2012 10 11 1 0
4211 2024 11 13 1 0
4379 1948 7 9 1 0
3969 1990 11 13 1 0
3124 1715 11 10 1 0
1708 2072 17 22 1 0
2680 1987 10 11 1 0
435 1987 14 19 1 0
4919 1974 7 9 1 0
1063 1819 11 15 1 0
1513 2032 11 15 1 0
4831 1865 7 9 1 0
4518 1906 7 9 1 0
4221 1947 9 14 1 0
3009 1973 10 11 1 0
2817 1672 11 10 1 0
1928 2045 17 22 1 0
2868 1956 10 11 1 0
522 2082 14 19 1 0
3602 1929 11 13 1 0
2230 1997 17 22 1 0
4372 2019 7 9 1 0
1819 1925 8 14 1 0
3238 1920 11 13 1 0
282 1694 11 15 1 0
1207 1916 11 15 1 0
438 1854 11 15 1 0
3908 2024 11 13 1 0
3567 1912 11 13 1 0
3972 1951 11 13 1 0
2632 1691 11 10 1 0
3853 1939 11 13 1 0
215 2165 14 19 1 0
1132 1901 14 19 1 0
1954 2051 17 22 1 0
282 1733 11 15 1 0
3887 1955 11 13 1 0
2631 1885 10 11 1 0
2962 1976 10 11 1 0
738 1916 14 19 1 0
3024 1665 11 10 1 0
4008 1918 11 13 1 0
2138 1879 8 14 1 0
1898 1522 11 10 1 0
1937 1936 8 14 1 0
2775 1602 11 10 1 0
915 1616 11 15 1 0
848 1988 14 19 1 0
305 1820 11 15 1 0
2036 2111 17 22 1 0
3089 1949 10 11 1 0
207 2004 14 19 1 0
848 2053 14 19 1 0
1115 2025 14 19 1 0
1647 1937 9 11 1 0
4481 1934 7 9 1 0
4060 2026 11 13 1 0
3722 2023 11 13 1 0
3125 1987 10 11 1 0
501 2016 14 19 1 0
4503 1988 7 9 1 0
1338 1997 9 11 1 0
2406 2053 17 22 1 0
358 2040 14 19 1 0
2765 1928 10 11 1 0
1197 1988 9 11 1 0
4413 1887 7 9 1 0
302 1943 14 19 1 0
4223 1992 9 14 1 0
1089 1919 14 19 1 0
3659 1905 11 13 1 0
2754 1928 10 11 1 0
3732 2004 11 13 1 0
4306 1968 7 9 1 0
2201 1982 8 14 1 0
3892 1977 11 13 1 0
1801 1683 11 10 1 0
2874 1946 10 11 1 0
2595 1988 10 11 1 0
1119 1814 11 15 1 0
1409 2046 12 17 1 0
4848 2064 7 9 1 0
4553 1883 7 9 1 0
2631 1716 11 10 1 0
1899 1826 8 14 1 0
1898 1695 11 10 1 0
4193 2007 11 13 1 0
3830 2003 11 13 1 0
3268 1863 11 13 1 0
2840 2024 10 11 1 0
778 1876 11 15 1 0
2019 1911 8 14 1 0
2797 1911 10 11 1 0
4434 1964 7 9 1 0
3120 1733 11 10 1 0
2603 1695 11 10 1 0
3934 1907 11 13 1 0
2730 1898 10 11 1 0
2423 2059 17 22 1 0
1673 1902 9 11 1 0
2463 1961 10 11 1 0
737 1970 14 19 1 0
615 1903 14 19 1 0
1353 1863 9 11 1 0
230 1774 11 15 1 0
2669 1941 10 11 1 0
3725 1918 11 13 1 0
323 1862 11 15 1 0
1142 2050 14 19 1 0
1297 1959 9 11 1 0
1448 1808 9 11 1 0
2104 1683 11 10 1 0
1579 1891 9 11 1 0
3960 1949 11 13 1 0
1392 1962 9 11 1 0
2547 2008 10 11 1 0
860 2040 14 19 1 0
2967 1995 10 11 1 0
1929 2030 17 22 1 0
660 1890 11 15 1 0
3410 1955 11 13 1 0
4739 1850 7 9 1 0
1177 1849 11 15 1 0
4115 1978 11 13 1 0
61 1868 11 15 1 0
167 1964 14 19 1 0
1683 1985 9 11 1 0
1797 1886 8 14 1 0
2950 1893 10 11 1 0
2272 1854 8 14 1 0
3567 1930 11 13 1 0
3607 1946 11 13 1 0
2220 1868 8 14 1 0
3082 1886 10 11 1 0
4034 1921 11 13 1 0
1717 1864 9 11 1 0
899 1945 14 19 1 0
169 2012 14 19 1 0
2454 1582 11 10 1 0
2171 2057 17 22 1 0
3652 1963 11 13 1 0
1659 1864 9 11 1 0
314 1929 14 19 1 0
2081 1873 8 14 1 0
2650 1947 10 11 1 0
3235 2027 11 13 1 0
4025 2007 11 13 1 0
493 1816 11 15 1 0
2671 1961 10 11 1 0
3909 2093 11 13 1 0
3585 1908 11 13 1 0
1440 2038 10 14 1 0
2240 1908 8 14 1 0
61 1898 11 15 1 0
4835 1904 7 9 1 0
2069 1941 8 14 1 0
1095 2034 14 19 1 0
2152 1954 8 14 1 0
976 1637 11 15 1 0
3540 1987 11 13 1 0
366 1981 14 19 1 0
1882 2019 17 22 2 0
2051 2055 17 22 1 0
3679 1985 11 13 1 0
3980 2011 11 13 1 0
3261 1982 11 13 1 0
1169 1937 11 15 1 0
3875 1913 11 13 1 0
130 1960 14 19 1 0
579 1869 11 15 1 0
541 1934 14 19 1 0
733 1827 11 15 1 0
2322 2104 17 22 1 0
2548 1948 10 11 1 0
104 1911 14 19 1 0
1211 2063 10 13 1 0
3491 1977 11 13 1 0
2814 1964 10 11 1 0
2310 1979 8 14 1 0
4934 2019 7 9 1 0
2403 2033 17 22 1 0
3837 1931 11 13 1 0
478 1497 11 15 1 0
4486 1965 7 9 1 0
2069 1977 8 14 1 0
218 1969 14 19 1 0
1214 1912 9 11 1 0
560 1876 11 15 1 0
3677 2079 11 13 1 0
2703 2018 10 11 1 0
2729 1948 10 11 1 0
3991 1918 11 13 1 0
4734 1967 7 9 1 0
1232 2006 9 11 1 0
2369 2009 17 22 1 0
722 1582 11 15 1 0
2395 1978 10 11 1 0
1669 1879 9 11 1 0
3676 1900 11 13 1 0
438 1930 14 19 1 0
2947 1994 10 11 1 0
3999 2030 11 13 1 0
4937 1992 7 9 1 0
1881 2008 17 22 2 0
946 2052 14 19 1 0
2930 1981 10 11 1 0
4362 1942 7 9 1 0
4229 2019 9 14 1 0
2267 1935 8 14 1 0
4547 1927 7 9 1 0
890 2036 14 19 1 0
3154 1727 11 10 1 0
1362 1631 9 11 1 0
2329 1927 8 14 1 0
3294 1934 11 13 1 0
2652 2114 18 18 1 0
3420 1919 11 13 1 0
1693 2046 17 22 1 0
3459 2034 11 13 1 0
2616 2100 18 18 1 0
1019 2122 14 19 1 0
60 1912 11 15 1 0
4717 1984 7 9 1 0
2102 1906 8 14 1 0
2615 1994 10 11 1 0
2860 1971 10 11 1 0
950 1880 11 15 1 0
75 1803 11 15 1 0
3440 1894 11 13 1 0
704 1925 14 19 1 0
3364 1969 11 13 1 0
1288 1997 9 11 1 0
1812 1886 8 14 1 0
4105 1967 11 13 1 0
1068 1995 14 19 1 0
27 1976 12 17 1 0
2653 2011 10 11 1 0
1950 2036 17 22 1 0
4016 1931 11 13 1 0
1831 1511 11 10 1 0
1124 2178 14 19 1 0
4883 1982 7 9 1 0
817 2053 14 19 1 0
2525 1916 10 11 1 0
2474 1923 10 11 1 0
1687 2033 17 22 1 0
3767 1918 11 13 1 0
4644 1985 7 9 1 0
35 1794 11 15 1 0
1335 1964 9 11 1 0
81 2018 14 19 1 0
2004 2113 17 22 1 0
1297 2066 12 17 1 0
272 1844 11 15 1 0
