205 594 31 38 1 0
694 504 24 31 1 0
126 428 24 31 1 0
172 547 31 38 1 0
511 757 26 37 1 0
701 414 25 30 1 0
93 458 24 31 1 0
13 453 16 29 1 0
1138 525 29 34 1 0
9 567 27 34 1 0
990 488 29 34 1 0
243 567 31 38 1 0
1185 613 27 34 1 0
584 322 25 30 1 0
915 469 29 34 1 0
41 362 17 14 1 0
330 568 31 38 1 0
442 596 31 38 1 0
140 390 25 30 1 0
168 484 24 31 1 0
171 700 35 45 1 0
153 499 24 31 1 0
961 257 4 0 1 0
982 464 29 34 1 0
244 338 25 30 1 0
96 595 31 38 1 0
5 722 17 72 1 0
797 327 25 30 1 0
896 262 4 0 1 0
51 482 24 31 1 0
56 561 31 38 1 0
59 685 35 45 1 0
1081 582 29 34 1 0
1096 631 27 34 1 0
146 786 60 59 1 0
927 594 29 34 1 0
863 784 77 41 1 0
480 565 31 38 1 0
993 394 25 30 1 0
574 481 24 31 1 0
711 493 24 31 1 0
803 405 25 30 1 0
203 627 31 38 1 0
401 225 4 0 1 0
1191 511 29 34 1 0
847 688 27 34 1 0
471 488 24 31 1 0
716 468 24 31 1 0
442 684 26 37 1 0
265 547 31 38 1 0
24 637 27 34 1 0
62 336 17 14 1 0
153 657 35 45 1 0
487 667 26 37 1 0
502 227 4 0 1 0
151 532 24 31 1 0
74 728 35 45 1 0
679 690 27 34 1 0
643 449 24 31 1 0
1139 459 29 34 1 0
827 583 29 34 1 0
507 624 31 38 1 0
353 415 25 30 1 0
24 792 60 59 1 0
996 581 29 34 1 0
910 556 29 34 1 0
941 684 27 34 1 0
536 519 24 31 1 0
1064 377 25 30 1 0
657 296 25 30 1 0
271 423 24 31 1 0
1121 357 25 30 1 0
385 603 31 38 1 0
110 370 25 30 1 0
318 400 25 30 1 0
995 550 29 34 1 0
911 506 29 34 1 0
972 552 29 34 1 0
630 362 25 30 1 0
990 651 61 84 1 0
842 523 29 34 1 0
1056 519 29 34 1 0
211 364 25 30 1 0
1025 312 25 30 1 0
326 462 24 31 1 0
1155 502 29 34 1 0
1019 403 25 30 1 0
928 280 17 14 1 0
577 654 26 37 1 0
333 650 55 73 1 0
822 545 27 34 1 0
383 659 26 37 1 0
130 459 24 31 1 0
552 359 25 30 1 0
374 624 31 38 1 0
122 632 35 45 1 0
49 585 31 38 1 0
759 488 53 53 1 0
416 439 24 31 1 0
861 493 29 34 1 0
397 411 25 30 1 0
1078 491 29 34 1 0
382 322 25 30 1 0
90 495 24 31 1 0
677 639 27 34 1 0
1132 480 29 34 1 0
3 517 16 29 1 0
624 630 27 34 1 0
640 494 24 31 1 0
851 324 25 30 1 0
687 306 25 30 1 0
1063 573 29 34 1 0
295 571 31 38 1 0
681 430 24 31 1 0
343 342 25 30 1 0
1037 457 29 34 1 0
779 432 22 27 1 0
610 152 4 0 1 0
384 451 24 31 1 0
1165 577 29 34 1 0
507 364 25 30 1 0
70 502 24 31 1 0
983 524 29 34 1 0
720 442 22 27 1 0
547 394 25 30 1 0
364 307 25 30 1 0
406 654 26 37 1 0
207 335 25 30 1 0
1160 391 25 30 1 0
1135 252 4 0 1 0
1140 589 29 34 1 0
801 188 4 0 1 0
