36 298 63 74 3 0
96 235 38 46 1 0
293 211 33 34 1 0
365 271 63 74 3 0
536 234 38 46 1 0
287 278 63 74 3 0
591 207 33 34 1 0
430 197 19 22 1 0
576 195 29 31 1 0
19 239 38 46 1 0
440 277 63 74 3 0
262 272 63 74 3 0
131 230 33 34 3 0
254 251 38 46 3 0
580 255 38 46 1 0
45 208 33 34 3 0
436 341 77 87 3 0
501 286 63 74 1 0
104 299 77 87 3 0
550 333 77 87 1 0
560 206 33 34 3 0
564 216 33 34 3 0
489 346 77 87 1 0
534 195 19 22 1 0
494 234 38 46 1 0
330 282 63 74 1 0
73 279 63 74 3 0
127 268 63 74 3 0
387 251 38 46 3 0
286 340 77 87 1 0
30 320 60 70 3 0
163 233 33 34 1 0
41 219 33 34 3 0
297 243 38 46 1 0
581 229 33 34 1 0
86 204 33 34 1 0
68 222 33 34 3 0
391 243 38 46 3 0
431 255 38 46 3 0
145 244 38 46 3 0
35 269 63 74 3 0
423 302 77 87 3 0
358 229 33 34 1 0
390 225 33 34 3 0
229 220 33 34 1 0
130 242 38 46 3 0
114 250 38 46 3 0
197 319 77 87 1 0
473 220 33 34 1 0
120 215 33 34 1 0
317 224 33 34 1 0
395 266 63 74 3 0
39 250 38 46 3 0
60 208 33 34 3 0
