749 493 48 52 1 0
798 321 14 22 1 0
366 275 19 27 1 0
513 229 10 10 1 0
852 263 10 10 1 0
569 234 10 10 1 0
919 577 80 86 1 0
579 393 58 67 1 0
484 257 19 27 1 0
568 278 10 10 1 0
808 287 14 22 1 0
562 259 10 10 1 0
247 234 19 27 1 0
684 261 10 10 1 0
391 289 19 27 1 0
87 196 15 22 1 0
893 262 10 10 1 0
584 294 14 22 1 0
1005 234 14 31 1 0
801 305 14 22 1 0
18 205 31 37 1 0
747 318 14 22 1 0
942 277 10 10 1 0
170 255 18 26 1 0
478 276 19 27 1 0
856 306 14 22 1 0
656 279 10 10 1 0
514 421 49 56 1 0
281 297 61 82 1 0
661 320 14 22 1 0
839 238 10 10 1 0
390 223 19 27 1 0
663 241 10 10 1 0
989 282 10 10 1 0
398 338 28 31 1 0
631 264 10 10 1 0
995 266 10 10 1 0
698 351 14 22 1 0
443 248 19 27 1 0
703 319 14 22 1 0
776 399 26 26 1 0
92 171 9 9 1 0
327 210 10 10 1 0
609 322 14 22 1 0
901 324 14 22 1 0
988 307 10 10 1 0
235 205 10 10 1 0
305 240 19 27 1 0
911 242 10 10 1 0
403 308 28 31 1 0
157 179 9 9 1 0
735 242 10 10 1 0
350 224 19 27 1 0
25 171 9 9 1 0
938 358 14 22 1 0
441 264 19 27 1 0
938 393 14 22 1 0
288 224 19 27 1 0
439 234 19 27 1 0
655 301 14 22 1 0
633 280 10 10 1 0
171 198 18 26 1 0
120 191 15 22 1 0
229 261 31 45 1 0
692 284 14 22 1 0
768 265 10 10 1 0
556 328 14 22 1 0
928 450 22 22 1 0
850 324 14 22 1 0
960 268 10 10 1 0
811 399 26 26 1 0
532 269 10 10 1 0
465 353 28 31 1 0
908 348 14 22 1 0
726 302 14 22 1 0
633 358 14 22 1 0
536 300 14 22 1 0
300 258 19 27 1 0
601 421 49 56 1 0
603 269 10 10 1 0
940 236 10 10 1 0
784 503 48 52 1 0
825 360 14 22 1 0
135 232 41 51 1 0
