645 191 9 13 1 0
69 502 14 17 1 0
205 377 14 17 1 0
12 316 10 14 1 0
270 184 9 13 1 0
568 43 10 12 1 0
588 413 14 17 1 0
440 178 9 13 1 0
391 251 9 13 1 0
545 112 9 13 1 0
746 358 14 17 1 0
631 98 10 12 1 0
573 89 10 12 1 0
270 315 9 13 1 0
299 437 14 17 1 0
649 223 9 13 1 0
646 600 14 17 1 0
356 144 9 13 1 0
343 201 9 13 1 0
490 534 14 17 1 0
515 435 14 17 1 0
227 249 9 13 1 0
485 475 14 17 1 0
448 274 9 13 1 0
410 24 10 12 1 0
99 4 10 12 1 0
112 245 9 13 1 0
485 73 10 12 1 0
699 88 10 12 1 0
300 112 9 13 1 0
727 157 9 13 1 0
657 280 9 13 1 0
369 543 14 17 1 0
520 288 9 13 1 0
753 97 10 12 1 0
641 325 9 13 1 0
251 213 9 13 1 0
541 162 9 13 1 0
297 408 14 17 1 0
61 173 9 13 1 0
2 186 9 13 1 0
92 388 14 17 1 0
122 191 9 13 1 0
632 119 9 13 1 0
735 174 9 13 1 0
663 141 9 13 1 0
792 568 14 17 1 0
283 19 10 12 1 0
147 320 9 13 1 0
14 162 9 12 1 0
789 390 14 17 1 0
756 593 14 17 1 0
543 234 9 13 1 0
471 416 14 17 1 0
401 518 14 17 1 0
426 253 9 13 1 0
634 44 10 12 1 0
737 301 9 13 1 0
610 575 14 17 1 0
754 32 10 12 1 0
535 21 10 12 1 0
750 120 9 13 1 0
369 296 9 13 1 0
112 452 14 17 1 0
714 153 9 13 1 0
549 122 9 13 1 0
101 494 14 17 1 0
195 150 9 13 1 0
788 233 9 13 1 0
622 443 14 17 1 0
505 580 14 17 1 0
464 22 10 12 1 0
159 404 14 17 1 0
335 30 10 12 1 0
456 400 14 17 1 0
449 262 9 13 1 0
403 291 9 13 1 0
581 173 9 13 1 0
659 426 14 17 1 0
713 130 9 13 1 0
4 210 9 13 1 0
489 127 9 13 1 0
472 513 14 17 1 0
794 521 14 17 1 0
497 75 10 12 1 0
579 276 9 13 1 0
758 558 14 17 1 0
569 111 9 13 1 0
677 90 10 12 1 0
316 265 9 13 1 0
409 205 9 13 1 0
604 551 14 17 1 0
527 315 9 13 1 0
487 287 9 13 1 0
524 587 14 17 1 0
736 597 14 17 1 0
792 118 9 12 1 0
491 34 10 12 1 0
537 565 14 17 1 0
434 521 14 17 1 0
361 448 14 17 1 0
76 38 10 12 1 0
245 321 9 13 1 0
18 46 10 12 1 0
517 213 9 13 1 0
777 262 9 13 1 0
35 93 10 12 1 0
571 372 14 17 1 0
280 213 9 13 1 0
620 35 10 12 1 0
168 207 9 13 1 0
164 371 14 17 1 0
366 134 9 13 1 0
595 225 9 13 1 0
624 357 9 13 1 0
179 61 10 12 1 0
244 252 9 13 1 0
611 175 9 13 1 0
737 506 14 17 1 0
237 542 14 17 1 0
345 227 9 13 1 0
504 256 9 13 1 0
641 376 14 17 1 0
500 349 9 13 1 0
101 387 14 17 1 0
415 499 14 17 1 0
721 473 14 17 1 0
500 269 9 13 1 0
659 173 9 13 1 0
228 447 14 17 1 0
688 160 9 13 1 0
695 547 14 17 1 0
37 12 10 12 1 0
653 51 10 12 1 0
494 145 9 13 1 0
453 457 14 17 1 0
788 263 9 13 1 0
208 55 10 12 1 0
352 545 14 17 1 0
556 339 9 13 1 0
111 160 9 13 1 0
417 2 10 12 1 0
789 53 10 12 1 0
312 89 10 12 1 0
539 482 14 17 1 0
424 309 9 13 1 0
691 15 10 12 1 0
336 447 14 17 1 0
651 301 9 13 2 0
200 532 14 17 1 0
589 581 14 17 1 0
126 163 9 13 1 0
450 73 10 12 1 0
539 387 14 17 1 0
500 506 14 17 1 0
373 232 9 13 1 0
35 235 9 13 1 0
70 106 9 13 1 0
593 179 9 13 1 0
772 301 9 13 1 0
454 519 14 17 1 0
440 200 9 13 1 0
395 264 9 13 1 0
413 539 14 17 1 0
502 227 9 13 1 0
707 277 9 13 1 0
54 116 9 13 1 0
332 334 9 13 1 0
312 229 9 13 1 0
676 208 9 13 1 0
305 337 9 13 1 0
460 35 10 12 1 0
467 128 9 13 1 0
214 191 9 13 1 0
684 4 10 12 1 0
147 375 14 17 1 0
190 397 14 17 1 0
218 523 14 17 1 0
726 330 9 13 1 0
533 283 9 13 1 0
687 193 9 13 1 0
286 145 9 13 1 0
52 461 14 17 1 0
720 418 14 17 1 0
356 234 9 13 1 0
248 25 10 12 1 0
780 211 9 13 1 0
27 489 14 17 1 0
153 238 9 13 1 0
634 569 14 17 1 0
763 191 9 13 1 0
585 322 9 13 1 0
558 568 14 17 1 0
689 253 9 13 1 0
346 112 9 13 1 0
725 261 9 13 1 0
191 178 9 13 1 0
529 343 9 13 1 0
99 516 14 17 1 0
711 246 9 13 1 0
770 118 9 13 1 0
185 235 9 13 1 0
109 45 10 12 1 0
653 344 9 13 1 0
531 370 14 17 1 0
382 350 9 13 1 0
517 10 10 12 1 0
604 84 10 12 1 0
69 334 9 13 1 0
262 445 14 17 1 0
187 258 9 13 1 0
461 335 9 13 1 0
740 566 14 17 1 0
70 368 14 17 1 0
217 143 9 13 1 0
123 405 14 17 1 0
440 592 14 17 1 0
218 445 14 17 1 0
696 331 9 13 1 0
323 217 9 13 1 0
71 278 9 13 1 0
733 581 14 17 1 0
314 307 9 13 1 0
336 138 9 13 1 0
700 305 9 13 1 0
74 128 9 13 1 0
710 109 9 13 1 0
770 96 10 12 1 0
435 471 14 17 1 0
669 292 9 13 1 0
645 163 9 13 1 0
339 309 9 13 1 0
670 394 14 17 1 0
737 441 14 17 1 0
108 144 9 13 1 0
407 318 9 13 1 0
473 359 14 17 1 0
753 478 14 17 1 0
501 13 10 12 1 0
688 454 14 17 1 0
301 315 9 13 1 0
776 427 14 17 1 0
290 543 14 17 1 0
166 194 9 13 1 0
592 389 14 17 1 0
0 144 9 12 1 0
432 114 9 13 1 0
163 284 9 13 1 0
548 529 14 17 1 0
31 125 9 13 1 0
412 381 14 17 1 0
31 154 9 13 1 0
473 291 9 13 1 0
355 359 14 17 1 0
321 562 14 17 1 0
580 133 9 13 1 0
460 306 9 13 1 0
653 232 9 13 1 0
183 343 9 13 1 0
711 449 14 17 1 0
678 43 10 12 1 0
30 102 10 12 1 0
665 186 9 13 1 0
734 83 10 12 1 0
235 518 14 17 1 0
174 130 9 13 1 0
80 177 9 13 1 0
145 544 14 17 1 0
310 370 14 17 1 0
386 200 9 13 1 0
281 187 9 13 1 0
763 377 14 17 1 0
223 26 10 12 1 0
278 505 14 17 1 0
458 190 9 13 1 0
144 408 14 17 1 0
416 333 9 13 1 0
563 598 14 17 1 0
196 201 9 13 1 0
462 150 9 13 1 0
252 486 14 17 1 0
36 317 9 13 1 0
393 32 10 12 1 0
559 201 9 13 1 0
154 145 9 13 1 0
581 516 14 17 1 0
207 263 9 13 1 0
32 294 9 13 1 0
630 144 9 13 1 0
779 554 14 17 1 0
722 301 9 13 1 0
67 253 9 13 1 0
511 29 10 12 1 0
744 254 9 13 1 0
676 145 9 13 1 0
499 404 14 17 1 0
474 279 9 13 1 0
691 580 14 17 1 0
273 243 9 13 1 0
20 201 9 13 1 0
442 368 14 17 1 0
764 263 9 13 1 0
565 452 14 17 1 0
652 2 10 12 1 0
532 65 10 12 1 0
413 61 10 12 1 0
322 124 9 13 1 0
353 324 9 13 1 0
562 78 10 12 1 0
587 105 9 13 1 0
377 102 10 12 1 0
387 46 10 12 1 0
597 147 9 13 1 0
437 497 14 17 1 0
709 578 14 17 1 0
782 402 14 17 1 0
738 104 10 12 1 0
745 34 10 12 1 0
763 493 14 17 1 0
622 465 14 17 1 0
647 433 14 17 1 0
524 237 9 13 1 0
592 514 14 17 1 0
754 154 9 13 1 0
295 509 14 17 1 0
432 362 14 17 1 0
632 223 9 13 1 0
313 495 14 17 1 0
314 356 9 13 1 0
557 137 9 13 1 0
360 519 14 17 1 0
403 118 9 13 1 0
711 508 14 17 1 0
555 497 14 17 1 0
410 258 9 13 1 0
40 249 9 13 1 0
372 302 9 13 1 0
597 277 9 13 1 0
43 367 14 17 1 0
692 476 14 17 1 0
703 64 10 12 1 0
383 113 9 13 1 0
760 438 14 17 1 0
344 255 9 13 1 0
693 393 14 17 1 0
746 407 14 17 1 0
377 128 9 13 1 0
609 102 10 12 1 0
427 284 9 13 1 0
501 328 9 13 1 0
176 326 9 13 1 0
452 203 9 13 1 0
644 127 9 13 1 0
354 386 14 17 1 0
445 159 9 13 1 0
476 301 9 13 1 0
692 115 9 13 1 0
315 542 14 17 1 0
63 44 10 12 1 0
46 230 9 13 1 0
541 320 9 13 1 0
566 248 9 13 1 0
524 98 10 12 1 0
444 14 10 12 1 0
395 50 10 12 1 0
783 166 9 13 1 0
699 39 10 12 1 0
667 307 9 13 1 0
723 80 10 12 1 0
755 462 14 17 1 0
681 272 9 13 1 0
187 10 10 12 1 0
611 306 9 13 1 0
738 323 9 13 1 0
82 338 9 13 1 0
651 519 14 17 1 0
378 56 10 12 1 0
621 108 9 13 1 0
700 207 9 13 1 0
607 38 10 12 1 0
670 343 9 13 1 0
298 16 10 12 1 0
290 376 14 17 1 0
362 200 9 13 1 0
270 17 10 12 1 0
632 80 10 12 1 0
562 164 9 13 1 0
517 344 9 13 1 0
782 28 10 12 1 0
527 7 10 12 1 0
15 234 9 13 1 0
381 478 14 17 1 0
640 401 14 17 1 0
704 417 14 17 1 0
550 425 14 17 1 0
65 10 10 12 1 0
501 100 10 12 1 0
319 38 10 12 1 0
48 287 9 13 1 0
512 126 9 13 1 0
322 477 14 17 1 0
540 268 9 13 1 0
731 406 14 17 1 0
588 60 10 12 1 0
276 282 9 13 1 0
11 13 10 12 1 0
467 584 14 17 1 0
187 471 14 17 1 0
256 146 9 13 1 0
312 109 9 13 1 0
659 90 10 12 1 0
621 304 9 13 1 0
759 146 9 13 1 0
670 378 14 17 1 0
618 152 9 13 1 0
569 556 14 17 1 0
3 389 11 15 1 0
386 533 14 17 1 0
130 342 9 13 1 0
80 199 9 13 1 0
101 308 9 13 1 0
785 370 14 17 1 0
421 87 10 12 1 0
335 13 10 12 1 0
788 197 9 13 1 0
385 290 9 13 1 0
115 217 9 13 1 0
592 36 10 12 1 0
462 222 9 13 1 0
795 310 9 13 1 0
691 230 9 13 1 0
756 21 10 12 1 0
708 359 14 17 1 0
752 300 9 13 2 0
443 307 9 13 1 0
717 24 10 12 1 0
480 12 10 12 1 0
262 554 14 17 1 0
604 191 9 13 1 0
427 41 10 12 1 0
753 211 9 13 1 0
345 168 9 13 1 0
766 524 14 17 1 0
166 572 14 17 1 0
584 474 14 17 1 0
16 268 9 13 1 0
330 428 14 17 1 0
504 377 14 17 1 0
73 317 9 13 1 0
212 221 9 13 1 0
526 43 10 12 1 0
129 491 14 17 1 0
220 171 9 13 1 0
519 497 14 17 1 0
697 365 14 17 1 0
165 156 9 13 1 0
151 267 9 13 1 0
381 5 10 12 2 0
509 168 9 13 1 0
569 295 9 13 1 0
567 478 14 17 1 0
88 151 9 13 1 0
563 515 14 17 1 0
646 537 14 17 1 0
275 473 14 17 1 0
93 115 9 13 1 0
6 109 9 12 1 0
222 263 9 13 1 0
185 507 14 17 1 0
333 493 14 17 1 0
559 310 9 13 1 0
105 422 14 17 1 0
188 311 9 13 1 0
611 380 14 17 1 0
335 102 10 12 1 0
213 311 9 13 1 0
297 471 14 17 1 0
345 34 10 12 1 0
552 24 10 12 1 0
292 238 9 13 1 0
361 480 14 17 1 0
488 214 9 13 1 0
530 399 14 17 1 0
752 296 9 13 2 0
547 180 9 13 1 0
651 123 9 13 1 0
280 436 14 17 1 0
430 62 10 12 1 0
531 139 9 13 1 0
345 566 14 17 1 0
792 424 14 17 1 0
111 180 9 13 1 0
393 432 14 17 1 0
774 281 9 13 1 0
49 345 9 13 1 0
210 459 14 17 1 0
291 254 9 13 1 0
611 50 10 12 1 0
53 406 14 17 1 0
717 391 14 17 1 0
11 346 10 14 1 0
5 175 9 13 1 0
465 58 10 12 1 0
570 158 9 13 1 0
707 227 9 13 1 0
481 379 14 17 1 0
96 274 9 13 1 0
481 198 9 13 1 0
598 355 9 13 1 0
136 63 10 12 1 0
444 44 10 12 1 0
654 457 14 17 1 0
391 339 9 13 1 0
607 501 14 17 1 0
651 297 9 13 2 0
243 306 9 13 1 0
376 6 10 12 2 0
722 360 14 17 1 0
674 244 9 13 1 0
418 185 9 13 1 0
