567 257 21 24 1 0
902 391 34 39 1 0
289 157 15 17 1 0
913 122 16 17 1 0
206 150 15 17 1 0
885 158 34 39 1 0
865 124 16 17 2 0
582 125 16 17 1 0
297 139 15 17 1 0
501 115 16 17 1 0
463 306 21 24 1 0
604 235 82 100 1 0
386 271 31 34 1 0
800 238 34 39 1 0
422 194 19 25 1 0
834 136 16 17 1 0
161 162 15 17 1 0
149 157 15 17 1 0
628 125 16 17 1 0
329 133 15 17 1 0
620 133 16 17 1 0
295 347 31 34 1 0
849 169 13 15 1 0
315 129 15 17 1 0
248 290 31 34 1 0
508 179 19 25 1 0
547 121 16 17 2 0
814 172 13 15 1 0
783 122 16 17 1 0
478 242 19 25 1 0
461 145 15 17 1 0
757 302 34 39 1 0
334 306 31 34 1 0
79 237 44 69 1 0
896 123 16 17 1 0
117 146 15 17 1 0
702 115 16 17 1 0
676 139 16 17 1 0
253 153 15 17 1 0
128 163 15 17 1 0
537 121 16 17 2 0
45 185 18 24 1 0
310 141 15 17 1 0
858 128 16 17 2 0
169 141 15 17 1 0
100 166 15 17 1 0
399 135 15 17 1 0
55 160 15 17 1 0
816 124 16 17 1 0
259 140 15 17 1 0
559 167 16 21 1 0
93 146 15 17 1 0
193 152 15 17 1 0
671 121 16 17 1 0
779 134 16 17 1 0
178 150 15 17 1 0
220 151 15 17 1 0
14 164 15 17 1 0
350 225 19 25 1 0
483 139 16 17 1 0
685 133 16 17 1 0
499 236 19 25 1 0
915 154 15 29 1 0
475 127 16 17 1 0
534 152 16 21 1 0
608 133 16 17 1 0
802 152 13 15 1 0
861 328 34 39 1 0
747 134 33 40 1 0
456 115 16 17 1 0
80 162 15 17 1 0
556 130 16 17 1 0
477 330 21 24 1 0
723 167 13 15 1 0
236 159 15 17 1 0
529 409 198 174 1 0
900 146 15 29 1 0
274 154 15 17 1 0
383 151 15 17 1 0
427 138 16 17 1 0
