366 156 5 5 1 0
958 193 5 6 1 0
869 220 5 6 1 0
822 259 46 57 1 0
1025 177 5 6 1 0
1107 199 5 6 1 0
1018 229 5 6 1 0
530 443 13 16 1 0
1085 186 5 6 1 0
758 183 4 4 1 0
930 220 5 6 1 0
685 264 8 8 1 0
980 173 5 6 1 0
1010 169 5 6 1 0
831 153 4 4 1 0
699 204 4 4 1 0
248 171 5 5 1 0
697 185 4 4 1 0
773 177 4 4 1 0
639 220 5 5 1 0
706 185 4 4 1 0
1149 224 5 6 1 0
502 348 13 15 1 0
401 193 5 5 1 0
480 194 5 5 1 0
968 220 5 6 1 0
671 219 5 5 1 0
450 162 5 5 1 0
900 220 5 6 1 0
672 202 5 5 1 0
104 200 7 9 1 0
288 188 5 5 1 0
255 230 7 7 1 0
886 443 37 36 1 0
408 171 5 5 1 0
559 227 7 7 1 0
722 220 4 4 1 0
1092 223 5 6 1 0
71 210 7 9 1 0
894 178 4 4 1 0
392 223 7 7 1 0
124 176 7 9 1 0
577 178 5 5 1 0
689 186 4 4 1 0
804 185 4 4 1 0
887 223 5 6 1 0
1125 225 5 6 1 0
908 163 4 4 1 0
396 158 5 5 1 0
1081 219 5 6 1 0
619 176 5 5 1 0
374 225 7 7 1 0
661 222 6 6 1 0
428 179 5 5 1 0
874 419 37 36 1 0
963 165 4 5 1 0
182 255 29 42 1 0
793 155 4 4 1 0
796 219 5 6 1 0
733 186 4 4 1 0
205 215 5 5 1 0
388 154 5 5 1 0
556 192 5 5 1 0
648 232 7 7 1 0
396 192 5 5 1 0
1145 431 40 57 1 0
273 157 5 5 1 0
991 426 59 67 1 0
428 194 5 5 1 0
729 200 4 4 1 0
341 193 32 38 1 0
90 333 9 12 1 0
237 238 7 7 1 0
382 157 5 5 1 0
775 163 4 4 1 0
702 220 5 5 1 0
949 220 5 6 1 0
1 386 7 9 1 0
432 162 5 5 1 0
135 197 7 9 1 0
68 255 7 9 1 0
975 218 5 6 1 0
767 163 4 4 1 0
655 168 5 5 1 0
647 169 5 5 1 0
763 202 4 4 1 0
1077 202 5 6 1 0
887 167 4 4 1 0
324 162 5 5 1 0
1060 222 5 6 1 0
1093 194 5 6 1 0
623 229 7 7 1 0
820 154 4 4 1 0
499 209 5 5 1 0
838 154 4 4 1 0
1108 457 20 24 1 0
399 101 5 5 1 0
509 211 5 5 1 0
362 177 5 5 1 0
517 452 13 16 1 0
551 225 7 7 1 0
488 195 5 5 1 0
1038 223 5 6 1 0
235 297 35 38 1 0
844 150 4 4 1 0
202 225 7 7 1 0
917 220 5 6 1 0
1135 223 5 6 1 0
807 223 5 6 1 0
680 202 5 5 1 0
898 192 5 6 1 0
732 424 28 28 1 0
517 209 5 5 1 0
540 226 7 7 1 0
372 179 5 5 1 0
869 162 4 4 1 0
1118 219 5 6 1 0
708 445 28 28 1 0
218 204 5 5 1 0
552 459 13 16 1 0
690 458 8 13 1 0
151 252 7 9 1 0
891 193 5 6 1 0
456 298 26 32 1 0
860 153 4 4 1 0
679 464 8 13 1 0
608 178 5 5 1 0
716 192 4 4 1 0
766 185 4 4 1 0
683 222 5 5 1 0
584 148 5 5 1 0
1060 179 5 6 1 0
239 172 5 5 1 0
211 182 5 5 1 0
428 163 5 5 1 0
253 189 5 5 1 0
276 231 7 7 1 0
525 199 5 5 1 0
878 178 4 4 1 0
908 223 5 6 1 0
569 186 5 5 1 0
989 221 5 6 1 0
222 219 6 6 1 0
390 95 5 5 1 0
944 441 37 36 1 0
1069 210 5 6 1 0
400 170 5 5 1 0
784 153 4 4 1 0
782 178 4 4 1 0
1050 222 5 6 1 0
1107 220 5 6 1 0
210 239 7 7 1 0
1010 221 5 6 1 0
71 284 9 12 1 0
141 217 7 9 1 0
418 185 5 5 1 0
1148 212 5 6 1 0
