194 213 0 0 1 0
84 223 0 1 1 0
100 184 0 0 1 0
194 158 0 0 1 0
246 156 0 0 1 0
263 175 0 0 1 0
238 318 9 10 1 0
307 312 9 10 1 0
23 289 6 7 1 0
140 191 0 0 1 0
244 162 0 0 1 0
234 249 3 5 1 0
122 142 0 0 1 0
53 274 3 5 1 0
262 371 9 10 1 0
388 177 0 0 1 0
477 166 0 0 1 0
216 213 0 0 1 0
195 385 9 10 1 0
74 201 0 0 1 0
117 190 0 0 1 0
306 162 0 0 1 0
235 282 3 5 1 0
232 308 9 10 1 0
246 168 0 0 1 0
259 347 9 10 1 0
339 390 9 10 1 0
186 207 0 0 1 0
97 252 3 5 1 0
232 206 0 0 1 0
260 184 0 0 1 0
356 161 0 0 1 0
260 359 9 10 1 0
465 167 0 0 1 0
313 281 3 5 1 0
148 162 0 0 1 0
86 241 3 5 1 0
348 198 0 0 1 0
253 245 3 5 1 0
113 226 3 5 1 0
142 345 9 10 1 0
207 197 0 0 1 0
186 185 0 0 1 0
201 176 0 0 1 0
360 158 0 0 1 0
216 299 9 10 1 0
23 320 9 10 1 0
283 165 0 0 1 0
225 185 0 0 1 0
20 168 0 0 1 0
195 169 0 0 1 0
144 239 3 5 1 0
67 265 3 5 1 0
101 137 0 0 1 0
312 318 9 10 1 0
373 360 9 10 1 0
114 137 0 0 1 0
264 162 0 0 1 0
251 242 3 5 1 0
325 334 9 10 1 0
62 241 3 5 1 0
246 292 6 7 1 0
55 389 9 10 1 0
185 241 3 5 1 0
403 381 9 10 1 0
232 156 0 0 1 0
172 194 0 0 1 0
339 158 0 0 1 0
282 184 0 0 1 0
190 221 1 2 1 0
307 281 3 5 1 0
230 222 1 2 1 0
16 330 9 10 1 0
204 296 9 10 1 0
324 383 9 10 1 0
257 187 0 0 1 0
185 197 0 0 1 0
142 171 0 0 1 0
167 389 9 10 1 0
118 318 9 10 1 0
183 214 0 1 1 0
364 351 9 10 1 0
197 287 7 8 1 0
183 348 9 10 1 0
404 398 9 10 1 0
222 185 0 0 1 0
235 176 0 0 1 0
180 338 9 10 1 0
270 308 9 10 1 0
175 169 0 0 1 0
124 233 3 5 1 0
144 253 3 5 1 0
193 324 9 10 1 0
309 294 6 7 1 0
239 190 0 0 1 0
245 347 9 10 1 0
124 198 0 0 1 0
161 256 3 5 1 0
104 194 0 0 1 0
151 172 0 0 1 0
123 248 3 5 1 0
267 194 0 0 1 0
107 304 9 10 1 0
180 182 0 0 1 0
198 187 0 0 1 0
209 394 9 10 1 0
280 313 9 10 1 0
158 341 9 10 1 0
140 302 9 10 1 0
42 216 2 3 1 0
213 209 0 0 1 0
72 258 3 5 1 0
259 171 0 0 1 0
120 173 0 0 1 0
182 200 0 0 1 0
78 134 0 0 1 0
18 239 2 3 1 0
95 185 0 0 1 0
204 216 0 0 1 0
153 214 0 1 1 0
210 159 0 0 1 0
233 190 0 0 1 0
103 249 3 5 1 0
10 286 6 7 1 0
272 384 9 10 1 0
222 250 3 5 1 0
128 308 9 10 1 0
227 171 0 0 1 0
129 189 0 0 1 0
192 203 0 0 1 0
250 155 0 0 1 0
201 169 0 0 1 0
98 218 0 1 1 0
335 158 0 0 1 0
220 198 0 0 1 0
75 341 9 10 1 0
358 350 9 10 1 0
110 187 0 0 1 0
236 158 0 0 1 0
124 219 1 2 1 0
54 213 0 0 1 0
153 205 0 0 1 0
275 227 3 5 1 0
142 326 9 10 1 0
281 291 6 7 1 0
218 206 0 0 1 0
163 224 3 5 1 0
207 156 0 0 1 0
280 158 0 0 1 0
403 160 0 0 1 0
348 340 9 10 1 0
493 195 0 0 1 0
253 156 0 0 1 0
214 188 0 0 1 0
349 385 9 10 1 0
317 336 9 10 1 0
74 373 9 10 1 0
223 158 0 0 1 0
146 162 0 0 1 0
251 270 3 5 1 0
275 234 3 5 1 0
296 316 9 10 1 0
41 132 0 0 1 0
315 159 0 0 1 0
284 241 3 5 1 0
216 158 0 0 1 0
246 198 0 0 1 0
323 311 9 10 1 0
256 153 0 0 1 0
35 136 0 0 1 0
182 234 3 5 1 0
154 167 0 0 1 0
471 165 0 0 1 0
125 171 0 0 1 0
388 268 4 5 1 0
140 211 0 0 1 0
320 200 0 0 1 0
163 274 3 5 1 0
205 273 3 5 1 0
86 133 0 0 1 0
96 137 0 0 1 0
328 352 9 10 1 0
157 180 0 0 1 0
238 277 3 5 1 0
135 262 3 5 1 0
212 233 3 5 1 0
268 264 3 5 1 0
190 250 3 5 1 0
51 379 9 10 1 0
135 174 0 0 1 0
47 248 3 5 1 0
239 242 3 5 1 0
215 173 0 0 1 0
224 302 9 10 1 0
138 182 0 0 1 0
172 215 0 1 1 0
126 212 0 0 1 0
128 266 3 5 1 0
185 228 3 5 1 0
90 200 0 0 1 0
84 270 3 5 1 0
435 158 0 0 1 0
41 271 3 5 1 0
310 158 0 0 1 0
192 174 0 0 1 0
161 210 0 0 1 0
135 191 0 0 1 0
187 165 0 0 1 0
78 274 3 5 1 0
344 336 9 10 1 0
323 158 0 0 1 0
166 205 0 0 1 0
216 165 0 0 1 0
145 192 0 0 1 0
270 185 0 0 1 0
185 179 0 0 1 0
169 237 3 5 1 0
117 242 3 5 1 0
91 134 0 0 1 0
108 265 3 5 1 0
133 142 0 0 1 0
180 194 0 0 1 0
456 204 0 0 1 0
207 186 0 0 1 0
296 159 0 0 1 0
141 163 0 0 1 0
167 165 0 0 1 0
257 262 3 5 1 0
116 219 0 1 1 0
163 176 0 0 1 0
230 265 3 5 1 0
232 340 9 10 1 0
389 161 0 0 1 0
288 159 0 0 1 0
256 254 3 5 1 0
109 175 0 0 1 0
47 151 0 0 1 0
135 170 0 0 1 0
115 201 0 0 1 0
322 349 9 10 1 0
141 138 0 0 1 0
366 391 9 10 1 0
273 177 0 0 1 0
39 363 9 10 1 0
238 247 3 5 1 0
314 329 9 10 1 0
158 189 0 0 1 0
258 159 0 0 1 0
175 225 3 5 1 0
274 217 2 3 1 0
162 237 3 5 1 0
137 274 3 5 1 0
272 246 3 5 1 0
260 247 3 5 1 0
128 138 0 0 1 0
149 334 9 10 1 0
52 143 0 0 1 0
176 205 0 0 1 0
317 154 0 0 1 0
285 389 9 10 1 0
225 179 0 0 1 0
160 206 0 0 1 0
103 203 0 0 1 0
166 285 3 5 1 0
226 238 3 5 1 0
146 200 0 0 1 0
329 158 0 0 1 0
297 281 3 5 1 0
98 322 9 10 1 0
34 256 3 5 1 0
251 175 0 0 1 0
231 199 0 0 1 0
180 299 9 10 1 0
111 208 0 0 1 0
124 257 3 5 1 0
346 162 0 0 1 0
266 274 3 5 1 0
82 193 0 0 1 0
198 253 3 5 1 0
150 142 0 0 1 0
89 189 0 0 1 0
91 286 3 5 1 0
254 182 0 0 1 0
217 218 0 1 1 0
202 160 0 0 1 0
92 313 9 10 1 0
373 159 0 0 1 0
343 158 0 0 1 0
