836 391 31 34 1 0
419 380 17 20 1 0
190 384 28 30 1 0
38 403 24 25 1 0
364 352 41 41 1 0
460 383 17 20 1 0
100 407 77 68 1 0
425 372 17 20 1 0
1072 449 85 95 1 0
1321 406 144 139 1 0
1690 455 51 64 1 0
636 387 17 19 1 0
698 426 122 142 1 0
799 397 31 34 1 0
498 394 16 18 1 0
1208 443 116 116 1 0
1909 371 72 72 1 0
944 407 20 22 1 0
556 386 16 18 1 0
628 378 17 19 1 0
563 384 16 18 1 0
862 410 59 63 1 0
341 422 55 53 1 0
546 383 16 18 1 0
1814 479 51 64 1 0
289 370 28 30 1 0
930 403 20 22 1 0
1425 386 34 44 1 0
990 420 31 36 1 0
585 387 16 18 1 0
515 389 16 18 1 0
1176 411 24 29 1 0
577 382 16 18 1 0
257 409 28 30 1 0
609 380 21 23 1 0
1026 388 20 22 1 0
553 423 55 52 1 0
484 401 17 20 1 0
1111 395 24 35 1 0
1238 379 24 29 1 0
732 362 46 50 1 0
394 380 17 20 1 0
644 376 122 142 1 0
319 370 35 36 1 0
438 405 55 53 1 0
1882 418 72 72 1 0
927 383 20 22 1 0
