133 265 0 1 1 0
468 277 3 2 1 0
432 291 12 10 1 0
243 276 12 10 1 0
195 269 19 26 1 0
77 270 8 16 1 0
186 263 2 6 1 0
271 263 2 2 1 0
363 267 4 4 1 0
172 271 12 16 1 0
332 288 10 13 1 0
152 273 0 1 1 0
160 270 0 1 1 0
255 276 6 4 1 0
362 274 4 4 1 0
272 268 2 2 1 0
447 271 3 2 1 0
493 269 3 2 1 0
434 272 3 2 1 0
321 271 4 4 1 0
95 258 0 1 1 0
185 276 2 6 1 0
476 294 27 36 1 0
338 278 10 13 1 0
518 321 27 24 1 0
233 263 3 1 1 0
152 261 0 1 1 0
605 270 3 2 1 0
39 268 4 8 1 0
68 271 3 2 1 0
581 281 3 2 1 0
206 262 2 6 1 0
218 272 3 1 1 0
533 274 3 2 1 0
166 262 0 1 1 0
382 266 4 4 1 0
122 272 12 15 1 0
403 280 8 12 1 0
442 280 3 2 1 0
127 261 0 1 1 0
73 287 3 2 1 0
418 265 3 2 1 0
393 263 8 12 1 0
484 277 3 2 1 0
57 269 12 18 1 0
593 275 3 2 1 0
180 262 2 6 1 0
7 271 6 6 1 0
123 264 0 1 1 0
230 266 3 1 1 0
262 271 2 2 1 0
502 273 3 1 1 0
342 270 4 4 1 0
556 275 3 2 1 0
12 262 10 18 1 0
472 267 3 2 1 0
234 281 12 10 1 0
4 288 7 18 1 0
220 263 3 1 1 0
350 294 13 20 1 0
298 270 13 14 1 0
99 264 0 1 1 0
375 265 4 4 1 0
141 272 16 22 1 0
573 272 14 14 1 0
41 277 4 8 1 0
379 273 4 4 1 0
100 276 16 21 1 0
332 268 8 6 1 0
352 267 4 4 1 0
140 262 0 1 1 0
260 264 2 2 1 0
255 269 2 2 1 0
371 270 4 4 1 0
461 269 3 2 1 0
24 269 12 19 1 0
519 279 3 2 1 0
286 277 13 14 1 0
560 275 3 2 1 0
33 265 4 8 1 0
109 271 10 21 1 0
277 266 2 2 1 0
458 271 3 2 1 0
58 260 3 2 1 0
485 271 3 2 1 0
216 288 6 10 1 0
249 268 2 2 1 0
384 272 4 4 1 0
39 261 4 8 1 0
427 271 6 6 1 0
634 268 16 22 1 0
238 265 3 1 1 0
