1015 634 103 122 1 0
1227 671 214 207 1 0
1231 493 103 122 1 0
1315 467 113 137 1 0
619 460 128 128 1 0
305 703 157 165 1 0
1557 734 161 174 1 0
133 492 105 146 1 0
875 508 118 115 1 0
790 461 118 115 1 0
253 456 105 146 1 0
1525 481 113 137 1 0
116 473 105 146 1 0
559 336 77 79 1 0
396 428 128 128 1 0
1098 443 103 122 1 0
769 519 118 115 1 0
541 817 157 165 1 0
173 496 105 146 1 0
140 137 75 79 1 0
30 528 105 146 1 0
942 511 118 115 1 0
1458 481 113 137 1 0
1122 759 214 207 1 0
556 505 128 128 1 0
661 580 118 115 1 0
313 517 128 128 1 0
755 1008 157 165 1 0
481 473 128 128 1 0
672 645 157 165 1 0
1066 892 214 207 1 0
1124 476 103 122 1 0
