937 37 22 26 1 0
765 40 22 26 1 0
920 100 27 29 1 0
470 179 21 28 1 0
135 17 23 28 1 0
392 155 21 28 1 0
517 109 24 27 1 0
481 161 24 27 1 0
525 53 22 26 1 0
270 106 21 29 1 0
465 236 33 37 1 0
559 245 20 31 1 0
206 140 21 29 1 0
619 233 20 31 1 0
473 51 22 26 1 0
927 218 29 34 1 0
524 150 24 27 1 0
567 42 22 26 1 0
790 86 27 29 1 0
348 169 21 28 1 0
702 96 24 27 1 0
821 36 22 26 1 0
454 205 33 37 1 0
401 195 33 37 1 0
23 32 23 28 1 0
673 140 24 27 1 0
302 132 21 28 1 0
910 173 27 29 1 0
832 149 27 29 1 0
853 78 27 29 1 0
896 232 29 34 1 0
590 140 24 27 1 0
765 255 25 35 1 0
311 156 21 28 1 0
104 126 21 29 1 0
454 86 21 28 1 0
169 155 21 29 1 0
708 243 25 35 1 0
934 89 27 29 1 0
233 157 21 29 1 0
925 189 29 34 1 0
669 101 24 27 1 0
664 46 22 26 1 0
852 128 27 29 1 0
519 207 20 31 1 0
870 138 27 29 1 0
852 192 29 34 1 0
557 163 24 27 1 0
678 215 25 35 1 0
252 125 21 29 1 0
108 104 21 29 1 0
603 168 24 27 1 0
632 122 24 27 1 0
503 137 24 27 1 0
564 123 24 27 1 0
535 193 20 31 1 0
324 96 21 28 1 0
877 36 22 26 1 0
188 6 23 28 1 0
913 130 27 29 1 0
977 46 22 26 1 0
447 119 21 28 1 0
320 123 21 28 1 0
153 144 21 29 1 0
172 10 23 28 1 0
493 85 24 27 1 0
185 106 21 29 1 0
626 90 24 27 1 0
723 152 24 27 1 0
511 230 33 37 1 0
460 147 21 28 1 0
633 154 24 27 1 0
904 152 27 29 1 0
704 39 22 26 1 0
973 94 27 29 1 0
565 90 24 27 1 0
918 258 29 34 1 0
234 17 23 28 1 0
831 214 29 34 1 0
396 103 21 28 1 0
585 108 24 27 1 0
113 11 23 28 1 0
420 130 21 28 1 0
966 145 27 29 1 0
382 114 21 28 1 0
364 130 21 28 1 0
601 204 20 31 1 0
174 126 21 29 1 0
416 174 21 28 1 0
974 167 27 29 1 0
836 172 27 29 1 0
656 193 20 31 1 0
843 110 27 29 1 0
617 44 22 26 1 0
584 221 20 31 1 0
92 40 23 28 1 0
