214 152 13 15 1 0
280 182 13 15 1 0
435 285 14 14 1 0
555 16 13 15 1 0
608 258 14 14 1 0
584 199 13 15 1 0
535 146 13 15 1 0
95 89 13 15 1 0
551 311 14 14 1 0
665 245 13 15 1 0
638 97 13 15 1 0
141 223 13 15 1 0
169 204 13 15 1 0
40 410 14 14 1 0
233 134 13 15 1 0
443 239 13 15 1 0
515 357 14 14 1 0
42 167 13 15 1 0
672 68 13 15 1 0
105 310 14 14 1 0
159 464 14 14 1 0
251 282 14 14 1 0
490 118 13 15 1 0
487 31 13 15 1 0
667 348 14 14 1 0
287 68 13 15 1 0
572 240 13 15 1 0
598 171 13 15 1 0
414 276 14 14 1 0
623 329 14 14 1 0
360 393 14 14 1 0
507 107 13 15 1 0
630 35 13 15 1 0
489 309 14 14 1 0
257 5 13 15 1 0
325 36 13 15 1 0
178 217 13 15 1 0
566 150 13 15 1 0
197 344 14 14 1 0
587 454 14 14 1 0
540 186 13 15 1 0
630 6 13 15 1 0
30 252 13 14 1 0
169 121 13 15 1 0
556 80 13 15 1 0
699 168 13 15 1 0
360 298 14 14 1 0
403 86 13 15 1 0
455 15 13 15 1 0
450 183 13 15 1 0
529 121 13 15 1 0
626 194 13 15 1 0
79 66 13 15 1 0
137 81 13 15 1 0
536 41 13 15 1 0
173 66 13 15 1 0
448 118 13 15 1 0
566 458 14 14 1 0
677 36 13 15 1 0
682 410 14 14 1 0
84 33 13 15 1 0
111 4 13 15 1 0
61 102 13 15 1 0
93 342 14 14 1 0
181 457 14 14 1 0
209 216 13 15 1 0
663 86 13 15 1 0
273 114 13 15 1 0
246 53 13 15 1 0
470 407 14 14 1 0
24 352 14 14 1 0
671 424 14 14 1 0
37 328 14 14 1 0
379 105 13 15 1 0
252 421 14 14 1 0
421 261 14 14 1 0
34 123 13 15 1 0
591 307 14 14 1 0
197 258 14 14 1 0
640 18 13 15 1 0
6 214 13 15 1 0
390 80 13 15 1 0
234 263 14 14 1 0
612 195 13 15 1 0
36 150 13 15 1 0
327 72 13 15 1 0
238 15 13 15 1 0
210 70 13 15 1 0
67 441 14 14 1 0
686 80 13 15 1 0
614 56 13 15 1 0
286 382 14 14 1 0
458 332 14 14 1 0
642 311 14 14 1 0
418 31 13 15 1 0
201 130 13 15 1 0
292 98 13 15 1 0
394 312 14 14 1 0
188 9 13 15 1 0
284 165 13 15 1 0
294 206 13 15 1 0
472 20 13 15 1 0
593 93 13 15 1 0
547 39 13 15 1 0
555 348 14 14 1 0
119 66 13 15 1 0
59 305 14 14 1 0
146 420 14 14 1 0
471 286 14 14 1 0
123 20 13 15 1 0
187 407 14 14 1 0
590 230 13 15 1 0
183 185 13 15 1 0
4 348 14 14 1 0
111 102 13 15 1 0
188 434 14 14 1 0
368 194 13 15 1 0
621 23 13 15 1 0
267 16 13 15 1 0
349 112 13 15 1 0
705 48 13 15 1 0
3 323 14 14 1 0
457 76 13 15 1 0
22 52 13 15 1 0
180 43 13 15 1 0
595 293 14 14 1 0
157 37 13 15 1 0
342 276 14 14 1 0
518 240 13 15 1 0
20 76 13 15 1 0
520 345 14 14 1 0
640 271 14 14 1 0
699 125 13 15 1 0
112 45 13 15 1 0
252 204 13 15 1 0
36 441 14 14 1 0
475 116 13 15 1 0
486 213 13 15 1 0
506 23 13 15 1 0
228 168 13 15 1 0
714 47 13 15 1 0
66 251 13 14 1 0
209 186 13 15 1 0
63 182 13 15 1 0
594 6 13 15 1 0
278 6 13 15 1 0
82 191 13 15 1 0
585 413 14 14 1 0
512 216 13 15 1 0
111 121 13 15 1 0
196 152 13 15 1 0
425 123 13 15 1 0
2 54 13 15 1 0
701 405 14 14 1 0
28 88 13 15 1 0
588 34 13 15 1 0
125 368 14 14 1 0
654 114 13 15 1 0
676 212 13 15 1 0
456 198 13 15 1 0
446 33 13 15 1 0
360 259 14 14 2 0
683 240 13 15 1 0
682 329 14 14 1 0
445 278 14 14 1 0
663 71 13 15 1 0
167 107 13 15 1 0
183 82 13 15 1 0
247 76 13 15 1 0
712 78 13 15 1 0
682 451 14 14 1 0
693 300 14 14 1 0
26 138 13 15 1 0
614 275 14 14 1 0
141 390 14 14 1 0
30 463 14 14 1 0
595 346 14 14 1 0
189 29 13 15 1 0
291 136 13 15 1 0
384 337 14 14 1 0
529 158 13 15 1 0
582 333 14 14 1 0
369 323 14 14 1 0
470 314 14 14 1 0
278 406 14 14 1 0
656 93 13 15 1 0
279 152 13 15 1 0
100 255 13 14 1 0
219 78 13 15 1 0
593 150 13 15 1 0
552 391 14 14 1 0
157 370 14 14 1 0
478 184 13 15 1 0
420 159 13 15 1 0
315 226 13 15 1 0
353 158 13 15 1 0
684 131 13 15 1 0
584 123 13 15 1 0
377 115 13 15 1 0
10 149 13 15 1 0
92 375 14 14 1 0
464 446 14 14 1 0
114 273 14 14 1 0
26 411 14 14 1 0
153 21 13 15 1 0
533 100 13 15 1 0
98 146 13 15 1 0
222 200 13 15 1 0
697 65 13 15 1 0
667 43 13 15 1 0
406 203 13 15 1 0
565 54 13 15 1 0
133 198 13 15 1 0
530 196 13 15 1 0
75 413 14 14 1 0
221 434 14 14 1 0
614 7 13 15 1 0
593 17 13 15 1 0
158 134 13 15 1 0
105 223 13 15 1 0
261 269 14 14 1 0
222 59 13 15 1 0
714 194 13 15 1 0
625 41 13 15 1 0
471 232 13 15 2 0
116 169 13 15 1 0
705 288 14 14 1 0
115 409 14 14 1 0
118 83 13 15 1 0
625 209 13 15 1 0
222 89 13 15 1 0
583 56 13 15 1 0
78 45 13 15 1 0
56 86 13 15 1 0
507 91 13 15 1 0
613 229 13 15 1 0
708 138 13 15 1 0
620 96 13 15 1 0
555 153 13 15 1 0
416 327 14 14 1 0
462 215 13 15 1 0
116 385 14 14 1 0
164 310 14 14 1 0
299 366 14 14 1 0
452 259 14 14 1 0
546 55 13 15 1 0
369 2 13 15 1 0
251 168 13 15 1 0
46 353 14 14 1 0
44 243 13 15 1 0
637 181 13 15 1 0
626 240 13 15 1 0
607 109 13 15 1 0
585 258 14 14 1 0
239 370 14 14 1 0
322 57 13 15 1 0
114 150 13 15 1 0
713 324 14 14 1 0
121 185 13 15 1 0
664 19 13 15 1 0
398 415 14 14 1 0
38 102 13 15 1 0
521 130 13 15 1 0
477 165 13 15 1 0
347 28 13 15 1 0
618 237 13 15 2 0
174 170 13 15 1 0
170 51 13 15 1 0
636 70 13 15 1 0
309 201 13 15 1 0
142 124 13 15 1 0
497 131 13 15 1 0
507 230 13 15 1 0
524 19 13 15 1 0
584 274 14 14 1 0
598 212 13 15 1 0
519 260 14 14 1 0
542 234 13 15 2 0
99 37 13 15 1 0
259 101 13 15 1 0
261 74 13 15 1 0
339 312 14 14 1 0
368 243 13 15 1 0
298 256 13 14 1 0
690 225 13 15 1 0
647 168 13 15 1 0
478 12 13 15 1 0
292 112 13 15 1 0
551 162 13 15 1 0
714 122 13 15 1 0
460 352 14 14 1 0
717 229 13 15 1 0
638 121 13 15 1 0
311 14 13 15 1 0
489 164 13 15 1 0
57 49 13 15 1 0
215 233 13 15 1 0
665 179 13 15 1 0
656 292 14 14 1 0
439 408 14 14 1 0
130 35 13 15 1 0
523 382 14 14 1 0
214 27 13 15 1 0
231 24 13 15 1 0
315 77 13 15 1 0
345 141 13 15 1 0
291 292 14 14 1 0
637 150 13 15 1 0
262 341 14 14 1 0
133 9 13 15 1 0
406 25 13 15 1 0
616 148 13 15 1 0
55 370 14 14 1 0
539 241 13 15 2 0
120 431 14 14 1 0
498 192 13 15 1 0
504 10 13 15 1 0
700 196 13 15 1 0
367 280 14 14 1 0
39 310 14 14 1 0
584 182 13 15 1 0
102 59 13 15 1 0
609 312 14 14 1 0
487 375 14 14 1 0
702 74 13 15 1 0
337 243 13 15 1 0
476 255 13 14 1 0
386 165 13 15 1 0
450 133 13 15 1 0
98 208 13 15 1 0
427 241 13 15 2 0
422 179 13 15 1 0
552 136 13 15 1 0
315 111 13 15 1 0
225 6 13 15 1 0
510 447 14 14 1 0
73 77 13 15 1 0
578 6 13 15 1 0
149 66 13 15 1 0
437 212 13 15 1 0
38 24 13 15 1 0
279 277 14 14 1 0
368 207 13 15 1 0
68 208 13 15 1 0
508 181 13 15 1 0
340 200 13 15 1 0
660 363 14 14 1 0
695 211 13 15 1 0
716 380 14 14 1 0
237 107 13 15 1 0
423 77 13 15 1 0
218 243 13 15 1 0
341 430 14 14 1 0
547 226 13 15 1 0
688 182 13 15 1 0
366 417 14 14 1 0
143 54 13 15 1 0
560 193 13 15 1 0
507 287 14 14 1 0
127 107 13 15 1 0
382 204 13 15 1 0
703 214 13 15 1 0
27 5 13 15 1 0
708 26 13 15 1 0
432 80 13 15 1 0
35 60 13 15 1 0
278 428 14 14 1 0
70 24 13 15 1 0
337 361 14 14 1 0
16 286 14 14 1 0
54 286 14 14 1 0
566 29 13 15 1 0
611 370 14 14 1 0
370 147 13 15 1 0
411 128 13 15 1 0
403 297 14 14 1 0
378 49 13 15 1 0
608 42 13 15 1 0
9 59 13 15 1 0
703 345 14 14 1 0
705 419 14 14 1 0
458 229 13 15 1 0
348 54 13 15 1 0
203 168 13 15 1 0
625 289 14 14 1 0
324 165 13 15 1 0
284 244 13 15 1 0
74 270 14 14 1 0
353 222 13 15 1 0
440 164 13 15 1 0
653 210 13 15 1 0
13 161 13 15 1 0
326 296 14 14 1 0
343 93 13 15 1 0
275 365 14 14 1 0
125 141 13 15 1 0
308 173 13 15 1 0
523 274 14 14 1 0
665 197 13 15 1 0
306 124 13 15 1 0
716 142 13 15 1 0
193 49 13 15 1 0
519 312 14 14 1 0
612 181 13 15 1 0
288 340 14 14 1 0
158 170 13 15 1 0
132 305 14 14 1 0
422 90 13 15 1 0
712 18 13 15 1 0
472 132 13 15 1 0
24 372 14 14 1 0
659 46 13 15 1 0
169 11 13 15 1 0
454 34 13 15 1 0
573 166 13 15 1 0
14 419 14 14 1 0
664 274 14 14 1 0
614 243 13 15 2 0
321 145 13 15 1 0
356 257 13 14 2 0
561 286 14 14 1 0
528 258 14 14 1 0
126 156 13 15 1 0
155 345 14 14 1 0
42 76 13 15 1 0
259 142 13 15 1 0
319 283 14 14 1 0
204 3 13 15 1 0
1 132 13 15 1 0
73 142 13 15 1 0
413 8 13 15 1 0
69 122 13 15 1 0
435 306 14 14 1 0
43 232 13 15 1 0
542 207 13 15 1 0
191 312 14 14 1 0
401 236 13 15 1 0
404 392 14 14 1 0
561 184 13 15 1 0
162 269 14 14 1 0
173 138 13 15 1 0
569 212 13 15 1 0
403 61 13 15 1 0
384 226 13 15 1 0
341 41 13 15 1 0
658 323 14 14 1 0
662 153 13 15 1 0
682 23 13 15 1 0
716 307 14 14 1 0
4 391 14 14 1 0
716 241 13 15 1 0
431 9 13 15 1 0
211 336 14 14 1 0
401 115 13 15 1 0
162 153 13 15 1 0
320 257 13 14 1 0
531 288 14 14 1 0
429 236 13 15 2 0
390 11 13 15 1 0
371 368 14 14 1 0
115 347 14 14 1 0
687 269 14 14 1 0
186 110 13 15 1 0
691 95 13 15 1 0
425 140 13 15 1 0
310 343 14 14 1 0
245 150 13 15 1 0
60 8 13 15 1 0
180 90 13 15 1 0
416 294 14 14 1 0
212 369 14 14 1 0
321 381 14 14 1 0
10 12 13 15 1 0
106 22 13 15 1 0
90 409 14 14 1 0
177 296 14 14 1 0
330 128 13 15 1 0
47 391 14 14 1 0
386 255 13 14 1 0
610 341 14 14 1 0
436 31 13 15 1 0
90 167 13 15 1 0
607 410 14 14 1 0
523 233 13 15 1 0
245 187 13 15 1 0
538 23 13 15 1 0
568 14 13 15 1 0
47 28 13 15 1 0
420 226 13 15 1 0
649 81 13 15 1 0
100 457 14 14 1 0
189 202 13 15 1 0
19 229 13 15 1 0
573 41 13 15 1 0
256 28 13 15 1 0
630 427 14 14 1 0
534 63 13 15 1 0
512 64 13 15 1 0
151 188 13 15 1 0
696 16 13 15 1 0
219 112 13 15 1 0
471 240 13 15 2 0
267 43 13 15 1 0
234 76 13 15 1 0
399 144 13 15 1 0
255 126 13 15 1 0
308 44 13 15 1 0
701 35 13 15 1 0
713 98 13 15 1 0
