348 89 12 16 1 0
517 78 13 17 1 0
571 79 13 17 1 0
256 93 24 26 1 0
619 82 17 20 1 0
435 80 12 16 1 0
552 84 13 17 1 0
300 90 24 26 1 0
444 102 18 19 1 0
654 76 17 20 1 0
230 91 24 26 1 0
584 58 17 20 1 0
249 58 17 20 1 0
67 110 22 24 1 0
511 97 18 19 1 0
359 80 12 16 1 0
594 87 17 20 1 0
318 100 24 26 1 0
126 44 17 20 1 0
27 101 22 24 1 0
133 121 33 31 1 0
146 99 24 26 1 0
474 84 13 17 1 0
638 100 24 25 1 0
420 88 12 16 1 0
502 52 17 20 1 0
200 90 24 26 1 0
395 115 18 19 1 0
392 83 12 16 1 0
281 93 24 26 1 0
