1049 185 15 19 1 0
158 156 11 14 1 0
172 234 14 24 1 0
890 63 10 15 1 0
845 91 10 15 1 0
1100 160 17 19 1 0
148 154 11 14 1 0
1120 169 17 19 1 0
222 61 9 13 1 0
962 85 10 15 1 0
147 180 11 14 1 0
749 99 10 15 1 0
791 269 15 20 1 0
848 136 11 15 1 0
956 59 10 15 1 0
663 18 10 13 1 0
233 114 10 15 1 0
746 148 13 18 1 0
930 158 15 19 1 0
138 88 10 15 1 0
1016 27 10 15 1 0
37 232 14 24 1 0
842 110 11 15 1 0
1193 191 17 19 1 0
41 147 11 14 1 0
115 102 10 15 1 0
72 154 11 14 1 0
730 9 10 13 1 0
1105 173 17 19 1 0
805 38 10 13 1 0
806 19 10 13 1 0
713 23 10 13 1 0
971 45 10 15 1 0
1136 163 17 19 1 0
73 178 11 14 1 0
249 73 9 13 1 0
999 167 15 19 1 0
242 115 10 15 3 0
941 112 11 15 1 0
93 92 10 15 1 0
734 73 10 15 1 0
770 252 15 20 1 0
752 120 11 15 1 0
651 5 10 13 1 0
208 34 9 13 1 0
865 71 10 15 1 0
585 187 13 18 1 0
676 22 10 13 1 0
708 57 10 15 1 0
819 133 11 15 1 0
919 164 15 19 1 0
745 67 10 15 1 0
259 77 9 13 1 0
1086 232 17 19 1 0
995 83 10 15 1 0
773 42 10 13 1 0
74 204 14 24 1 0
830 27 10 13 1 0
875 162 15 19 1 0
183 100 10 15 1 0
246 111 10 15 1 0
125 210 14 24 1 0
974 201 15 19 1 0
1085 16 7 8 1 0
994 146 11 15 1 0
8 194 14 24 1 0
808 55 10 15 1 0
1150 234 17 19 1 0
910 23 10 13 1 0
187 129 10 15 1 0
198 69 9 13 1 0
1190 161 17 19 1 0
953 129 11 15 1 0
1048 37 10 15 1 0
736 84 10 15 1 0
903 162 15 19 1 0
134 212 14 24 1 0
1015 39 10 15 1 0
818 148 11 15 1 0
930 28 10 13 1 0
111 89 10 15 1 0
12 221 14 24 1 0
650 20 10 13 1 0
185 149 11 14 1 0
212 74 9 13 1 0
927 105 11 15 1 0
228 26 9 13 1 0
198 27 9 13 1 0
223 111 10 15 1 0
727 300 13 18 1 0
104 202 14 24 1 0
900 75 10 15 1 0
1000 23 10 15 1 0
873 80 10 15 1 0
114 188 11 14 1 0
781 109 11 15 1 0
113 210 14 24 1 0
972 68 10 15 1 0
880 84 10 15 1 0
949 170 15 19 1 0
912 88 10 15 1 0
1014 239 17 19 1 0
1037 134 11 15 1 0
988 26 10 15 1 0
922 60 10 15 1 0
1131 182 17 19 1 0
856 12 10 13 1 0
784 83 10 15 1 0
1042 57 10 15 1 0
1014 186 15 19 1 0
694 58 10 15 1 0
43 217 14 24 1 0
106 127 10 15 1 0
656 11 10 13 1 0
169 64 9 13 1 0
30 185 11 14 1 0
795 102 10 15 1 0
1079 175 15 19 1 0
734 121 11 15 1 0
964 135 11 15 1 0
855 42 10 13 1 0
861 137 11 15 1 0
145 211 14 24 1 0
886 95 10 15 1 0
1023 146 11 15 1 0
252 62 9 13 1 0
846 5 10 13 1 0
972 173 15 19 1 0
213 181 11 14 1 0
190 308 11 23 1 0
806 80 10 15 1 0
766 86 10 15 1 0
670 17 10 13 1 0
238 57 9 13 1 0
1180 168 17 19 1 0
96 157 11 14 1 0
28 108 11 14 1 0
157 206 14 24 1 0
1050 143 11 15 1 0
90 223 14 24 1 0
842 77 10 15 1 0
684 41 10 13 1 0
224 46 9 13 1 0
974 147 11 15 1 0
741 59 10 15 1 0
158 79 10 15 1 0
837 122 11 15 1 0
263 65 9 13 1 0
170 107 10 15 1 0
240 32 9 13 1 0
1166 208 17 19 1 0
1052 208 15 19 1 0
922 183 15 19 1 0
92 178 11 14 1 0
684 7 10 13 1 0
238 71 9 13 1 0
770 263 15 20 1 0
935 182 15 19 1 0
805 240 15 20 1 0
169 303 11 23 1 0
154 120 10 15 1 0
61 218 14 24 1 0
1047 171 15 19 1 0
892 4 10 13 1 0
210 110 10 15 1 0
948 115 11 15 1 0
663 3 10 13 1 0
988 65 10 15 1 0
787 63 10 15 1 0
608 304 27 43 1 0
31 211 14 24 1 0
761 131 11 15 1 0
721 45 10 13 1 0
962 195 15 19 1 0
120 177 11 14 1 0
