658 730 116 145 1 0
1009 807 104 131 1 0
1489 793 124 145 1 0
403 921 89 124 1 0
149 793 97 137 1 0
3 467 90 127 1 0
1903 591 105 104 1 0
1152 681 71 93 1 0
1160 699 71 93 1 0
1509 637 94 86 1 0
1391 790 39 42 1 0
935 966 84 74 1 0
1234 765 39 42 1 0
1320 777 39 42 1 0
1785 765 139 143 1 0
755 696 63 76 1 0
911 752 63 76 1 0
1513 956 106 135 1 0
1901 770 139 143 1 0
1185 848 109 136 1 0
393 763 97 137 1 0
1853 855 51 45 1 0
463 682 84 117 1 0
919 701 63 76 1 0
465 807 97 137 1 0
1243 965 43 57 1 0
1788 658 94 86 1 0
1090 693 71 93 1 0
831 491 79 101 1 0
567 623 122 160 1 0
1339 857 106 135 1 0
1107 731 71 93 1 0
1110 783 71 93 1 0
39 642 87 122 1 0
933 815 104 131 1 0
248 620 84 117 1 0
489 979 89 124 1 0
287 692 84 117 1 0
1646 867 49 60 1 0
993 711 71 93 1 0
405 735 97 137 1 0
1097 948 84 74 1 0
119 610 84 117 1 0
627 651 122 160 1 0
563 842 122 160 1 0
1706 710 94 86 1 0
219 641 84 117 1 0
23 721 97 137 1 0
1697 832 49 60 1 0
1575 771 94 86 1 0
