3359 2152 60 67 1 0
2237 2487 87 109 1 0
2167 1970 39 60 1 0
188 2220 60 67 1 0
3724 2372 60 67 1 0
1917 1925 39 60 1 0
2333 2462 73 88 1 0
286 2813 87 109 1 0
1815 2521 87 109 1 0
2884 2580 87 109 1 0
2451 1944 39 60 1 0
2867 2442 60 67 1 0
3221 2537 87 109 1 0
3120 2195 60 67 1 0
640 2124 60 67 1 0
1498 2183 60 67 1 0
2459 2456 73 88 1 0
1748 2034 39 60 1 0
2009 2225 60 67 1 0
3333 2751 87 109 1 0
2223 2223 60 67 1 0
1104 2405 60 67 1 0
2369 2282 60 67 1 0
3294 2669 87 109 1 0
1079 2057 39 60 1 0
1307 2315 60 67 1 0
1470 2152 60 67 1 0
1349 2456 80 98 1 0
3569 1950 39 60 1 0
2414 2251 60 67 1 0
2163 1787 44 57 1 0
3117 1972 39 60 1 0
955 1930 39 60 1 0
1813 2664 87 109 1 0
2906 2301 60 67 1 0
1506 2751 87 109 1 0
1329 2425 60 67 1 0
2403 2102 39 60 1 0
1374 2585 87 109 1 0
2389 1883 44 57 1 0
1695 2273 60 67 1 0
416 2419 60 67 1 0
1936 2655 87 109 1 0
1236 2394 60 67 1 0
2833 2074 39 60 1 0
2765 2245 60 67 1 0
573 2088 39 60 1 0
1520 1936 39 60 1 0
867 1940 39 60 1 0
2465 2684 87 109 1 0
2959 2388 60 67 1 0
2563 2338 60 67 1 0
3671 2093 39 60 1 0
1394 2504 87 109 1 0
843 2242 60 67 1 0
1686 2664 87 109 1 0
3499 1950 39 60 1 0
1841 2369 60 67 1 0
3620 2473 87 109 1 0
3704 2248 60 67 1 0
1692 1953 39 60 1 0
1748 2566 87 109 1 0
2611 1548 44 57 1 0
3446 2537 87 109 1 0
1874 2144 60 67 1 0
2892 2259 60 67 1 0
3004 2186 60 67 1 0
1034 2105 39 60 1 0
1813 2471 87 109 1 0
2383 2582 87 109 1 0
924 2627 87 109 1 0
2625 2506 87 109 1 0
1158 2166 60 67 1 0
3328 2366 60 67 1 0
508 2717 87 109 1 0
2361 1950 39 60 1 0
1124 2639 87 109 1 0
42 2492 87 109 1 0
118 2173 60 67 1 0
2113 2217 60 67 1 0
1917 1956 39 60 1 0
697 2363 60 67 1 0
1335 1874 39 60 1 0
1388 2653 87 109 1 0
44 2405 73 88 1 0
871 1964 39 60 1 0
621 2675 87 109 1 0
1607 2706 87 109 1 0
3699 2428 60 67 1 0
469 2085 39 60 1 0
2085 1939 39 60 1 0
182 2768 87 109 1 0
2023 2627 87 109 1 0
1453 2107 39 60 1 0
587 2619 87 109 1 0
2442 2304 60 67 1 0
1582 2518 87 109 1 0
2979 2796 87 109 1 0
1470 2664 87 109 1 0
303 2001 39 60 1 0
1026 2006 39 60 1 0
2380 2501 87 109 1 0
3283 2239 60 67 1 0
2052 2355 60 67 1 0
3184 2388 60 67 1 0
1751 2352 60 67 1 0
413 2807 87 109 1 0
491 1922 39 60 1 0
3193 2580 87 109 1 0
3631 2062 39 60 1 0
2510 2282 60 67 1 0
272 2313 60 67 1 0
2493 2790 87 109 1 0
182 1953 39 60 1 0
1124 2580 87 109 1 0
1546 1531 36 37 1 0
3238 2773 87 109 1 0
2316 2242 60 67 1 0
3502 2116 39 60 1 0
1987 2647 87 109 1 0
1114 2338 60 67 1 0
2968 2231 60 67 1 0
2715 2686 87 109 1 0
2673 2023 39 60 1 0
2282 1925 39 60 1 0
983 2636 87 109 1 0
2808 1928 39 60 1 0
3867 2175 60 67 1 0
168 2195 60 67 1 0
1458 2276 60 67 1 0
1582 2105 39 60 1 0
3322 1916 44 57 1 0
1101 2001 39 60 1 0
2262 2647 87 109 1 0
3103 2074 39 60 1 0
581 2307 60 67 1 0
1346 2037 39 60 1 0
2695 2540 87 109 1 0
2186 2582 87 109 1 0
2026 2554 87 109 1 0
2007 2754 87 109 1 0
3693 2152 60 67 1 0
2265 2301 60 67 1 0
1718 2160 60 67 1 0
1770 2759 87 109 1 0
3373 1972 39 60 1 0
1669 1987 39 60 1 0
472 2521 87 109 1 0
3853 1736 44 57 1 0
3879 1677 44 57 1 0
3704 2026 39 60 1 0
1866 2214 60 67 1 0
1380 2093 39 60 1 0
2172 2664 87 109 1 0
2206 1571 44 57 1 0
2833 2023 39 60 1 0
1405 1989 39 60 1 0
3769 2310 60 67 1 0
3401 2653 87 109 1 0
2206 2383 60 67 1 0
3747 2161 60 67 1 0
2293 2377 60 67 1 0
3437 2282 60 67 1 0
3434 2374 60 67 1 0
567 2532 87 109 1 0
3201 2003 39 60 1 0
2057 1975 39 60 1 0
3316 2453 80 98 1 0
2999 2313 60 67 1 0
3836 2242 60 67 1 0
3038 2023 39 60 1 0
3215 1905 44 57 1 0
2926 2062 39 60 1 0
2147 1995 39 60 1 0
1610 2813 87 109 1 0
764 1894 39 60 1 0
2369 2374 60 67 1 0
2105 2307 60 67 1 0
3575 2144 60 67 1 0
1068 1922 39 60 1 0
1000 2242 60 67 1 0
3308 1987 39 60 1 0
1301 2107 39 60 1 0
1408 2343 60 67 1 0
208 2537 87 109 1 0
1678 2400 60 67 1 0
3061 2068 39 60 1 0
3522 1958 39 60 1 0
553 2029 39 60 1 0
2903 2231 60 67 1 0
1633 1964 39 60 1 0
1813 1944 39 60 1 0
399 2037 39 60 1 0
1759 2169 60 67 1 0
1945 2239 60 67 1 0
1866 1967 39 60 1 0
1554 2324 60 67 1 0
1472 2383 60 67 1 0
3541 2186 60 67 1 0
733 2729 87 109 1 0
1073 2200 60 67 1 0
2867 2391 60 67 1 0
2496 2490 87 109 1 0
3870 1809 44 57 1 0
334 2754 87 109 1 0
851 2512 87 109 1 0
944 1984 39 60 1 0
2372 2189 60 67 1 0
1416 2299 60 67 1 0
3392 2228 60 67 1 0
359 1981 39 60 1 0
534 2217 60 67 1 0
2555 1967 39 60 1 0
778 2040 39 60 1 0
1014 2759 87 109 1 0
871 1928 39 60 1 0
2114 1899 44 57 1 0
3530 2422 60 67 1 0
609 2096 39 60 1 0
2442 2574 87 109 1 0
3814 2074 39 60 1 0
1430 2608 87 109 1 0
3744 2012 39 60 1 0
1635 2032 39 60 1 0
266 1992 39 60 1 0
1054 2290 60 67 1 0
2102 2487 87 109 1 0
2260 2554 87 109 1 0
2737 2363 60 67 1 0
3038 1916 44 57 1 0
1843 2268 60 67 1 0
3052 2217 60 67 1 0
70 2571 87 109 1 0
362 2563 87 109 1 0
1470 2495 87 109 1 0
146 2417 60 67 1 0
1731 2223 60 67 1 0
3137 2793 87 109 1 0
84 2723 87 109 1 0
3212 2706 87 109 1 0
3044 2551 87 109 1 0
1020 2377 60 67 1 0
1495 1964 39 60 1 0
2600 2029 39 60 1 0
2869 2518 87 109 1 0
2777 2282 60 67 1 0
168 2197 60 67 1 0
1031 2484 87 109 1 0
466 1958 39 60 1 0
3305 1863 44 57 1 0
3429 2164 60 67 1 0
888 2366 60 67 1 0
2661 2650 87 109 1 0
1318 2625 87 109 1 0
2538 2015 39 60 1 0
677 1995 39 60 1 0
848 2051 39 60 1 0
795 2130 60 67 1 0
1630 2400 60 67 1 0
1621 2521 87 109 1 0
834 2608 87 109 1 0
798 1981 39 60 1 0
2707 2471 87 109 1 0
764 2327 60 67 1 0
2959 1953 39 60 1 0
2698 1942 39 60 1 0
3539 2543 87 109 1 0
913 2046 39 60 1 0
1481 2231 60 67 1 0
2808 2743 87 109 1 0
576 2175 60 67 1 0
505 2265 60 67 1 0
1132 2020 39 60 1 0
3375 2568 87 109 1 0
2754 1919 39 60 1 0
1666 1770 39 60 1 0
432 2183 60 67 1 0
865 2447 60 67 1 0
3662 2324 60 67 1 0
1394 2178 60 67 1 0
2631 1964 39 60 1 0
3184 2144 60 67 1 0
654 2256 60 67 1 0
3373 2282 60 67 1 0
640 1975 39 60 1 0
3791 1868 44 57 1 0
1624 2268 60 67 1 0
991 2072 39 60 1 0
182 2048 39 60 1 0
3016 2518 87 109 1 0
1318 1978 39 60 1 0
3755 1905 44 57 1 0
1815 2759 87 109 1 0
3018 2313 60 67 1 0
2706 2133 60 67 1 0
2895 2099 39 60 1 0
829 1972 39 60 1 0
742 2557 87 109 1 0
1751 1891 39 60 1 0
2861 2706 87 109 1 0
1807 2113 39 60 1 0
1118 2352 60 67 1 0
3623 2225 60 67 1 0
2496 2372 60 67 1 0
2642 2729 87 109 1 0
3277 2054 39 60 1 0
702 2509 87 109 1 0
3527 2029 39 60 1 0
1686 2043 39 60 1 0
671 2079 39 60 1 0
2012 1975 39 60 1 0
756 2464 73 88 1 0
2940 2436 60 67 1 0
2378 2703 87 109 1 0
3775 1652 44 57 1 0
390 2135 60 67 1 0
699 2048 39 60 1 0
955 2057 39 60 1 0
371 2462 73 88 1 0
517 2397 60 67 1 0
1815 2557 87 109 1 0
1686 2195 60 67 1 0
2240 1908 44 57 1 0
1231 2268 60 67 1 0
2774 2001 39 60 1 0
401 2203 60 67 1 0
3451 2622 87 109 1 0
781 2605 87 109 1 0
3806 1849 44 57 1 0
1981 2102 39 60 1 0
1939 2419 60 67 1 0
3429 1992 39 60 1 0
205 2450 80 98 1 0
295 2178 60 67 1 0
851 1905 39 60 1 0
1399 2776 87 109 1 0
1796 2020 39 60 1 0
1540 2571 87 109 1 0
230 2051 39 60 1 0
1956 2338 60 67 1 0
2676 2714 87 109 1 0
2198 2096 39 60 1 0
787 2251 60 67 1 0
3806 1821 44 57 1 0
2406 1981 39 60 1 0
2355 2223 60 67 1 0
1866 2459 73 88 1 0
1779 2270 60 67 1 0
969 2439 60 67 1 0
1197 2116 39 60 1 0
2282 1970 39 60 1 0
445 326 38 54 1 0
733 2804 87 109 1 0
1298 2484 87 109 1 0
1582 2032 39 60 1 0
1295 2582 87 109 1 0
3170 2582 87 109 1 0
685 1958 39 60 1 0
3145 2017 39 60 1 0
2513 1953 39 60 1 0
848 2138 60 67 1 0
2886 1958 39 60 1 0
2141 2051 39 60 1 0
3027 2144 60 67 1 0
2324 2127 60 67 1 0
1613 2172 60 67 1 0
1787 2810 87 109 1 0
3128 2678 87 109 1 0
1821 2214 60 67 1 0
2805 2619 87 109 1 0
573 1972 39 60 1 0
1166 2459 66 77 1 0
2580 2332 60 67 1 0
3204 2156 60 67 1 0
2647 2386 60 67 1 0
1529 2299 60 67 1 0
966 2147 60 67 1 0
292 2127 60 67 1 0
3179 2473 87 109 1 0
3682 1787 44 57 1 0
1562 1953 39 60 1 0
1343 1944 39 60 1 0
1225 2743 87 109 1 0
2484 2268 60 67 1 0
3035 2655 87 109 1 0
2706 2178 60 67 1 0
1728 1953 39 60 1 0
2751 2335 60 67 1 0
1959 2299 60 67 1 0
1031 2546 87 109 1 0
2521 2459 73 88 1 0
2973 2641 87 109 1 0
1855 2268 60 67 1 0
3108 2391 60 67 1 0
2136 2717 87 109 1 0
2650 2169 60 67 1 0
3440 1953 39 60 1 0
1259 2189 60 67 1 0
1388 1944 39 60 1 0
525 2040 39 60 1 0
3319 2535 87 109 1 0
2664 2273 60 67 1 0
2822 2206 60 67 1 0
2844 1972 39 60 1 0
1130 2105 39 60 1 0
3598 2327 60 67 1 0
