353 146 7 6 1 1
433 151 7 6 1 1
525 66 4 3 1 1
416 208 7 6 1 0
405 95 4 3 1 1
417 58 4 3 1 1
332 130 4 3 1 1
459 274 11 14 1 0
478 73 4 3 1 1
448 85 4 3 1 1
342 151 7 6 1 1
473 93 4 3 1 1
224 180 7 6 1 0
36 231 7 6 1 0
480 194 7 6 1 0
422 309 11 14 1 0
554 209 7 6 1 0
225 142 5 4 1 1
363 112 4 3 1 1
328 134 4 3 1 1
380 161 7 6 1 1
472 126 4 3 1 1
397 188 7 6 1 0
304 214 7 6 1 0
519 118 4 3 1 1
376 181 7 6 1 0
66 212 7 6 1 0
193 324 11 14 1 0
309 294 11 14 1 0
447 122 4 3 1 1
355 132 4 3 1 1
570 145 7 6 1 1
390 206 7 6 1 0
132 274 11 14 1 0
200 110 4 3 1 1
241 81 4 3 1 1
189 82 4 3 1 1
541 155 7 6 1 1
41 219 7 6 1 0
469 88 4 3 1 1
464 247 7 6 1 0
395 156 7 6 1 1
515 144 7 6 1 1
495 206 7 6 1 0
389 93 4 3 1 1
3 112 7 6 1 0
337 145 7 6 1 1
183 306 11 14 1 0
187 255 9 10 1 0
425 111 4 3 1 1
424 154 7 6 1 1
220 217 7 6 1 0
353 154 7 6 1 1
577 215 7 6 1 0
157 195 7 6 1 0
336 113 4 3 1 1
639 252 10 12 1 0
352 92 4 3 1 1
191 151 7 6 1 1
462 261 11 14 1 0
359 88 4 3 1 1
378 93 4 3 1 1
244 237 7 6 1 0
519 129 4 3 1 1
395 176 7 6 1 0
391 79 4 3 1 1
338 94 4 3 1 1
438 177 7 6 1 0
207 114 4 3 1 1
360 66 4 3 1 1
129 264 11 14 1 0
333 186 7 6 1 0
410 198 7 6 1 0
250 266 11 14 1 0
315 312 11 14 1 0
233 212 7 6 1 0
283 316 11 14 1 0
451 164 7 6 1 1
392 137 4 3 1 1
427 83 4 3 1 1
260 300 11 14 2 0
407 76 4 3 1 1
349 164 7 6 1 1
132 149 7 6 1 1
366 68 4 3 1 1
98 220 7 6 1 0
372 146 7 6 1 1
200 287 11 14 1 0
447 77 4 3 1 1
120 250 7 6 1 0
544 148 7 6 1 1
366 78 4 3 1 1
317 157 7 6 1 1
301 182 7 6 1 0
503 63 4 3 1 1
212 220 7 6 1 0
144 180 7 6 1 0
383 67 4 3 1 1
285 271 11 14 1 0
240 190 7 6 1 0
519 54 4 3 1 1
526 321 11 14 1 0
436 228 7 6 1 0
414 149 7 6 1 1
574 284 11 14 1 0
426 215 7 6 1 0
299 242 7 6 1 0
338 132 4 3 1 1
184 70 4 3 1 1
262 60 4 3 1 1
463 45 4 3 1 1
428 49 4 3 1 1
305 374 11 14 1 0
541 164 7 6 1 1
487 78 4 3 1 1
500 128 4 3 1 1
354 186 7 6 1 0
385 101 4 3 1 1
512 92 4 3 1 1
588 167 7 6 1 1
108 241 7 6 1 0
452 208 7 6 1 0
84 191 7 6 1 0
528 208 7 6 1 0
414 83 4 3 1 1
325 123 4 3 1 1
532 199 7 6 1 0
377 57 4 3 1 1
313 235 7 6 1 0
260 159 7 6 1 1
346 325 11 14 1 0
413 275 11 14 1 0
161 174 7 6 1 0
264 347 11 14 1 0
494 112 4 3 1 1
374 190 7 6 1 0
287 205 7 6 1 0
185 184 7 6 1 0
515 173 7 6 1 0
460 151 7 6 1 1
66 350 11 14 1 0
104 265 11 14 1 0
406 186 7 6 1 0
476 204 7 6 1 0
317 235 7 6 1 0
410 115 4 3 1 1
621 245 9 10 1 0
525 175 7 6 1 0
416 186 7 6 1 0
468 187 7 6 1 0
119 228 7 6 1 0
161 237 7 6 1 0
532 77 4 3 1 1
505 134 4 3 1 1
64 238 7 6 1 0
615 149 7 6 1 1
432 90 4 3 1 1
495 326 11 14 1 0
381 217 7 6 1 0
585 152 7 6 1 1
387 121 4 3 1 1
422 89 4 3 1 1
93 316 11 14 1 0
329 144 7 6 1 1
215 102 4 3 1 1
527 160 7 6 1 1
439 151 7 6 1 1
180 173 7 6 1 0
419 175 7 6 1 0
132 245 7 6 1 0
467 118 4 3 1 1
414 99 4 3 1 1
222 252 10 12 1 0
351 198 7 6 1 0
335 104 4 3 1 1
208 195 7 6 1 0
634 156 7 6 1 1
339 124 4 3 1 1
266 255 9 10 1 0
456 227 7 6 1 0
229 102 4 3 1 1
86 233 7 6 1 0
35 167 7 6 1 1
334 153 7 6 1 1
349 63 4 3 1 1
354 248 7 6 1 0
365 200 7 6 1 0
448 94 4 3 1 1
141 139 7 6 1 1
435 160 7 6 1 1
232 149 7 6 1 1
621 175 7 6 1 0
224 396 11 14 1 0
418 66 4 3 1 1
431 246 7 6 1 0
469 221 7 6 1 0
317 115 4 3 1 1
55 385 11 14 1 0
478 101 4 3 1 1
611 160 7 6 1 1
496 138 4 3 1 1
381 88 4 3 1 1
635 391 11 14 1 0
436 264 11 14 1 0
157 218 7 6 1 0
192 224 7 6 1 0
548 154 7 6 1 1
522 271 11 14 1 0
417 118 4 3 1 1
52 322 11 14 1 0
497 267 11 14 1 0
40 209 7 6 1 0
47 104 6 5 1 1
37 103 6 5 1 1
128 211 7 6 1 0
508 76 4 3 1 1
497 229 7 6 1 0
466 124 4 3 1 1
388 286 11 14 1 0
254 173 7 6 1 0
384 60 4 3 1 1
352 96 4 3 1 1
435 83 4 3 1 1
472 79 4 3 1 1
393 166 7 6 1 1
478 79 4 3 1 1
142 215 7 6 1 0
379 129 4 3 1 1
384 112 4 3 1 1
442 188 7 6 1 0
325 113 4 3 1 1
346 111 4 3 1 1
471 109 4 3 1 1
384 124 4 3 1 1
484 123 4 3 1 1
86 387 11 14 1 0
281 231 7 6 1 0
179 233 7 6 1 0
169 156 7 6 1 1
591 182 7 6 1 0
412 239 7 6 1 0
338 79 4 3 1 1
396 109 4 3 1 1
18 328 11 14 1 0
348 129 4 3 1 1
596 309 11 14 1 0
443 215 7 6 1 0
211 244 7 6 1 0
532 124 4 3 1 1
406 175 7 6 1 0
87 223 7 6 1 0
463 100 4 3 1 1
330 105 4 3 1 1
523 102 4 3 1 1
475 173 7 6 1 0
105 370 11 14 1 0
347 280 11 14 1 0
144 206 7 6 1 0
477 119 4 3 1 1
309 114 4 3 1 1
338 226 7 6 1 0
346 139 4 3 1 1
350 169 7 6 1 0
286 213 7 6 1 0
502 195 7 6 1 0
296 131 4 3 1 1
438 129 4 3 1 1
376 347 11 14 1 0
364 222 7 6 1 0
402 215 7 6 1 0
329 79 4 3 1 1
453 104 4 3 1 1
440 196 7 6 1 0
73 153 7 6 1 1
430 136 4 3 1 1
555 154 7 6 1 1
410 155 7 6 1 1
624 230 7 6 1 0
502 120 4 3 1 1
514 96 4 3 1 1
382 82 4 3 1 1
491 106 4 3 1 1
483 92 4 3 1 1
439 170 7 6 1 0
546 266 11 14 1 0
360 160 7 6 1 1
313 254 8 8 1 0
601 334 11 14 1 0
316 171 7 6 1 0
401 61 4 3 1 1
396 76 4 3 1 1
451 178 7 6 1 0
157 245 7 6 1 0
169 271 11 14 1 0
23 108 6 5 1 1
405 46 4 3 1 1
475 99 4 3 1 1
432 96 4 3 1 1
121 339 11 14 1 0
124 293 11 14 1 0
503 88 4 3 1 1
422 80 4 3 1 1
458 328 11 14 1 0
215 145 7 6 1 1
483 85 4 3 1 1
276 92 4 3 1 1
480 227 7 6 1 0
401 170 7 6 1 0
447 113 4 3 1 1
16 383 11 14 1 0
441 53 4 3 1 1
364 46 4 3 1 1
498 99 4 3 1 1
58 165 7 6 1 1
264 200 7 6 1 0
168 190 7 6 1 0
350 87 4 3 1 1
14 110 6 5 1 1
108 98 4 3 1 1
523 155 7 6 1 1
263 320 11 14 1 0
360 46 4 3 1 1
362 76 4 3 1 1
495 184 7 6 1 0
387 49 4 3 1 1
93 279 11 14 1 0
166 75 4 3 1 1
454 63 4 3 1 1
365 86 4 3 1 1
490 281 11 14 1 0
516 103 4 3 1 1
453 144 7 6 1 1
529 234 7 6 1 0
460 94 4 3 1 1
159 354 11 14 1 0
432 174 7 6 1 0
269 182 7 6 1 0
337 49 4 3 1 1
216 281 11 14 1 0
180 153 7 6 1 1
112 192 7 6 1 0
447 107 4 3 1 1
162 329 11 14 1 0
273 144 7 6 1 1
493 121 4 3 1 1
402 199 7 6 1 0
460 88 4 3 1 1
207 262 11 14 1 0
437 137 4 3 1 1
402 129 4 3 1 1
473 69 4 3 1 1
433 68 4 3 1 1
423 163 7 6 1 1
260 296 11 14 2 0
361 205 7 6 1 0
293 186 7 6 1 0
439 78 4 3 1 1
506 107 4 3 1 1
247 114 4 3 1 1
494 81 4 3 1 1
351 74 4 3 1 1
490 169 7 6 1 0
522 40 4 3 1 1
478 140 4 3 1 1
220 212 7 6 1 0
360 180 7 6 1 0
410 97 4 3 1 1
340 139 5 4 1 1
635 322 11 14 1 0
439 122 4 3 1 1
281 243 7 6 1 0
506 123 4 3 1 1
146 171 7 6 1 0
415 156 7 6 1 1
518 167 7 6 1 1
315 181 7 6 1 0
239 209 7 6 1 0
120 140 6 5 1 1
430 127 4 3 1 1
454 83 4 3 1 1
462 114 4 3 1 1
146 243 7 6 1 0
347 210 7 6 1 0
296 227 7 6 1 0
410 181 7 6 1 0
446 194 7 6 1 0
596 243 7 6 1 0
510 184 7 6 1 0
238 178 7 6 1 0
332 118 4 3 1 1
542 221 7 6 1 0
446 129 4 3 1 1
476 46 4 3 1 1
529 140 5 4 1 1
494 150 7 6 1 1
296 276 11 14 1 0
508 115 4 3 1 1
355 79 4 3 1 1
572 317 11 14 1 0
560 305 11 14 1 0
454 187 7 6 1 0
575 353 11 14 1 0
32 190 7 6 1 0
175 82 4 3 1 1
95 245 7 6 1 0
348 73 4 3 1 1
429 195 7 6 1 0
442 89 4 3 1 1
235 336 11 14 1 0
159 264 11 14 1 0
120 361 11 14 1 0
536 179 7 6 1 0
418 143 7 6 1 1
259 214 7 6 1 0
312 322 11 14 1 0
236 288 11 14 1 0
460 126 4 3 1 1
505 159 7 6 1 1
332 88 4 3 1 1
489 85 4 3 1 1
198 274 11 14 1 0
362 154 7 6 1 1
173 101 4 3 1 1
385 151 7 6 1 1
344 100 4 3 1 1
213 343 11 14 1 0
467 102 4 3 1 1
433 277 11 14 1 0
285 140 5 4 1 1
