1396 648 55 59 1 0
779 26 3 5 1 0
580 84 3 5 1 0
681 61 3 5 1 0
1222 175 53 57 1 0
337 136 6 5 1 0
58 7 3 5 1 0
329 150 6 5 1 0
80 352 13 16 1 0
427 317 43 52 1 0
15 198 6 5 1 0
611 69 3 5 1 0
702 54 3 5 1 0
1241 129 52 54 1 0
991 255 46 47 1 0
807 252 20 24 1 0
1356 117 113 114 1 0
84 2 3 5 1 0
303 126 6 5 1 0
583 90 3 5 1 0
824 292 20 24 1 0
390 12 3 5 1 0
477 107 3 5 1 0
1270 114 21 22 1 0
695 53 3 5 1 0
586 165 44 59 1 0
74 4 3 5 1 0
424 125 6 5 1 0
807 170 10 10 1 0
597 81 3 5 1 0
1115 509 103 110 1 0
271 320 34 34 1 0
772 37 3 5 1 0
877 173 10 10 1 0
295 146 6 5 1 0
468 111 3 5 1 0
710 237 66 79 1 0
198 334 16 18 1 0
443 121 6 5 1 0
663 66 3 5 1 0
205 321 34 34 1 0
1198 148 52 54 1 0
1033 235 21 24 1 0
406 126 6 5 1 0
450 118 5 5 1 0
1257 137 52 54 1 0
968 209 14 14 1 0
14 212 6 5 1 0
835 199 10 10 1 0
225 345 34 34 1 0
27 376 13 16 1 0
718 50 3 5 1 0
683 41 3 5 1 0
488 109 3 5 1 0
855 244 34 38 1 0
380 350 43 52 1 0
426 118 6 5 1 0
776 187 66 79 1 0
1245 117 52 54 1 0
1 18 3 5 1 0
755 40 3 5 1 0
344 136 6 5 1 0
732 43 3 5 1 0
447 111 4 5 1 0
673 60 3 5 1 0
57 346 13 16 1 0
15 7 3 5 1 0
333 140 6 5 1 0
1197 132 52 54 1 0
585 81 3 5 1 0
1075 193 67 76 1 0
715 337 66 79 1 0
606 84 3 5 1 0
461 297 43 52 1 0
701 39 3 5 1 0
314 145 6 5 1 0
461 116 3 5 1 0
417 125 6 5 1 0
615 78 3 5 1 0
8 210 6 5 1 0
669 61 3 5 1 0
19 206 6 5 1 0
15 207 6 5 1 0
574 87 3 5 1 0
626 75 3 5 1 0
318 132 6 5 1 0
817 267 20 24 1 0
634 74 3 5 1 0
419 118 6 5 1 0
432 111 5 5 1 0
969 165 14 14 1 0
491 106 3 5 1 0
399 122 6 5 1 0
474 112 13 18 1 0
848 180 10 10 1 0
17 194 6 5 1 0
7 204 6 5 1 0
298 303 43 52 1 0
967 287 15 12 1 0
337 144 6 5 1 0
903 190 32 34 1 0
15 20 3 5 1 0
303 141 6 5 1 0
977 153 14 14 1 0
1224 189 53 57 1 0
1213 132 52 54 1 0
1020 146 14 14 1 0
813 191 10 10 1 0
784 30 3 5 1 0
1047 129 14 14 1 0
7 9 3 5 1 0
333 131 6 5 1 0
1195 163 52 54 1 0
1010 172 14 14 1 0
1319 140 29 31 1 0
793 194 10 10 1 0
327 134 6 5 1 0
1213 153 52 54 1 0
639 72 3 5 1 0
407 5 3 5 1 0
1236 215 53 57 3 0
348 348 43 52 1 0
781 246 32 47 1 0
36 7 3 5 1 0
430 122 6 5 1 0
