1173 171 9 11 1 0
675 196 9 11 1 0
750 80 2 4 1 0
309 244 18 19 1 0
984 432 22 31 1 0
560 31 2 4 1 0
556 35 2 4 1 0
270 218 9 11 1 0
855 51 2 4 1 0
697 153 9 11 1 0
651 71 2 4 1 0
171 74 2 4 1 0
1141 142 9 11 1 0
261 106 2 4 1 0
920 53 2 4 1 0
1039 310 18 19 1 0
689 487 22 31 1 0
18 204 9 11 1 0
234 198 9 11 1 0
593 56 2 4 1 0
150 274 18 19 1 0
359 364 18 19 1 0
1017 144 9 11 1 0
1066 122 2 4 1 0
461 113 2 4 1 0
226 107 2 4 1 0
1086 215 9 11 1 0
612 63 2 4 1 0
656 149 9 11 1 0
435 621 22 31 1 0
1073 114 2 4 1 0
591 191 9 11 1 0
635 377 18 19 1 0
155 63 2 4 1 0
935 225 9 11 1 0
965 266 18 19 1 0
221 236 18 19 1 0
333 165 9 11 1 0
190 207 9 11 1 0
1067 221 9 11 1 0
848 298 18 19 1 0
1078 369 18 19 1 0
786 479 22 31 1 0
489 72 2 4 1 0
916 150 9 11 1 0
794 140 9 11 1 0
749 95 2 4 1 0
241 206 9 11 1 0
112 187 9 11 1 0
347 183 9 11 1 0
242 105 2 4 1 0
723 160 9 11 1 0
919 111 2 4 1 0
130 543 22 31 1 0
345 99 2 4 1 0
977 545 22 31 1 0
1045 235 18 19 1 0
65 224 9 11 1 0
302 59 2 4 1 0
377 125 2 4 1 0
413 64 2 4 1 0
26 285 18 19 1 0
65 140 9 11 1 0
635 527 22 31 1 0
295 168 9 11 1 0
1110 483 22 31 1 0
328 237 18 19 1 0
620 152 9 11 1 0
605 92 2 4 1 0
1185 294 18 19 1 0
793 51 2 4 1 0
936 280 18 19 1 0
1129 81 2 4 1 0
252 239 18 19 1 0
76 466 22 31 1 0
517 83 2 4 1 0
251 122 2 4 1 0
417 94 2 4 1 0
929 163 9 11 1 0
888 191 9 11 1 0
250 353 18 19 1 0
283 276 18 19 1 0
305 109 2 4 1 0
925 112 2 4 1 0
801 153 9 11 1 0
589 160 9 11 1 0
915 313 18 19 1 0
1087 174 9 11 1 0
447 279 18 19 1 0
815 328 18 19 1 0
159 201 9 11 1 0
1160 353 18 19 1 0
896 140 9 11 1 0
612 165 9 11 1 0
70 201 9 11 1 0
1014 353 18 19 1 0
1113 246 18 19 1 0
685 189 9 11 1 0
336 202 9 11 1 0
881 58 2 4 1 0
934 118 2 4 1 0
1194 148 9 11 1 0
537 55 2 4 1 0
1052 225 9 11 1 0
696 409 22 31 1 0
437 187 9 11 1 0
511 283 18 19 1 0
840 103 2 4 1 0
585 147 9 11 1 0
1196 162 9 11 1 0
161 348 18 19 1 0
120 173 9 11 1 0
359 73 2 4 1 0
518 162 9 11 1 0
833 57 2 4 1 0
385 345 18 19 1 0
710 289 18 19 1 0
132 161 9 11 1 0
924 288 18 19 1 0
1044 331 18 19 1 0
1154 150 9 11 1 0
884 511 22 31 1 0
298 269 18 19 1 0
836 90 2 4 1 0
419 151 9 11 1 0
1180 130 7 9 1 0
865 132 5 7 1 0
750 120 2 4 1 0
441 439 22 31 1 0
125 389 18 19 1 0
401 229 13 15 1 0
577 68 2 4 1 0
474 99 2 4 1 0
88 528 22 31 1 0
152 365 18 19 1 0
433 135 9 11 1 0
416 84 2 4 1 0
327 168 9 11 1 0
568 27 2 4 1 0
434 204 9 11 1 0
1038 198 9 11 1 0
497 97 2 4 1 0
279 176 9 11 1 0
281 206 9 11 1 0
484 260 18 19 1 0
282 79 2 4 1 0
91 240 18 19 1 0
156 291 18 19 1 0
553 251 18 19 1 0
382 93 2 4 1 0
926 57 2 4 1 0
785 246 18 19 1 0
709 174 9 11 1 0
34 203 9 11 1 0
299 298 18 19 1 0
657 181 9 11 1 0
724 118 2 4 1 0
664 80 2 4 1 0
369 148 9 11 1 0
393 104 2 4 1 0
247 163 9 11 1 0
602 235 18 19 1 0
635 69 2 4 1 0
1154 166 9 11 1 0
788 226 9 11 1 0
154 320 18 19 1 0
43 173 9 11 1 0
966 139 9 11 1 0
807 267 18 19 1 0
825 122 2 4 1 0
416 76 2 4 1 0
449 98 2 4 1 0
199 314 18 19 1 0
1025 634 22 31 1 0
773 214 9 11 1 0
622 183 9 11 1 0
915 82 2 4 1 0
821 361 18 19 1 0
322 50 2 4 1 0
664 106 2 4 1 0
795 130 3 5 1 0
1056 249 18 19 1 0
955 200 9 11 1 0
1140 224 9 11 1 0
88 59 2 4 1 0
877 288 18 19 1 0
687 426 22 31 1 0
133 194 9 11 1 0
765 192 9 11 1 0
193 143 9 11 1 0
295 151 9 11 1 0
894 335 18 19 1 0
1079 452 22 31 1 0
482 64 2 4 1 0
24 228 9 11 1 0
843 335 18 19 1 0
171 41 2 4 1 0
448 182 9 11 1 0
817 56 2 4 1 0
1019 248 18 19 1 0
1045 136 9 11 1 0
1096 114 2 4 1 0
969 79 2 4 1 0
1168 185 9 11 1 0
812 82 2 4 1 0
836 51 2 4 1 0
900 91 2 4 1 0
1165 93 2 4 1 0
614 242 18 19 1 0
611 180 9 11 1 0
954 212 9 11 1 0
940 179 9 11 1 0
917 270 18 19 1 0
149 220 9 11 1 0
411 209 9 11 1 0
718 105 2 4 1 0
720 229 11 13 1 0
1136 270 18 19 1 0
48 347 18 19 1 0
478 217 9 11 1 0
841 204 9 11 1 0
267 396 18 19 1 0
1197 332 18 19 1 0
1126 154 9 11 1 0
801 111 2 4 1 0
913 233 18 19 1 0
309 171 9 11 1 0
294 229 13 15 1 0
1017 275 18 19 1 0
1178 196 9 11 1 0
359 44 2 4 1 0
664 146 9 11 1 0
251 62 2 4 1 0
351 291 18 19 1 0
748 125 2 4 1 0
977 91 2 4 1 0
573 317 18 19 1 0
1120 115 2 4 1 0
416 121 2 4 1 0
213 324 18 19 1 0
575 86 2 4 1 0
396 214 9 11 1 0
751 213 9 11 1 0
713 105 2 4 1 0
619 85 2 4 1 0
644 141 9 11 1 0
489 247 18 19 1 0
526 84 2 4 1 0
1075 236 18 19 1 0
1040 177 9 11 1 0
698 243 18 19 1 0
648 208 9 11 1 0
134 210 9 11 1 0
237 559 22 31 1 0
935 186 9 11 1 0
1140 151 9 11 1 0
1048 79 2 4 1 0
87 149 9 11 1 0
469 203 9 11 1 0
472 303 18 19 1 0
378 474 22 31 1 0
668 138 9 11 1 0
959 102 2 4 1 0
953 185 9 11 1 0
649 146 9 11 1 0
940 100 2 4 1 0
960 263 18 19 1 0
570 183 9 11 1 0
1139 174 9 11 1 0
907 132 3 5 1 0
457 381 18 19 1 0
443 261 18 19 1 0
287 147 9 11 1 0
918 46 2 4 1 0
278 291 18 19 1 0
311 292 18 19 1 0
1183 212 9 11 1 0
421 40 2 4 1 0
965 227 9 11 1 0
1117 83 2 4 1 0
39 157 9 11 1 0
693 311 18 19 1 0
535 318 18 19 1 0
3 141 9 11 1 0
1108 197 9 11 1 0
490 482 22 31 1 0
703 103 2 4 1 0
1188 167 9 11 1 0
842 84 2 4 1 0
861 97 2 4 1 0
132 83 2 4 1 0
108 68 2 4 1 0
834 228 9 11 1 0
823 80 2 4 1 0
970 153 9 11 1 0
834 148 9 11 1 0
840 127 2 4 1 0
274 91 2 4 1 0
1135 192 9 11 1 0
1090 127 2 4 1 0
560 127 2 4 1 0
674 366 18 19 1 0
993 244 18 19 1 0
771 182 9 11 1 0
728 632 22 31 1 0
201 123 2 4 1 0
1090 265 18 19 1 0
707 131 5 7 1 0
322 447 22 31 1 0
948 125 2 4 1 0
834 206 9 11 1 0
927 132 5 7 1 0
1038 414 22 31 1 0
481 33 2 4 1 0
876 187 9 11 1 0
1040 546 22 31 1 0
243 152 9 11 1 0
516 57 2 4 1 0
210 213 9 11 1 0
465 61 2 4 1 0
240 40 2 4 1 0
1150 97 2 4 1 0
564 62 2 4 1 0
336 55 2 4 1 0
667 62 2 4 1 0
431 88 2 4 1 0
713 205 9 11 1 0
391 136 9 11 1 0
224 520 22 31 1 0
280 226 9 11 1 0
663 128 2 4 1 0
648 289 18 19 1 0
160 261 18 19 1 0
348 201 9 11 1 0
142 93 2 4 1 0
881 345 18 19 1 0
460 195 9 11 1 0
1040 149 9 11 1 0
475 243 18 19 1 0
719 79 2 4 1 0
809 225 9 11 1 0
918 90 2 4 1 0
848 96 2 4 1 0
7 269 15 17 1 0
1 159 9 11 1 0
692 148 9 11 1 0
693 205 9 11 1 0
613 42 2 4 1 0
213 83 2 4 1 0
619 58 2 4 1 0
308 38 2 4 1 0
136 72 2 4 1 0
894 57 2 4 1 0
837 179 9 11 1 0
1126 164 9 11 1 0
1111 149 9 11 1 0
507 138 9 11 1 0
685 128 2 4 1 0
539 486 22 31 1 0
948 51 2 4 1 0
232 59 2 4 1 0
953 135 9 11 1 0
639 189 9 11 1 0
978 144 9 11 1 0
637 166 9 11 1 0
784 127 2 4 1 0
184 402 20 25 1 0
436 131 9 11 1 0
975 140 9 11 1 0
117 73 2 4 1 0
857 115 2 4 1 0
483 191 9 11 1 0
304 163 9 11 1 0
780 172 9 11 1 0
1066 291 18 19 1 0
765 223 9 11 1 0
50 181 9 11 1 0
282 369 18 19 1 0
559 237 18 19 1 0
644 161 9 11 1 0
10 154 9 11 1 0
370 263 18 19 1 0
364 230 13 15 1 0
542 33 2 4 1 0
435 166 9 11 1 0
796 184 9 11 1 0
358 180 9 11 1 0
410 38 2 4 1 0
504 41 2 4 1 0
281 45 2 4 1 0
743 101 2 4 1 0
758 386 18 19 1 0
129 244 18 19 1 0
1057 198 9 11 1 0
1092 319 18 19 1 0
159 578 22 31 1 0
167 317 18 19 1 0
251 205 9 11 1 0
481 167 9 11 1 0
1071 149 9 11 1 0
378 188 9 11 1 0
1034 121 2 4 1 0
407 165 9 11 1 0
388 188 9 11 1 0
25 189 9 11 1 0
871 52 2 4 1 0
405 57 2 4 1 0
502 217 9 11 1 0
710 79 2 4 1 0
531 40 2 4 1 0
199 69 2 4 1 0
526 173 9 11 1 0
369 160 9 11 1 0
592 207 9 11 1 0
761 308 18 19 1 0
949 61 2 4 1 0
602 84 2 4 1 0
658 247 18 19 1 0
721 535 22 31 1 0
323 66 2 4 1 0
187 40 2 4 1 0
1114 139 9 11 1 0
446 246 18 19 1 0
348 340 18 19 1 0
731 125 2 4 1 0
124 357 18 19 1 0
262 149 9 11 1 0
812 121 2 4 1 0
691 163 9 11 1 0
346 255 18 19 1 0
473 208 9 11 1 0
335 85 2 4 1 0
505 100 2 4 1 0
391 248 18 19 1 0
607 192 9 11 1 0
564 155 9 11 1 0
805 125 2 4 1 0
1133 115 2 4 1 0
737 102 2 4 1 0
602 180 9 11 1 0
426 77 2 4 1 0
1055 140 9 11 1 0
507 190 9 11 1 0
126 319 18 19 1 0
530 64 2 4 1 0
709 188 9 11 1 0
751 180 9 11 1 0
183 107 2 4 1 0
1138 69 2 4 1 0
460 409 22 31 1 0
440 34 2 4 1 0
444 79 2 4 1 0
733 154 9 11 1 0
984 194 9 11 1 0
756 95 2 4 1 0
1010 103 2 4 1 0
1183 180 9 11 1 0
362 217 9 11 1 0
1197 86 2 4 1 0
345 40 2 4 1 0
647 169 9 11 1 0
435 141 9 11 1 0
991 117 2 4 1 0
629 83 2 4 1 0
91 201 9 11 1 0
397 310 18 19 1 0
338 65 2 4 1 0
954 106 2 4 1 0
761 156 9 11 1 0
456 161 9 11 1 0
183 249 18 19 1 0
305 85 2 4 1 0
452 91 2 4 1 0
909 175 9 11 1 0
861 54 2 4 1 0
906 52 2 4 1 0
1184 152 9 11 1 0
853 42 2 4 1 0
272 148 9 11 1 0
653 272 18 19 1 0
895 167 9 11 1 0
657 601 22 31 1 0
796 171 9 11 1 0
167 197 9 11 1 0
107 268 18 19 1 0
1084 122 2 4 1 0
703 121 2 4 1 0
1001 102 2 4 1 0
781 132 5 7 1 0
530 421 22 31 1 0
725 99 2 4 1 0
160 143 9 11 1 0
566 144 9 11 1 0
292 62 2 4 1 0
1036 393 18 19 1 0
204 151 9 11 1 0
335 37 2 4 1 0
685 75 2 4 1 0
369 170 9 11 1 0
804 59 2 4 1 0
1096 381 18 19 1 0
342 53 2 4 1 0
141 83 2 4 1 0
323 217 9 11 1 0
538 157 9 11 1 0
1024 157 9 11 1 0
985 172 9 11 1 0
1107 159 9 11 1 0
754 109 2 4 1 0
1042 100 2 4 1 0
517 540 22 31 1 0
544 339 18 19 1 0
62 161 9 11 1 0
1028 195 9 11 1 0
692 139 9 11 1 0
49 619 22 31 1 0
204 285 18 19 1 0
832 89 2 4 1 0
1099 583 22 31 1 0
448 211 9 11 1 0
491 231 13 15 1 0
919 191 9 11 1 0
951 151 9 11 1 0
667 240 18 19 1 0
643 84 2 4 1 0
992 289 18 19 1 0
871 220 9 11 1 0
992 142 9 11 1 0
1155 269 18 19 1 0
573 187 9 11 1 0
957 575 22 31 1 0
24 365 18 19 1 0
236 417 22 31 1 0
421 288 18 19 1 0
148 91 2 4 1 0
219 169 9 11 1 0
781 274 18 19 1 0
840 166 9 11 1 0
684 175 9 11 1 0
279 162 9 11 1 0
422 540 22 31 1 0
336 43 2 4 1 0
33 149 9 11 1 0
958 447 22 31 1 0
653 81 2 4 1 0
805 208 9 11 1 0
804 119 2 4 1 0
738 95 2 4 1 0
234 133 7 9 1 0
40 229 11 13 1 0
509 43 2 4 1 0
988 160 9 11 1 0
810 192 9 11 1 0
130 173 9 11 1 0
518 43 2 4 1 0
145 162 9 11 1 0
246 142 9 11 1 0
99 138 9 11 1 0
489 330 18 19 1 0
191 84 2 4 1 0
899 114 2 4 1 0
955 69 2 4 1 0
417 177 9 11 1 0
241 77 2 4 1 0
94 422 22 31 1 0
131 149 9 11 1 0
925 177 9 11 1 0
743 161 9 11 1 0
831 43 2 4 1 0
724 180 9 11 1 0
167 161 9 11 1 0
978 119 2 4 1 0
198 270 18 19 1 0
885 252 18 19 1 0
61 186 9 11 1 0
506 307 18 19 1 0
532 83 2 4 1 0
6 232 11 13 1 0
477 142 9 11 1 0
157 47 2 4 1 0
1187 264 15 17 1 0
226 473 22 31 1 0
295 45 2 4 1 0
460 33 2 4 1 0
185 216 9 11 1 0
547 202 9 11 1 0
607 41 2 4 1 0
450 148 9 11 1 0
881 44 2 4 1 0
626 139 9 11 1 0
200 197 9 11 1 0
255 175 9 11 1 0
20 174 9 11 1 0
201 102 2 4 1 0
496 196 9 11 1 0
192 132 7 9 1 0
498 249 18 19 1 0
304 374 18 19 1 0
1112 228 9 11 1 0
439 69 2 4 1 0
969 127 2 4 1 0
1077 99 2 4 1 0
546 239 18 19 1 0
939 53 2 4 1 0
263 73 2 4 1 0
518 203 9 11 1 0
347 235 18 19 1 0
666 310 18 19 1 0
734 144 9 11 1 0
730 96 2 4 1 0
874 115 2 4 1 0
281 194 9 11 1 0
894 227 9 11 1 0
1069 311 18 19 1 0
1192 273 15 17 1 0
1062 99 2 4 1 0
321 181 9 11 1 0
806 308 18 19 1 0
1145 286 18 19 1 0
1161 106 2 4 1 0
683 224 9 11 1 0
835 251 18 19 1 0
228 182 9 11 1 0
1041 283 18 19 1 0
217 179 9 11 1 0
407 91 2 4 1 0
642 335 18 19 1 0
865 193 9 11 1 0
711 144 9 11 1 0
865 386 18 19 1 0
783 116 2 4 1 0
466 49 2 4 1 0
245 220 9 11 1 0
916 248 18 19 1 0
1035 140 9 11 1 0
537 272 18 19 1 0
1122 311 18 19 1 0
809 567 22 31 1 0
244 194 9 11 1 0
494 164 9 11 1 0
431 52 2 4 1 0
211 90 2 4 1 0
462 170 9 11 1 0
437 295 18 19 1 0
1029 239 18 19 1 0
283 247 18 19 1 0
164 101 2 4 1 0
324 146 9 11 1 0
826 214 9 11 1 0
1043 183 9 11 1 0
866 624 22 31 1 0
1005 163 9 11 1 0
758 145 9 11 1 0
1042 246 18 19 1 0
714 123 2 4 1 0
96 223 9 11 1 0
937 198 9 11 1 0
826 169 9 11 1 0
36 258 18 19 1 0
635 261 18 19 1 0
875 91 2 4 1 0
945 83 2 4 1 0
678 140 9 11 1 0
875 133 5 7 1 0
391 82 2 4 1 0
291 178 9 11 1 0
798 51 2 4 1 0
968 148 9 11 1 0
794 147 9 11 1 0
938 130 5 7 1 0
162 68 2 4 1 0
897 149 9 11 1 0
521 306 18 19 1 0
339 183 9 11 1 0
874 159 9 11 1 0
1125 231 13 15 1 0
712 426 22 31 1 0
321 548 22 31 1 0
1079 326 18 19 1 0
33 142 9 11 1 0
737 299 18 19 1 0
815 141 9 11 1 0
296 125 2 4 1 0
1189 71 2 4 1 0
927 207 9 11 1 0
1104 126 2 4 1 0
610 69 2 4 1 0
1163 139 9 11 1 0
674 80 2 4 1 0
182 70 2 4 1 0
220 41 2 4 1 0
155 77 2 4 1 0
241 257 18 19 1 0
94 158 9 11 1 0
774 155 9 11 1 0
514 151 9 11 1 0
841 45 2 4 1 0
803 129 5 7 1 0
579 167 9 11 1 0
346 86 2 4 1 0
966 186 9 11 1 0
1187 538 22 31 1 0
229 67 2 4 1 0
869 211 9 11 1 0
385 69 2 4 1 0
632 82 2 4 1 0
1046 125 2 4 1 0
1094 79 2 4 1 0
425 107 2 4 1 0
423 66 2 4 1 0
699 256 18 19 1 0
396 178 9 11 1 0
635 300 18 19 1 0
806 315 18 19 1 0
854 176 9 11 1 0
1068 201 9 11 1 0
261 273 18 19 1 0
1111 282 18 19 1 0
498 142 9 11 1 0
869 152 9 11 1 0
543 173 9 11 1 0
1060 128 2 4 1 0
1001 193 9 11 1 0
77 43 2 4 1 0
655 139 9 11 1 0
350 51 2 4 1 0
495 33 2 4 1 0
638 51 2 4 1 0
54 213 9 11 1 0
582 142 9 11 1 0
210 138 9 11 1 0
343 74 2 4 1 0
369 96 2 4 1 0
853 168 9 11 1 0
314 135 9 11 1 0
671 288 18 19 1 0
1037 210 9 11 1 0
992 413 22 31 1 0
189 195 9 11 1 0
590 175 9 11 1 0
1133 65 2 4 1 0
375 81 2 4 1 0
817 535 22 31 1 0
406 255 18 19 1 0
748 107 2 4 1 0
313 150 9 11 1 0
327 506 22 31 1 0
482 96 2 4 1 0
159 466 22 31 1 0
88 388 18 19 1 0
246 95 2 4 1 0
474 37 2 4 1 0
589 298 18 19 1 0
90 324 18 19 1 0
1059 273 18 19 1 0
508 240 18 19 1 0
708 216 9 11 1 0
704 158 9 11 1 0
313 51 2 4 1 0
99 63 2 4 1 0
117 51 2 4 1 0
812 179 9 11 1 0
312 506 22 31 1 0
122 277 18 19 1 0
605 263 18 19 1 0
271 141 9 11 1 0
456 75 2 4 1 0
848 249 18 19 1 0
340 159 9 11 1 0
826 180 9 11 1 0
636 83 2 4 1 0
50 151 9 11 1 0
680 73 2 4 1 0
676 150 9 11 1 0
1068 580 22 31 1 0
606 352 18 19 1 0
398 131 5 7 1 0
232 607 22 31 1 0
540 136 9 11 1 0
583 80 2 4 1 0
723 169 9 11 1 0
765 362 18 19 1 0
426 338 18 19 1 0
551 89 2 4 1 0
889 146 9 11 1 0
742 106 2 4 1 0
230 101 2 4 1 0
1037 224 9 11 1 0
1085 200 9 11 1 0
1000 383 18 19 1 0
380 200 9 11 1 0
863 45 2 4 1 0
81 212 9 11 1 0
1000 218 9 11 1 0
849 46 2 4 1 0
656 160 9 11 1 0
395 290 18 19 1 0
456 62 2 4 1 0
1084 135 9 11 1 0
610 48 2 4 1 0
804 100 2 4 1 0
1018 92 2 4 1 0
982 133 7 9 1 0
959 130 3 5 1 0
237 176 9 11 1 0
875 173 9 11 1 0
846 134 5 7 1 0
426 366 18 19 1 0
399 143 9 11 1 0
150 86 2 4 1 0
718 362 18 19 1 0
155 163 9 11 1 0
885 51 2 4 1 0
315 287 18 19 1 0
290 158 9 11 1 0
838 137 9 11 1 0
186 159 9 11 1 0
791 210 9 11 1 0
262 261 18 19 1 0
733 216 9 11 1 0
1111 208 9 11 1 0
1169 443 22 31 1 0
230 143 9 11 1 0
452 228 9 11 1 0
189 101 2 4 1 0
393 51 2 4 1 0
1106 168 9 11 1 0
104 242 18 19 1 0
976 205 9 11 1 0
1060 113 2 4 1 0
174 222 9 11 1 0
745 133 5 7 1 0
1047 131 5 7 1 0
428 148 9 11 1 0
231 308 18 19 1 0
267 204 9 11 1 0
426 178 9 11 1 0
873 45 2 4 1 0
67 264 18 19 1 0
1094 142 9 11 1 0
18 270 15 17 1 0
416 112 2 4 1 0
750 249 18 19 1 0
797 298 18 19 1 0
501 518 22 31 1 0
290 96 2 4 1 0
569 233 18 19 1 0
392 393 18 19 1 0
468 143 9 11 1 0
736 182 9 11 1 0
816 399 18 19 1 0
1090 88 2 4 1 0
80 138 9 11 1 0
879 233 18 19 1 0
397 494 22 31 1 0
403 193 9 11 1 0
623 62 2 4 1 0
989 128 2 4 1 0
875 252 18 19 1 0
323 373 18 19 1 0
658 199 9 11 1 0
1177 87 2 4 1 0
499 358 18 19 1 0
1181 73 2 4 1 0
62 151 9 11 1 0
1014 235 18 19 1 0
1185 108 2 4 1 0
51 290 18 19 1 0
255 296 18 19 1 0
625 281 18 19 1 0
43 316 18 19 1 0
1168 147 9 11 1 0
364 130 7 9 1 0
1151 408 22 31 1 0
219 144 9 11 1 0
307 68 2 4 1 0
119 131 9 11 1 0
292 198 9 11 1 0
784 295 18 19 1 0
628 170 9 11 1 0
1041 108 2 4 1 0
1083 104 2 4 1 0
1044 92 2 4 1 0
203 180 9 11 1 0
1167 87 2 4 1 0
874 483 22 31 1 0
122 141 9 11 1 0
832 130 7 9 1 0
992 464 22 31 1 0
526 226 9 11 1 0
1193 131 3 5 1 0
286 119 2 4 1 0
1152 233 18 19 1 0
137 300 18 19 1 0
195 168 9 11 1 0
510 73 2 4 1 0
897 42 2 4 1 0
968 191 9 11 1 0
161 85 2 4 1 0
490 141 9 11 1 0
734 341 18 19 1 0
1170 393 18 19 1 0
576 377 18 19 1 0
51 199 9 11 1 0
754 199 9 11 1 0
846 178 9 11 1 0
457 47 2 4 1 0
778 137 9 11 1 0
642 66 2 4 1 0
432 217 9 11 1 0
966 121 2 4 1 0
945 44 2 4 1 0
1020 170 9 11 1 0
322 117 2 4 1 0
1172 120 2 4 1 0
786 157 9 11 1 0
591 139 9 11 1 0
1116 323 18 19 1 0
475 73 2 4 1 0
764 232 18 19 1 0
281 59 2 4 1 0
1155 78 2 4 1 0
1054 160 9 11 1 0
1189 188 9 11 1 0
1124 94 2 4 1 0
1027 102 2 4 1 0
1187 97 2 4 1 0
146 195 9 11 1 0
394 150 9 11 1 0
939 381 18 19 1 0
175 137 9 11 1 0
640 249 18 19 1 0
662 170 9 11 1 0
9 138 9 11 1 0
931 39 2 4 1 0
1064 134 7 9 1 0
825 189 9 11 1 0
979 107 2 4 1 0
1058 74 2 4 1 0
555 54 2 4 1 0
880 207 9 11 1 0
880 128 2 4 1 0
1090 96 2 4 1 0
101 616 22 31 1 0
383 173 9 11 1 0
1111 98 2 4 1 0
217 57 2 4 1 0
875 106 2 4 1 0
936 145 9 11 1 0
222 156 9 11 1 0
522 141 9 11 1 0
92 292 18 19 1 0
1128 140 9 11 1 0
1123 81 2 4 1 0
774 97 2 4 1 0
730 117 2 4 1 0
229 349 18 19 1 0
1066 172 9 11 1 0
994 150 9 11 1 0
1047 142 9 11 1 0
1099 182 9 11 1 0
115 203 9 11 1 0
380 213 9 11 1 0
291 609 22 31 1 0
1086 115 2 4 1 0
848 148 9 11 1 0
984 265 18 19 1 0
208 226 9 11 1 0
1052 97 2 4 1 0
272 67 2 4 1 0
766 167 9 11 1 0
1055 152 9 11 1 0
400 425 22 31 1 0
796 160 9 11 1 0
175 89 2 4 1 0
326 264 18 19 1 0
163 56 2 4 1 0
162 107 2 4 1 0
730 505 22 31 1 0
230 259 18 19 1 0
340 409 22 31 1 0
341 214 9 11 1 0
669 84 2 4 1 0
952 41 2 4 1 0
368 193 9 11 1 0
902 316 18 19 1 0
384 165 9 11 1 0
561 174 9 11 1 0
1185 139 5 7 1 0
1028 130 7 9 1 0
479 287 18 19 1 0
986 140 9 11 1 0
1134 100 2 4 1 0
572 276 18 19 1 0
866 427 22 31 1 0
223 195 9 11 1 0
101 207 9 11 1 0
1012 212 9 11 1 0
314 86 2 4 1 0
143 239 18 19 1 0
66 274 18 19 1 0
1073 130 3 5 1 0
189 180 9 11 1 0
622 418 22 31 1 0
70 311 18 19 1 0
420 188 9 11 1 0
761 130 3 5 1 0
471 90 2 4 1 0
168 179 9 11 1 0
144 45 2 4 1 0
887 108 2 4 1 0
1013 161 9 11 1 0
571 167 9 11 1 0
215 149 9 11 1 0
672 163 9 11 1 0
1146 204 9 11 1 0
993 136 9 11 1 0
1145 251 18 19 1 0
319 157 9 11 1 0
1119 175 9 11 1 0
732 102 2 4 1 0
744 78 2 4 1 0
754 135 9 11 1 0
499 136 9 11 1 0
545 190 9 11 1 0
537 149 9 11 1 0
296 340 18 19 1 0
451 171 9 11 1 0
55 138 9 11 1 0
826 54 2 4 1 0
975 82 2 4 1 0
699 137 9 11 1 0
603 295 18 19 1 0
587 226 9 11 1 0
905 144 9 11 1 0
368 45 2 4 1 0
327 134 7 9 1 0
630 148 9 11 1 0
122 153 9 11 1 0
517 135 9 11 1 0
329 418 22 31 1 0
609 339 18 19 1 0
591 36 2 4 1 0
852 159 9 11 1 0
765 96 2 4 1 0
536 164 9 11 1 0
712 224 9 11 1 0
1006 139 9 11 1 0
354 57 2 4 1 0
1011 80 2 4 1 0
1108 79 2 4 1 0
416 35 2 4 1 0
697 272 18 19 1 0
1055 89 2 4 1 0
6 191 9 11 1 0
832 297 18 19 1 0
205 39 2 4 1 0
141 319 18 19 1 0
354 107 2 4 1 0
644 175 9 11 1 0
917 630 22 31 1 0
330 159 9 11 1 0
254 154 9 11 1 0
191 187 9 11 1 0
430 241 18 19 1 0
939 262 18 19 1 0
879 150 9 11 1 0
590 551 22 31 1 0
764 145 9 11 1 0
601 153 9 11 1 0
106 52 2 4 1 0
447 133 9 11 1 0
214 203 9 11 1 0
250 268 18 19 1 0
356 171 9 11 1 0
720 149 9 11 1 0
51 406 20 25 1 0
858 249 18 19 1 0
496 46 2 4 1 0
371 56 2 4 1 0
956 175 9 11 1 0
1014 117 2 4 1 0
739 121 2 4 1 0
238 92 2 4 1 0
107 169 9 11 1 0
120 61 2 4 1 0
968 161 9 11 1 0
1147 73 2 4 1 0
94 313 18 19 1 0
1105 140 9 11 1 0
204 81 2 4 1 0
235 239 18 19 1 0
22 143 9 11 1 0
232 166 9 11 1 0
263 162 9 11 1 0
557 415 22 31 1 0
1040 161 9 11 1 0
751 338 18 19 1 0
459 255 18 19 1 0
352 97 2 4 1 0
588 629 22 31 1 0
558 200 9 11 1 0
500 61 2 4 1 0
1003 114 2 4 1 0
632 132 9 11 1 0
638 150 9 11 1 0
708 105 2 4 1 0
380 53 2 4 1 0
742 172 9 11 1 0
765 110 2 4 1 0
305 212 9 11 1 0
589 266 18 19 1 0
959 237 18 19 1 0
142 493 22 31 1 0
1130 333 18 19 1 0
399 80 2 4 1 0
799 424 22 31 1 0
315 163 9 11 1 0
185 80 2 4 1 0
6 533 22 31 1 0
836 317 18 19 1 0
746 203 9 11 1 0
845 53 2 4 1 0
660 218 9 11 1 0
647 54 2 4 1 0
308 206 9 11 1 0
269 172 9 11 1 0
526 246 18 19 1 0
1171 112 2 4 1 0
890 181 9 11 1 0
1082 191 9 11 1 0
105 192 9 11 1 0
663 273 18 19 1 0
770 128 2 4 1 0
1124 150 9 11 1 0
853 202 9 11 1 0
1012 186 9 11 1 0
323 98 2 4 1 0
625 199 9 11 1 0
1172 223 9 11 1 0
773 146 9 11 1 0
523 152 9 11 1 0
889 128 2 4 1 0
478 125 2 4 1 0
814 166 9 11 1 0
276 106 2 4 1 0
605 455 22 31 1 0
1062 145 9 11 1 0
467 153 9 11 1 0
251 182 9 11 1 0
741 271 18 19 1 0
849 44 2 4 1 0
443 485 22 31 1 0
308 180 9 11 1 0
321 193 9 11 1 0
231 269 18 19 1 0
619 224 9 11 1 0
306 311 18 19 1 0
297 52 2 4 1 0
724 76 2 4 1 0
918 161 9 11 1 0
731 193 9 11 1 0
437 149 9 11 1 0
781 143 9 11 1 0
1082 160 9 11 1 0
459 96 2 4 1 0
743 151 9 11 1 0
936 342 18 19 1 0
448 337 18 19 1 0
696 78 2 4 1 0
916 123 2 4 1 0
977 83 2 4 1 0
591 429 22 31 1 0
282 72 2 4 1 0
489 306 18 19 1 0
91 184 9 11 1 0
792 381 18 19 1 0
950 47 2 4 1 0
976 308 18 19 1 0
503 172 9 11 1 0
794 244 18 19 1 0
1175 486 22 31 1 0
664 96 2 4 1 0
1026 112 2 4 1 0
719 134 5 7 1 0
1069 323 18 19 1 0
790 167 9 11 1 0
66 245 18 19 1 0
