455 448 9 11 1 0
97 476 12 13 1 0
544 444 9 11 1 0
723 450 6 6 1 0
160 496 18 21 1 0
52 457 12 13 1 0
67 510 17 23 1 0
575 492 24 28 1 0
425 454 9 11 1 0
831 469 18 21 1 0
870 477 37 47 1 0
587 532 30 46 1 0
526 458 9 11 1 0
744 455 6 6 1 0
423 499 14 14 1 0
544 506 24 28 1 0
729 472 12 10 1 0
583 441 9 11 1 0
735 444 6 6 1 0
786 471 18 21 1 0
438 447 9 11 1 0
528 445 9 11 1 0
619 466 9 11 1 0
479 458 9 11 1 0
22 526 34 51 1 0
401 446 9 11 1 0
186 468 12 13 1 0
473 464 9 11 1 0
547 452 9 11 1 0
666 464 11 12 1 0
483 502 24 28 1 0
36 450 12 13 1 0
133 493 18 21 1 0
535 454 9 11 1 0
847 476 18 21 1 0
897 457 37 47 1 0
211 482 12 13 1 0
744 441 6 6 1 0
472 447 9 11 1 0
429 475 14 14 1 0
699 486 27 28 1 0
762 452 6 6 1 0
150 490 18 21 1 0
760 485 12 10 1 0
459 502 24 26 1 0
715 461 6 6 1 0
629 456 9 11 1 0
199 480 12 13 1 0
508 445 9 11 1 0
273 446 12 13 1 0
331 459 11 11 1 0
616 457 9 11 1 0
86 464 12 13 1 0
619 514 30 46 1 0
123 468 12 13 1 0
198 449 12 13 1 0
35 470 12 13 1 0
213 512 15 15 1 0
590 462 9 11 1 0
292 454 12 13 1 0
413 483 11 11 1 0
280 448 12 13 1 0
111 466 12 13 1 0
704 448 6 6 1 0
363 480 11 11 1 0
385 486 11 11 1 0
575 452 9 11 1 0
231 514 15 15 1 0
242 507 15 15 1 0
596 497 24 28 1 0
335 449 11 11 1 0
446 456 9 11 1 0
754 455 6 6 1 0
296 501 15 15 1 0
441 470 9 11 1 0
621 473 11 12 1 0
3 471 34 51 1 0
568 441 9 11 1 0
553 448 9 11 1 0
480 444 9 11 1 0
496 472 11 11 1 0
283 508 15 15 1 0
709 467 6 6 1 0
545 475 11 11 1 0
394 472 11 11 1 0
664 500 27 28 1 0
376 468 11 11 1 0
733 451 6 6 1 0
261 509 15 15 1 0
659 478 11 12 1 0
393 449 9 11 1 0
209 514 15 15 3 0
112 518 17 23 1 0
764 466 6 6 1 0
165 460 12 13 1 0
353 460 11 11 1 0
554 460 9 11 1 0
329 498 24 26 1 0
417 448 9 11 1 0
654 529 27 28 1 0
