551 219 17 22 1 0
303 125 17 22 1 0
133 305 17 22 1 0
421 85 17 22 1 0
263 215 17 22 1 0
299 225 17 22 1 0
493 30 17 22 1 0
543 117 17 22 1 0
97 176 17 22 1 0
385 211 17 22 1 0
143 77 17 22 1 0
345 115 17 22 1 0
260 117 17 22 1 0
475 257 17 22 1 0
427 205 17 22 1 0
502 69 17 22 1 0
421 119 17 22 1 0
178 125 17 22 1 0
484 367 17 22 1 0
387 169 17 22 1 0
509 215 17 22 1 0
40 336 17 22 1 0
127 333 17 22 1 0
262 258 17 22 1 0
605 297 17 22 1 0
228 71 17 22 1 0
344 168 17 22 1 0
300 74 17 22 1 0
301 27 17 22 1 0
482 343 17 22 1 0
591 163 17 22 1 0
434 259 17 22 1 0
158 173 17 22 1 0
584 115 17 22 1 0
299 334 17 22 1 0
456 73 17 22 1 0
108 77 17 22 1 0
349 334 17 22 1 0
529 369 17 22 1 0
439 332 17 22 1 0
558 180 17 22 1 0
261 304 17 22 1 0
537 31 17 22 1 0
215 263 17 22 1 0
387 269 17 22 1 0
509 161 17 22 1 0
178 345 17 22 1 0
471 299 17 22 1 0
573 371 17 22 1 0
209 376 17 22 1 0
304 275 17 22 1 0
417 27 17 22 1 0
349 378 17 22 1 0
181 213 17 22 1 0
127 261 17 22 1 0
393 381 17 22 1 0
611 342 13 19 1 0
435 366 17 22 1 0
578 22 17 22 1 0
43 261 17 22 1 0
217 340 17 22 1 0
147 31 17 22 1 0
125 383 17 22 1 0
351 257 17 22 1 0
6 267 11 19 1 0
136 215 17 22 1 0
136 121 17 22 1 0
173 371 17 22 1 0
539 68 17 22 1 0
261 174 17 22 1 0
221 164 17 22 1 0
29 20 17 22 1 0
14 179 17 22 1 0
95 266 17 22 1 0
15 215 17 22 1 0
460 119 17 22 1 0
77 383 17 22 1 0
312 305 17 22 1 0
339 305 17 22 1 0
463 23 17 22 1 0
379 37 17 22 1 0
94 221 17 22 1 0
429 170 17 22 1 0
257 64 17 22 1 0
174 303 17 22 1 0
616 23 13 19 1 0
220 299 17 22 1 0
559 273 17 22 1 0
261 332 17 22 1 0
18 125 17 22 1 0
261 30 17 22 1 0
343 215 17 22 1 0
521 333 17 22 1 0
181 176 17 22 1 0
584 67 17 22 1 0
23 71 17 22 1 0
383 119 17 22 1 0
58 123 17 22 1 0
304 375 17 22 1 0
463 171 17 22 1 0
97 125 17 22 1 0
260 378 17 22 1 0
63 23 17 22 1 0
69 73 17 22 1 0
510 301 17 22 1 0
215 216 17 22 1 0
87 305 17 22 1 0
47 301 17 22 1 0
59 169 17 22 1 0
79 337 17 22 1 0
180 79 17 22 1 0
391 302 17 22 1 0
303 164 17 22 1 0
573 336 17 22 1 0
594 223 17 22 1 0
221 27 17 22 1 0
225 117 17 22 1 0
501 125 17 22 1 0
391 336 17 22 1 0
523 265 17 22 1 0
465 215 17 22 1 0
340 32 17 22 1 0
380 69 17 22 1 0
41 375 17 22 1 0
107 29 17 22 1 0
51 223 17 22 1 0
343 71 17 22 1 0
558 307 17 22 1 0
433 302 17 22 1 0
