212 71 17 29 1 0
2304 556 17 21 1 0
2058 846 20 24 1 0
354 743 18 30 1 0
119 529 18 30 1 0
1848 335 18 22 1 0
1164 783 23 29 1 0
1868 1122 21 25 1 0
1614 867 22 28 1 0
1420 612 23 29 1 0
1515 755 23 29 1 0
386 758 18 30 1 0
1439 497 23 29 1 0
1311 762 23 29 1 0
1604 226 16 18 1 0
1956 1125 21 25 1 0
1936 63 15 20 1 0
705 685 20 28 1 0
568 581 18 30 1 0
1460 558 23 29 1 0
37 231 17 29 1 0
2079 963 21 25 1 0
1813 177 16 18 1 0
1375 761 23 29 1 0
1719 391 23 29 1 0
1697 215 16 18 1 0
1546 733 23 29 1 0
1617 1184 21 25 1 0
1095 926 22 32 1 0
1869 923 21 25 1 0
1701 1229 21 25 1 0
1419 1138 22 32 1 0
2082 328 17 21 1 0
2001 66 15 20 1 0
2492 262 15 20 1 0
2111 329 17 21 1 0
2471 795 17 21 1 0
1710 848 22 27 1 0
2387 616 17 21 1 0
1402 1371 22 32 1 0
639 549 18 30 1 0
1735 1072 21 25 1 0
340 756 18 30 1 0
1995 706 17 21 1 0
1681 689 23 29 1 0
1392 1234 22 32 1 0
1957 655 17 21 1 0
1929 724 17 21 1 0
2170 1240 21 25 1 0
1536 986 22 32 1 0
290 661 18 30 1 0
1752 558 23 29 1 0
2466 689 17 21 1 0
234 700 18 30 1 0
2439 424 17 21 1 0
1020 124 15 21 1 0
1710 926 21 25 1 0
392 176 17 29 1 0
830 467 22 26 1 0
2060 1247 21 25 1 0
1959 908 21 25 1 0
2454 1015 21 25 1 0
2231 277 15 20 1 0
1424 569 23 29 1 0
1733 597 23 29 1 0
1496 1459 22 32 1 0
2391 422 17 21 1 0
1575 494 23 29 1 0
2107 429 17 21 1 0
2231 69 15 20 1 0
2168 1075 21 25 1 0
57 185 17 29 1 0
2152 231 15 20 1 0
217 685 18 30 1 0
577 70 16 25 1 0
1259 625 23 29 1 0
2310 991 21 25 1 0
1408 1242 22 32 1 0
1878 472 20 25 1 0
1214 469 23 29 1 0
329 672 18 30 1 0
995 39 15 21 1 0
663 363 18 30 1 0
1062 809 22 32 1 0
1903 1045 21 25 1 0
2061 1337 21 25 1 0
1390 133 16 18 1 0
2504 167 15 20 1 0
1857 18 15 19 1 0
1587 272 16 18 1 0
403 389 18 30 1 0
639 295 15 21 1 0
2333 125 15 20 1 0
1890 70 15 20 1 0
1288 230 16 18 1 0
1946 18 15 20 1 0
1325 845 22 32 1 0
1536 1584 21 28 1 0
1590 731 23 29 1 0
2447 263 15 20 1 0
518 350 18 30 1 0
1221 1099 22 32 1 0
514 710 18 30 1 0
1009 189 15 21 1 0
112 189 17 29 1 0
2460 575 17 21 1 0
2528 428 17 21 1 0
2090 120 15 20 1 0
2324 281 15 20 1 0
1446 178 16 18 1 0
1354 566 23 29 1 0
1210 508 23 29 1 0
2195 193 15 20 1 0
2076 553 17 21 1 0
2017 331 17 21 1 0
2348 90 15 20 1 0
1527 1419 22 32 1 0
2153 479 17 21 1 0
462 498 18 30 1 0
2248 585 17 21 1 0
2103 280 16 20 1 0
2519 984 21 25 1 0
647 167 15 21 1 0
258 689 18 30 1 0
641 112 15 21 1 0
2446 524 17 21 1 0
1517 389 23 29 1 0
1989 33 15 20 1 0
813 261 15 21 1 0
733 45 15 21 1 0
1657 863 22 27 1 0
1896 214 15 20 1 0
1547 1089 22 32 1 0
1048 879 22 32 1 0
947 75 15 21 1 0
937 880 22 32 1 0
2467 360 17 21 1 0
462 561 18 30 1 0
1788 989 21 25 1 0
2033 424 17 21 1 0
1607 669 23 29 1 0
616 336 18 30 1 0
1313 512 23 29 1 0
1873 1208 21 25 1 0
1989 478 17 21 1 0
2317 577 17 21 1 0
2427 699 17 21 1 0
2411 509 17 21 1 0
713 395 22 26 1 0
2220 135 15 20 1 0
405 228 17 29 1 0
1868 666 23 29 1 0
695 618 22 26 1 0
34 532 18 30 1 0
1650 1042 21 25 1 0
980 1391 98 132 1 0
398 434 18 30 1 0
2011 649 17 21 1 0
105 312 18 30 1 0
1914 121 15 20 1 0
2072 1018 21 25 1 0
1026 735 22 31 1 0
2119 1321 21 25 1 0
2211 535 17 21 1 0
1361 339 16 18 1 0
207 612 18 30 1 0
2359 312 16 20 1 0
2533 259 15 20 1 0
1682 444 23 29 1 0
1582 1072 21 30 1 0
214 535 18 30 1 0
1697 333 16 18 1 0
726 122 15 21 1 0
286 595 18 30 1 0
1767 709 23 29 2 0
1916 652 17 21 1 0
1962 1048 21 25 1 0
2385 988 21 25 1 0
1184 1205 22 32 1 0
42 646 18 30 1 0
543 379 18 30 1 0
531 38 17 29 1 0
893 278 15 21 1 0
2013 907 21 25 1 0
1231 649 23 29 1 0
1669 400 23 29 1 0
2102 67 15 20 1 0
1898 14 15 19 1 0
2327 362 17 21 1 0
2284 641 17 21 1 0
806 178 15 21 1 0
1489 1305 22 32 1 0
165 254 17 29 1 0
1273 823 22 30 1 0
689 479 22 26 1 0
100 448 18 30 1 0
1782 437 23 29 1 0
937 338 22 26 1 0
1504 1188 22 32 1 0
938 208 15 21 1 0
1556 616 23 29 1 0
1320 180 16 18 1 0
408 15 17 29 1 0
1940 318 17 21 1 0
2434 160 15 20 1 0
1717 544 23 29 1 0
2421 627 17 21 1 0
350 441 18 30 1 0
1650 1348 21 25 1 0
2318 246 15 20 1 0
1537 167 16 18 1 0
1517 609 23 29 1 0
2274 571 17 21 1 0
1659 69 16 18 1 0
1719 1153 21 25 1 0
1861 397 23 29 1 0
1154 931 22 32 1 0
1840 778 23 29 1 0
788 312 15 21 1 0
1367 636 23 29 1 0
2035 483 17 21 1 0
1126 1027 22 32 1 0
502 625 18 30 1 0
2396 62 15 20 1 0
530 448 18 30 1 0
1809 15 16 18 1 0
2259 1013 21 25 1 0
1905 374 17 21 1 0
2068 475 17 21 1 0
1287 1057 22 32 1 0
1757 110 16 18 1 0
1311 139 16 18 1 0
1922 1127 21 25 1 0
1580 563 23 29 1 0
2408 589 17 21 1 0
615 634 18 30 1 0
449 196 17 29 1 0
2352 225 15 20 1 0
185 690 18 30 1 0
2435 323 16 20 1 0
1900 421 17 21 1 0
341 365 18 30 1 0
1963 1358 21 25 1 0
1631 1258 21 25 1 0
1821 707 23 29 1 0
2108 381 17 21 1 0
1561 1284 22 32 1 0
2503 1216 21 25 1 0
2040 1175 21 25 1 0
113 76 17 29 1 0
1767 171 16 18 1 0
680 135 15 21 1 0
918 247 15 21 1 0
1954 109 15 20 1 0
30 618 18 30 1 0
1724 449 23 29 1 0
2303 1229 21 25 1 0
1939 1189 21 25 1 0
517 11 17 29 1 0
1877 1284 21 25 1 0
1848 856 21 26 1 0
2256 1148 21 25 1 0
128 272 17 29 1 0
2434 969 21 25 1 0
2507 1130 21 25 1 0
1687 722 23 29 1 0
2528 621 17 21 1 0
1826 989 21 25 1 0
1983 1128 21 25 1 0
205 149 17 29 1 0
2032 553 17 21 1 0
1443 618 23 29 2 0
2212 1306 21 25 1 0
432 185 17 29 1 0
1830 106 16 18 1 0
213 399 18 30 1 0
287 746 18 30 1 0
798 1383 242 340 1 0
2341 1194 21 25 1 0
588 811 18 30 1 0
2304 81 15 20 1 0
2327 1273 21 25 1 0
1355 1434 22 32 1 0
2476 807 17 21 1 0
2066 110 15 20 1 0
1648 1422 21 25 1 0
1397 177 16 18 1 0
1985 439 17 21 1 0
232 21 17 29 1 0
942 815 22 32 1 0
2139 1163 21 25 1 0
1379 700 23 29 1 0
154 618 18 30 1 0
2105 476 17 21 1 0
2108 1165 21 25 1 0
1867 852 21 26 1 0
1457 393 23 29 1 0
1508 480 23 29 1 0
1099 473 23 29 1 0
1891 590 17 21 1 0
973 807 22 32 1 0
2107 876 21 25 1 0
1451 618 23 29 2 0
927 1096 22 32 1 0
2121 172 15 20 1 0
969 905 22 32 1 0
43 545 18 30 1 0
2374 125 15 20 1 0
2503 372 17 21 1 0
673 450 18 30 1 0
1842 1215 21 25 1 0
2261 435 17 21 1 0
1793 227 16 18 1 0
2235 373 17 21 1 0
314 321 18 30 1 0
509 144 17 29 1 0
2303 428 17 21 1 0
2410 236 15 20 1 0
1132 688 23 29 1 0
1025 93 15 21 1 0
1717 169 16 18 1 0
2267 1299 21 25 1 0
2110 1232 21 25 1 0
1519 1107 22 32 2 0
461 427 18 30 1 0
2065 221 15 20 1 0
2532 877 18 22 1 0
1300 1303 22 32 1 0
1281 745 23 29 2 0
1554 1049 22 32 1 0
1590 1282 21 25 1 0
455 234 17 29 1 0
199 297 17 29 1 0
2093 1240 21 25 1 0
2121 529 17 21 1 0
122 708 18 30 1 0
1081 649 23 29 1 0
2425 466 17 21 1 0
2157 317 16 20 1 0
217 469 18 30 1 0
217 196 17 29 1 0
657 466 18 30 1 0
540 78 17 29 1 0
1408 705 23 29 1 0
2235 1308 21 25 1 0
1213 658 23 29 1 0
2277 482 17 21 1 0
1769 610 23 29 1 0
256 179 17 29 1 0
1409 381 23 29 1 0
307 262 17 29 1 0
1622 1073 21 25 1 0
1123 848 22 32 1 0
1093 1006 22 32 1 0
1863 989 21 25 1 0
2159 1023 21 25 1 0
1920 275 15 20 1 0
1895 1272 21 25 1 0
1610 1273 21 25 1 0
799 344 22 26 1 0
2184 127 15 20 1 0
1126 931 22 32 1 0
1795 850 21 25 1 0
2539 310 16 20 1 0
1625 400 23 29 1 0
20 311 17 29 1 0
1652 689 23 29 1 0
2386 244 15 20 1 0
184 530 18 30 1 0
582 565 18 30 1 0
1296 980 22 32 1 0
807 30 15 21 1 0
1940 217 15 20 1 0
260 308 17 29 1 0
1068 529 23 29 1 0
2461 1202 21 25 1 0
1395 504 23 29 1 0
290 355 18 30 1 0
738 537 22 26 1 0
1723 728 23 29 1 0
1230 998 22 32 1 0
1047 181 15 21 1 0
1363 443 23 29 1 0
1399 465 23 29 1 0
1493 1112 22 32 1 0
2409 1295 21 25 1 0
1276 895 22 32 1 0
400 138 17 29 1 0
2366 263 15 20 1 0
1173 842 22 32 1 0
1716 128 16 18 1 0
1827 219 16 18 1 0
2096 805 17 21 1 0
1183 571 23 29 1 0
2500 429 17 21 1 0
1585 1170 21 30 1 0
2226 1239 21 25 1 0
2277 1084 21 25 1 0
1242 719 23 29 1 0
1261 462 23 29 1 0
1036 939 22 32 1 0
420 709 18 30 1 0
160 450 18 30 1 0
543 630 18 30 1 0
171 601 18 30 1 0
1985 218 15 20 1 0
2549 380 17 21 1 0
1895 1022 21 25 1 0
2165 547 17 21 1 0
637 709 18 30 1 0
588 263 16 25 1 0
83 250 17 29 1 0
1487 394 23 29 1 0
772 23 15 21 1 0
2351 696 17 21 1 0
855 993 22 32 1 0
253 518 18 30 1 0
1866 1049 21 25 1 0
112 457 18 30 2 0
1096 592 23 29 1 0
2239 632 17 21 1 0
1331 402 23 29 1 0
2224 1267 21 25 1 0
273 448 18 30 1 0
2316 21 15 20 1 0
572 48 16 25 1 0
416 731 18 30 1 0
1900 717 17 21 1 0
2320 465 17 21 1 0
784 465 22 26 1 0
2101 1328 21 25 1 0
1334 980 22 32 1 0
219 248 17 29 1 0
1220 586 23 29 1 0
925 293 15 21 1 0
244 612 18 30 1 0
969 287 15 21 1 0
2034 760 17 21 1 0
1544 1204 22 32 1 0
322 119 17 29 1 0
655 265 15 21 1 0
231 368 18 30 1 0
1929 1365 21 25 1 0
857 293 15 21 1 0
1717 1253 21 25 1 0
1946 596 17 21 1 0
2032 37 15 20 1 0
2463 177 15 20 1 0
1446 1248 22 32 1 0
2061 283 16 20 1 0
1358 224 16 18 1 0
1850 593 23 29 1 0
493 75 17 29 1 0
1261 919 22 32 1 0
1995 960 21 25 1 0
1749 1138 21 25 1 0
1824 484 23 29 1 0
156 96 17 29 1 0
2514 676 17 21 1 0
2463 474 17 21 1 0
763 320 22 26 1 0
1629 273 16 18 1 0
1352 693 23 29 1 0
245 244 17 29 1 0
491 226 17 29 1 0
1556 401 23 29 1 0
1439 682 23 29 1 0
1468 729 23 29 1 0
2198 1013 21 25 1 0
419 76 17 29 1 0
1045 654 23 29 1 0
657 612 18 30 1 0
2233 537 17 21 1 0
615 492 18 30 1 0
305 758 18 30 1 0
1850 87 15 20 1 0
2477 1122 21 25 1 0
1778 668 23 29 1 0
171 664 18 30 1 0
2044 57 15 20 1 0
916 24 15 21 1 0
1375 1486 22 32 1 0
1966 1275 21 25 1 0
2399 744 17 21 1 0
1288 343 16 18 1 0
1125 637 23 29 1 0
690 249 15 21 1 0
2187 271 15 20 1 0
225 433 18 30 1 0
2492 470 17 21 1 0
139 190 17 29 1 0
354 183 17 29 1 0
1259 1068 22 32 1 0
2367 1064 21 25 1 0
1666 180 16 18 1 0
2279 379 17 21 1 0
2434 361 17 21 1 0
1353 289 16 18 1 0
1688 547 23 29 1 0
1901 356 17 21 1 0
146 696 18 30 1 0
436 760 18 30 1 0
1383 567 23 29 1 0
1091 705 23 29 1 0
1427 736 23 29 1 0
167 138 17 29 1 0
1124 469 23 29 1 0
1049 711 23 29 1 0
1338 1428 22 32 1 0
987 75 15 21 1 0
1811 535 23 29 1 0
11 645 18 30 1 0
146 320 18 30 1 0
578 692 18 30 1 0
1315 455 23 29 1 0
2015 1344 21 25 1 0
1503 1524 21 28 1 0
2193 469 17 21 1 0
2517 802 17 21 2 0
320 190 17 29 1 0
1749 928 21 25 1 0
1226 700 23 29 1 0
2259 80 15 20 1 0
2149 575 17 21 1 0
2074 367 17 21 1 0
2394 328 17 21 1 0
2340 192 15 20 1 0
2251 114 15 20 1 0
91 378 18 30 1 0
1325 618 23 29 1 0
2458 1073 21 25 1 0
2405 1073 21 25 1 0
1670 1243 21 25 1 0
1858 223 15 20 1 0
2135 261 15 20 1 0
1463 614 23 29 2 0
872 77 15 21 1 0
1860 712 23 29 1 0
1458 451 23 29 1 0
1809 611 23 29 1 0
462 305 17 29 1 0
782 70 15 21 1 0
1401 1399 22 32 1 0
279 132 17 29 1 0
2189 384 17 21 1 0
1241 338 16 18 1 0
1282 790 23 29 1 0
2535 467 17 21 1 0
2375 370 17 21 1 0
1009 1119 22 32 1 0
2227 229 15 20 1 0
1344 1464 22 32 1 0
296 314 18 30 1 0
2159 1154 21 25 1 0
1520 454 23 29 1 0
2088 581 17 21 1 0
1635 118 16 18 1 0
418 295 17 29 1 0
656 697 18 30 1 0
1694 683 23 29 1 0
1818 343 16 18 1 0
399 683 18 30 1 0
1489 687 23 29 1 0
1813 284 16 18 1 0
2287 1302 21 25 1 0
1336 904 22 32 1 0
2223 442 17 21 1 0
2239 937 21 25 1 0
1001 891 22 32 1 0
1230 390 23 29 1 0
1656 1366 21 25 1 0
2488 214 15 20 1 0
2195 1335 21 25 1 0
1985 595 17 21 1 0
775 416 22 26 1 0
59 615 18 30 1 0
439 428 18 30 1 0
1980 1377 21 25 1 0
1856 186 15 20 1 0
2180 69 15 20 1 0
2516 69 15 20 1 0
330 238 17 29 1 0
226 310 17 29 1 0
2338 419 17 21 1 0
573 11 16 25 1 0
1903 167 15 20 1 0
1852 549 23 29 1 0
2314 1085 21 25 1 0
1773 472 23 29 1 0
1910 903 21 25 1 0
1059 29 15 21 1 0
2487 736 17 21 1 0
2376 1284 21 25 1 0
25 194 17 29 1 0
1757 389 23 29 1 0
624 239 15 21 1 0
695 196 15 21 1 0
1765 1207 21 25 1 0
2378 705 17 21 1 0
588 228 15 23 1 0
2067 1164 21 25 1 0
1550 1299 22 32 1 0
489 418 18 30 1 0
1792 119 16 18 1 0
2297 128 15 20 1 0
676 77 15 21 1 0
2134 119 15 20 1 0
1247 1078 22 32 1 0
1573 458 23 29 1 0
258 763 18 30 1 0
2542 209 15 20 1 0
2528 723 17 21 1 0
2435 748 17 21 1 0
1507 1399 22 32 1 0
1578 83 16 18 1 0
517 808 18 30 1 0
2468 624 17 21 1 0
547 822 18 30 1 0
190 206 17 29 1 0
625 36 15 21 1 0
1647 333 16 18 1 0
363 236 17 29 1 0
1883 110 15 20 1 0
1769 33 16 18 1 0
1438 278 16 18 1 0
998 162 15 21 1 0
572 361 18 30 1 0
2489 32 15 20 1 0
737 225 15 21 1 0
1193 1013 22 32 1 0
178 379 18 30 1 0
2318 206 15 20 1 0
922 1065 22 32 1 0
930 126 15 21 1 0
887 134 15 21 1 0
1654 546 23 29 1 0
1450 1142 22 32 1 0
1987 848 20 24 1 0
577 490 18 30 1 0
2333 622 17 21 1 0
2254 1227 21 25 1 0
2183 586 17 21 1 0
1454 1212 22 32 1 0
1182 690 23 29 1 0
2002 1023 21 25 1 0
671 37 15 21 1 0
1651 1273 21 25 1 0
2516 796 17 21 2 0
1164 745 23 29 1 0
865 914 22 32 1 0
1532 1109 22 32 2 0
285 202 17 29 1 0
354 582 18 30 1 0
711 334 22 26 1 0
2183 435 17 21 1 0
735 71 15 21 1 0
48 442 18 30 1 0
309 85 17 29 1 0
1299 894 22 32 1 0
1675 885 21 25 1 0
912 905 22 32 1 0
714 620 22 26 1 0
1529 238 16 18 1 0
1531 1275 22 32 1 0
2294 1136 21 25 1 0
140 402 18 30 1 0
2473 313 16 20 1 0
2174 196 15 20 1 0
1479 500 23 29 1 0
2001 98 15 20 1 0
1351 1270 22 32 1 0
545 237 17 29 1 0
2537 519 17 21 1 0
1798 1210 21 25 1 0
509 499 18 30 1 0
121 462 18 30 2 0
519 306 17 29 1 0
1981 314 17 21 1 0
1315 347 16 18 1 0
428 504 18 30 1 0
1931 1282 21 25 1 0
2023 374 17 21 1 0
1961 709 17 21 1 0
2274 515 17 21 1 0
478 140 17 29 1 0
927 28 15 21 1 0
1545 92 16 18 1 0
620 704 18 30 1 0
554 782 18 30 1 0
2384 1193 21 25 1 0
1992 389 17 21 1 0
1228 826 22 30 1 0
1374 1430 22 32 1 0
1759 717 23 29 2 0
323 767 18 30 1 0
1343 506 23 29 1 0
2140 952 21 25 1 0
239 144 17 29 1 0
1285 638 23 29 1 0
843 76 15 21 1 0
2018 287 16 20 1 0
1630 838 22 28 1 0
874 1076 22 32 1 0
1600 537 23 29 1 0
426 667 18 30 1 0
1198 844 22 32 1 0
1887 265 15 19 1 0
462 371 18 30 1 0
2354 37 15 20 1 0
1568 818 23 29 1 0
60 375 18 30 1 0
1628 1367 21 25 1 0
130 126 17 29 1 0
1578 319 16 18 1 0
2492 531 17 21 1 0
679 556 22 26 1 0
2157 435 17 21 1 0
588 121 16 25 1 0
1936 442 17 21 1 0
2267 227 15 20 1 0
321 595 18 30 1 0
1644 1168 21 25 1 0
453 95 17 29 1 0
557 136 16 27 1 0
2411 276 15 20 1 0
1251 997 22 32 1 0
462 29 17 29 1 0
1439 127 16 18 1 0
1502 550 23 29 1 0
1717 1315 21 25 1 0
66 539 18 30 1 0
1744 233 16 18 1 0
973 956 22 32 1 0
2542 162 15 20 1 0
1273 753 23 29 2 0
2367 530 17 21 1 0
310 442 18 30 1 0
234 764 18 30 1 0
1633 725 23 29 1 0
1741 846 22 27 1 0
553 211 16 27 1 0
2226 1155 21 25 1 0
1152 580 23 29 1 0
2116 1025 21 25 1 0
828 308 15 21 1 0
1697 1338 21 25 1 0
2507 578 17 21 1 0
920 81 15 21 1 0
1828 663 23 29 1 0
857 34 15 21 1 0
2236 463 17 21 1 0
889 891 22 32 1 0
1480 1201 22 32 1 0
580 627 18 30 1 0
1329 235 16 18 1 0
2228 181 15 20 1 0
2510 120 15 20 1 0
1099 508 23 29 1 0
551 323 18 30 1 0
1599 797 23 29 1 0
2314 1153 21 25 1 0
1286 452 23 29 1 0
1308 579 23 29 1 0
175 305 17 29 1 0
2055 655 17 21 1 0
2268 175 15 20 1 0
532 714 18 30 1 0
2184 962 21 25 1 0
279 60 17 29 1 0
1545 556 23 29 1 0
64 317 18 30 1 0
978 851 22 32 1 0
896 350 22 26 1 0
953 186 15 21 1 0
84 606 18 30 1 0
1084 848 22 32 1 0
1003 733 22 31 1 0
840 142 15 21 1 0
1760 281 16 18 1 0
1028 866 22 32 1 0
2558 678 17 21 1 0
1400 289 16 18 1 0
2464 105 15 20 1 0
381 581 18 30 1 0
1183 485 23 29 1 0
1402 339 16 18 1 0
1157 1037 22 32 1 0
2152 377 17 21 1 0
1950 368 17 21 1 0
744 465 22 26 1 0
1599 448 23 29 1 0
2011 1113 21 25 1 0
1620 1400 21 25 1 0
1660 1068 21 25 1 0
144 81 17 29 1 0
2456 225 15 20 1 0
2117 1080 21 25 1 0
1225 910 22 32 1 0
896 37 15 21 1 0
141 619 18 30 1 0
1596 401 23 29 1 0
1431 1345 22 32 1 0
1411 1217 22 32 1 0
2271 268 15 20 1 0
1477 285 16 18 1 0
2354 458 17 21 1 0
1649 439 23 29 1 0
