1542 291 25 28 1 0
176 141 25 28 1 0
776 14 25 28 1 0
161 125 25 28 1 0
413 787 37 43 1 0
1750 1062 37 43 1 0
287 760 37 43 1 0
977 351 25 28 1 0
411 576 27 37 1 0
699 151 25 28 1 0
271 580 27 37 1 0
506 675 37 43 1 0
343 234 25 28 1 0
182 476 27 37 1 0
756 563 27 37 1 0
870 1039 37 43 1 0
1512 587 27 37 1 0
116 375 27 37 1 0
1292 576 27 37 1 0
1457 27 25 28 1 0
915 330 25 28 1 0
1208 255 25 28 1 0
688 434 27 37 1 0
653 753 37 43 1 0
707 604 27 37 1 0
1538 349 25 28 1 0
1204 538 27 37 1 0
1535 741 37 43 1 0
1239 262 25 28 1 0
1778 836 37 43 1 0
1375 13 25 28 1 0
1110 847 37 43 1 0
1443 98 25 28 1 0
514 809 37 43 1 0
733 445 27 37 1 0
563 754 37 43 1 0
1112 303 25 28 1 0
394 382 27 37 1 0
1340 690 37 43 1 0
862 301 25 28 1 0
1822 35 25 28 1 0
637 38 25 28 1 0
245 35 25 28 1 0
1403 630 27 37 1 0
1738 346 25 28 1 0
114 121 25 28 1 0
1515 23 25 28 1 0
485 760 37 43 1 0
611 178 25 28 1 0
1253 989 37 43 1 0
795 610 27 37 1 0
177 33 25 28 1 0
984 991 37 43 1 0
1256 762 37 43 1 0
571 231 25 28 1 0
1145 881 37 43 1 0
1090 829 37 43 1 0
259 420 27 37 1 0
1113 288 25 28 1 0
1289 769 37 43 1 0
1444 501 27 37 1 0
305 424 27 37 1 0
1149 375 27 37 1 0
766 55 25 28 1 0
1202 43 25 28 1 0
482 380 27 37 1 0
431 164 25 28 1 0
658 168 25 28 1 0
147 379 27 37 1 0
1268 73 25 28 1 0
1314 100 25 28 1 0
486 99 25 28 1 0
1224 633 27 37 1 0
283 731 37 43 1 0
1513 922 37 43 1 0
1863 189 25 28 1 0
962 953 37 43 1 0
781 825 37 43 1 0
185 557 27 37 1 0
675 208 25 28 1 0
1018 864 37 43 1 0
1608 353 25 28 1 0
205 605 27 37 1 0
224 468 27 37 1 0
1409 34 25 28 1 0
1752 704 37 43 1 0
1564 716 37 43 1 0
1714 62 25 28 1 0
1420 443 27 37 1 0
1243 480 27 37 1 0
1825 247 25 28 1 0
1006 470 27 37 1 0
1443 851 37 43 1 0
137 235 25 28 1 0
675 361 26 32 1 0
613 638 32 40 1 0
1330 8 25 28 1 0
272 1046 37 43 1 0
1880 356 25 30 1 0
569 1036 37 43 1 0
254 330 25 28 1 0
248 426 27 37 1 0
416 723 37 43 1 0
1678 518 27 37 1 0
1009 665 27 37 1 0
299 534 27 37 1 0
1000 82 25 28 1 0
727 527 27 37 1 0
896 14 25 28 1 0
1703 635 27 37 1 0
934 514 27 37 1 0
1600 73 25 28 1 0
486 193 25 28 1 0
1895 161 25 28 1 0
442 115 25 28 1 0
1182 893 37 43 1 0
1240 306 25 28 1 0
255 464 27 37 1 0
635 924 37 43 1 0
351 77 25 28 1 0
1265 729 37 43 1 0
468 406 27 37 1 0
816 340 25 28 1 0
1430 1051 37 43 1 0
525 287 25 28 1 0
705 342 25 28 1 0
1014 709 37 43 1 0
139 20 25 28 1 0
1833 143 25 28 1 0
949 103 25 28 1 0
1320 886 37 43 1 0
1472 644 27 37 1 0
608 375 27 37 1 0
994 11 25 28 1 0
386 103 25 28 1 0
768 608 27 37 1 0
698 1010 37 43 1 0
617 308 25 28 1 0
1540 577 27 37 1 0
1123 412 27 37 1 0
864 572 27 37 1 0
607 432 27 37 1 0
1881 827 37 43 1 0
154 258 25 28 1 0
1842 206 25 28 1 0
299 678 37 43 1 0
1268 798 37 43 1 0
898 636 27 37 1 0
989 283 25 28 1 0
347 425 27 37 1 0
1554 954 37 43 1 0
1644 740 37 43 1 0
1190 409 27 37 1 0
633 618 27 37 1 0
1327 715 37 43 1 0
424 700 37 43 1 0
1413 109 25 28 1 0
575 529 27 37 1 0
1115 253 25 28 1 0
1564 27 25 28 1 0
939 430 27 37 1 0
1760 291 25 28 1 0
663 513 27 37 1 0
1704 291 25 28 1 0
1303 284 25 28 1 0
1136 668 27 37 1 0
786 909 37 43 1 0
1528 555 27 37 1 0
1420 137 25 28 1 0
1456 564 27 37 1 0
447 793 37 43 1 0
440 474 27 37 1 0
748 221 25 28 1 0
1548 810 37 43 1 0
448 897 37 43 1 0
1072 733 37 43 1 0
794 23 25 28 1 0
1776 431 27 37 1 0
270 533 27 37 1 0
1041 156 25 28 1 0
315 588 27 37 1 0
802 15 25 28 1 0
405 475 27 37 1 0
339 556 27 37 1 0
81 109 25 28 1 0
671 540 27 37 1 0
104 274 25 28 1 0
355 904 37 43 1 0
732 648 27 37 1 0
1356 169 25 28 1 0
1340 667 27 37 1 0
1218 423 27 37 1 0
618 226 25 28 1 0
550 873 37 43 1 0
1488 508 27 37 1 0
492 30 25 28 1 0
212 567 27 37 1 0
1836 499 27 37 1 0
994 537 27 37 1 0
574 715 37 43 1 0
437 753 37 43 1 0
128 533 27 37 1 0
244 399 27 37 1 0
1851 74 25 28 1 0
1305 1025 37 43 1 0
603 473 27 37 1 0
1520 281 25 28 1 0
238 354 26 32 1 0
413 50 25 28 1 0
811 84 25 28 1 0
116 481 27 37 1 0
676 52 25 28 1 0
688 93 25 28 1 0
1681 429 27 37 1 0
177 525 27 37 1 0
1563 666 27 37 1 0
715 19 25 28 1 0
377 758 37 43 1 0
1742 952 37 43 1 0
1174 397 27 37 1 0
1130 354 25 30 1 0
447 521 27 37 1 0
1374 188 25 28 1 0
456 839 37 43 1 0
178 117 25 28 1 0
1779 467 27 37 1 0
1112 695 37 43 1 0
571 71 25 28 1 0
212 877 37 43 1 0
698 768 37 43 1 0
747 689 37 43 1 0
1102 94 25 28 1 0
812 231 25 28 1 0
1457 908 37 43 1 0
950 388 27 37 1 0
1144 590 27 37 1 0
41 538 27 37 1 0
1896 626 27 37 1 0
253 705 37 43 1 0
1794 67 25 28 1 0
642 708 37 43 1 0
584 95 25 28 1 0
525 855 37 43 1 0
1504 687 37 43 1 0
564 19 25 28 1 0
679 689 37 43 1 0
1077 880 37 43 1 0
108 332 25 28 1 0
231 152 25 28 1 0
49 472 27 37 1 0
484 591 27 37 1 0
587 698 37 43 1 0
600 161 25 28 1 0
876 465 27 37 1 0
1556 312 25 28 1 0
1899 546 27 37 1 0
490 467 27 37 1 0
1022 809 37 43 1 0
1644 545 27 37 1 0
1711 188 25 28 1 0
700 446 27 37 1 0
1665 31 25 28 1 0
941 738 37 43 1 0
1707 553 27 37 1 0
1019 56 25 28 1 0
780 369 26 32 1 0
702 655 32 40 1 0
840 878 37 43 1 0
1664 258 25 28 1 0
978 451 27 37 1 0
493 565 27 37 1 0
1052 332 25 28 1 0
744 265 25 28 1 0
536 964 37 43 1 0
922 583 27 37 1 0
615 826 37 43 1 0
1673 789 37 43 1 0
987 751 37 43 1 0
1258 49 25 28 1 0
245 667 27 37 1 0
1036 443 27 37 1 0
1274 126 25 28 1 0
893 551 27 37 1 0
1728 978 37 43 1 0
61 584 27 37 1 0
1251 547 27 37 1 0
477 546 27 37 1 0
1788 193 25 28 1 0
799 553 27 37 1 0
1642 266 25 28 1 0
238 138 25 28 1 0
1567 694 37 43 1 0
856 69 25 28 1 0
1881 275 25 28 1 0
585 580 27 37 1 0
1130 945 37 43 1 0
540 35 25 28 1 0
1286 493 27 37 1 0
723 390 27 37 1 0
909 48 25 28 1 0
867 9 25 28 1 0
588 915 37 43 1 0
602 68 25 28 1 0
1185 345 25 28 1 0
789 296 25 28 1 0
1218 351 25 28 1 0
396 252 25 28 1 0
617 658 37 43 1 0
695 847 37 43 1 0
1080 646 27 37 1 0
1530 168 25 28 1 0
1018 583 27 37 1 0
376 974 37 43 1 0
160 490 27 37 1 0
1706 250 25 28 1 0
1053 868 37 43 1 0
1486 343 25 28 1 0
645 394 27 37 1 0
756 19 25 28 1 0
1623 1058 37 43 1 0
1355 481 27 37 1 0
1572 536 27 37 1 0
100 464 27 37 1 0
666 95 25 28 1 0
439 1038 37 43 1 0
470 282 25 28 1 0
1548 1043 37 43 1 0
534 511 27 37 1 0
6 99 25 28 1 0
1808 138 25 28 1 0
1246 712 37 43 1 0
536 1054 37 43 1 0
862 625 27 37 1 0
687 321 25 28 1 0
1588 1008 37 43 1 0
1372 103 25 28 1 0
433 9 25 28 1 0
1605 559 27 37 1 0
1188 486 27 37 1 0
436 822 37 43 1 0
322 136 25 28 1 0
1352 593 27 37 1 0
297 86 25 28 1 0
1898 199 25 28 1 0
154 29 25 28 1 0
479 9 25 28 1 0
920 438 27 37 1 0
276 229 25 28 1 0
1254 257 25 28 1 0
1380 306 25 28 1 0
605 579 27 37 1 0
1563 492 27 37 1 0
522 721 37 43 1 0
1696 753 37 43 1 0
1107 618 27 37 1 0
1135 325 25 28 1 0
1408 575 27 37 1 0
1340 854 37 43 1 0
1208 587 27 37 1 0
1884 246 25 28 1 0
817 33 25 28 1 0
482 984 37 43 1 0
935 544 27 37 1 0
893 62 25 28 1 0
687 410 27 37 1 0
747 745 37 43 1 0
49 679 37 43 1 0
862 206 25 28 1 0
79 651 27 37 1 0
488 430 27 37 1 0
693 900 37 43 1 0
368 12 25 28 1 0
1356 77 25 28 1 0
1117 201 25 28 1 0
729 39 25 28 1 0
394 14 25 28 1 0
1552 79 25 28 1 0
1130 553 27 37 1 0
1502 223 25 28 1 0
1509 709 37 43 1 0
1430 192 25 28 1 0
1626 412 27 37 1 0
1816 328 25 28 1 0
1784 858 37 43 1 0
652 365 26 32 1 0
517 345 25 28 1 0
1061 800 37 43 1 0
1643 517 27 37 1 0
1152 58 25 28 1 0
1134 725 37 43 1 0
690 216 25 28 1 0
1529 323 25 28 1 0
191 196 25 28 1 0
279 161 25 28 1 0
241 266 25 28 1 0
72 420 27 37 1 0
1576 298 25 28 1 0
888 967 37 43 1 0
1363 454 27 37 1 0
824 733 37 43 1 0
89 67 25 28 1 0
930 596 27 37 1 0
1704 271 25 28 1 0
220 83 25 28 1 0
1049 572 27 37 1 0
691 32 25 28 1 0
1726 308 25 28 1 0
1735 255 25 28 1 0
1848 898 37 43 1 0
246 600 27 37 1 0
240 507 27 37 1 0
167 85 25 28 1 0
625 60 25 28 1 0
65 737 37 43 1 0
589 818 37 43 1 0
746 50 25 28 1 0
450 276 25 28 1 0
569 256 25 28 1 0
90 524 27 37 1 0
779 390 27 37 1 0
307 924 37 43 1 0
529 233 25 28 1 0
1570 232 25 28 1 0
883 589 27 37 1 0
180 303 25 28 1 0
488 636 29 38 1 0
1560 841 37 43 1 0
935 884 37 43 1 0
1517 196 25 28 1 0
66 74 25 28 1 0
840 13 25 28 1 0
1166 716 37 43 1 0
815 705 37 43 1 0
1314 312 25 28 1 0
625 348 25 28 1 0
1120 498 27 37 1 0
1726 130 25 28 1 0
1314 548 27 37 1 0
1904 26 25 28 1 0
1776 800 37 43 1 0
1620 745 37 43 1 0
1765 323 25 28 1 0
322 990 37 43 1 0
262 339 25 28 1 0
783 568 27 37 1 0
506 776 37 43 1 0
1185 127 25 28 1 0
1300 123 25 28 1 0
1883 486 27 37 1 0
1680 317 25 28 1 0
1713 38 25 28 1 0
45 356 26 34 1 0
1493 877 37 43 1 0
1549 893 37 43 1 0
373 785 37 43 1 0
1782 33 25 28 1 0
45 287 25 30 1 0
268 875 37 43 1 0
1643 938 37 43 1 0
1136 807 37 43 1 0
132 99 25 28 1 0
1793 535 27 37 1 0
723 281 25 28 1 0
1889 27 25 28 1 0
432 603 27 37 1 0
1432 63 25 28 1 0
757 107 25 28 1 0
557 65 25 28 1 0
1422 889 37 43 1 0
353 385 27 37 1 0
45 561 27 37 1 0
1037 947 37 43 1 0
186 364 26 32 1 0
700 583 27 37 1 0
639 98 25 28 1 0
1908 408 26 32 1 0
878 769 37 43 1 0
116 63 25 28 1 0
735 8 25 28 1 0
1367 356 26 32 1 0
913 223 25 28 1 0
1264 331 25 28 1 0
1769 867 37 43 1 0
302 328 25 28 1 0
836 668 27 37 1 0
945 800 37 43 1 0
520 648 34 41 1 0
456 381 27 37 1 0
339 732 37 43 1 0
1665 53 25 28 1 0
