1073 1742 25 41 1 0
2049 1586 9 9 1 0
271 1558 13 17 1 0
1717 1748 25 41 1 0
223 1744 18 28 1 0
616 3128 118 142 1 0
535 2034 35 42 1 0
2257 1552 9 9 1 0
1155 1869 25 41 1 0
2188 1627 18 22 1 0
2700 1750 37 39 1 0
1541 1794 25 41 1 0
2375 1639 18 22 1 0
3586 1568 10 12 1 0
2890 3366 134 131 1 0
2304 1708 18 22 1 0
2133 1636 18 22 1 0
2497 1786 37 39 1 0
3574 1564 10 12 1 0
2606 1761 37 39 1 0
1834 1704 18 22 1 0
4186 3367 134 131 1 0
1773 1787 25 41 1 0
1923 1660 18 22 1 0
516 1549 13 17 1 0
3800 1803 22 29 1 0
4294 1859 25 31 1 0
127 2002 35 42 1 0
469 1705 18 28 1 0
2519 1874 37 39 1 0
2632 1876 37 39 1 0
2499 1815 37 39 1 0
3663 1677 22 29 1 0
943 1697 18 28 1 0
1885 1731 25 41 1 0
1518 1802 25 41 1 0
1642 2359 41 58 1 0
4897 1580 11 11 1 0
1978 2954 118 142 1 0
1961 1619 18 22 1 0
739 2030 35 42 1 0
3770 1818 22 29 1 0
363 2280 70 85 1 0
3622 1815 22 29 1 0
4212 1853 25 31 1 0
1854 1792 25 41 1 0
3665 1741 22 29 1 0
3266 2328 73 88 1 0
1423 1651 18 19 1 0
1874 1939 25 41 1 0
154 1899 35 42 1 0
269 2075 35 42 1 0
4786 1819 25 31 1 0
1520 2382 70 85 1 0
60 1775 18 28 1 0
3853 1671 22 29 1 0
469 1540 13 17 1 0
1792 3017 118 142 1 0
3415 1560 10 12 1 0
4212 2966 118 142 1 0
1620 1709 25 41 1 0
3097 1652 14 18 1 0
2836 1607 14 18 1 0
2715 1800 37 39 1 0
2595 1870 37 39 1 0
1675 2469 70 85 1 0
4110 2255 58 65 1 0
1533 2081 41 58 1 0
2153 1563 9 9 1 0
3259 1980 37 39 1 0
938 1813 18 28 1 0
644 1563 13 17 1 0
4199 1838 25 31 1 0
4381 1975 30 37 1 0
1893 2380 70 85 1 0
4372 1868 25 31 1 0
3484 1730 22 29 1 0
2125 1663 18 22 1 0
4772 2036 30 37 1 0
834 1725 18 28 1 0
2874 1653 14 18 1 0
3081 1657 14 18 1 0
3276 1650 14 18 1 0
345 1736 18 28 1 0
1288 3408 134 131 1 0
2748 1588 14 18 1 0
2776 1772 37 39 1 0
2871 2361 73 88 1 0
3981 1742 25 31 1 0
1902 1638 18 22 1 0
4314 1893 30 37 1 0
1447 1766 25 41 1 0
560 1809 18 28 1 0
2420 1756 37 39 1 0
1984 1622 18 22 1 0
1675 2103 41 58 1 0
3621 1571 10 12 1 0
1955 1761 25 41 1 0
3059 3360 134 131 1 0
4272 1873 25 31 1 0
5061 1606 11 11 1 0
3356 1929 22 29 1 0
2100 1666 18 22 1 0
601 2748 118 142 1 0
2567 1657 14 18 1 0
4463 1760 25 31 1 0
2186 2666 118 142 1 0
2790 1681 14 18 1 0
2228 1634 18 22 1 0
2058 1631 18 22 1 0
1379 1665 18 19 1 0
1206 1789 25 41 1 0
4606 2221 58 65 1 0
1357 1668 18 19 1 0
3038 2499 73 88 1 0
1843 1623 18 22 1 0
1661 1725 25 41 1 0
2005 2888 118 142 1 0
2135 2511 70 85 1 0
1416 1530 12 8 1 0
2177 1677 18 22 1 0
788 1731 18 28 1 0
3187 1892 37 39 1 0
2021 1654 18 22 1 0
2941 2106 38 46 1 0
420 1912 35 42 1 0
1530 1930 25 41 1 0
2016 1830 25 41 1 0
2191 1701 18 22 1 0
1810 1703 18 22 1 0
1890 1652 18 22 1 0
4732 1711 25 31 1 0
2304 1549 9 9 1 0
3264 1785 37 39 1 0
3506 2014 38 46 1 0
2834 1843 37 39 1 0
2219 1564 9 9 1 0
2172 1559 9 9 1 0
3258 1646 14 18 1 0
1680 1900 25 41 1 0
1525 1516 12 8 1 0
2935 1840 37 39 1 0
1771 1622 18 22 1 0
1708 2119 41 58 1 0
3053 1746 14 18 1 0
1695 1547 12 8 1 0
3098 1741 14 18 1 0
1505 1714 18 19 1 0
1985 1717 18 22 1 0
4058 1761 25 31 1 0
1955 1730 18 22 1 0
1371 1774 25 41 1 0
2583 1620 14 18 1 0
3839 1791 22 29 1 0
2747 1887 37 39 1 0
268 1919 35 42 1 0
2111 1636 18 22 1 0
767 1723 18 28 1 0
2399 1759 37 39 1 0
2055 1724 18 22 1 0
1895 2311 41 58 1 0
4838 2327 58 65 1 0
2805 1780 37 39 1 0
899 1853 18 28 1 0
4072 1763 25 31 1 0
4549 1757 25 31 1 0
2029 1603 9 9 1 0
725 1735 18 28 1 0
135 1813 18 28 1 0
3663 1814 22 29 1 0
1403 1660 18 19 1 0
5132 1745 26 27 1 0
3606 1534 10 12 1 0
1965 1860 25 41 1 0
27 1906 35 42 1 0
3902 2188 58 65 1 0
2617 1645 14 18 1 0
502 2083 35 42 1 0
2838 1689 14 18 1 0
2211 1685 18 22 1 0
2698 2557 73 88 1 0
444 1707 18 28 1 0
3685 1813 22 29 1 0
2312 1628 18 22 1 0
936 2225 70 85 1 0
3625 2018 38 46 1 0
2372 1768 37 39 1 0
2443 1643 18 22 1 0
1169 1757 25 41 1 0
3319 1764 22 29 1 0
2924 1728 14 18 1 0
2094 3411 134 131 1 0
3491 1782 22 29 1 0
2364 1797 37 39 1 0
3251 1706 14 18 1 0
2307 1808 37 39 1 0
1308 1883 25 41 1 0
4170 2196 58 65 1 0
3161 1651 14 18 1 0
1623 1868 25 41 1 0
2350 1551 9 9 1 0
2200 1574 9 9 1 0
686 1738 18 28 1 0
561 1732 18 28 1 0
227 1722 18 28 1 0
2475 1726 18 22 1 0
2734 1999 38 46 1 0
3554 1570 10 12 1 0
1037 1875 25 41 1 0
