334 421 17 23 1 0
362 368 7 11 1 0
270 334 6 9 1 0
71 339 6 9 1 0
515 394 17 23 1 0
161 391 11 13 1 0
121 359 6 9 1 0
864 373 8 9 1 0
858 528 39 53 1 0
548 368 8 9 1 0
164 357 6 9 1 0
589 341 5 5 1 0
15 366 11 13 1 0
735 579 39 53 1 0
7 377 11 13 1 0
727 348 5 6 1 0
832 340 5 6 1 0
351 374 7 11 1 0
778 342 5 6 1 0
40 343 6 9 1 0
395 340 7 11 1 0
12 341 6 9 1 0
270 369 11 13 1 0
396 590 39 53 1 0
27 342 6 9 1 0
769 387 17 23 1 0
343 361 7 11 1 0
712 353 5 6 1 0
554 399 17 23 1 0
443 339 7 11 1 0
672 549 39 53 1 0
370 524 39 53 1 0
906 349 5 6 1 0
937 361 8 9 1 0
950 363 8 9 1 0
294 370 6 9 1 0
675 363 8 9 1 0
403 340 7 11 1 0
767 352 5 6 1 0
141 348 6 9 1 0
858 354 5 6 1 0
488 337 5 5 1 0
654 417 17 23 1 0
270 404 17 23 1 0
702 368 8 9 1 0
687 365 8 9 1 0
547 347 5 5 1 0
499 340 5 5 1 0
495 403 17 23 1 0
524 352 5 5 1 0
815 388 17 23 1 0
614 372 8 9 1 0
49 342 6 9 1 0
627 398 17 23 1 0
126 378 11 13 1 0
138 362 6 9 1 0
534 355 7 8 1 0
282 420 17 23 1 0
356 351 7 11 1 0
579 338 5 5 1 0
919 350 5 6 1 0
418 342 7 11 1 0
816 357 8 9 1 0
628 380 8 9 1 0
198 337 6 9 1 0
257 345 6 9 1 0
746 351 5 6 1 0
219 372 11 13 1 0
844 402 17 23 1 0
882 394 7 10 1 0
584 364 8 9 1 0
477 366 8 9 1 0
303 360 6 9 1 0
280 335 6 9 1 0
193 360 6 9 1 0
166 487 19 21 1 0
434 347 7 11 1 0
2 385 7 10 1 0
153 360 6 9 1 0
381 340 7 11 1 0
231 373 11 13 1 0
2 350 8 11 1 0
639 365 8 9 1 0
570 360 8 9 1 0
510 384 8 9 1 0
408 411 17 23 1 0
295 360 6 9 1 0
819 349 5 6 1 0
178 359 6 9 1 0
881 360 8 9 1 0
571 394 17 23 1 0
478 398 17 23 1 0
333 353 7 11 1 0
556 361 8 9 1 0
323 342 7 11 1 0
204 366 11 13 1 0
827 380 8 9 1 0
453 381 7 11 1 0
216 338 6 9 1 0
468 365 7 11 1 0
650 346 5 6 1 0
