393 95 6 8 1 0
391 137 7 9 1 0
349 106 6 8 1 0
445 88 6 8 1 0
417 150 8 11 1 0
301 91 6 8 1 0
469 235 11 15 1 0
163 46 3 4 1 0
732 199 9 13 1 0
267 135 7 9 1 0
201 69 3 4 1 0
234 198 11 15 1 0
334 161 8 11 1 0
392 101 6 8 1 0
657 183 8 11 1 0
296 163 7 10 1 0
407 101 6 8 1 0
520 188 9 13 1 0
662 170 8 11 1 0
271 194 10 14 1 0
282 102 6 8 1 0
575 136 8 11 1 0
169 82 3 4 1 0
477 158 8 11 1 0
568 129 6 8 1 0
450 223 11 15 1 0
257 126 6 8 1 0
367 106 6 8 1 0
226 139 8 11 1 0
430 97 6 8 1 0
245 141 8 11 1 0
54 56 3 4 1 0
448 93 6 8 1 0
791 200 8 12 1 0
215 100 6 8 1 0
67 53 3 4 1 0
357 108 6 8 1 0
693 268 11 15 1 0
397 144 8 11 1 0
216 66 3 4 1 0
294 110 6 8 1 0
430 160 8 11 1 0
267 74 3 4 1 0
168 66 3 4 1 0
347 278 12 17 1 0
149 44 3 4 1 0
139 372 17 24 1 0
544 209 9 13 1 0
370 263 11 15 1 0
631 273 11 15 1 0
472 298 17 24 1 0
253 99 6 8 1 0
131 80 3 4 1 0
125 63 3 4 1 0
416 233 11 15 1 0
200 88 6 8 1 0
321 172 8 12 1 0
369 273 11 15 1 0
637 150 8 11 1 0
588 270 11 15 1 0
593 223 11 15 1 0
405 109 6 8 1 0
241 74 3 5 1 0
528 127 6 8 1 0
286 135 6 8 1 0
316 133 6 8 1 0
374 153 8 11 1 0
487 135 7 9 1 0
399 256 12 17 1 0
399 245 12 17 1 0
395 287 17 24 1 0
548 165 8 11 1 0
598 153 8 11 1 0
580 165 8 11 1 0
152 78 3 4 1 0
446 109 6 8 1 0
451 140 8 11 1 0
232 125 6 8 1 0
599 148 8 11 1 0
437 109 6 8 1 0
298 108 6 8 1 0
163 70 3 4 1 0
382 133 7 9 1 0
221 109 6 8 1 0
394 121 6 8 1 0
249 199 11 15 1 0
91 361 17 24 1 0
477 252 12 17 1 0
277 79 6 8 1 0
359 199 11 15 1 0
280 146 8 11 1 0
498 262 14 19 1 0
556 186 8 12 1 0
361 161 8 11 1 0
611 195 11 15 1 0
176 338 17 24 1 0
626 192 8 11 1 0
415 109 6 8 1 0
498 152 8 11 1 0
362 138 6 8 1 0
506 169 7 9 1 0
280 90 6 8 1 0
359 119 6 8 1 0
715 181 8 12 1 0
443 95 6 8 1 0
272 164 8 11 1 0
561 222 11 15 1 0
270 88 6 8 1 0
514 117 6 8 1 0
304 243 11 15 1 0
384 207 11 15 1 0
150 62 3 4 1 0
292 141 6 8 1 0
368 222 11 15 1 0
32 133 3 4 1 0
391 109 6 8 1 0
301 83 6 8 1 0
565 160 8 11 1 0
422 119 6 8 1 0
484 223 11 15 1 0
413 141 8 11 1 0
223 64 3 4 1 0
227 78 5 7 1 0
51 52 3 4 1 0
182 372 17 24 1 0
612 146 8 11 1 0
419 102 6 8 1 0
256 275 12 17 1 0
344 117 6 8 1 0
234 135 7 9 1 0
458 93 6 8 1 0
622 150 8 11 1 0
572 178 8 11 1 0
314 95 6 8 1 0
348 158 7 10 1 0
283 128 6 8 1 0
774 277 11 16 1 0
241 135 7 9 1 0
223 87 6 8 1 0
406 171 8 11 1 0
648 324 17 24 1 0
460 110 6 8 1 0
542 135 6 8 1 0
19 132 3 4 1 0
61 55 3 4 1 0
295 227 11 15 1 0
337 103 6 8 1 0
545 156 7 9 1 0
378 227 11 15 1 0
154 51 3 4 1 0
25 53 3 4 1 0
403 219 11 15 1 0
252 138 6 8 1 0
357 248 11 15 1 0
209 87 6 8 1 0
611 154 8 11 1 0
375 107 6 8 1 0
152 68 3 4 1 0
240 89 6 8 1 0
155 60 3 4 1 0
308 175 8 11 1 0
485 109 6 8 1 0
43 53 3 4 1 0
524 239 11 15 1 0
212 76 4 6 1 0
259 292 17 24 1 0
318 165 7 10 1 0
243 126 6 8 1 0
646 156 8 11 1 0
29 52 3 4 1 0
457 181 8 11 1 0
284 75 3 4 1 0
523 123 6 8 1 0
536 319 17 24 1 0
445 151 8 11 1 0
173 77 3 4 1 0
238 94 6 8 1 0
263 233 11 15 1 0
513 295 17 24 1 0
529 170 7 9 1 0
309 91 6 8 1 0
4 136 3 4 1 0
269 125 6 8 1 0
387 95 6 8 1 0
268 117 6 8 1 0
472 95 6 8 1 0
176 47 3 4 1 0
274 261 14 19 1 0
155 68 3 4 1 0
298 187 8 12 1 0
282 305 17 24 1 0
389 191 10 14 1 0
123 74 3 4 1 0
298 79 6 8 1 0
658 244 11 15 1 0
235 144 8 11 1 0
156 46 3 4 1 0
199 101 6 8 1 0
327 110 6 8 1 0
600 172 8 11 1 0
570 134 8 11 1 0
385 159 8 11 1 0
429 109 6 8 1 0
