959 383 22 26 1 0
581 450 17 25 1 0
552 450 17 25 1 0
696 460 15 20 1 0
683 445 15 20 1 0
84 450 18 23 1 0
108 465 18 23 1 0
985 374 22 26 1 0
660 448 15 21 1 0
31 440 18 23 1 0
164 450 18 23 1 0
871 445 22 26 1 0
841 395 22 26 1 0
799 445 15 20 1 0
217 432 66 75 1 0
275 427 19 26 1 0
314 439 19 26 1 0
276 444 19 26 1 0
939 437 22 26 1 0
535 441 17 25 1 0
402 376 90 116 1 0
759 439 15 20 1 0
715 453 15 20 1 0
822 443 15 20 1 0
64 450 18 23 1 0
735 448 15 20 1 0
137 464 18 23 1 0
924 380 22 26 1 0
566 448 17 25 1 0
