336 385 17 21 1 0
211 163 13 16 1 0
948 60 5 7 1 0
294 375 17 21 1 0
245 461 17 21 1 0
285 418 17 21 1 0
455 132 11 15 1 0
637 59 8 10 1 0
273 165 13 16 1 0
36 270 17 19 1 0
264 300 17 19 1 0
605 80 11 15 1 0
150 193 13 16 1 0
658 138 11 15 1 0
504 80 11 15 1 0
497 142 13 16 1 0
383 87 11 15 1 0
497 126 11 15 1 0
435 286 17 19 1 0
683 112 10 13 1 0
588 31 8 10 1 0
510 270 17 19 1 0
537 104 11 15 1 0
476 215 17 19 1 0
643 94 11 15 1 0
523 139 11 15 1 0
596 96 11 15 1 0
215 233 17 19 1 0
718 75 8 10 1 0
530 114 11 15 1 0
589 131 11 15 1 0
178 278 17 19 1 0
627 125 11 15 1 0
198 484 17 21 1 0
169 171 13 16 1 0
570 70 11 15 1 0
187 431 17 21 1 0
438 243 17 19 1 0
646 68 8 10 1 0
223 187 13 16 1 0
610 69 11 15 1 0
92 506 17 21 1 0
358 274 17 19 1 0
373 346 17 21 1 0
585 228 15 17 1 0
141 358 17 21 1 0
328 250 17 19 1 0
544 176 13 16 1 0
379 126 11 15 1 0
135 515 17 21 1 0
523 73 11 15 1 0
551 351 17 19 1 0
327 153 13 16 1 0
743 51 8 10 1 0
564 110 11 15 1 0
535 68 8 10 1 0
225 389 17 21 1 0
345 196 13 16 1 0
116 462 17 21 1 0
472 181 13 16 1 0
661 73 11 15 1 0
363 218 17 19 1 0
457 117 11 15 1 0
314 152 13 16 1 0
313 284 17 19 1 0
549 35 8 10 1 0
511 41 8 10 1 0
393 236 17 19 1 0
590 52 8 10 1 0
591 69 11 15 1 0
408 240 17 19 1 0
588 197 13 16 1 0
283 142 13 16 1 0
330 354 17 21 1 0
534 86 11 15 1 0
353 139 11 15 1 0
429 100 11 15 1 0
419 227 17 19 1 0
9 252 16 18 1 0
827 48 5 7 1 0
680 87 8 10 1 0
343 143 13 16 1 0
506 184 13 16 1 0
116 170 13 16 1 0
276 247 17 19 1 0
629 100 11 15 1 0
515 193 13 16 1 0
252 196 13 16 1 0
480 288 17 19 1 0
384 111 11 15 1 0
548 221 17 19 1 0
335 124 11 15 1 0
682 73 8 10 1 0
433 136 11 15 1 0
269 188 13 16 1 0
296 129 11 15 1 0
382 200 13 16 1 0
100 209 15 17 1 0
27 229 17 19 1 0
480 100 11 15 1 0
61 368 17 21 1 0
563 12 8 11 1 0
534 234 17 19 1 0
659 104 11 15 1 0
304 221 17 19 1 0
567 139 11 15 1 0
453 190 13 16 1 0
294 118 11 15 1 0
158 243 17 19 1 0
496 219 17 19 1 0
410 62 11 15 1 0
392 154 13 16 1 0
537 123 11 15 1 0
694 96 9 12 1 0
403 222 17 19 1 0
647 24 9 12 1 0
385 301 17 19 1 0
