309 181 0 0 1 0
69 203 0 0 1 0
450 182 5 3 1 0
270 178 0 0 1 0
15 205 7 4 1 0
78 205 0 0 1 0
64 218 10 8 1 0
129 201 0 0 1 0
120 343 27 32 1 0
720 186 4 1 1 0
116 197 0 0 1 0
162 191 0 0 1 0
447 235 18 23 1 0
96 208 0 0 1 0
85 325 27 32 1 0
271 183 0 0 1 0
62 199 0 0 1 0
132 374 50 51 1 0
313 268 18 23 1 0
7 202 7 4 1 0
697 180 4 1 1 0
90 253 18 18 1 0
99 293 18 18 1 0
63 202 0 0 1 0
332 248 18 23 1 0
90 269 18 18 1 0
277 180 0 0 1 0
313 180 0 0 1 0
290 177 0 0 1 0
269 189 0 0 1 0
285 183 0 0 1 0
754 179 4 1 1 0
275 185 0 0 1 0
542 259 30 26 1 0
587 312 46 55 1 0
296 179 0 0 1 0
303 178 0 0 1 0
416 218 18 23 1 0
145 194 0 0 1 0
69 235 18 18 1 0
108 199 0 0 1 0
71 190 0 0 1 0
