128 582 6 7 1 0
937 583 6 7 1 0
276 551 6 7 1 0
113 539 6 7 1 0
30 610 7 8 1 0
63 539 6 7 1 0
359 603 6 7 1 0
325 574 6 7 1 0
605 560 6 7 1 0
224 599 6 7 1 0
336 639 9 9 1 0
444 571 6 7 1 0
325 549 6 7 1 0
457 604 6 7 1 0
241 643 9 9 1 0
66 576 6 7 1 0
87 546 6 7 1 0
898 604 6 7 1 0
55 606 6 7 1 0
836 598 6 7 1 0
456 550 6 7 1 0
232 546 6 7 1 0
206 575 6 7 1 0
921 576 6 7 1 0
257 555 6 7 1 0
641 552 6 7 1 0
378 591 6 7 1 0
305 677 9 9 1 0
276 585 6 7 1 0
205 553 6 7 1 0
3 650 8 8 1 0
637 568 6 7 1 0
152 591 6 7 1 0
419 568 6 7 1 0
270 642 9 9 1 0
98 584 6 7 1 0
456 561 6 7 1 0
345 543 6 7 1 0
121 564 6 7 1 0
142 595 6 7 1 0
289 579 6 7 1 0
98 598 6 7 1 0
319 596 6 7 1 0
204 589 6 7 1 0
164 534 6 7 1 0
189 598 6 7 1 0
314 614 9 9 1 0
51 643 9 9 1 0
186 579 6 7 1 0
399 594 6 7 1 0
411 580 6 7 1 0
552 580 6 7 1 0
410 631 9 9 1 0
941 575 6 7 1 0
715 563 6 7 1 0
51 542 6 7 1 0
862 578 6 7 1 0
354 660 9 9 1 0
29 648 9 9 1 0
909 558 6 7 1 0
599 567 6 7 1 0
288 600 6 7 1 0
459 577 6 7 1 0
240 555 6 7 1 0
821 559 6 7 1 0
635 557 6 7 1 0
683 563 6 7 1 0
156 632 9 9 1 0
919 552 6 7 1 0
304 573 6 7 1 0
587 583 6 7 1 0
21 544 6 7 1 0
220 644 9 9 1 0
428 577 6 7 1 0
254 644 9 9 1 0
373 653 9 9 1 0
295 546 6 7 1 0
615 562 6 7 1 0
139 583 6 7 1 0
36 582 6 7 1 0
483 582 6 7 1 0
311 549 6 7 1 0
335 612 9 9 1 0
156 583 6 7 1 0
947 602 6 7 1 0
503 573 6 7 1 0
355 587 6 7 1 0
426 607 6 7 1 0
873 568 6 7 1 0
337 597 6 7 1 0
169 599 6 7 1 0
923 592 6 7 1 0
190 543 6 7 1 0
79 665 9 9 1 0
864 550 6 7 1 0
46 658 9 9 1 0
34 550 6 7 1 0
311 661 9 9 1 0
608 666 9 9 1 0
924 557 6 7 1 0
3 541 6 7 1 0
715 555 6 7 1 0
243 588 6 7 1 0
4 556 6 7 1 0
154 531 6 7 1 0
57 580 6 7 1 0
71 651 9 9 1 0
322 561 6 7 1 0
164 553 6 7 1 0
261 578 6 7 1 0
114 587 6 7 1 0
