239 199 14 16 1 0
409 180 12 14 1 0
160 177 12 14 1 0
379 181 12 14 1 0
383 202 14 16 1 0
498 337 68 92 1 0
316 185 14 16 1 0
177 173 12 14 1 0
423 288 28 41 1 0
100 364 68 92 1 0
425 188 14 16 1 0
118 232 18 27 1 0
405 221 18 27 1 0
428 245 28 41 1 0
618 284 35 45 1 0
248 183 14 16 1 0
135 179 12 14 1 0
216 164 12 14 1 0
266 177 12 14 1 0
208 292 34 39 1 0
105 175 12 14 1 0
46 180 12 14 1 0
250 235 18 27 1 0
586 239 28 41 1 0
49 197 14 16 1 0
164 220 18 27 1 0
117 190 14 16 1 0
147 197 14 16 1 0
175 202 14 16 1 0
304 174 12 14 1 0
201 198 14 16 1 0
133 166 12 14 1 0
27 177 12 14 1 0
298 194 14 16 1 0
240 170 12 14 1 0
231 174 12 14 1 0
255 170 12 14 1 0
211 171 12 14 1 0
424 225 18 27 1 0
70 180 12 14 1 0
216 195 14 16 1 0
112 166 12 14 1 0
334 233 18 27 1 0
64 268 34 39 1 0
293 179 12 14 1 0
94 180 12 14 1 0
143 172 12 14 1 0
8 179 12 14 1 0
465 219 18 27 1 0
197 222 18 27 1 0
350 177 12 14 1 0
459 184 14 16 1 0
150 231 18 27 1 0
203 171 12 14 1 0
92 167 12 14 1 0
160 168 12 14 1 0
192 172 12 14 1 0
524 226 14 16 1 0
282 173 12 14 1 0
105 166 12 14 1 0
367 174 12 14 1 0
190 166 12 14 1 0
295 358 68 92 1 0
71 197 14 16 1 0
23 188 12 14 1 0
321 174 12 14 1 0
101 199 14 16 1 0
344 169 12 14 1 0
80 171 12 14 1 0
383 172 12 14 1 0
38 169 12 14 1 0
513 182 12 14 1 0
279 196 14 16 1 0
488 181 12 14 1 0
428 177 12 14 1 0
360 198 14 16 1 0
274 216 18 27 1 0
275 254 28 41 1 0
497 187 14 16 1 0
