108 397 3 4 1 1
838 470 27 24 1 1
194 455 14 21 1 1
128 445 14 21 1 1
162 443 14 21 1 1
805 410 12 12 1 1
85 407 3 4 1 1
922 402 12 12 1 1
361 446 14 21 1 1
173 398 3 4 1 1
619 419 12 12 1 1
650 412 12 12 1 1
320 443 14 21 1 1
135 401 3 4 1 1
256 443 14 21 1 1
240 402 3 4 1 1
52 452 38 38 1 0
636 432 19 22 1 1
395 485 39 56 1 0
857 421 12 12 1 1
486 442 48 57 1 0
909 464 63 82 1 0
744 407 12 12 1 1
684 418 12 12 1 1
891 411 12 12 1 1
393 431 14 21 1 1
85 473 37 51 1 0
903 414 12 12 1 1
702 419 12 12 1 1
766 430 12 12 1 1
428 440 14 21 1 1
602 420 12 12 1 1
