315 143 6 7 1 0
550 286 6 7 1 0
281 127 6 7 1 0
567 172 4 5 1 0
362 10 3 4 1 0
597 309 6 7 1 0
538 186 4 5 1 0
408 122 6 7 1 0
577 361 6 7 1 0
496 374 6 7 1 0
145 294 6 4 1 0
592 236 6 7 1 0
461 367 6 7 1 0
237 340 6 4 1 0
311 372 6 4 1 0
372 126 6 7 1 0
398 128 6 7 1 0
483 210 4 5 1 0
73 170 11 11 1 0
322 238 6 4 1 0
79 35 6 9 1 0
543 381 6 7 1 0
513 165 4 5 1 0
533 269 6 7 1 0
373 282 6 4 1 0
481 141 4 5 1 0
632 347 6 7 1 0
405 350 6 4 1 0
605 173 4 5 1 0
616 219 4 5 1 0
341 34 3 4 1 0
439 177 6 7 1 0
575 219 4 5 1 0
561 334 6 7 1 0
230 179 6 7 1 0
477 222 4 5 1 0
223 189 6 7 1 0
287 234 6 7 1 0
101 64 6 9 1 0
330 150 6 7 1 0
193 377 6 4 1 0
200 348 6 4 1 0
449 105 4 5 1 0
532 280 6 7 1 0
71 36 6 9 1 0
622 160 4 5 1 0
279 63 3 4 1 0
194 108 6 7 1 0
641 246 6 7 1 0
163 3 6 9 1 0
187 219 6 7 1 0
521 286 6 7 1 0
479 267 6 7 1 0
124 6 6 9 1 0
419 294 6 4 1 0
247 166 6 7 1 0
408 92 5 6 1 0
418 94 6 7 1 0
598 94 4 5 1 0
503 117 4 5 1 0
429 113 6 7 1 0
606 145 4 5 1 0
438 309 6 7 1 0
233 174 6 7 1 0
611 174 4 5 1 0
462 240 6 7 1 0
298 288 6 4 1 0
544 289 6 7 1 0
127 28 6 9 1 0
562 384 6 7 1 0
114 20 6 9 1 0
398 59 3 4 1 0
594 276 6 7 1 0
454 377 6 7 1 0
120 274 11 11 1 0
287 200 6 7 1 0
467 298 6 7 1 0
537 329 6 7 1 0
280 187 6 7 1 0
530 309 6 7 1 0
146 261 6 4 1 0
490 210 4 5 1 0
193 309 6 4 1 0
317 188 6 7 1 0
501 180 4 5 1 0
519 271 6 7 1 0
491 367 6 7 1 0
560 243 6 7 1 0
550 103 4 5 1 0
549 241 6 7 1 0
373 232 6 7 1 0
594 140 4 5 1 0
226 340 6 4 1 0
630 389 6 7 1 0
256 324 6 4 1 0
429 381 6 7 1 0
352 117 6 7 1 0
247 211 6 7 1 0
494 192 4 5 1 0
191 213 6 7 1 0
467 215 4 5 1 0
509 240 6 7 1 0
551 312 6 7 1 0
611 372 6 7 1 0
517 188 4 5 1 0
602 360 6 7 1 0
493 272 6 7 1 0
645 283 6 7 1 0
352 149 6 7 1 0
602 160 4 5 1 0
534 183 4 5 1 0
500 351 6 7 1 0
372 193 6 7 1 0
633 342 6 7 1 0
349 24 3 4 1 0
487 302 6 7 1 0
546 202 4 5 1 0
225 1 6 9 1 0
316 383 6 4 1 0
219 158 6 7 1 0
561 169 4 5 1 0
343 200 6 7 1 0
202 245 6 4 1 0
275 274 6 4 1 0
621 269 6 7 1 0
556 237 6 7 1 0
567 254 6 7 1 0
292 288 6 4 1 0
622 207 4 5 1 0
65 162 11 11 1 0
590 216 4 5 1 0
72 212 11 11 1 0
582 346 6 7 1 0
398 94 6 7 1 0
361 113 6 7 1 0
612 142 4 5 1 0
455 231 6 7 1 0
294 192 6 7 1 0
438 108 6 7 1 0
507 328 6 7 1 0
468 311 6 7 1 0
551 183 4 5 1 0
590 226 4 5 1 0
241 84 6 9 1 0
618 310 6 7 1 0
546 153 4 5 1 0
217 236 6 7 1 0
602 207 4 5 1 0
221 350 6 4 1 0
473 268 6 7 1 0
87 28 6 9 1 0
558 195 4 5 1 0
179 185 6 7 1 0
266 130 6 7 1 0
593 152 4 5 1 0
466 394 6 7 1 0
588 141 4 5 1 0
205 10 6 9 1 0
632 273 6 7 1 0
435 287 6 7 1 0
499 36 3 3 1 0
434 80 3 4 1 0
629 75 3 3 1 0
608 178 4 5 1 0
590 348 6 7 1 0
61 62 6 9 1 0
423 160 6 7 1 0
258 261 6 4 1 0
517 249 6 7 1 0
514 264 6 7 1 0
508 349 6 7 1 0
573 240 6 7 1 0
619 384 6 7 1 0
431 344 6 7 1 0
221 317 6 4 1 0
357 164 6 7 1 0
494 313 6 7 1 0
639 260 6 7 1 0
623 202 4 5 1 0
152 298 6 4 1 0
460 123 4 5 1 0
431 143 6 7 1 0
626 266 6 7 1 0
339 168 6 7 1 0
425 98 6 7 1 0
487 370 6 7 1 0
308 375 6 4 1 0
250 87 4 6 1 0
398 98 6 7 1 0
472 122 4 5 1 0
388 62 3 4 1 0
530 180 4 5 1 0
627 312 6 7 1 0
645 299 6 7 1 0
643 371 6 7 1 0
468 229 6 7 1 0
424 289 6 4 1 0
419 329 6 4 1 0
348 78 3 4 1 0
431 245 6 7 1 0
634 321 6 7 1 0
331 96 6 7 1 0
473 385 6 7 1 0
640 182 4 5 1 0
272 174 6 7 1 0
583 237 6 7 1 0
639 168 4 5 1 0
407 150 6 7 1 0
398 67 3 4 1 0
523 318 6 7 1 0
483 374 6 7 1 0
121 371 11 11 1 0
487 190 4 5 1 0
409 74 3 4 1 0
461 387 6 7 1 0
508 266 6 7 1 0
556 283 6 7 1 0
211 79 6 9 1 0
452 115 4 5 1 0
130 328 7 5 1 0
504 283 6 7 1 0
424 136 6 7 1 0
596 380 6 7 1 0
459 323 6 7 1 0
460 213 4 5 1 0
606 361 6 7 1 0
540 294 6 7 1 0
439 302 6 7 1 0
477 285 6 7 1 0
540 323 6 7 1 0
208 205 6 7 1 0
420 298 6 4 1 0
253 76 3 4 1 0
432 316 6 7 1 0
455 286 6 7 1 0
423 355 6 5 1 0
253 333 6 4 1 0
66 198 11 11 1 0
111 228 11 11 1 0
512 204 4 5 1 0
204 290 6 4 1 0
257 160 6 7 1 0
566 324 6 7 1 0
566 224 4 5 1 0
399 143 6 7 1 0
181 170 6 7 1 0
576 250 6 7 1 0
600 140 4 5 1 0
448 359 6 7 1 0
285 59 3 4 1 0
634 184 4 5 1 0
524 250 6 7 1 0
313 17 3 4 1 0
500 219 4 5 1 0
386 178 6 7 1 0
441 321 6 7 1 0
520 241 6 7 1 0
603 297 6 7 1 0
628 155 4 5 1 0
487 199 4 5 1 0
391 73 3 4 1 0
263 134 6 7 1 0
435 103 6 7 1 0
329 111 6 7 1 0
598 151 4 5 1 0
427 270 6 6 1 0
616 273 6 7 1 0
583 172 4 5 1 0
335 147 6 7 1 0
164 334 6 4 1 0
606 210 4 5 1 0
377 76 3 4 1 0
621 351 6 7 1 0
476 146 4 5 1 0
268 73 3 4 1 0
368 22 3 4 1 0
548 368 6 7 1 0
562 151 4 5 1 0
620 169 4 5 1 0
22 185 11 11 1 0
609 225 5 6 1 0
412 14 3 4 1 0
478 230 6 7 1 0
293 271 6 4 1 0
437 145 6 7 1 0
468 241 6 7 1 0
387 152 6 7 1 0
220 7 6 9 1 0
371 239 6 6 1 0
416 155 6 7 1 0
196 255 6 4 1 0
309 194 6 7 1 0
381 18 3 4 1 0
530 192 4 5 1 0
498 266 6 7 1 0
458 101 4 5 1 0
517 168 4 5 1 0
626 333 6 7 1 0
602 338 6 7 1 0
643 308 6 7 1 0
555 148 4 5 1 0
512 253 6 7 1 0
125 274 11 11 1 0
569 372 6 7 1 0
370 79 3 4 1 0
443 105 5 6 1 0
629 282 6 7 1 0
438 340 6 7 1 0
512 227 4 5 1 0
263 160 6 7 1 0
71 41 6 9 1 0
412 109 6 7 1 0
439 167 6 7 1 0
577 173 4 5 1 0
572 165 4 5 1 0
539 335 6 7 1 0
187 378 6 4 1 0
202 179 6 7 1 0
606 167 4 5 1 0
517 322 6 7 1 0
43 14 6 9 1 0
59 265 11 11 1 0
286 147 6 7 1 0
95 83 6 9 1 0
393 65 3 4 1 0
406 106 6 7 1 0
619 292 6 7 1 0
465 276 6 7 1 0
522 196 4 5 1 0
274 189 6 7 1 0
643 234 6 7 1 0
422 387 6 5 1 0
483 261 6 7 1 0
635 234 6 7 1 0
143 29 6 9 1 0
616 231 6 7 1 0
511 171 4 5 1 0
238 244 6 4 1 0
384 160 6 7 1 0
176 377 6 4 1 0
498 286 6 7 1 0
162 200 6 7 1 0
464 365 6 7 1 0
281 217 6 7 1 0
544 230 6 7 1 0
422 182 6 7 1 0
586 304 6 7 1 0
34 27 6 9 1 0
532 210 4 5 1 0
448 123 4 5 1 0
283 151 6 7 1 0
608 282 6 7 1 0
537 242 6 7 1 0
418 271 6 4 1 0
348 214 6 7 1 0
618 181 4 5 1 0
250 292 6 4 1 0
459 147 4 5 1 0
98 75 6 9 1 0
447 236 6 7 1 0
319 43 3 4 1 0
628 208 4 5 1 0
356 11 3 4 1 0
381 71 3 4 1 0
332 258 6 4 1 0
411 80 3 4 1 0
583 196 4 5 1 0
364 241 6 6 1 0
602 289 6 7 1 0
540 328 6 7 1 0
252 341 6 4 1 0
584 149 4 5 1 0
532 234 6 7 1 0
247 170 6 7 1 0
194 216 6 7 1 0
600 385 6 7 1 0
409 14 3 4 1 0
410 309 6 4 1 0
25 55 6 9 1 0
490 225 4 5 1 0
578 233 6 7 1 0
591 375 6 7 1 0
519 157 4 5 1 0
429 178 6 7 1 0
307 283 6 4 1 0
231 200 6 7 1 0
438 252 6 7 1 0
302 198 6 7 1 0
429 122 6 7 1 0
617 93 4 5 1 0
393 157 6 7 1 0
221 80 6 9 1 0
443 328 6 7 1 0
402 83 3 4 1 0
211 1 6 9 1 0
278 233 6 7 1 0
483 244 6 7 1 0
438 172 6 7 1 0
517 226 5 6 1 0
581 244 6 7 1 0
446 389 6 7 1 0
459 115 4 5 1 0
397 72 3 4 1 0
598 253 6 7 1 0
534 373 6 7 1 0
542 318 6 7 1 0
149 9 6 9 1 0
451 379 6 7 1 0
337 93 6 7 1 0
495 319 6 7 1 0
392 169 6 7 1 0
95 95 7 9 1 0
535 302 6 7 1 0
476 142 4 5 1 0
303 181 6 7 1 0
590 194 4 5 1 0
274 256 6 4 1 0
138 327 7 5 1 0
611 297 6 7 1 0
490 239 6 7 1 0
133 32 6 9 1 0
539 368 6 7 1 0
274 128 6 7 1 0
580 263 6 7 1 0
264 223 6 7 1 0
394 174 6 7 1 0
344 164 6 7 1 0
630 196 4 5 1 0
617 296 6 7 1 0
593 171 4 5 1 0
485 241 6 7 1 0
370 166 6 7 1 0
561 204 4 5 1 0
596 160 4 5 1 0
313 47 3 4 1 0
262 205 6 7 1 0
615 340 6 7 1 0
627 357 6 7 1 0
391 280 6 4 1 0
562 210 4 5 1 0
127 210 7 8 1 0
553 307 6 7 1 0
513 372 6 7 1 0
550 149 4 5 1 0
431 185 6 7 1 0
373 14 3 4 1 0
189 230 6 7 1 0
346 103 6 7 1 0
406 266 6 4 1 0
315 198 6 7 1 0
646 223 4 5 1 0
192 110 6 7 1 0
286 264 6 4 1 0
643 323 6 7 1 0
161 18 6 9 1 0
155 227 6 6 1 0
454 330 6 7 1 0
629 360 6 7 1 0
446 147 4 5 1 0
478 393 6 7 1 0
132 141 9 10 1 0
619 203 4 5 1 0
379 62 3 4 1 0
571 265 6 7 1 0
642 272 6 7 1 0
500 316 6 7 1 0
648 135 4 5 1 0
425 298 6 6 1 0
447 319 6 7 1 0
605 279 6 7 1 0
361 156 6 7 1 0
437 274 6 7 1 0
591 259 6 7 1 0
592 341 6 7 1 0
546 227 5 6 1 0
564 194 4 5 1 0
463 97 4 5 1 0
402 76 3 4 1 0
251 144 6 7 1 0
617 331 6 7 1 0
520 255 6 7 1 0
574 145 4 5 1 0
541 233 6 7 1 0
647 204 4 5 1 0
304 63 3 4 1 0
577 182 4 5 1 0
340 110 6 7 1 0
567 150 4 5 1 0
280 175 6 7 1 0
486 106 4 5 1 0
468 376 6 7 1 0
618 359 6 7 1 0
360 97 6 7 1 0
646 338 6 7 1 0
204 339 6 4 1 0
169 333 6 4 1 0
571 365 6 7 1 0
578 143 4 5 1 0
292 234 6 7 1 0
626 296 6 7 1 0
343 104 6 7 1 0
603 21 3 3 1 0
645 160 4 5 1 0
494 118 4 5 1 0
80 137 11 11 1 0
453 312 6 7 1 0
148 377 6 4 1 0
297 57 3 4 1 0
540 89 4 5 1 0
611 249 6 7 1 0
379 211 6 7 1 0
556 211 4 5 1 0
581 377 6 7 1 0
217 208 6 7 1 0
391 112 6 7 1 0
363 232 6 7 1 0
565 361 6 7 1 0
504 223 4 5 1 0
300 225 6 7 1 0
472 100 4 5 1 0
600 220 4 5 1 0
505 293 6 7 1 0
642 345 6 7 1 0
28 336 11 11 1 0
640 226 5 6 1 0
493 299 6 7 1 0
609 258 6 7 1 0
619 164 4 5 1 0
413 91 3 4 1 0
649 159 4 5 1 0
480 230 6 7 1 0
451 138 4 5 1 0
616 158 4 5 1 0
50 6 6 9 1 0
637 241 6 7 1 0
133 362 8 7 1 0
190 187 6 7 1 0
630 308 6 7 1 0
613 392 6 7 1 0
460 304 6 7 1 0
172 225 6 7 1 0
646 344 6 7 1 0
641 133 4 5 1 0
480 216 4 5 1 0
552 261 6 7 1 0
633 209 4 5 1 0
293 239 6 5 1 0
228 6 5 7 1 0
532 259 6 7 1 0
234 90 6 9 1 0
528 212 4 5 1 0
225 347 6 4 1 0
601 226 5 6 1 0
365 33 3 4 1 0
217 162 6 7 1 0
542 182 4 5 1 0
571 272 6 7 1 0
210 325 6 4 1 0
622 394 6 7 1 0
612 206 4 5 1 0
503 380 6 7 1 0
557 170 4 5 1 0
554 160 4 5 1 0
245 299 6 4 1 0
628 242 6 7 1 0
623 276 6 7 1 0
370 70 3 4 1 0
205 298 6 4 1 0
382 98 6 7 1 0
536 258 6 7 1 0
556 246 6 7 1 0
432 168 6 7 1 0
608 334 6 7 1 0
514 30 3 3 1 0
384 23 3 4 1 0
206 272 6 4 1 0
376 215 6 7 1 0
286 187 6 7 1 0
132 3 6 9 1 0
380 57 3 4 1 0
597 145 4 5 1 0
192 359 6 4 1 0
570 255 6 7 1 0
562 370 6 7 1 0
216 78 6 9 1 0
620 155 4 5 1 0
381 25 3 4 1 0
488 256 6 7 1 0
275 213 6 7 1 0
323 378 6 4 1 0
571 356 6 7 1 0
251 165 6 7 1 0
488 344 6 7 1 0
599 354 6 7 1 0
504 188 4 5 1 0
546 167 4 5 1 0
76 135 11 11 1 0
376 87 4 5 1 0
509 359 6 7 1 0
211 362 6 4 1 0
247 1 4 6 1 0
76 154 11 11 1 0
608 219 4 5 1 0
305 225 6 7 1 0
639 213 4 5 1 0
482 280 6 7 1 0
369 31 3 4 1 0
571 210 4 5 1 0
427 282 6 5 1 0
434 113 6 7 1 0
633 290 6 7 1 0
348 247 6 4 1 0
453 336 6 7 1 0
503 32 3 3 1 0
459 382 6 7 1 0
566 75 3 3 1 0
625 170 4 5 1 0
574 152 4 5 1 0
463 117 4 5 1 0
198 304 6 4 1 0
510 212 4 5 1 0
349 169 6 7 1 0
269 312 6 4 1 0
637 269 6 7 1 0
471 325 6 7 1 0
480 333 6 7 1 0
441 289 6 7 1 0
574 259 6 7 1 0
502 297 6 7 1 0
555 205 4 5 1 0
44 253 11 11 1 0
566 166 4 5 1 0
648 326 6 7 1 0
520 223 4 5 1 0
87 107 11 11 1 0
519 377 6 7 1 0
561 237 6 7 1 0
297 49 3 4 1 0
434 5 3 4 1 0
324 264 6 4 1 0
240 271 6 4 1 0
537 191 4 5 1 0
596 263 6 7 1 0
238 276 6 4 1 0
379 370 6 4 1 0
100 15 6 9 1 0
538 158 4 5 1 0
360 82 3 4 1 0
559 158 4 5 1 0
472 151 4 5 1 0
349 152 6 7 1 0
466 146 4 5 1 0
509 21 3 3 1 0
472 131 4 5 1 0
446 134 4 5 1 0
626 387 6 7 1 0
402 71 3 4 1 0
513 239 6 7 1 0
78 177 11 11 1 0
109 79 6 9 1 0
333 196 6 7 1 0
414 184 6 7 1 0
26 326 11 11 1 0
288 242 6 5 1 0
613 239 6 7 1 0
619 230 6 7 1 0
608 263 6 7 1 0
119 352 11 11 1 0
277 163 6 7 1 0
62 205 11 11 1 0
558 87 4 5 1 0
327 134 6 7 1 0
480 285 6 7 1 0
437 261 6 7 1 0
243 143 6 7 1 0
358 115 6 7 1 0
469 274 6 7 1 0
627 160 4 5 1 0
592 147 4 5 1 0
498 390 6 7 1 0
534 338 6 7 1 0
449 152 4 5 1 0
273 289 6 4 1 0
616 284 6 7 1 0
645 156 4 5 1 0
480 354 6 7 1 0
457 266 6 7 1 0
597 185 4 5 1 0
252 239 6 5 1 0
348 174 6 7 1 0
649 198 4 5 1 0
551 188 4 5 1 0
391 84 3 4 1 0
637 175 4 5 1 0
598 171 4 5 1 0
486 276 6 7 1 0
488 30 3 3 1 0
468 101 4 5 1 0
482 108 4 5 1 0
643 166 4 5 1 0
384 85 3 4 1 0
430 99 6 7 1 0
647 181 4 5 1 0
632 230 6 7 1 0
228 321 6 4 1 0
229 258 6 4 1 0
229 87 6 9 1 0
464 384 6 7 1 0
370 112 6 7 1 0
145 196 6 7 1 0
618 141 4 5 1 0
504 268 6 7 1 0
576 274 6 7 1 0
441 121 6 7 1 0
381 366 6 4 1 0
400 270 6 4 1 0
507 198 4 5 1 0
561 255 6 7 1 0
509 373 6 7 1 0
155 200 6 7 1 0
481 119 4 5 1 0
422 343 6 4 1 0
506 298 6 7 1 0
193 318 6 4 1 0
537 153 4 5 1 0
536 254 6 7 1 0
609 271 6 7 1 0
270 219 6 7 1 0
263 282 6 4 1 0
580 350 6 7 1 0
505 207 4 5 1 0
468 110 4 5 1 0
392 186 6 7 1 0
224 79 6 9 1 0
616 189 4 5 1 0
151 218 6 7 1 0
446 281 6 7 1 0
486 306 6 7 1 0
572 235 6 7 1 0
353 376 6 4 1 0
245 335 6 4 1 0
648 273 6 7 1 0
558 379 6 7 1 0
566 155 4 5 1 0
411 118 6 7 1 0
483 292 6 7 1 0
635 196 4 5 1 0
608 198 4 5 1 0
319 115 6 7 1 0
569 203 4 5 1 0
410 132 6 7 1 0
355 32 3 4 1 0
591 21 3 3 1 0
280 38 3 4 1 0
433 327 6 7 1 0
589 327 6 7 1 0
438 336 6 7 1 0
472 219 4 5 1 0
234 250 6 4 1 0
461 308 6 7 1 0
418 169 6 7 1 0
549 171 4 5 1 0
199 160 6 7 1 0
501 330 6 7 1 0
614 163 4 5 1 0
62 173 11 11 1 0
182 353 6 4 1 0
352 240 6 5 1 0
516 220 4 5 1 0
260 290 6 4 1 0
454 147 4 5 1 0
407 80 3 4 1 0
570 156 4 5 1 0
587 346 6 7 1 0
623 284 6 7 1 0
150 256 6 4 1 0
577 206 4 5 1 0
548 265 6 7 1 0
293 51 3 4 1 0
29 371 11 11 1 0
105 14 6 9 1 0
470 252 6 7 1 0
412 261 6 4 1 0
515 328 6 7 1 0
463 223 4 5 1 0
623 247 6 7 1 0
536 232 6 7 1 0
308 131 6 7 1 0
326 157 6 7 1 0
632 161 4 5 1 0
340 155 6 7 1 0
299 173 6 7 1 0
631 262 6 7 1 0
567 384 6 7 1 0
398 88 3 4 1 0
308 232 6 7 1 0
128 36 6 9 1 0
526 387 6 7 1 0
640 86 4 5 1 0
626 344 6 7 1 0
532 245 6 7 1 0
486 115 4 5 1 0
350 207 6 7 1 0
494 335 6 7 1 0
549 177 4 5 1 0
144 133 6 7 1 0
647 386 6 7 1 0
259 227 6 7 1 0
180 129 6 7 1 0
12 162 11 11 1 0
592 188 4 5 1 0
281 143 6 7 1 0
392 94 6 7 1 0
221 253 6 4 1 0
335 115 6 7 1 0
495 357 6 7 1 0
444 355 6 7 1 0
593 299 6 7 1 0
325 41 3 4 1 0
161 99 6 7 1 0
131 270 7 5 1 0
174 350 6 4 1 0
526 110 4 5 1 0
328 381 6 4 1 0
480 318 6 7 1 0
580 166 4 5 1 0
645 199 4 5 1 0
388 116 6 7 1 0
580 287 6 7 1 0
576 265 6 7 1 0
485 333 6 7 1 0
410 189 6 7 1 0
529 245 6 7 1 0
217 1 6 9 1 0
311 170 6 7 1 0
369 106 6 7 1 0
339 124 6 7 1 0
565 302 6 7 1 0
497 221 4 5 1 0
116 382 11 11 1 0
444 254 6 7 1 0
190 9 6 9 1 0
641 220 4 5 1 0
592 71 3 3 1 0
547 330 6 7 1 0
623 359 6 7 1 0
204 120 6 7 1 0
551 391 6 7 1 0
337 38 3 4 1 0
212 322 6 4 1 0
424 334 6 4 1 0
649 172 4 5 1 0
139 33 6 9 1 0
592 182 4 5 1 0
154 310 6 4 1 0
372 29 3 4 1 0
337 197 6 7 1 0
342 78 3 4 1 0
443 361 6 7 1 0
484 197 4 5 1 0
504 289 6 7 1 0
526 232 6 7 1 0
418 72 3 4 1 0
347 132 6 7 1 0
438 85 3 4 1 0
230 347 6 4 1 0
571 292 6 7 1 0
257 205 6 7 1 0
584 177 4 5 1 0
365 69 3 4 1 0
135 334 7 5 1 0
589 261 6 7 1 0
418 186 6 7 1 0
207 361 6 4 1 0
454 121 4 5 1 0
298 109 6 7 1 0
179 389 6 4 1 0
106 57 6 9 1 0
90 25 6 9 1 0
217 185 6 7 1 0
641 240 6 7 1 0
481 94 4 5 1 0
379 161 6 7 1 0
583 259 6 7 1 0
458 250 6 7 1 0
301 251 6 4 1 0
529 172 4 5 1 0
495 292 6 7 1 0
310 128 6 7 1 0
303 107 6 7 1 0
521 292 6 7 1 0
375 122 6 7 1 0
146 22 6 9 1 0
582 142 4 5 1 0
614 24 3 3 1 0
590 202 4 5 1 0
403 89 4 5 1 0
564 187 4 5 1 0
546 325 6 7 1 0
417 339 6 4 1 0
603 305 6 7 1 0
596 288 6 7 1 0
591 249 6 7 1 0
634 310 6 7 1 0
633 168 4 5 1 0
588 278 6 7 1 0
366 198 6 7 1 0
388 205 6 7 1 0
515 302 6 7 1 0
227 68 6 9 1 0
401 155 6 7 1 0
590 162 4 5 1 0
511 34 3 3 1 0
625 232 6 7 1 0
190 340 6 4 1 0
380 138 6 7 1 0
375 173 6 7 1 0
355 71 3 4 1 0
262 269 6 4 1 0
427 148 6 7 1 0
633 363 6 7 1 0
238 151 6 7 1 0
586 155 4 5 1 0
557 153 4 5 1 0
375 162 6 7 1 0
514 196 4 5 1 0
318 194 6 7 1 0
432 76 3 4 1 0
425 131 6 7 1 0
141 318 6 4 1 0
549 353 6 7 1 0
647 393 6 7 1 0
539 298 6 7 1 0
624 226 5 6 1 0
649 251 6 7 1 0
597 343 6 7 1 0
321 382 6 4 1 0
52 94 9 10 1 0
194 342 6 4 1 0
206 79 6 9 1 0
377 105 6 7 1 0
364 153 6 7 1 0
616 354 6 7 1 0
378 180 6 7 1 0
214 247 6 4 1 0
426 385 6 6 1 0
267 153 6 7 1 0
585 252 6 7 1 0
464 334 6 7 1 0
525 353 6 7 1 0
247 318 6 4 1 0
411 346 6 4 1 0
627 186 4 5 1 0
211 152 6 7 1 0
580 270 6 7 1 0
484 232 6 7 1 0
32 135 11 11 1 0
627 348 6 7 1 0
312 189 6 7 1 0
411 68 3 4 1 0
624 75 3 3 1 0
376 12 3 4 1 0
566 220 4 5 1 0
533 275 6 7 1 0
479 292 6 7 1 0
460 141 4 5 1 0
554 315 6 7 1 0
44 120 11 11 1 0
504 258 6 7 1 0
496 184 4 5 1 0
402 101 6 7 1 0
434 177 6 7 1 0
254 210 6 7 1 0
376 137 6 7 1 0
217 266 6 4 1 0
414 353 6 4 1 0
83 33 6 9 1 0
336 158 6 7 1 0
509 231 6 7 1 0
598 179 4 5 1 0
570 146 4 5 1 0
165 219 6 7 1 0
553 215 4 5 1 0
545 337 6 7 1 0
649 152 4 5 1 0
151 21 6 9 1 0
636 302 6 7 1 0
589 178 4 5 1 0
534 162 4 5 1 0
332 118 6 7 1 0
74 32 6 9 1 0
611 190 4 5 1 0
327 115 6 7 1 0
431 84 3 4 1 0
400 373 6 4 1 0
363 204 6 7 1 0
461 292 6 7 1 0
254 126 6 7 1 0
168 361 6 4 1 0
400 168 6 7 1 0
449 258 6 7 1 0
468 328 6 7 1 0
456 343 6 7 1 0
272 307 6 4 1 0
319 104 6 7 1 0
309 273 6 4 1 0
583 339 6 7 1 0
598 200 4 5 1 0
135 298 6 4 1 0
557 298 6 7 1 0
45 316 11 11 1 0
101 70 6 9 1 0
180 209 6 7 1 0
354 206 6 7 1 0
300 55 3 4 1 0
469 234 6 7 1 0
543 223 4 5 1 0
239 170 6 7 1 0
330 134 6 7 1 0
128 372 7 5 1 0
513 278 6 7 1 0
351 101 6 7 1 0
508 390 6 7 1 0
393 81 3 4 1 0
644 211 4 5 1 0
442 299 6 7 1 0
405 124 6 7 1 0
365 139 6 7 1 0
419 135 6 7 1 0
347 381 6 4 1 0
564 280 6 7 1 0
226 329 6 4 1 0
586 351 6 7 1 0
367 93 6 7 1 0
191 250 6 4 1 0
450 223 4 5 1 0
474 321 6 7 1 0
638 279 6 7 1 0
557 381 6 7 1 0
300 153 6 7 1 0
518 173 4 5 1 0
448 351 6 7 1 0
455 138 4 5 1 0
359 70 3 4 1 0
399 351 6 4 1 0
163 292 6 4 1 0
129 339 7 5 1 0
585 292 6 7 1 0
449 383 6 7 1 0
580 151 4 5 1 0
541 261 6 7 1 0
196 10 6 9 1 0
340 386 6 4 1 0
170 337 6 4 1 0
530 290 6 7 1 0
487 229 6 7 1 0
465 210 4 5 1 0
494 129 4 5 1 0
473 232 6 7 1 0
490 126 4 5 1 0
476 262 6 7 1 0
383 116 6 7 1 0
622 176 4 5 1 0
372 154 6 7 1 0
564 199 4 5 1 0
434 371 6 7 1 0
565 390 6 7 1 0
638 367 6 7 1 0
107 390 11 11 1 0
48 82 6 9 1 0
386 182 6 7 1 0
627 274 6 7 1 0
480 263 6 7 1 0
219 355 6 4 1 0
550 90 4 5 1 0
559 278 6 7 1 0
595 294 6 7 1 0
280 240 6 6 1 0
427 127 6 7 1 0
603 264 6 7 1 0
30 353 11 11 1 0
511 285 6 7 1 0
630 145 4 5 1 0
647 238 6 7 1 0
335 175 6 7 1 0
169 111 6 7 1 0
260 231 6 7 1 0
497 371 6 7 1 0
221 324 6 4 1 0
392 198 6 7 1 0
349 102 6 7 1 0
141 214 7 8 1 0
486 146 4 5 1 0
332 199 6 7 1 0
243 96 6 7 1 0
569 225 4 5 1 0
324 99 6 7 1 0
607 380 6 7 1 0
184 185 6 7 1 0
635 133 4 5 1 0
362 168 6 7 1 0
352 166 6 7 1 0
337 312 6 4 1 0
500 203 4 5 1 0
350 13 3 4 1 0
559 149 4 5 1 0
349 29 3 4 1 0
611 184 4 5 1 0
567 286 6 7 1 0
288 281 6 4 1 0
287 181 6 7 1 0
611 264 6 7 1 0
553 344 6 7 1 0
585 162 4 5 1 0
548 161 4 5 1 0
184 212 6 7 1 0
460 339 6 7 1 0
205 220 6 7 1 0
276 170 6 7 1 0
390 150 6 7 1 0
394 129 6 7 1 0
452 315 6 7 1 0
265 198 6 7 1 0
641 196 4 5 1 0
614 315 6 7 1 0
282 314 6 4 1 0
573 201 4 5 1 0
546 315 6 7 1 0
499 275 6 7 1 0
608 393 6 7 1 0
591 323 6 7 1 0
183 206 6 7 1 0
615 169 4 5 1 0
434 241 6 7 1 0
616 217 4 5 1 0
84 163 11 11 1 0
97 13 6 9 1 0
551 210 4 5 1 0
593 269 6 7 1 0
224 214 6 7 1 0
503 343 6 7 1 0
6 85 7 9 1 0
353 162 6 7 1 0
498 26 3 3 1 0
307 112 6 7 1 0
594 327 6 7 1 0
493 219 4 5 1 0
288 37 3 4 1 0
505 246 6 7 1 0
499 190 4 5 1 0
524 183 4 5 1 0
567 317 6 7 1 0
558 225 4 5 1 0
340 147 6 7 1 0
299 199 6 7 1 0
601 168 4 5 1 0
323 189 6 7 1 0
605 351 6 7 1 0
345 149 6 7 1 0
586 269 6 7 1 0
486 351 6 7 1 0
35 121 11 11 1 0
581 252 6 7 1 0
186 350 6 4 1 0
206 238 6 5 1 0
618 370 6 7 1 0
157 367 6 4 1 0
507 312 6 7 1 0
261 121 6 7 1 0
602 390 6 7 1 0
509 381 6 7 1 0
585 389 6 7 1 0
453 265 6 7 1 0
464 259 6 7 1 0
336 78 3 4 1 0
634 156 4 5 1 0
486 394 6 7 1 0
337 257 6 4 1 0
473 355 6 7 1 0
426 73 3 4 1 0
643 317 6 7 1 0
431 289 6 7 1 0
475 351 6 7 1 0
387 90 4 5 1 0
608 137 4 5 1 0
545 253 6 7 1 0
243 336 6 4 1 0
504 201 4 5 1 0
306 168 6 7 1 0
574 386 6 7 1 0
296 180 6 7 1 0
585 225 4 5 1 0
564 295 6 7 1 0
34 46 6 9 1 0
355 234 6 7 1 0
139 368 6 4 1 0
472 147 4 5 1 0
427 338 6 6 1 0
437 390 6 7 1 0
585 376 6 7 1 0
423 74 3 4 1 0
412 332 6 4 1 0
405 158 6 7 1 0
467 155 4 5 1 0
332 374 6 4 1 0
408 346 6 4 1 0
601 144 4 5 1 0
478 246 6 7 1 0
602 183 4 5 1 0
442 234 6 7 1 0
597 192 4 5 1 0
551 325 6 7 1 0
637 290 6 7 1 0
387 359 6 4 1 0
570 314 6 7 1 0
454 295 6 7 1 0
595 177 4 5 1 0
443 264 6 7 1 0
500 254 6 7 1 0
646 227 5 6 1 0
447 141 4 5 1 0
484 216 4 5 1 0
534 224 4 5 1 0
241 132 6 7 1 0
557 218 4 5 1 0
344 42 3 4 1 0
202 310 6 4 1 0
543 359 6 7 1 0
187 202 6 7 1 0
15 77 6 9 1 0
409 164 6 7 1 0
580 220 4 5 1 0
314 271 6 4 1 0
525 270 6 7 1 0
155 26 6 9 1 0
579 157 4 5 1 0
143 211 7 8 1 0
411 279 6 4 1 0
551 247 6 7 1 0
77 27 6 9 1 0
555 269 6 7 1 0
269 274 6 4 1 0
605 138 4 5 1 0
379 118 6 7 1 0
139 3 6 9 1 0
342 190 6 7 1 0
523 171 4 5 1 0
578 344 6 7 1 0
628 250 6 7 1 0
492 376 6 7 1 0
296 254 6 4 1 0
551 201 4 5 1 0
514 308 6 7 1 0
605 345 6 7 1 0
438 361 6 7 1 0
401 177 6 7 1 0
365 113 6 7 1 0
536 168 4 5 1 0
647 12 3 3 1 0
424 117 6 7 1 0
320 15 3 4 1 0
327 260 6 4 1 0
468 143 4 5 1 0
360 132 6 7 1 0
608 240 6 7 1 0
110 240 11 11 1 0
415 79 3 4 1 0
156 380 6 4 1 0
444 335 6 7 1 0
526 265 6 7 1 0
623 165 4 5 1 0
198 247 6 4 1 0
508 225 4 5 1 0
411 373 6 4 1 0
462 155 4 5 1 0
402 138 6 7 1 0
465 301 6 7 1 0
269 116 6 7 1 0
337 110 6 7 1 0
142 384 6 4 1 0
493 363 6 7 1 0
607 158 4 5 1 0
228 205 6 7 1 0
502 249 6 7 1 0
557 337 6 7 1 0
160 304 6 4 1 0
183 388 6 4 1 0
295 144 6 7 1 0
401 191 6 7 1 0
609 387 6 7 1 0
290 303 6 4 1 0
639 200 4 5 1 0
308 244 6 6 1 0
453 346 6 7 1 0
312 203 6 7 1 0
401 126 6 7 1 0
398 149 6 7 1 0
246 331 6 4 1 0
451 250 6 7 1 0
585 335 6 7 1 0
640 159 4 5 1 0
602 231 6 7 1 0
532 379 6 7 1 0
649 268 6 7 1 0
594 253 6 7 1 0
552 384 6 7 1 0
628 179 4 5 1 0
241 1 5 7 1 0
459 239 6 7 1 0
498 304 6 7 1 0
68 178 11 11 1 0
197 277 6 4 1 0
173 192 6 7 1 0
165 377 6 4 1 0
418 80 3 4 1 0
276 222 6 7 1 0
223 208 6 7 1 0
467 121 4 5 1 0
543 213 4 5 1 0
511 187 4 5 1 0
427 260 6 5 1 0
425 5 3 4 1 0
25 343 11 11 1 0
385 57 3 4 1 0
368 154 6 7 1 0
510 162 4 5 1 0
587 247 6 7 1 0
594 357 6 7 1 0
336 204 6 7 1 0
560 296 6 7 1 0
578 200 4 5 1 0
632 333 6 7 1 0
598 393 6 7 1 0
510 221 4 5 1 0
330 40 3 4 1 0
227 242 6 5 1 0
250 262 6 4 1 0
483 342 6 7 1 0
581 205 4 5 1 0
611 319 6 7 1 0
197 211 6 7 1 0
453 388 6 7 1 0
596 247 6 7 1 0
196 204 6 7 1 0
423 175 6 7 1 0
490 37 3 3 1 0
579 305 6 7 1 0
625 316 6 7 1 0
640 152 4 5 1 0
635 145 4 5 1 0
541 256 6 7 1 0
476 342 6 7 1 0
227 156 6 7 1 0
642 203 4 5 1 0
384 210 6 7 1 0
427 78 3 4 1 0
236 267 6 4 1 0
541 165 4 5 1 0
597 223 4 5 1 0
190 345 6 4 1 0
570 194 4 5 1 0
620 320 6 7 1 0
525 156 4 5 1 0
232 309 6 4 1 0
580 386 6 7 1 0
356 28 3 4 1 0
569 246 6 7 1 0
309 62 3 4 1 0
404 114 6 7 1 0
258 76 3 4 1 0
281 275 6 4 1 0
541 248 6 7 1 0
344 92 6 7 1 0
618 259 6 7 1 0
555 183 4 5 1 0
443 82 3 4 1 0
408 284 6 4 1 0
366 374 6 4 1 0
544 377 6 7 1 0
224 231 6 7 1 0
449 291 6 7 1 0
419 144 6 7 1 0
477 210 4 5 1 0
493 262 6 7 1 0
341 215 6 7 1 0
355 136 6 7 1 0
512 329 6 7 1 0
328 202 6 7 1 0
569 217 4 5 1 0
513 259 6 7 1 0
