1068 560 18 20 1 0
1488 776 83 85 1 0
2151 559 17 22 1 0
998 525 12 14 1 0
2513 727 31 41 1 0
1752 550 13 18 1 0
924 534 15 19 1 0
1185 544 18 20 1 0
1453 740 34 39 1 0
2071 609 22 25 1 0
2239 615 24 25 1 0
1576 667 34 39 1 0
1602 636 22 24 1 0
1746 612 19 31 1 0
2058 626 22 25 1 0
1584 866 83 85 1 0
1841 507 13 15 1 0
998 926 83 85 1 0
26 687 60 63 1 0
1565 605 22 24 1 0
1715 592 19 31 1 0
2139 625 22 25 1 0
2124 539 17 22 1 0
1013 537 12 14 1 0
1933 759 26 41 1 0
365 651 31 36 1 0
1286 551 13 15 1 0
1030 532 12 14 1 0
2187 853 87 99 1 0
1451 515 10 13 1 0
16 748 60 63 1 0
2607 604 33 33 1 0
1111 748 52 73 1 0
2212 524 16 17 1 0
2270 551 16 17 1 0
865 581 15 19 1 0
275 649 31 36 1 0
1622 501 10 13 1 0
1720 511 10 13 1 0
1601 504 10 13 1 0
1143 1333 116 157 1 0
2508 762 31 41 1 0
1435 542 10 13 1 0
1686 485 10 13 1 0
2513 485 34 33 1 0
808 583 15 19 1 0
1253 561 17 23 1 0
1921 508 13 15 1 0
2624 634 33 33 1 0
1444 559 10 13 1 0
1191 519 13 15 1 0
1555 493 10 13 1 0
57 664 38 42 1 0
295 1036 100 110 1 0
1019 543 18 20 1 0
415 621 21 32 1 0
2388 837 87 99 1 0
1709 821 83 85 1 0
1041 630 21 28 1 0
2034 618 22 25 1 0
2326 752 31 41 1 0
915 646 21 28 1 0
1524 498 10 13 1 0
2839 604 25 30 1 0
803 557 15 19 1 0
1947 725 26 41 1 0
2082 666 30 32 1 0
2189 558 17 22 1 0
1033 542 12 14 1 0
1105 651 20 21 1 0
306 608 21 32 1 0
1105 541 12 14 1 0
1584 612 22 24 1 0
415 657 21 32 1 0
1930 676 30 32 1 0
1552 591 14 18 1 0
1193 739 52 73 1 0
464 637 21 32 1 0
2662 702 32 34 1 0
1934 508 13 15 1 0
1798 503 13 15 1 0
762 546 15 19 1 0
623 762 34 42 1 0
817 574 15 19 1 0
1196 621 20 28 1 0
1999 609 22 25 1 0
1653 495 10 13 1 0
1777 584 13 18 1 0
1860 497 13 15 1 0
1936 553 13 15 1 0
2261 542 16 17 1 0
1978 614 22 25 1 0
1145 560 18 20 1 0
1594 526 10 13 1 0
2442 975 87 99 1 0
783 556 15 19 1 0
1674 496 10 13 1 0
1845 681 30 32 1 0
929 902 83 85 1 0
175 849 83 85 1 0
2008 716 30 32 1 0
1257 559 18 20 1 0
2661 872 87 99 1 0
326 835 83 85 1 0
336 938 83 85 1 0
2789 621 25 30 1 0
2225 571 24 25 1 0
1203 517 13 15 1 0
619 891 83 85 1 0
2495 577 33 33 1 0
1750 519 13 18 1 0
1840 491 13 15 1 0
1570 502 10 13 1 0
1711 537 13 18 1 0
2799 827 87 99 1 0
2182 653 27 37 1 0
1245 515 13 15 1 0
2676 832 87 99 1 0
1116 520 12 14 1 0
1185 634 20 28 1 0
1631 791 83 85 1 0
509 615 21 32 1 0
1205 565 17 23 1 0
2716 584 36 34 1 0
1813 540 13 18 1 0
1668 864 83 85 1 0
219 646 27 35 1 0
2296 703 27 37 1 0
1727 539 13 18 1 0
1446 662 34 39 1 0
1270 516 13 15 1 0
1437 794 83 85 1 0
1330 606 20 28 1 0
2403 576 33 33 1 0
671 582 15 19 1 0
855 555 15 19 1 0
1123 569 18 20 1 0
848 578 15 19 1 0
896 574 15 19 1 0
869 549 15 19 1 0
1616 493 10 13 1 0
2030 535 13 15 1 0
914 702 37 44 1 0
2570 692 32 34 1 0
1044 526 12 14 1 0
1545 495 10 13 1 0
1121 678 20 21 1 0
1705 503 10 13 1 0
881 650 37 44 1 0
2077 783 26 41 1 0
966 732 17 24 1 0
2013 670 30 32 1 0
1134 534 12 14 1 0
1107 624 20 21 1 0
1827 606 19 31 1 0
1686 507 10 13 1 0
86 691 38 42 1 0
744 685 34 42 1 0
1850 622 19 31 1 0
1764 538 13 18 1 0
1241 572 17 23 1 0
1183 513 13 15 1 0
803 679 37 44 1 0
1851 549 13 18 1 0
508 751 31 36 1 0
445 625 21 32 1 0
1314 640 20 28 1 0
353 799 83 85 1 0
1302 545 13 15 1 0
2479 787 31 41 1 0
2405 612 33 33 1 0
1169 557 18 20 1 0
1196 532 13 15 1 0
2593 560 36 34 1 0
1780 548 13 18 1 0
1623 767 83 85 1 0
1697 806 83 85 1 0
768 678 37 44 1 0
845 647 21 28 1 0
2533 626 33 33 1 0
1023 555 18 20 1 0
2134 923 87 99 1 0
1513 491 10 13 1 0
2133 797 26 41 1 0
1650 1503 116 157 1 0
376 833 83 85 1 0
1701 547 13 18 1 0
2236 550 17 22 1 0
1184 524 13 15 1 0
1654 514 10 13 1 0
476 615 21 32 1 0
2462 887 87 99 1 0
1377 904 83 85 1 0
1993 518 13 15 1 0
1038 689 21 28 1 0
648 743 34 42 1 0
2053 538 13 15 1 0
2016 520 13 15 1 0
1357 510 13 15 1 0
2678 771 25 37 1 0
1248 658 20 28 1 0
1614 680 34 39 1 0
2067 530 13 15 1 0
917 545 15 19 1 0
1213 543 18 20 1 0
1702 520 10 13 1 0
1999 557 13 15 1 0
2029 691 30 32 1 0
1192 560 18 20 1 0
930 570 15 19 1 0
1302 513 13 15 1 0
1441 510 10 13 1 0
1464 554 10 13 1 0
2144 676 27 37 1 0
1057 526 12 14 1 0
361 635 21 32 1 0
1813 655 19 31 1 0
247 719 39 46 1 0
769 574 15 19 1 0
1261 589 17 23 1 0
511 654 21 32 1 0
999 753 52 73 1 0
1655 716 34 39 1 0
2381 562 36 34 1 0
8 1013 76 80 1 0
1245 626 20 28 1 0
37 647 38 42 1 0
1234 592 17 23 1 0
1447 542 10 13 1 0
1043 557 18 20 1 0
1898 524 13 15 1 0
283 621 21 32 1 0
821 688 37 44 1 0
2279 578 24 25 1 0
871 566 15 19 1 0
1420 556 10 13 1 0
2449 577 33 33 1 0
2592 830 87 99 1 0
1474 676 34 39 1 0
1357 548 13 15 1 0
1206 963 100 110 1 0
2422 692 32 34 1 0
1033 610 20 21 1 0
1509 594 22 24 1 0
2518 566 36 34 1 0
2476 719 32 34 1 0
1156 548 18 20 1 0
933 943 83 85 1 0
2807 593 25 30 1 0
2892 839 56 66 1 0
1593 569 14 18 1 0
1567 579 14 18 1 0
1701 604 19 31 1 0
1352 593 17 23 1 0
1261 739 31 49 1 0
1067 538 12 14 1 0
1145 533 12 14 1 0
1151 741 52 73 1 0
1350 533 13 15 1 0
1600 493 10 13 1 0
553 773 83 85 1 0
1875 748 26 41 1 0
2185 538 17 22 1 0
1333 513 13 15 1 0
1623 518 10 13 1 0
1016 567 18 20 1 0
1398 1004 100 110 1 0
1485 632 22 24 1 0
1225 627 20 28 1 0
1271 556 18 20 1 0
1516 948 83 85 1 0
1327 550 13 15 1 0
2026 517 13 15 1 0
1837 492 13 15 1 0
1943 597 19 21 1 0
2055 648 22 25 1 0
999 644 21 28 1 0
788 587 15 19 1 0
1067 774 83 85 1 0
487 903 83 85 1 0
933 547 12 14 1 0
1805 508 13 15 1 0
1321 525 13 15 1 0
1263 610 20 28 1 0
2238 674 27 37 1 0
1734 593 19 31 1 0
1572 632 22 24 1 0
1762 512 13 18 1 0
2637 559 36 34 1 0
1905 504 13 15 1 0
2724 648 26 34 1 0
433 643 21 32 1 0
1386 525 10 13 1 0
2021 617 22 25 1 0
1346 547 13 15 1 0
448 990 100 110 1 0
1483 891 83 85 1 0
1123 540 12 14 1 0
1540 498 10 13 1 0
1610 522 10 13 1 0
1909 517 13 15 1 0
2656 589 33 33 1 0
1156 870 83 85 1 0
2859 637 25 30 1 0
1275 515 13 15 1 0
1397 545 10 13 1 0
2242 538 17 22 1 0
1854 506 13 15 1 0
1773 637 19 31 1 0
1003 551 12 14 1 0
1964 850 87 99 1 0
2432 559 36 34 1 0
1622 491 10 13 1 0
1303 619 20 28 1 0
1234 512 13 15 1 0
1056 543 18 20 1 0
2364 758 31 41 1 0
1317 608 20 28 1 0
819 558 15 19 1 0
890 553 15 19 1 0
1428 503 10 13 1 0
1944 520 13 15 1 0
1197 510 13 15 1 0
331 647 31 36 1 0
1455 630 22 24 1 0
1148 518 12 14 1 0
838 555 15 19 1 0
1864 534 13 18 1 0
1878 629 19 31 1 0
1492 607 22 24 1 0
1956 665 30 32 1 0
2741 581 36 34 1 0
853 563 15 19 1 0
2297 591 24 25 1 0
