1060 881 115 116 1 0
874 1105 122 149 1 0
1807 1456 152 182 1 0
427 298 33 33 1 1
258 1338 116 116 1 0
369 326 35 34 1 1
106 425 54 58 1 1
992 273 53 50 1 1
1786 1277 152 182 1 0
923 102 47 45 1 1
1282 543 63 73 1 1
1198 363 40 39 1 1
1760 312 40 39 1 1
1992 1527 142 165 1 0
1933 863 110 114 1 0
1730 61 43 42 1 1
512 401 35 34 1 1
1911 1168 112 116 1 0
1349 1348 158 190 1 0
1405 584 63 73 1 1
1031 499 37 38 1 1
1952 681 76 90 1 0
1738 268 40 39 1 1
81 751 67 76 1 0
276 575 66 68 1 1
1652 289 40 39 1 1
753 1078 122 149 1 0
1929 1084 112 116 1 0
190 530 61 66 1 1
303 496 61 66 1 1
1636 993 112 116 1 0
1490 140 55 53 1 1
448 306 35 34 1 1
2000 941 112 116 1 0
456 391 35 34 1 1
171 675 67 76 1 0
802 108 29 31 1 1
370 391 35 34 1 1
165 483 61 66 1 1
462 423 35 34 1 1
996 999 122 149 1 0
191 1199 94 118 1 0
2330 681 76 79 1 0
1056 452 37 38 1 1
119 484 61 66 1 1
777 260 53 50 1 1
1658 1510 155 186 1 0
48 606 67 76 1 0
127 1337 116 116 1 0
1609 298 40 39 1 1
369 980 115 116 1 0
1161 527 63 73 1 1
1628 239 40 39 1 1
1166 392 37 38 1 1
421 162 29 31 1 1
399 1115 94 118 1 0
1275 406 37 38 1 1
1705 261 40 39 1 1
736 104 29 31 1 1
1222 692 141 191 1 0
391 160 29 31 1 1
1807 741 101 107 1 0
1941 1353 152 182 1 0
1551 1179 122 132 1 0
2250 241 51 49 1 1
301 643 73 94 1 1
299 1503 116 116 1 0
264 1021 94 118 1 0
571 136 29 31 1 1
410 194 29 31 1 1
881 237 53 50 1 1
936 401 53 50 1 1
468 314 35 34 1 1
1600 363 40 39 1 1
1782 1127 112 116 1 0
631 126 29 31 1 1
2160 1184 122 132 1 0
2118 515 86 85 1 1
136 784 115 116 1 0
1423 1434 158 190 1 0
794 1303 119 162 1 0
608 1065 94 118 1 0
1459 559 63 73 1 1
2284 286 51 49 1 1
1484 97 43 42 1 1
305 538 61 66 1 1
802 428 53 50 1 1
1832 787 110 114 1 0
2343 239 51 49 1 1
959 1483 119 162 1 0
1555 1220 158 190 1 0
1297 488 37 38 1 1
358 188 29 31 1 1
1120 659 62 71 1 0
1326 338 40 39 1 1
2078 1371 152 182 1 0
313 890 115 116 1 0
2083 745 76 90 1 0
1398 412 37 38 1 1
1427 616 63 73 1 1
2059 973 112 116 1 0
412 483 61 66 1 1
55 683 67 76 1 0
24 630 66 74 1 0
901 364 53 50 1 1
1053 997 122 149 1 0
1668 885 110 113 1 0
1495 534 63 71 1 1
957 582 63 73 1 0
152 1067 94 118 1 0
416 387 35 34 1 1
1701 459 37 38 1 1
2145 597 76 79 1 0
964 341 53 50 1 1
867 818 115 116 1 0
350 681 67 76 1 0
1429 376 37 38 1 1
788 341 53 50 1 1
754 341 53 50 1 1
1109 582 63 73 1 0
389 344 35 34 1 1
812 325 53 50 1 1
448 1293 116 116 1 0
347 451 35 34 1 1
1048 670 62 71 1 0
68 864 115 116 1 0
2311 214 51 49 1 1
1728 373 37 38 1 1
239 695 73 94 1 0
382 1429 116 116 1 0
473 588 85 97 1 0
531 1076 94 118 1 0
829 366 53 50 1 1
511 899 115 116 1 0
1568 347 40 39 1 1
309 292 33 33 1 1
765 322 53 50 1 1
809 876 115 116 1 0
1825 283 40 39 1 1
1313 400 37 38 1 1
1056 1480 139 172 1 0
78 560 66 68 1 0
106 399 54 58 1 1
1571 1106 112 116 1 0
1644 568 65 68 1 1
333 361 35 34 1 1
700 1367 119 162 1 0
1225 495 37 38 1 1
2198 424 51 49 1 1
2311 639 76 79 1 0
338 393 35 34 1 1
1874 203 55 53 1 1
1388 544 63 73 1 1
959 661 86 100 1 0
1083 652 62 71 1 0
1227 1274 158 190 1 0
1640 104 55 53 1 1
320 324 35 34 1 1
2214 559 86 85 1 0
95 675 67 76 1 0
526 456 61 66 1 1
1199 312 40 39 1 1
53 407 55 58 1 1
989 1135 122 149 1 0
128 453 61 66 1 1
474 1033 94 118 1 0
205 443 35 34 1 1
876 276 53 50 1 1
470 1360 116 116 1 0
1714 803 110 113 1 0
1831 246 40 39 1 1
995 530 63 73 1 1
735 1271 119 162 1 0
1696 299 40 39 1 1
1597 566 65 68 1 1
500 372 35 34 1 1
2264 328 51 49 1 1
1643 710 87 90 1 0
405 584 66 68 1 0
1649 411 37 38 1 1
