1282 595 35 45 1 0
962 574 48 57 1 0
498 544 18 21 1 0
1474 596 41 45 1 0
14 613 61 86 1 0
1061 612 48 59 2 0
435 594 25 30 1 0
362 653 43 64 1 0
611 620 41 54 1 0
433 574 25 30 1 0
199 604 61 86 1 0
542 555 18 21 1 0
1331 614 35 45 1 0
1237 597 35 45 1 0
1416 614 41 45 2 0
1400 620 41 45 2 0
657 782 87 113 1 0
792 586 55 81 1 0
755 587 32 44 1 0
1300 630 35 45 1 0
762 617 32 44 1 0
251 523 17 25 1 0
726 576 32 44 1 0
644 603 41 54 1 0
43 571 32 42 1 0
829 596 20 25 1 0
399 598 27 28 1 0
1112 595 23 35 1 0
163 553 21 23 1 0
1217 592 35 45 1 0
435 559 17 25 1 0
612 551 18 21 1 0
1493 620 41 45 1 0
1010 595 14 24 1 0
1372 615 41 45 1 0
1544 604 41 45 1 0
1003 607 14 24 1 0
1392 588 41 45 1 0
363 544 17 25 1 0
877 628 55 81 1 0
996 819 55 61 1 0
1130 624 23 35 1 0
632 578 18 21 1 0
1076 612 48 59 2 0
490 630 41 49 1 0
84 560 32 42 1 0
533 621 87 113 1 0
475 767 87 113 1 0
250 614 61 86 1 0
415 604 41 47 1 0
674 549 18 21 1 0
923 594 19 22 1 0
1410 580 23 30 1 0
1524 622 41 45 1 0
34 547 23 25 1 0
291 579 43 64 1 0
