464 189 11 16 1 0
38 148 5 6 1 0
246 156 5 6 1 0
363 70 7 6 1 0
491 145 11 16 1 0
304 125 5 6 1 0
145 122 5 6 1 0
11 215 7 10 1 0
186 83 7 6 1 0
298 157 5 6 1 0
95 136 5 6 1 0
419 120 4 8 1 0
44 129 5 6 1 0
138 111 5 6 1 0
213 139 5 6 1 0
97 117 5 6 1 0
413 106 7 6 1 0
34 181 6 8 1 0
348 77 7 6 1 0
204 101 7 6 1 0
410 122 4 8 1 0
481 71 7 11 1 0
125 139 5 6 1 0
452 101 7 6 1 0
148 251 11 16 1 0
171 192 7 10 1 0
70 135 5 6 1 0
117 175 5 6 1 0
481 220 14 19 1 0
166 89 7 6 1 0
60 116 5 6 1 0
253 162 5 6 1 0
185 299 13 15 1 0
75 388 14 24 1 0
231 153 5 6 1 0
536 69 7 11 1 0
321 134 5 6 1 0
322 209 13 18 1 0
558 386 27 38 1 0
163 113 6 6 1 0
118 105 7 6 1 0
23 238 8 10 1 0
434 109 7 11 1 0
260 217 13 18 1 0
38 104 7 6 1 0
266 224 13 18 1 0
311 158 5 6 1 0
305 296 32 27 1 0
192 187 7 10 1 0
482 293 32 27 1 0
582 166 11 16 1 0
501 150 11 16 1 0
105 104 7 6 1 0
498 180 11 16 1 0
171 177 7 10 1 0
151 174 5 6 1 0
212 125 5 6 1 0
72 109 6 6 1 0
313 137 5 6 1 0
366 76 7 6 1 0
505 302 32 27 1 0
183 197 7 10 1 0
541 88 7 6 1 0
265 167 5 6 1 0
235 165 5 6 1 0
6 133 5 6 1 0
171 97 7 6 1 0
7 243 8 10 1 0
28 96 7 6 1 0
8 307 13 15 1 0
49 103 7 6 1 0
266 92 7 6 1 0
110 169 5 6 1 0
201 156 5 6 1 0
177 281 13 15 1 0
518 179 11 16 1 0
61 181 6 9 1 0
210 109 6 6 1 0
107 284 13 15 1 0
127 147 5 6 1 0
328 215 13 18 1 0
227 175 5 6 1 0
427 163 4 8 1 0
527 82 7 11 1 0
228 232 11 16 1 0
448 156 11 16 1 0
549 71 7 11 1 0
136 95 7 6 1 0
397 185 4 8 1 0
29 313 13 15 1 0
258 272 11 16 1 0
84 190 7 10 1 0
372 130 4 7 1 0
415 131 4 8 1 0
54 132 5 6 1 0
129 343 14 24 1 0
43 103 7 6 1 0
97 147 5 6 1 0
357 252 11 16 1 0
383 86 7 6 1 0
230 82 7 6 1 0
121 141 5 6 1 0
455 95 7 6 1 0
511 66 7 11 1 0
209 165 5 6 1 0
437 95 7 6 1 0
11 167 5 6 1 0
132 150 5 6 1 0
62 135 5 6 1 0
167 169 5 6 1 0
275 81 7 6 1 0
554 132 11 16 1 0
274 347 27 38 1 0
214 189 7 10 1 0
467 163 11 16 1 0
35 308 13 15 1 0
143 196 7 10 1 0
433 269 17 23 1 0
512 84 7 6 1 0
287 78 7 6 1 0
356 132 5 6 1 0
239 171 5 6 1 0
253 254 11 16 1 0
472 154 11 16 1 0
260 300 32 27 1 0
290 222 13 18 1 0
151 109 6 6 1 0
49 173 5 6 1 0
47 213 7 10 1 0
203 240 11 16 1 0
120 245 11 16 1 0
583 140 11 16 1 0
539 127 11 16 1 0
0 139 5 6 1 0
109 212 7 10 1 0
321 147 5 6 1 0
112 191 7 10 1 0
99 177 6 8 1 0
368 98 7 6 1 0
324 90 7 6 1 0
91 104 7 6 1 0
86 178 6 8 1 0
576 71 7 11 1 0
488 163 11 16 1 0
383 138 4 8 1 0
80 97 7 6 1 0
410 69 7 11 1 0
474 174 11 16 1 0
56 205 7 10 1 0
387 225 13 18 1 0
180 184 7 10 1 0
140 129 5 6 1 0
181 353 27 38 1 0
104 268 10 12 1 0
235 83 7 6 1 0
80 287 13 15 1 0
143 109 6 6 1 0
408 209 13 18 1 0
327 121 5 6 1 0
235 145 5 6 1 0
401 266 17 23 1 0
315 79 7 6 1 0
454 65 7 11 1 0
297 119 5 6 1 0
67 312 13 15 1 0
322 232 11 16 1 0
150 209 7 10 1 0
74 131 5 6 1 0
2 201 7 10 1 0
446 91 7 6 1 0
140 313 13 15 1 0
153 142 5 6 1 0
186 233 11 16 1 0
168 143 5 6 1 0
312 270 11 16 1 0
387 127 4 8 1 0
407 97 7 6 1 0
175 125 5 6 1 0
402 88 7 6 1 0
249 227 13 18 1 0
287 91 7 6 1 0
77 219 7 10 1 0
130 177 5 6 1 0
315 147 5 6 1 0
309 105 7 6 1 0
410 193 8 13 1 0
37 93 7 6 1 0
221 179 5 7 1 0
495 96 7 6 1 0
198 246 11 16 1 0
562 170 11 16 1 0
339 302 32 27 1 0
162 199 7 10 1 0
285 147 5 6 1 0
422 69 7 11 1 0
46 385 14 24 1 0
175 95 7 6 1 0
421 191 4 8 1 0
568 61 7 11 1 0
379 112 6 6 1 0
577 60 7 11 1 0
52 121 5 6 1 0
52 154 5 6 1 0
558 141 11 16 1 0
213 156 5 6 1 0
462 210 14 19 1 0
122 207 7 10 1 0
570 138 11 16 1 0
245 115 5 6 1 0
508 258 17 23 1 0
261 159 5 6 1 0
64 130 5 6 1 0
542 70 7 11 1 0
236 134 5 6 1 0
61 194 7 10 1 0
373 72 7 6 1 0
333 77 7 6 1 0
56 175 5 6 1 0
2 310 13 15 1 0
151 282 13 15 1 0
221 277 11 16 1 0
31 148 5 6 1 0
153 195 7 10 1 0
83 120 5 6 1 0
36 237 8 10 1 0
478 196 14 19 1 0
202 184 7 10 1 0
39 215 7 10 1 0
262 114 5 6 1 0
69 103 7 6 1 0
259 106 7 6 1 0
31 142 5 6 1 0
367 189 10 15 1 0
330 283 26 24 1 0
353 107 7 6 1 0
583 122 11 16 1 0
253 127 5 6 1 0
77 96 7 6 1 0
66 191 7 10 1 0
231 101 7 6 1 0
400 370 27 38 1 0
52 293 13 15 1 0
77 119 5 6 1 0
36 195 7 10 1 0
330 81 7 6 1 0
470 65 7 11 1 0
350 120 5 6 1 0
332 193 13 18 1 0
98 216 7 10 1 0
375 261 11 16 1 0
361 117 5 6 1 0
400 130 4 8 1 0
95 190 7 10 1 0
88 157 5 6 1 0
279 270 11 16 1 0
201 281 11 16 1 0
385 181 4 8 1 0
582 60 7 11 1 0
344 247 11 16 1 0
326 368 27 38 1 0
385 243 13 18 1 0
89 280 13 15 1 0
326 74 7 6 1 0
89 98 7 6 1 0
24 157 5 6 1 0
297 129 5 6 1 0
88 111 6 6 1 0
223 99 7 6 1 0
36 226 7 10 1 0
392 175 4 8 1 0
62 292 13 15 1 0
359 72 7 7 1 0
11 99 7 6 1 0
198 112 5 6 1 0
406 173 4 8 1 0
51 95 7 6 1 0
153 265 11 16 1 0
508 77 7 11 1 0
365 191 10 15 1 0
445 158 9 14 1 0
310 84 7 6 1 0
468 87 7 6 1 0
339 215 13 18 1 0
123 124 5 6 1 0
305 91 7 6 1 0
332 228 13 18 1 0
209 119 5 6 1 0
254 78 7 6 1 0
71 145 5 6 1 0
564 120 11 16 1 0
551 128 11 16 1 0
208 94 7 6 1 0
118 208 7 10 1 0
126 129 5 6 1 0
563 68 7 11 1 0
260 77 7 6 1 0
230 111 5 6 1 0
62 161 5 6 1 0
407 226 13 18 1 0
164 157 5 6 1 0
257 92 7 6 1 0
390 211 13 18 1 0
203 201 7 10 1 0
119 154 5 6 1 0
523 154 11 16 1 0
123 115 5 6 1 0
231 219 13 18 1 0
274 255 11 16 1 0
515 100 7 6 1 0
138 149 5 6 1 0
282 121 5 6 1 0
69 121 5 6 1 0
16 157 5 6 1 0
137 288 13 15 1 0
275 158 5 6 1 0
110 161 5 6 1 0
492 260 17 23 1 0
480 87 7 6 1 0
131 122 5 6 1 0
583 87 7 11 1 0
47 308 13 15 1 0
210 149 5 6 1 0
107 134 5 6 1 0
269 132 5 6 1 0
537 81 7 11 1 0
1 154 5 6 1 0
585 71 7 11 1 0
24 191 7 10 1 0
157 181 6 9 1 0
36 297 13 15 1 0
354 194 10 15 1 0
239 178 5 6 1 0
76 344 14 24 1 0
67 97 7 6 1 0
379 94 7 6 1 0
287 163 5 6 1 0
2 290 13 15 1 0
15 95 7 6 1 0
282 224 13 18 1 0
82 132 5 6 1 0
281 95 7 6 1 0
303 112 6 6 1 0
192 85 7 6 1 0
347 227 13 18 1 0
214 95 7 6 1 0
249 136 5 6 1 0
299 208 13 18 1 0
378 75 7 11 1 0
425 90 7 6 1 0
141 81 7 6 1 0
190 121 5 6 1 0
219 244 11 16 1 0
450 166 11 16 1 0
149 156 5 6 1 0
93 125 5 6 1 0
72 290 13 15 1 0
116 126 5 6 1 0
69 156 5 6 1 0
45 110 7 6 1 0
477 98 7 6 1 0
239 227 13 18 1 0
193 151 5 6 1 0
556 91 7 6 1 0
19 102 7 6 1 0
39 342 11 21 1 0
210 175 5 6 1 0
525 196 14 19 1 0
310 209 13 18 1 0
2 175 6 9 1 0
498 63 7 11 1 0
129 236 11 16 1 0
306 252 11 16 1 0
183 191 7 10 1 0
153 198 7 10 1 0
325 253 11 16 1 0
119 224 7 10 1 0
95 204 7 10 1 0
382 194 8 13 1 0
180 119 5 6 1 0
169 241 11 16 1 0
27 102 7 6 1 0
114 305 13 15 1 0
161 137 5 6 1 0
315 200 13 18 1 0
11 117 5 6 1 0
570 214 14 19 1 0
519 131 11 16 1 0
43 97 7 6 1 0
217 91 7 6 1 0
312 100 7 6 1 0
445 183 7 12 1 0
549 58 7 11 1 0
3 148 5 6 1 0
57 242 10 12 1 0
482 66 7 11 1 0
518 90 7 6 1 0
538 140 11 16 1 0
103 306 13 15 1 0
433 203 13 18 1 0
418 113 5 8 1 0
162 127 5 6 1 0
77 182 7 10 1 0
84 308 13 15 1 0
434 71 7 11 1 0
35 117 5 6 1 0
126 103 7 6 1 0
97 103 7 6 1 0
93 170 5 6 1 0
396 119 4 8 1 0
286 85 7 6 1 0
560 129 11 16 1 0
55 342 14 24 1 0
485 187 11 16 1 0
370 105 7 6 1 0
426 80 7 11 1 0
355 127 5 6 1 0
137 202 7 10 1 0
544 149 11 16 1 0
566 258 17 23 1 0
251 143 5 6 1 0
493 141 11 16 1 0
540 73 7 11 1 0
87 151 5 6 1 0
487 80 7 11 1 0
452 107 7 6 1 0
117 198 7 10 1 0
269 212 13 18 1 0
272 276 11 16 1 0
108 93 7 6 1 0
493 70 7 11 1 0
425 69 7 11 1 0
116 89 7 6 1 0
331 132 5 6 1 0
109 177 5 7 1 0
347 133 5 6 1 0
80 105 7 6 1 0
241 121 5 6 1 0
565 136 11 16 1 0
463 83 7 6 1 0
66 223 7 10 1 0
552 298 32 27 1 0
117 268 11 16 1 0
196 94 7 6 1 0
461 360 27 38 1 0
513 138 11 16 1 0
17 186 7 10 1 0
427 120 4 8 1 0
501 140 11 16 1 0
224 257 11 16 1 0
199 192 7 10 1 0
375 187 4 8 1 0
99 90 7 6 1 0
301 224 13 18 1 0
390 113 5 7 1 0
81 152 5 6 1 0
367 90 7 6 1 0
266 124 5 6 1 0
323 293 32 27 1 0
149 88 7 6 1 0
144 86 7 6 1 0
1 339 11 18 1 0
504 83 7 6 1 0
534 76 7 11 1 0
211 259 11 16 1 0
550 207 14 19 1 0
432 80 7 11 1 0
273 143 5 6 1 0
183 105 7 6 1 0
202 260 11 16 1 0
193 103 7 6 1 0
177 113 6 6 1 0
227 137 5 6 1 0
191 171 5 6 1 0
132 106 7 6 1 0
227 123 5 6 1 0
518 81 7 11 1 0
189 278 13 15 1 0
54 102 7 6 1 0
185 134 5 6 1 0
129 161 5 6 1 0
374 200 13 18 1 0
319 122 5 6 1 0
279 111 6 6 1 0
3 187 7 10 1 0
11 343 11 20 1 0
339 147 5 6 1 0
334 106 7 6 1 0
556 157 11 16 1 0
552 85 7 6 1 0
440 65 7 11 1 0
345 124 5 6 1 0
142 134 5 6 1 0
213 299 32 27 1 0
223 80 7 6 1 0
126 141 5 6 1 0
569 121 11 16 1 0
382 207 13 18 1 0
195 126 5 6 1 0
534 177 11 16 1 0
363 208 13 18 1 0
107 141 5 6 1 0
18 132 5 6 1 0
78 138 5 6 1 0
19 148 5 6 1 0
327 110 6 6 1 0
430 178 4 8 1 0
20 220 7 10 1 0
429 189 4 8 1 0
132 294 13 15 1 0
239 129 5 6 1 0
125 92 7 6 1 0
584 238 14 19 1 0
89 89 7 6 1 0
16 204 7 10 1 0
583 358 27 38 1 0
113 114 5 6 1 0
53 191 7 10 1 0
191 144 5 6 1 0
354 145 5 6 1 0
131 142 5 6 1 0
287 137 5 6 1 0
249 344 27 38 1 0
415 82 7 11 1 0
38 165 5 6 1 0
476 146 11 16 1 0
173 145 5 6 1 0
155 102 7 6 1 0
149 150 5 6 1 0
483 148 11 16 1 0
566 128 11 16 1 0
555 54 7 11 1 0
23 346 11 20 1 0
234 276 11 16 1 0
117 329 14 24 1 0
364 365 27 38 1 0
377 290 32 27 1 0
354 203 13 18 1 0
305 148 5 6 1 0
513 222 14 19 1 0
297 85 7 6 1 0
455 278 17 23 1 0
300 79 7 6 1 0
147 196 7 10 1 0
369 248 11 16 1 0
322 100 7 6 1 0
202 296 12 15 1 0
303 77 7 6 1 0
71 173 5 6 1 0
337 202 13 18 1 0
65 209 7 10 1 0
60 123 5 6 1 0
341 363 27 38 1 0
524 142 11 16 1 0
179 125 5 6 1 0
201 124 5 6 1 0
468 100 7 6 1 0
44 135 5 6 1 0
40 157 5 6 1 0
390 100 7 6 1 0
432 298 32 27 1 0
405 113 5 7 1 0
525 73 7 11 1 0
416 69 7 11 1 0
212 100 7 6 1 0
359 232 11 16 1 0
48 288 13 15 1 0
545 134 11 16 1 0
139 267 11 16 1 0
341 188 13 18 1 0
153 98 7 6 1 0
478 64 7 11 1 0
265 107 7 6 1 0
14 243 8 10 1 0
255 133 5 6 1 0
181 244 11 16 1 0
258 209 13 18 1 0
455 194 12 17 1 0
520 77 7 11 1 0
51 144 5 6 1 0
547 87 7 6 1 0
352 187 10 15 1 0
352 76 7 6 1 0
455 184 11 16 1 0
149 133 5 6 1 0
354 84 7 6 1 0
199 175 5 6 1 0
475 154 11 16 1 0
497 82 7 11 1 0
225 163 5 6 1 0
104 259 10 12 1 0
71 205 7 10 1 0
186 265 11 16 1 0
236 125 5 6 1 0
443 105 7 6 1 0
161 185 7 10 1 0
152 189 7 10 1 0
160 145 5 6 1 0
14 292 13 15 1 0
420 174 4 8 1 0
455 171 11 16 1 0
4 96 7 6 1 0
14 197 7 10 1 0
463 71 7 11 1 0
189 317 13 15 1 0
135 189 7 10 1 0
182 152 5 6 1 0
186 96 7 6 1 0
245 166 5 6 1 0
527 132 11 16 1 0
249 151 5 6 1 0
439 162 7 12 1 0
397 69 7 11 1 0
63 106 7 6 1 0
559 217 14 19 1 0
285 108 6 6 1 0
342 143 5 6 1 0
299 367 27 38 1 0
414 181 4 8 1 0
460 93 7 6 1 0
31 119 5 6 1 0
348 100 7 6 1 0
548 169 11 16 1 0
81 161 5 6 1 0
517 68 7 11 1 0
37 207 7 10 1 0
99 107 7 6 1 0
310 123 5 6 1 0
574 85 7 6 1 0
261 145 5 6 1 0
95 288 13 15 1 0
126 277 13 15 1 0
338 89 7 6 1 0
276 96 7 6 1 0
210 272 11 16 1 0
165 252 11 16 1 0
577 180 11 16 1 0
47 151 5 6 1 0
466 175 11 16 1 0
301 98 7 6 1 0
131 92 7 6 1 0
179 161 5 6 1 0
264 255 11 16 1 0
430 387 27 38 1 0
122 110 6 6 1 0
494 154 11 16 1 0
168 93 7 6 1 0
284 115 5 6 1 0
43 115 5 6 1 0
83 99 7 6 1 0
378 366 27 38 1 0
205 131 5 6 1 0
254 239 11 16 1 0
425 205 13 18 1 0
223 109 6 6 1 0
342 112 6 6 1 0
190 251 11 16 1 0
239 90 7 6 1 0
89 269 10 12 1 0
189 184 7 10 1 0
234 259 11 16 1 0
198 137 5 6 1 0
353 93 7 6 1 0
24 136 5 6 1 0
180 142 5 6 1 0
167 103 7 6 1 0
116 96 7 6 1 0
168 280 13 15 1 0
77 160 5 6 1 0
367 111 6 6 1 0
107 110 6 6 1 0
223 155 5 6 1 0
86 127 5 6 1 0
578 147 11 16 1 0
529 62 7 11 1 0
166 185 7 10 1 0
363 128 5 6 1 0
191 159 5 6 1 0
441 119 6 6 1 0
