137 107 16 17 1 0
591 3 3 5 1 0
555 34 2 3 1 0
494 25 2 3 1 0
297 15 2 3 1 0
228 93 16 17 1 0
88 52 2 3 1 0
302 25 2 3 1 0
603 17 7 11 1 0
174 40 2 3 1 0
486 90 16 17 1 0
549 10 2 3 1 0
335 38 2 3 1 0
595 55 7 11 1 0
43 57 6 9 1 0
451 18 2 3 1 0
352 29 2 3 1 0
193 64 7 11 1 0
510 48 7 11 1 0
262 69 10 15 1 0
479 30 2 3 1 0
252 50 7 11 1 0
533 22 2 3 1 0
512 43 7 11 1 0
600 28 7 11 1 0
594 21 7 11 1 0
227 70 10 15 1 0
163 70 10 15 1 0
278 50 7 11 1 0
324 77 10 15 1 0
48 45 2 3 1 0
459 19 2 3 1 0
415 1 2 3 1 0
417 95 16 17 1 0
240 111 16 17 1 0
8 30 6 9 1 0
196 51 7 11 1 0
207 74 10 15 1 0
521 29 2 3 1 0
241 36 2 3 1 0
225 41 7 11 1 0
573 53 7 11 1 0
308 46 7 11 1 0
516 8 2 3 1 0
608 3 4 7 1 0
434 35 2 3 1 0
167 95 16 17 1 0
383 16 2 3 1 0
72 55 2 3 1 0
401 25 2 3 1 0
353 21 2 3 1 0
498 44 7 11 1 0
456 44 7 11 1 0
508 8 2 3 1 0
19 39 6 9 1 0
192 139 16 17 1 0
114 44 7 11 1 0
594 10 3 5 1 0
347 85 10 15 1 0
559 77 10 15 1 0
412 38 2 3 1 0
550 38 2 3 1 0
357 25 2 3 1 0
22 72 11 15 1 0
304 11 2 3 1 0
239 59 7 11 1 0
358 118 16 17 1 0
294 40 2 3 1 0
15 31 6 9 1 0
423 29 2 3 1 0
585 194 18 19 1 0
601 24 7 11 1 0
270 44 7 11 1 0
423 39 2 3 1 0
14 39 8 12 1 0
239 29 2 3 1 0
143 75 10 15 1 0
409 47 7 11 1 0
599 10 5 9 1 0
486 7 2 3 1 0
517 34 2 3 1 0
515 27 2 3 1 0
602 4 4 7 1 0
463 56 7 11 1 0
121 56 7 11 1 0
37 39 2 3 1 0
103 37 2 3 1 0
539 22 2 3 1 0
173 53 7 11 1 0
444 54 7 11 1 0
469 2 2 3 1 0
237 34 2 3 1 0
356 30 2 3 1 0
532 67 10 15 1 0
445 45 7 11 1 0
347 41 7 11 1 0
356 35 2 3 1 0
429 37 2 3 1 0
435 40 2 3 1 0
301 14 2 3 1 0
504 20 2 3 1 0
121 40 2 3 1 0
490 4 2 3 1 0
218 87 16 17 1 0
384 36 2 3 1 0
13 33 6 9 1 0
490 26 2 3 1 0
173 22 2 3 1 0
459 3 2 3 1 0
346 52 7 11 1 0
386 13 2 3 1 0
217 30 2 3 1 0
275 74 10 15 1 0
59 77 11 15 1 0
589 24 5 9 1 0
481 73 10 15 1 0
470 70 10 15 1 0
267 65 10 15 1 0
240 48 7 11 1 0
128 36 2 3 1 0
366 54 7 11 1 0
524 51 7 11 1 0
597 2 2 3 1 0
274 59 7 11 1 0
550 24 2 3 1 0
199 69 10 15 1 0
498 26 2 3 1 0
446 19 2 3 1 0
156 35 2 3 1 0
218 43 7 11 1 0
497 81 10 15 1 0
175 27 2 3 1 0
399 40 2 3 1 0
169 77 10 15 1 0
139 30 2 3 1 0
426 16 2 3 1 0
237 24 2 3 1 0
322 153 18 19 1 0
149 45 7 11 1 0
152 35 2 3 1 0
179 13 2 3 1 0
135 48 7 11 1 0
107 35 2 3 1 0
544 10 2 3 1 0
388 63 7 11 1 0
111 40 2 3 1 0
428 28 2 3 1 0
148 54 7 11 1 0
247 64 7 11 1 0
334 52 7 11 1 0
99 115 11 15 1 0
92 36 2 3 1 0
65 69 11 15 1 0
329 61 7 11 1 0
400 88 16 17 1 0
595 3 3 5 1 0
326 45 7 11 1 0
17 86 11 15 1 0
581 4 2 3 1 0
586 16 3 5 1 0
63 93 11 15 1 0
463 28 2 3 1 0
366 46 7 11 1 0
73 48 2 3 1 0
356 166 18 19 1 0
553 96 16 17 1 0
554 18 2 3 1 0
42 38 2 3 1 0
415 7 2 3 1 0
473 9 2 3 1 0
152 40 2 3 1 0
483 26 2 3 1 0
152 26 2 3 1 0
313 9 2 3 1 0
439 59 7 11 1 0
64 36 2 3 1 0
425 46 7 11 1 0
295 148 18 19 1 0
127 73 10 15 1 0
460 33 2 3 1 0
569 49 7 11 1 0
143 63 7 11 1 0
542 23 2 3 1 0
136 38 2 3 1 0
0 42 6 9 1 0
87 78 11 15 1 0
54 71 11 15 1 0
12 74 11 15 1 0
402 46 7 11 1 0
507 33 2 3 1 0
531 30 2 3 1 0
77 42 2 3 1 0
317 108 16 17 1 0
144 37 2 3 1 0
431 18 2 3 1 0
508 17 2 3 1 0
29 82 11 15 1 0
309 38 2 3 1 0
595 110 16 17 1 0
482 172 18 19 1 0
263 83 10 15 1 0
362 68 10 15 1 0
578 67 10 15 1 0
76 35 2 3 1 0
265 18 2 3 1 0
385 71 10 15 1 0
234 42 7 11 1 0
527 11 2 3 1 0
75 95 11 15 1 0
528 79 10 15 1 0
298 33 2 3 1 0
422 14 2 3 1 0
384 173 18 19 1 0
499 99 16 17 1 0
248 34 2 3 1 0
179 25 2 3 1 0
491 63 7 11 1 0
565 53 7 11 1 0
273 38 2 3 1 0
470 26 2 3 1 0
225 36 2 3 1 0
333 12 2 3 1 0
315 93 16 17 1 0
476 49 7 11 1 0
100 47 2 3 1 0
521 10 2 3 1 0
181 71 10 15 1 0
174 68 10 15 1 0
320 55 7 11 1 0
301 72 10 15 1 0
231 34 2 3 1 0
270 11 2 3 1 0
394 0 2 3 1 0
139 59 7 11 1 0
470 36 2 3 1 0
490 34 2 3 1 0
363 8 2 3 1 0
389 9 2 3 1 0
405 9 2 3 1 0
543 30 2 3 1 0
166 46 7 11 1 0
424 61 7 11 1 0
306 58 7 11 1 0
447 32 2 3 1 0
229 51 7 11 1 0
520 50 7 11 1 0
459 55 7 11 1 0
422 87 16 17 1 0
588 12 3 5 1 0
162 60 7 11 1 0
545 22 2 3 1 0
257 28 2 3 1 0
224 31 2 3 1 0
216 55 7 11 1 0
105 54 4 7 1 0
343 65 10 15 1 0
148 37 2 3 1 0
408 80 10 15 1 0
410 3 2 3 1 0
102 93 11 15 1 0
217 49 7 11 1 0
478 41 7 11 1 0
151 73 10 15 1 0
208 42 7 11 1 0
522 13 2 3 1 0
603 7 5 9 1 0
257 38 2 3 1 0
292 65 10 15 1 0
374 116 16 17 1 0
433 30 2 3 1 0
536 17 2 3 1 0
281 60 7 11 1 0
5 39 8 12 1 0
527 7 2 3 1 0
121 68 7 11 1 0
201 88 16 17 1 0
467 23 2 3 1 0
10 38 8 12 1 0
260 60 7 11 1 0
36 91 11 15 1 0
394 33 2 3 1 0
442 0 2 3 1 0
562 68 10 15 1 0
497 19 2 3 1 0
503 26 2 3 1 0
464 1 2 3 1 0
480 4 2 3 1 0
450 23 2 3 1 0
293 112 16 17 1 0
277 7 2 3 1 0
76 68 6 9 1 0
235 27 2 3 1 0
316 37 2 3 1 0
3 98 11 15 1 0
482 55 7 11 1 0
230 79 10 15 1 0
160 42 7 11 1 0
388 4 2 3 1 0
124 50 7 11 1 0
533 49 7 11 1 0
247 41 7 11 1 0
554 60 7 11 1 0
604 21 7 11 1 0
351 50 7 11 1 0
28 41 6 9 1 0
499 22 2 3 1 0
352 33 2 3 1 0
280 83 10 15 1 0
556 48 7 11 1 0
107 81 11 15 1 0
113 34 2 3 1 0
157 90 16 17 1 0
578 97 16 17 1 0
294 57 7 11 1 0
416 69 10 15 1 0
522 40 2 3 1 0
130 84 10 15 1 0
177 55 7 11 1 0
496 35 2 3 1 0
601 13 5 9 1 0
53 37 2 3 1 0
403 63 7 11 1 0
328 14 2 3 1 0
118 81 11 15 1 0
357 21 2 3 1 0
417 55 7 11 1 0
539 12 2 3 1 0
461 72 10 15 1 0
285 46 7 11 1 0
438 176 18 19 1 0
46 98 11 15 1 0
389 46 7 11 1 0
406 157 18 19 1 0
380 0 2 3 1 0
71 41 2 3 1 0
96 57 3 5 1 0
123 36 2 3 1 0
606 58 7 11 1 0
235 74 10 15 1 0
498 3 2 3 1 0
411 61 7 11 1 0
509 61 7 11 1 0
536 34 2 3 1 0
265 48 7 11 1 0
104 41 2 3 1 0
354 17 2 3 1 0
285 52 7 11 1 0
526 19 2 3 1 0
60 37 2 3 1 0
227 12 2 3 1 0
309 52 7 11 1 0
594 47 7 11 1 0
246 86 16 17 1 0
546 43 7 11 1 0
361 30 2 3 1 0
76 39 2 3 1 0
555 40 2 3 1 0
365 30 2 3 1 0
359 6 2 3 1 0
212 61 7 11 1 0
303 30 2 3 1 0
155 39 2 3 1 0
436 51 7 11 1 0
44 78 11 15 1 0
461 24 2 3 1 0
378 44 7 11 1 0
4 35 8 12 1 0
204 57 7 11 1 0
40 69 11 15 1 0
369 7 2 3 1 0
359 81 10 15 1 0
304 80 10 15 1 0
316 50 7 11 1 0
371 62 7 11 1 0
247 29 2 3 1 0
457 90 16 17 1 0
520 20 2 3 1 0
601 85 10 15 1 0
99 42 2 3 1 0
