3263 871 34 36 1 0
765 888 18 19 1 0
730 877 18 19 1 0
3053 921 100 146 1 0
1281 875 15 16 1 0
1385 827 100 146 1 0
3698 895 20 25 1 0
3397 888 34 36 1 0
3120 919 34 36 1 0
3142 867 34 36 1 0
2284 902 100 146 1 0
2073 856 100 146 1 0
3596 917 63 79 1 0
2329 883 13 16 1 0
3232 858 34 36 1 0
3820 976 20 25 1 0
689 866 18 19 1 0
3677 869 20 25 1 0
3109 876 34 36 2 0
1237 897 15 16 1 0
2350 881 13 16 1 0
3661 867 20 25 1 0
2216 841 100 146 1 0
1792 897 100 146 1 0
793 886 18 19 1 0
3662 890 20 25 1 0
1496 842 100 146 1 0
3201 919 34 36 1 0
2368 875 13 16 1 0
3519 864 16 20 1 0
809 873 18 19 1 0
3341 897 34 36 1 0
832 882 18 19 1 0
1612 919 100 146 1 0
3806 888 20 25 1 0
3795 857 20 25 1 0
2392 877 13 16 1 0
1042 951 100 146 1 0
645 927 100 146 1 0
388 824 100 146 1 0
2780 1002 169 270 1 0
344 937 114 132 1 0
240 934 22 22 1 0
3202 876 34 36 2 0
3643 875 20 25 1 0
522 857 100 146 1 0
3723 841 20 25 1 0
3245 892 34 36 1 0
3111 893 34 36 2 0
1259 896 15 16 1 0
3751 911 20 25 1 0
3219 872 34 36 2 0
