589 237 44 44 1 0
510 41 31 42 1 1
705 167 27 36 1 0
345 79 31 42 1 0
634 399 49 67 1 0
55 252 55 63 1 0
680 23 31 42 1 1
223 255 55 63 1 0
736 119 27 36 1 0
317 320 49 67 1 0
457 190 44 44 1 0
114 211 44 44 1 0
235 349 49 67 1 0
283 30 31 42 1 1
480 43 31 42 1 1
472 322 49 67 1 0
519 63 31 42 1 1
480 147 27 36 1 0
387 36 31 42 1 1
194 55 31 42 2 1
586 41 31 42 1 1
710 50 31 42 1 1
216 184 44 44 1 0
393 178 44 44 1 0
633 53 31 42 1 1
347 41 31 42 1 1
227 38 31 42 1 1
8 88 31 42 1 0
670 189 44 44 1 0
505 117 27 36 1 0
54 73 31 42 1 0
264 142 27 36 1 0
435 217 44 44 1 0
282 61 31 42 1 1
183 69 31 42 2 0
726 87 27 36 2 0
178 22 31 42 1 1
87 328 49 67 1 0
5 191 55 63 2 0
108 79 31 42 1 0
174 264 55 63 1 0
431 27 31 42 1 1
5 226 55 63 2 0
627 223 44 44 1 0
287 201 44 44 1 0
593 131 27 36 1 0
383 64 31 42 1 0
176 47 31 42 1 1
529 164 27 36 1 0
100 43 31 42 1 1
655 134 27 36 1 0
222 110 27 36 1 0
16 58 31 42 2 1
190 388 49 67 1 0
661 56 31 42 1 1
261 22 31 42 1 1
180 112 27 36 1 0
319 119 27 36 1 0
316 50 31 42 1 1
408 304 49 67 1 0
334 236 44 44 1 0
701 145 27 36 1 0
405 8 18 17 1 1
665 252 55 63 1 0
553 400 49 67 1 0
516 11 18 17 1 1
557 9 18 17 1 1
318 187 44 44 1 0
16 33 31 42 2 1
642 315 49 67 1 0
666 119 27 36 1 0
542 77 31 42 1 0
335 104 27 36 1 0
722 419 49 67 1 0
723 73 27 36 2 0
102 122 27 36 1 0
566 25 31 42 1 1
