796 406 12 15 1 0
278 331 9 10 1 0
77 444 25 34 1 0
600 390 12 15 1 0
962 404 8 11 1 0
263 338 9 10 1 0
168 400 16 19 1 0
241 407 16 19 1 0
252 359 9 10 1 0
781 388 12 15 1 0
561 383 12 15 1 0
892 478 34 45 1 0
241 354 9 10 1 0
205 365 9 10 1 0
226 401 16 19 1 0
803 426 12 15 1 0
214 339 9 10 1 0
247 338 9 10 1 0
764 459 34 45 1 0
146 396 16 19 1 0
676 406 12 15 1 0
52 404 16 19 1 0
288 339 9 10 1 0
630 426 27 34 1 0
465 355 9 10 1 0
647 407 12 15 1 0
302 391 16 19 1 0
281 365 9 10 1 0
585 384 12 15 1 0
688 513 43 50 1 0
364 399 12 15 1 0
941 461 34 45 1 0
201 430 25 34 1 0
574 403 12 15 1 0
455 349 9 10 1 0
120 403 16 19 1 0
850 383 12 15 1 0
540 404 12 15 1 0
324 387 12 15 1 0
267 365 9 10 1 0
622 411 27 34 1 0
649 392 12 15 1 0
400 413 27 34 1 0
459 414 27 34 1 0
158 404 16 19 1 0
233 347 9 10 1 0
16 404 20 26 1 0
418 430 27 34 1 0
641 421 27 34 1 0
443 413 27 34 1 0
266 354 9 10 1 0
719 408 12 15 1 0
152 429 25 34 1 0
56 384 16 19 1 0
667 375 12 15 1 0
743 430 12 15 1 0
128 412 16 19 1 0
103 396 16 19 1 0
312 337 9 10 1 0
475 354 9 10 1 0
892 394 12 15 1 0
699 382 12 15 1 0
47 432 25 34 1 0
401 390 12 15 1 0
800 379 12 15 1 0
652 382 12 15 1 0
701 417 27 34 1 0
773 414 12 15 1 0
838 427 12 15 1 0
763 421 12 15 1 0
870 430 12 15 1 0
170 388 16 19 1 0
915 416 12 15 1 0
820 386 12 15 1 0
307 402 16 19 1 0
413 403 12 15 1 0
260 398 16 19 1 0
187 412 16 19 1 0
486 416 27 34 1 0
625 389 12 15 1 0
224 339 9 10 1 0
213 408 16 19 1 0
432 359 9 10 1 0
82 416 16 19 1 0
971 410 8 11 1 0
612 449 27 34 1 0
909 495 34 45 1 0
734 370 12 15 1 0
381 428 27 34 1 0
938 424 12 15 1 0
374 357 9 10 1 0
112 425 25 34 1 0
764 377 12 15 1 0
939 364 8 11 1 0
341 380 12 15 1 0
500 420 27 34 1 0
836 485 34 45 1 0
115 410 16 19 1 0
974 387 8 11 1 0
350 380 12 15 1 0
300 345 9 10 1 0
314 363 9 10 1 0
374 408 27 34 1 0
331 397 12 15 1 0
581 427 27 34 1 0
