276 113 11 10 1 0
385 93 6 6 1 0
515 124 11 10 1 0
133 93 6 6 1 0
68 160 21 16 1 0
508 204 22 26 1 0
52 119 11 10 1 0
269 88 6 6 1 0
512 141 17 17 1 0
329 148 17 17 1 0
110 150 17 17 1 0
355 133 17 17 1 0
442 217 22 26 1 0
72 96 6 6 1 0
401 121 11 10 1 0
304 154 17 12 1 0
87 140 17 17 1 0
65 94 6 6 1 0
236 93 6 6 1 0
384 122 11 10 1 0
445 114 11 10 1 0
295 110 11 10 1 0
19 125 11 10 1 0
170 162 22 26 1 0
219 148 17 17 1 0
369 123 11 10 1 0
158 148 17 17 1 0
257 154 17 12 1 0
166 118 11 10 1 0
7 123 8 7 1 0
411 168 22 26 1 0
377 135 17 17 1 0
262 94 6 6 1 0
85 121 11 10 1 0
152 135 17 17 1 0
36 145 17 17 1 0
89 113 11 10 1 0
353 180 22 26 1 0
482 73 8 8 1 0
135 132 17 17 1 0
247 125 11 10 1 0
128 112 11 10 1 0
262 138 17 17 1 0
89 166 21 16 1 0
111 90 6 6 1 0
251 91 6 6 1 0
183 146 17 17 1 0
420 119 11 10 1 0
223 109 11 10 1 0
344 123 11 10 1 0
36 122 11 10 1 0
460 150 17 17 1 0
469 114 11 10 1 0
194 116 11 10 1 0
466 177 22 26 1 0
279 144 17 17 1 0
108 117 11 10 1 0
212 91 6 6 1 0
404 142 17 17 1 0
457 120 11 10 1 0
377 92 6 6 1 0
47 130 17 14 1 0
234 156 22 26 1 0
151 117 11 10 1 0
299 126 11 10 1 0
90 91 6 6 1 0
124 140 17 17 1 0
300 139 17 17 1 0
49 92 6 6 1 0
526 112 11 10 1 0
29 156 21 16 1 0
488 117 11 10 1 0
362 84 6 6 1 0
117 113 11 10 1 0
120 91 6 6 1 0
320 131 17 17 1 0
