590 147 12 12 1 0
248 228 16 20 1 0
483 122 12 12 1 1
667 248 25 27 1 0
438 136 12 12 1 0
591 240 25 27 1 0
674 192 17 16 1 0
500 149 12 12 1 0
398 177 12 12 1 0
581 111 12 12 1 1
312 210 18 20 1 0
543 153 12 12 1 0
394 159 12 12 1 0
570 147 12 12 1 0
664 222 25 27 1 0
540 139 12 12 1 0
227 203 16 20 1 0
361 157 13 14 1 0
428 157 12 12 1 0
556 228 25 27 1 0
475 142 12 12 1 0
404 162 12 12 1 0
599 151 12 12 1 0
23 208 19 25 1 0
217 233 19 22 1 0
509 169 12 12 1 0
329 199 18 20 1 0
276 243 18 20 1 0
191 230 19 22 1 0
496 256 25 27 1 0
629 137 12 12 1 1
650 138 12 12 1 1
104 236 28 30 1 0
64 228 19 25 1 0
159 226 19 22 1 0
385 172 12 12 1 0
643 182 17 16 1 0
559 246 25 27 1 0
456 157 12 12 1 0
261 189 16 20 1 0
428 178 12 12 1 0
