2776 124 99 118 1 0
2089 461 99 118 1 0
2645 354 99 118 1 0
3560 1261 125 127 1 0
1819 1599 140 138 1 0
3359 152 99 118 1 0
2205 2321 154 155 1 0
1761 411 99 118 1 0
3329 252 99 118 3 0
3448 116 99 118 1 0
1735 1111 125 127 1 0
3450 1402 125 127 1 0
2546 484 99 118 1 0
2655 1397 125 127 1 0
2096 207 99 118 1 0
1720 874 125 127 1 0
932 1916 154 155 1 0
2870 2360 154 155 1 0
1110 2005 154 155 1 0
331 600 125 127 1 0
2176 1034 125 127 1 0
1835 362 99 118 1 0
1662 1015 125 127 1 0
1516 1062 125 127 1 0
2215 216 99 118 1 0
860 1512 140 138 1 0
2571 2166 154 155 1 0
136 2208 154 155 1 0
2703 547 99 118 1 0
1115 351 99 118 1 0
1679 414 99 118 1 0
2177 724 125 127 1 0
385 1918 154 155 1 0
3719 106 99 118 1 0
2028 2484 154 155 1 0
2734 287 99 118 1 0
3223 121 99 118 1 0
2526 1770 140 138 1 0
2429 309 99 118 1 0
515 506 99 118 1 0
3174 1366 125 127 1 0
3530 202 99 118 1 0
2494 1373 125 127 1 0
322 905 125 127 1 0
1439 839 125 127 1 0
1706 2287 154 155 1 0
1694 2490 154 155 1 0
3410 12 99 118 1 0
3191 1009 125 127 1 0
603 371 99 118 1 0
30 2219 154 155 1 0
891 367 99 118 1 0
2110 1907 154 155 1 0
231 2349 154 155 1 0
1577 358 99 118 1 0
2171 1144 125 127 1 0
2552 1020 125 127 1 0
354 350 99 118 1 0
2063 1209 125 127 1 0
29 1646 140 138 1 0
1784 1844 154 155 1 0
3024 804 125 127 1 0
161 1432 125 127 1 0
1493 334 99 118 1 0
882 1858 154 155 1 0
676 536 99 118 1 0
1418 288 99 118 1 0
1600 1155 125 127 1 0
2609 184 99 118 1 0
646 1133 125 127 1 0
282 481 99 118 1 0
868 399 99 118 1 0
3299 204 99 118 1 0
921 535 99 118 1 0
1427 1457 140 138 1 0
446 1034 125 127 1 0
1940 1846 154 155 1 0
1583 1926 154 155 1 0
3719 2539 154 155 1 0
3079 355 99 118 1 0
951 1249 125 127 1 0
2509 329 99 118 1 0
1297 224 99 118 1 0
372 1426 125 127 1 0
2991 463 99 118 1 0
492 1398 125 127 1 0
2652 1287 125 127 1 0
1495 210 99 118 1 0
3050 299 99 118 1 0
1339 2359 154 155 1 0
2451 2231 154 155 1 0
239 371 99 118 1 0
965 2092 154 155 1 0
1301 206 99 118 1 0
2794 1286 125 127 1 0
281 273 99 118 1 0
197 377 99 118 1 0
1420 2437 154 155 1 0
1980 488 99 118 1 0
3254 1266 125 127 1 0
2234 2577 154 155 1 0
3297 780 125 127 1 0
3224 2025 154 155 1 0
3659 446 99 118 1 0
1713 1395 125 127 1 0
385 2016 154 155 1 0
156 1983 154 155 1 0
408 413 99 118 1 0
560 552 99 118 1 0
1382 2040 154 155 1 0
1089 1222 125 127 1 0
1412 1378 125 127 1 0
594 1671 140 138 1 0
712 1315 125 127 1 0
1078 1647 140 138 1 0
1164 269 99 118 1 0
1833 259 99 118 1 0
2772 1742 140 138 1 0
2524 914 125 127 1 0
1411 1917 154 155 1 0
941 2257 154 155 1 0
3231 1095 125 127 1 0
3655 1059 125 127 1 0
1043 275 99 118 1 0
2415 137 99 118 1 0
1785 527 99 118 1 0
44 2461 154 155 1 0
975 316 99 118 1 0
711 396 99 118 1 0
2905 184 99 118 1 0
637 389 99 118 1 0
3693 185 99 118 1 0
1893 1067 125 127 1 0
2037 1130 125 127 1 0
3713 1114 125 127 1 0
879 1466 140 138 1 0
2511 292 99 118 1 0
3074 242 99 118 1 0
110 1678 140 138 1 0
1775 257 99 118 1 0
1945 148 99 118 1 0
3328 1214 125 127 1 0
2339 950 125 127 1 0
259 1166 125 127 1 0
3449 1059 125 127 1 0
274 1701 140 138 1 0
3260 821 125 127 1 0
2780 1149 125 127 1 0
2498 524 99 118 1 0
1124 2576 154 155 1 0
31 901 125 127 1 0
1462 1147 125 127 1 0
1181 436 99 118 1 0
3376 1284 125 127 1 0
2706 156 99 118 1 0
3181 1877 154 155 1 0
2346 2037 154 155 1 0
1350 534 99 118 1 0
2244 2003 154 155 1 0
954 2375 154 155 1 0
2215 1280 125 127 1 0
495 425 99 118 1 0
3610 72 99 118 1 0
3558 1170 125 127 1 0
3033 1081 125 127 1 0
1247 271 99 118 1 0
671 1506 140 138 1 0
3149 109 99 118 1 0
2498 1040 125 127 1 0
735 2379 154 155 1 0
3218 2532 154 155 1 0
1639 1676 140 138 1 0
79 519 125 127 1 0
2344 1150 125 127 1 0
864 631 125 127 1 0
406 1557 140 138 1 0
3101 127 99 118 1 0
1268 348 99 118 1 0
1070 382 99 118 1 0
2125 1277 125 127 1 0
1377 1645 140 138 1 0
2506 229 99 118 1 0
3142 503 99 118 1 0
614 2088 154 155 1 0
1813 1239 125 127 1 0
913 177 99 118 1 0
1293 1798 140 138 1 0
434 2497 154 155 1 0
30 1011 125 127 1 0
3369 1032 125 127 1 0
2087 153 99 118 1 0
1009 426 99 118 1 0
2451 1232 125 127 1 0
2971 1291 125 127 1 0
1792 2098 154 155 1 0
3504 91 99 118 1 0
274 1800 140 138 1 0
2088 297 99 118 1 0
3686 836 125 127 1 0
2570 441 99 118 1 0
44 1830 154 155 1 0
3620 2242 154 155 1 0
771 378 99 118 1 0
1304 2213 154 155 1 0
1357 1425 125 127 1 0
2749 159 99 118 1 0
2241 389 99 118 1 0
1877 291 99 118 1 0
778 243 99 118 1 0
268 322 99 118 1 0
2144 489 99 118 1 0
639 1343 125 127 1 0
2686 1050 125 127 1 0
189 313 99 118 1 0
2811 419 99 118 1 0
3502 891 125 127 1 0
2503 468 99 118 1 0
692 1956 154 155 1 0
1235 1042 125 127 1 0
2221 2215 154 155 1 0
2853 1024 125 127 1 0
2582 264 99 118 1 0
1721 518 99 118 1 0
1379 809 125 127 1 0
2615 2118 154 155 1 0
3127 2456 154 155 1 0
2880 2249 154 155 1 0
1268 2410 154 155 1 0
1417 977 125 127 1 0
2671 2512 154 155 1 0
2331 1336 125 127 1 0
2790 300 99 118 1 0
1151 1587 140 138 1 0
101 1450 125 127 1 0
2148 219 99 118 1 0
760 349 99 118 1 0
1997 1775 140 138 1 0
3038 195 99 118 1 0
