419 547 12 18 1 0
580 557 12 18 1 0
1227 491 14 18 1 0
746 546 14 18 1 0
772 470 14 18 1 0
864 452 14 18 1 0
1217 441 14 18 1 0
1212 521 14 18 1 0
986 550 14 18 1 0
998 791 38 51 1 0
1166 820 39 46 1 0
1071 536 14 18 1 0
1878 834 92 91 1 0
971 454 14 18 1 0
1709 576 23 21 1 0
786 804 23 26 1 0
1367 456 14 18 1 0
1142 536 14 18 1 0
1250 439 14 18 1 0
1783 838 35 42 1 0
847 496 14 18 1 0
1608 500 23 21 1 0
881 471 14 18 1 0
582 528 12 18 1 0
571 550 12 18 1 0
917 449 14 18 1 0
725 488 14 18 1 0
893 448 14 18 1 0
1411 454 14 18 1 0
1148 864 42 54 1 0
1208 866 39 46 1 0
1294 459 14 18 1 0
1349 430 14 18 1 0
1336 459 14 18 1 0
970 496 14 18 1 0
805 449 14 18 1 0
823 471 14 18 1 0
1381 431 14 18 1 0
876 498 14 18 1 0
1385 523 14 18 1 0
1058 556 14 18 1 0
1186 442 14 18 1 0
848 471 14 18 1 0
1010 834 38 51 1 0
832 808 23 26 1 0
909 521 14 18 1 0
683 553 14 18 1 0
830 544 14 18 1 0
1129 449 14 18 1 0
1282 438 14 18 1 0
1157 490 14 18 1 0
791 537 14 18 1 0
1413 425 14 18 1 0
971 472 14 18 1 0
242 739 82 92 1 0
1174 554 14 18 1 0
1047 523 14 18 1 0
469 554 12 18 1 0
799 473 14 18 1 0
1712 889 33 33 1 0
627 550 12 18 1 0
702 528 14 18 1 0
1118 491 14 18 1 0
913 815 75 83 1 0
1092 524 14 18 1 0
86 712 168 177 1 0
854 518 14 18 1 0
950 457 14 18 1 0
745 473 14 18 1 0
1078 492 14 18 1 0
813 496 14 18 1 0
279 544 12 18 1 0
1096 557 14 18 1 0
704 801 47 67 1 0
909 475 14 18 1 0
1008 499 14 18 1 0
556 782 82 92 1 0
756 452 14 18 1 0
426 784 82 92 1 0
753 490 14 18 1 0
939 468 14 18 1 0
377 741 82 92 1 0
654 522 12 18 1 0
1774 920 53 61 1 0
374 550 12 18 1 0
1109 834 42 54 1 0
327 779 82 92 1 0
1016 553 14 18 1 0
633 547 12 18 1 0
947 549 14 18 1 0
1003 522 14 18 1 0
1193 491 14 18 1 0
760 816 23 26 1 0
1754 866 53 61 1 0
1327 484 14 18 1 0
1149 520 14 18 1 0
1089 476 14 18 1 0
782 451 14 18 1 0
1072 846 42 54 1 0
1008 471 14 18 1 0
1291 485 14 18 1 0
517 551 12 18 1 0
630 784 47 67 1 0
1213 473 14 18 1 0
1112 469 14 18 1 0
1256 467 14 18 1 0
1184 472 14 18 1 0
1144 554 14 18 1 0
940 497 14 18 1 0
833 452 14 18 1 0
1352 521 14 18 1 0
57 539 12 18 1 0
1044 472 14 18 1 0
1154 444 14 18 1 0
910 497 14 18 1 0
1817 888 35 42 1 0
785 489 14 18 1 0
1146 471 14 18 1 0
1045 492 14 18 1 0
1263 486 14 18 1 0
1311 437 14 18 1 0
1016 537 14 18 1 0
1240 554 14 18 1 0
