1377 595 61 78 1 0
2048 934 100 100 1 0
997 1135 100 100 1 0
3112 690 100 100 1 0
2417 872 100 100 1 0
1671 414 31 49 1 0
2684 333 31 49 1 0
2215 994 100 100 1 0
2059 318 31 49 1 0
1848 342 31 49 1 0
3949 1463 122 178 1 0
3008 642 61 78 1 0
3277 431 31 49 1 0
2941 1600 122 178 1 0
3622 1112 100 100 1 0
3546 1205 122 178 1 0
2632 406 31 49 1 0
2375 1003 100 100 1 0
3992 1090 100 100 1 0
2956 720 100 100 1 0
2615 546 61 78 1 0
1621 1192 122 178 1 0
1250 2003 139 197 1 0
2785 469 31 49 1 0
1223 846 100 100 1 0
3410 735 100 100 1 0
3333 2734 191 254 1 0
1858 421 31 49 1 0
2723 861 100 100 1 0
771 919 100 100 1 0
3174 724 100 100 1 0
3601 869 100 100 1 0
2276 359 31 49 1 0
2015 1769 122 178 1 0
1357 1112 100 100 1 0
2155 1071 100 100 1 0
2880 704 100 100 1 0
3248 859 100 100 1 0
2499 866 100 100 1 0
911 1578 122 178 1 0
1782 605 61 78 1 0
2888 982 100 100 1 0
1383 1550 122 178 1 0
163 2541 191 254 1 0
2452 1201 122 178 1 0
3271 621 61 78 1 0
1157 1432 122 178 1 0
1482 541 61 78 1 0
1761 515 61 78 1 0
3626 923 100 100 1 0
2299 966 100 100 1 0
3368 917 100 100 1 0
1948 511 61 78 1 0
1169 1130 100 100 1 0
3530 1048 100 100 1 0
2440 1980 173 235 1 0
3243 485 31 49 1 0
2438 701 100 100 1 0
2472 650 61 78 1 0
1631 947 100 100 1 0
3007 972 100 100 1 0
3371 479 31 49 1 0
2008 297 31 49 1 0
533 1090 105 119 1 0
1805 1101 100 100 1 0
3112 324 31 49 1 0
2524 428 31 49 1 0
2922 572 61 78 1 0
3635 2299 191 254 1 0
3453 1142 100 100 1 0
2228 1494 122 178 1 0
2983 2274 191 254 1 0
3309 597 61 78 1 0
2827 464 31 49 1 0
1728 411 31 49 1 0
2648 2469 191 254 1 0
2830 354 31 49 1 0
2727 680 100 100 1 0
2369 1241 122 178 1 0
1464 852 100 100 1 0
3196 394 31 49 1 0
3155 1219 122 178 1 0
3292 989 100 100 1 0
4015 1697 122 178 1 0
2128 366 31 49 1 0
2195 2846 191 254 1 0
1742 1312 122 178 1 0
3289 474 31 49 1 0
1960 405 31 49 1 0
2076 501 61 78 1 0
2983 1958 122 178 1 0
2646 2049 191 254 1 0
3111 1091 100 100 1 0
1967 1063 100 100 1 0
317 1272 122 178 1 0
3746 1985 173 235 1 0
3074 583 61 78 1 0
403 2243 191 254 1 0
4129 1345 111 139 1 0
3419 1258 122 178 1 0
3273 2100 191 254 1 0
1768 1038 100 100 1 0
1648 2326 191 254 1 0
1996 383 31 49 1 0
2513 2766 191 254 1 0
2717 1069 100 100 1 0
2453 460 31 49 1 0
3587 1783 122 178 1 0
3075 1006 100 100 1 0
3468 756 100 100 1 0
1719 1832 122 178 1 0
3827 2345 191 254 1 0
1934 731 100 100 1 0
3792 886 100 100 1 0
2913 442 31 49 1 0
3715 832 100 100 1 0
1440 632 61 78 1 0
2151 706 100 100 1 0
1773 941 100 100 1 0
821 1130 100 100 1 0
1892 448 31 49 1 0
2901 885 100 100 1 0
2698 948 100 100 1 0
3032 498 61 78 1 0
2712 496 61 78 1 0
1928 628 61 78 1 0
3447 565 61 78 1 0
2868 1372 122 178 1 0
1600 2460 191 254 1 0
1491 745 100 100 1 0
2627 1004 100 100 1 0
2284 482 31 49 1 0
4177 1788 139 197 1 0
3206 589 61 78 1 0
1519 2680 191 254 1 0
2194 596 61 78 1 0
2456 1795 122 178 1 0
4055 1274 122 178 1 0
3753 1037 100 100 1 0
2044 2191 191 254 1 0
11 1493 128 158 1 0
1901 839 100 100 1 0
2114 583 61 78 1 0
1867 590 61 78 1 0
2559 723 100 100 1 0
1001 763 100 100 1 0
1008 1961 122 178 1 0
677 1001 100 100 1 0
3158 902 100 100 1 0
3456 687 100 100 1 0
2061 870 100 100 1 0
1644 883 100 100 1 0
1770 745 100 100 1 0
