396 150 41 50 1 0
180 286 122 114 1 0
410 215 70 89 1 0
486 44 8 12 1 0
154 195 70 89 1 0
439 121 41 50 1 0
192 109 41 50 1 0
481 70 19 24 1 0
605 35 8 12 1 0
507 46 8 12 1 0
371 35 8 12 1 0
439 38 8 12 1 0
248 50 8 12 1 0
381 40 8 12 1 0
469 35 8 12 1 0
533 67 19 24 1 0
46 109 41 50 1 0
519 38 8 12 1 0
332 105 41 50 1 0
328 36 8 12 1 0
299 63 19 24 1 0
615 77 19 24 1 0
335 61 19 24 1 0
315 38 8 12 1 0
429 62 19 24 1 0
376 57 19 24 1 0
211 47 8 12 1 0
55 75 19 24 1 0
560 113 41 50 1 0
367 42 8 12 1 0
396 33 8 12 1 0
353 50 8 12 1 0
409 32 8 12 1 0
379 83 19 24 1 0
290 116 41 50 1 0
357 37 8 12 1 0
222 86 19 24 1 0
461 183 70 89 1 0
449 39 8 12 1 0
494 52 10 15 1 0
373 7 8 12 1 0
526 39 8 12 1 0
277 81 19 24 1 0
399 57 19 24 1 0
490 32 8 12 1 0
634 67 19 24 1 0
137 104 41 50 1 0
483 25 8 12 1 0
