1911 554 19 31 1 0
1086 176 6 6 1 0
1882 315 12 11 1 0
1254 260 12 11 1 0
1404 238 12 11 1 0
1685 163 6 6 1 0
1325 243 12 11 1 0
320 354 12 11 1 0
1512 154 6 6 1 0
396 428 12 11 1 0
733 170 6 6 1 0
1642 142 6 6 1 0
1322 363 12 11 1 0
726 374 12 11 1 0
1931 320 12 11 1 0
1516 432 12 11 1 0
1190 404 12 11 1 0
1903 241 12 11 1 0
1301 370 12 11 1 0
1172 604 19 31 1 0
894 174 6 6 1 0
795 342 12 11 1 0
2536 288 12 11 1 0
1976 187 6 6 1 0
617 179 6 6 1 0
1497 370 12 11 1 0
2075 259 12 11 1 0
1610 104 6 6 1 0
582 327 12 11 1 0
1141 287 12 11 1 0
209 681 19 31 1 0
1192 289 12 11 1 0
1531 312 12 11 1 0
1594 149 6 6 1 0
1534 128 6 6 1 0
2265 284 12 11 1 0
1677 347 12 11 1 0
1027 181 6 6 1 0
1168 222 6 6 1 0
125 468 12 11 1 0
2330 290 12 11 1 0
1940 184 6 6 1 0
1918 266 12 11 1 0
771 293 12 11 1 0
1986 484 12 11 1 0
2071 156 6 6 1 0
2529 575 19 31 1 0
1089 200 6 6 1 0
1614 149 6 6 1 0
1444 231 12 11 1 0
1085 253 12 11 1 0
875 183 6 6 1 0
2353 270 12 11 1 0
890 229 12 11 1 0
2271 608 19 31 1 0
1285 236 12 11 1 0
2431 521 19 31 1 0
367 349 12 11 1 0
1615 447 12 11 1 0
1634 416 12 11 1 0
1751 478 12 11 1 0
2021 352 12 11 1 0
1479 351 12 11 1 0
1093 299 12 11 1 0
1404 263 12 11 1 0
1934 288 12 11 1 0
2202 262 12 11 1 0
1665 459 12 11 1 0
328 852 19 31 1 0
107 865 19 31 1 0
1594 556 19 31 1 0
1273 299 12 11 1 0
496 855 19 31 1 0
707 542 19 31 1 0
995 552 19 31 1 0
1649 95 6 6 1 0
1430 327 12 11 1 0
2402 690 19 31 1 0
1460 264 12 11 1 0
1324 286 12 11 1 0
1104 258 12 11 1 0
1340 155 6 6 1 0
1098 626 19 31 1 0
1378 173 6 6 1 0
947 345 12 11 1 0
2075 270 12 11 1 0
1333 181 6 6 1 0
770 306 12 11 1 0
1443 210 6 6 1 0
337 709 19 31 1 0
662 822 19 31 1 0
1529 159 6 6 1 0
916 238 12 11 1 0
1150 245 12 11 1 0
955 367 12 11 1 0
1724 267 12 11 1 0
1313 454 12 11 1 0
813 319 12 11 1 0
2258 258 12 11 1 0
2342 304 12 11 1 0
2212 252 12 11 1 0
2185 401 12 11 1 0
1203 383 12 11 1 0
1404 180 6 6 1 0
882 325 12 11 1 0
1271 169 6 6 1 0
681 295 12 11 1 0
592 169 6 6 1 0
1426 412 12 11 1 0
758 334 12 11 1 0
608 533 19 31 1 0
1424 220 6 6 1 0
1455 187 6 6 1 0
1609 361 12 11 1 0
1546 133 6 6 1 0
880 386 12 11 1 0
1546 127 6 6 1 0
2267 370 12 11 1 0
871 592 19 31 1 0
1811 312 12 11 1 0
1542 119 6 6 1 0
1442 378 12 11 1 0
1504 320 12 11 1 0
1593 171 6 6 1 0
1368 185 6 6 1 0
2259 231 12 11 1 0
262 236 12 11 1 0
652 383 12 11 1 0
460 349 12 11 1 0
1558 123 6 6 1 0
1441 500 12 11 1 0
1971 267 12 11 1 0
1190 387 12 11 1 0
1694 143 6 6 1 0
1985 680 19 31 1 0
1462 288 12 11 1 0
233 634 19 31 1 0
1051 392 12 11 1 0
1154 176 6 6 1 0
1476 313 12 11 1 0
1824 363 12 11 1 0
457 702 19 31 1 0
2372 320 12 11 1 0
444 349 12 11 1 0
1836 530 19 31 1 0
1330 332 12 11 1 0
2370 615 19 31 1 0
1415 151 6 6 1 0
975 345 12 11 1 0
1373 224 10 9 1 0
1140 342 12 11 1 0
2499 242 12 11 1 0
2294 303 12 11 1 0
1125 215 6 6 1 0
1293 556 19 31 1 0
1501 148 6 6 1 0
1948 373 12 11 1 0
1760 247 12 11 1 0
2208 456 12 11 1 0
1595 633 19 31 1 0
330 682 19 31 1 0
1078 388 12 11 1 0
2070 488 12 11 1 0
2250 350 12 11 1 0
1052 352 12 11 1 0
1052 308 12 11 1 0
1121 276 12 11 1 0
2559 273 12 11 1 0
1655 142 6 6 1 0
1377 275 12 11 1 0
2345 478 12 11 1 0
1648 423 12 11 1 0
553 569 19 31 1 0
1998 164 6 6 1 0
948 271 12 11 1 0
424 470 12 11 1 0
1750 161 6 6 1 0
1646 156 6 6 1 0
1353 306 12 11 1 0
262 371 12 11 1 0
445 409 12 11 1 0
2519 269 12 11 1 0
1965 315 12 11 1 0
713 316 12 11 1 0
1653 132 6 6 1 0
1405 372 12 11 1 0
1494 168 6 6 1 0
984 490 12 11 1 0
1430 253 12 11 1 0
1323 301 12 11 1 0
1356 282 12 11 1 0
519 340 12 11 1 0
835 305 12 11 1 0
1393 305 12 11 1 0
968 279 12 11 1 0
1296 203 6 6 1 0
1052 235 12 11 1 0
1346 294 12 11 1 0
1600 152 6 6 1 0
396 740 19 31 1 0
859 369 12 11 1 0
823 309 12 11 1 0
1449 202 6 6 1 0
172 484 12 11 1 0
287 719 19 31 1 0
1492 342 12 11 1 0
1763 295 12 11 1 0
1665 321 12 11 1 0
1737 227 12 11 1 0
1873 230 12 11 1 0
1129 189 6 6 1 0
577 160 6 6 1 0
1554 172 6 6 1 0
1587 362 12 11 1 0
1632 130 6 6 1 0
699 293 12 11 1 0
2338 239 12 11 1 0
1336 255 12 11 1 0
2377 267 12 11 1 0
1335 543 19 31 1 0
339 808 19 31 1 0
1063 267 12 11 1 0
1393 163 6 6 1 0
1057 284 12 11 1 0
2026 344 12 11 1 0
1571 145 6 6 1 0
505 683 19 31 1 0
1483 387 12 11 1 0
217 421 12 11 1 0
2065 355 12 11 1 0
1751 259 12 11 1 0
1600 138 6 6 1 0
1227 176 6 6 1 0
1629 152 6 6 1 0
398 856 19 31 1 0
781 359 12 11 1 0
1322 230 12 11 1 0
1570 104 6 6 1 0
2314 234 12 11 1 0
1180 147 6 6 1 0
1652 171 6 6 1 0
1337 343 12 11 1 0
735 340 12 11 1 0
1162 528 19 31 1 0
1285 369 12 11 1 0
1499 299 12 11 1 0
1565 113 6 6 1 0
2319 258 12 11 1 0
530 315 12 11 1 0
1305 179 6 6 1 0
1750 355 12 11 1 0
593 615 19 31 1 0
614 160 6 6 1 0
2008 778 19 31 1 0
1060 219 6 6 1 0
1614 116 6 6 1 0
1601 313 12 11 1 0
2191 255 12 11 1 0
627 688 19 31 1 0
2171 236 12 11 1 0
193 761 19 31 1 0
220 634 19 31 1 0
2266 384 12 11 1 0
758 559 19 31 1 0
1454 312 12 11 1 0
1613 166 6 6 1 0
165 694 19 31 1 0
1925 199 6 6 1 0
1417 255 12 11 1 0
1667 138 6 6 1 0
1176 665 19 31 1 0
429 663 19 31 1 0
1835 303 12 11 1 0
1492 498 12 11 1 0
1755 234 12 11 1 0
1619 134 6 6 1 0
198 850 19 31 1 0
1116 219 6 6 1 0
2174 294 12 11 1 0
140 385 12 11 1 0
1203 220 6 6 1 0
2285 434 12 11 1 0
1581 163 6 6 1 0
206 499 12 11 1 0
2205 680 19 31 1 0
2246 298 12 11 1 0
1254 218 6 6 1 0
1492 561 19 31 1 0
1455 157 6 6 1 0
817 277 12 11 1 0
229 232 12 11 1 0
2509 312 12 11 1 0
1737 327 12 11 1 0
1828 558 19 31 1 0
2303 307 12 11 1 0
1836 393 12 11 1 0
1988 277 12 11 1 0
1960 452 12 11 1 0
1364 239 12 11 1 0
1637 357 12 11 1 0
968 223 6 6 1 0
1749 420 12 11 1 0
2268 98 6 6 1 0
1593 125 6 6 1 0
1886 251 12 11 1 0
1011 258 12 11 1 0
1292 169 6 6 1 0
1355 249 12 11 1 0
1229 306 12 11 1 0
2138 237 12 11 1 0
1451 238 12 11 1 0
2487 290 12 11 1 0
1876 191 6 6 1 0
876 277 12 11 1 0
1160 275 12 11 1 0
1930 500 12 11 1 0
1999 585 19 31 1 0
816 348 12 11 1 0
2354 252 12 11 1 0
646 168 6 6 1 0
1167 329 12 11 1 0
2242 511 19 31 1 0
226 723 19 31 1 0
2223 232 12 11 1 0
1021 226 9 8 1 0
1546 329 12 11 1 0
1185 251 12 11 1 0
2358 759 19 31 1 0
1619 147 6 6 1 0
1257 238 12 11 1 0
2431 478 12 11 1 0
1338 240 12 11 1 0
998 478 12 11 1 0
745 312 12 11 1 0
1410 216 6 6 1 0
1114 346 12 11 1 0
2470 274 12 11 1 0
660 174 6 6 1 0
1344 427 12 11 1 0
1792 398 12 11 1 0
1428 160 6 6 1 0
1298 270 12 11 1 0
1080 277 12 11 1 0
1413 274 12 11 1 0
1666 194 6 6 1 0
1602 93 6 6 1 0
1673 494 12 11 1 0
596 153 6 6 1 0
2083 243 12 11 1 0
1175 384 12 11 1 0
2339 425 12 11 1 0
1488 152 6 6 1 0
933 216 6 6 1 0
914 285 12 11 1 0
2035 616 19 31 1 0
1918 184 6 6 1 0
705 237 12 11 1 0
1575 92 6 6 1 0
1119 149 6 6 1 0
1864 268 12 11 1 0
2527 457 12 11 1 0
2349 795 19 31 1 0
727 406 12 11 1 0
1680 361 12 11 1 0
1301 348 12 11 1 0
1826 628 19 31 1 0
172 737 19 31 1 0
1355 225 10 9 1 0
974 684 19 31 1 0
1602 396 12 11 1 0
634 155 6 6 1 0
1306 214 6 6 1 0
1247 151 6 6 1 0
1374 161 6 6 1 0
276 585 19 31 1 0
2314 677 19 31 1 0
2065 264 12 11 1 0
2514 785 19 31 1 0
2473 518 19 31 1 0
312 384 12 11 1 0
1400 201 6 6 1 0
1596 105 6 6 1 0
531 642 19 31 1 0
860 346 12 11 1 0
1493 205 6 6 1 0
2143 219 6 6 1 0
1570 128 6 6 1 0
688 343 12 11 1 0
1070 290 12 11 1 0
933 241 12 11 1 0
1162 148 6 6 1 0
2237 234 12 11 1 0
2361 285 12 11 1 0
1558 342 12 11 1 0
1760 277 12 11 1 0
924 176 6 6 1 0
1466 240 12 11 1 0
1689 161 6 6 1 0
1684 327 12 11 1 0
2215 622 19 31 1 0
1526 393 12 11 1 0
156 817 19 31 1 0
537 412 12 11 1 0
1486 485 12 11 1 0
2443 342 12 11 1 0
616 148 6 6 1 0
1592 481 12 11 1 0
1642 127 6 6 1 0
1888 388 12 11 1 0
988 365 12 11 1 0
410 362 12 11 1 0
1849 449 12 11 1 0
1515 162 6 6 1 0
1190 421 12 11 1 0
939 257 12 11 1 0
1997 414 12 11 1 0
1489 705 19 31 1 0
1337 376 12 11 1 0
1496 147 6 6 1 0
2051 238 12 11 1 0
1204 315 12 11 1 0
2273 237 12 11 1 0
1987 466 12 11 1 0
1105 201 6 6 1 0
1299 422 12 11 1 0
1533 300 12 11 1 0
1298 241 12 11 1 0
1819 420 12 11 1 0
1334 400 12 11 1 0
1229 217 6 6 1 0
317 243 12 11 1 0
2076 452 12 11 1 0
1434 180 6 6 1 0
748 334 12 11 1 0
1702 319 12 11 1 0
2116 247 12 11 1 0
481 326 12 11 1 0
629 406 12 11 1 0
633 301 12 11 1 0
2033 260 12 11 1 0
265 541 19 31 1 0
1962 279 12 11 1 0
127 765 19 31 1 0
805 301 12 11 1 0
505 336 12 11 1 0
903 213 6 6 1 0
1441 184 6 6 1 0
1264 309 12 11 1 0
1234 268 12 11 1 0
1747 189 6 6 1 0
1689 373 12 11 1 0
1966 289 12 11 1 0
669 307 12 11 1 0
2538 718 19 31 1 0
748 363 12 11 1 0
619 343 12 11 1 0
1775 494 12 11 1 0
2150 246 12 11 1 0
1785 365 12 11 1 0
2049 252 12 11 1 0
1608 418 12 11 1 0
2392 237 12 11 1 0
575 172 6 6 1 0
1878 471 12 11 1 0
2315 811 19 31 1 0
630 641 19 31 1 0
1269 853 19 31 1 0
550 328 12 11 1 0
1579 142 6 6 1 0
1310 244 12 11 1 0
1527 142 6 6 1 0
1005 186 6 6 1 0
139 461 12 11 1 0
1090 158 6 6 1 0
905 188 6 6 1 0
2094 157 6 6 1 0
2440 574 19 31 1 0
2148 504 12 11 1 0
765 290 12 11 1 0
1474 223 6 6 1 0
1639 220 6 6 1 0
300 356 12 11 1 0
806 802 19 31 1 0
1427 267 12 11 1 0
1701 405 12 11 1 0
1025 279 12 11 1 0
2376 280 12 11 1 0
991 225 7 7 1 0
1500 143 6 6 1 0
2178 404 12 11 1 0
1434 174 6 6 1 0
854 270 12 11 1 0
1351 152 6 6 1 0
1375 239 12 11 1 0
813 225 12 11 1 0
1745 233 12 11 1 0
1122 639 19 31 1 0
490 345 12 11 1 0
880 361 12 11 1 0
1502 463 12 11 1 0
2233 227 12 11 1 0
1403 169 6 6 1 0
1480 152 6 6 1 0
1945 178 6 6 1 0
75 601 19 31 1 0
609 386 12 11 1 0
2215 236 12 11 1 0
2516 346 12 11 1 0
763 231 12 11 1 0
2274 469 12 11 1 0
2409 542 19 31 1 0
1664 122 6 6 1 0
724 341 12 11 1 0
1079 528 19 31 1 0
1425 362 12 11 1 0
1695 233 12 11 1 0
2324 381 12 11 1 0
814 360 12 11 1 0
402 767 19 31 1 0
996 322 12 11 1 0
1947 261 12 11 1 0
1565 145 6 6 1 0
670 236 12 11 1 0
651 153 6 6 1 0
1635 119 6 6 1 0
384 205 6 6 1 0
1060 255 12 11 1 0
2024 327 12 11 1 0
325 429 12 11 1 0
2005 221 6 6 1 0
2082 273 12 11 1 0
630 356 12 11 1 0
1419 306 12 11 1 0
1510 148 6 6 1 0
812 291 12 11 1 0
653 676 19 31 1 0
527 378 12 11 1 0
1172 289 12 11 1 0
684 422 12 11 1 0
1284 219 6 6 1 0
1545 157 6 6 1 0
682 326 12 11 1 0
1106 151 6 6 1 0
1377 207 6 6 1 0
25 722 19 31 1 0
534 345 12 11 1 0
2450 234 12 11 1 0
636 148 6 6 1 0
790 287 12 11 1 0
1246 634 19 31 1 0
1462 332 12 11 1 0
1496 406 12 11 1 0
1663 168 6 6 1 0
851 481 12 11 1 0
1432 235 12 11 1 0
1250 178 6 6 1 0
1023 355 12 11 1 0
895 285 12 11 1 0
1557 99 6 6 1 0
989 183 6 6 1 0
1430 188 6 6 1 0
1446 408 12 11 1 0
1748 298 12 11 1 0
1253 286 12 11 1 0
2304 481 12 11 1 0
1477 263 12 11 1 0
1343 270 12 11 1 0
1270 184 6 6 1 0
1231 286 12 11 1 0
1978 644 19 31 1 0
1197 579 19 31 1 0
1918 293 12 11 1 0
1204 174 6 6 1 0
2288 91 6 6 1 0
1394 154 6 6 1 0
1273 257 12 11 1 0
189 370 12 11 1 0
1240 192 6 6 1 0
1680 463 12 11 1 0
516 801 19 31 1 0
1620 120 6 6 1 0
1466 171 6 6 1 0
1360 429 12 11 1 0
2161 278 12 11 1 0
1631 371 12 11 1 0
71 516 19 31 1 0
2044 575 19 31 1 0
1764 367 12 11 1 0
1370 717 19 31 1 0
33 762 19 31 1 0
1988 222 6 6 1 0
665 364 12 11 1 0
29 800 19 31 1 0
814 335 12 11 1 0
1997 329 12 11 1 0
912 271 12 11 1 0
1679 314 12 11 1 0
769 344 12 11 1 0
891 312 12 11 1 0
2475 474 12 11 1 0
335 242 12 11 1 0
2097 239 12 11 1 0
1609 146 6 6 1 0
1286 264 12 11 1 0
985 246 12 11 1 0
735 298 12 11 1 0
2083 156 6 6 1 0
1491 179 6 6 1 0
688 380 12 11 1 0
2342 249 12 11 1 0
1508 141 6 6 1 0
2436 267 12 11 1 0
1356 531 19 31 1 0
1673 127 6 6 1 0
478 764 19 31 1 0
392 360 12 11 1 0
1369 150 6 6 1 0
654 306 12 11 1 0
2263 311 12 11 1 0
1570 96 6 6 1 0
1230 395 12 11 1 0
1313 308 12 11 1 0
1583 381 12 11 1 0
580 306 12 11 1 0
1523 383 12 11 1 0
1016 313 12 11 1 0
1745 170 6 6 1 0
1619 309 12 11 1 0
2013 404 12 11 1 0
342 365 12 11 1 0
2067 239 12 11 1 0
1073 236 12 11 1 0
465 460 12 11 1 0
1374 507 19 31 1 0
380 377 12 11 1 0
1563 365 12 11 1 0
1878 403 12 11 1 0
1583 468 12 11 1 0
1272 347 12 11 1 0
1412 182 6 6 1 0
1306 253 12 11 1 0
802 535 19 31 1 0
483 406 12 11 1 0
1109 278 12 11 1 0
1438 295 12 11 1 0
1741 419 12 11 1 0
2426 600 19 31 1 0
731 231 12 11 1 0
654 161 6 6 1 0
969 193 6 6 1 0
1484 432 12 11 1 0
2438 258 12 11 1 0
1479 189 6 6 1 0
1544 312 12 11 1 0
1400 224 7 7 1 0
1124 375 12 11 1 0
2394 379 12 11 1 0
2426 257 12 11 1 0
1488 145 6 6 1 0
1918 239 12 11 1 0
1322 162 6 6 1 0
73 863 19 31 1 0
684 856 19 31 1 0
759 273 12 11 1 0
1555 114 6 6 1 0
1328 316 12 11 1 0
1363 381 12 11 1 0
1483 147 6 6 1 0
1179 354 12 11 1 0
1216 225 7 7 1 0
1327 171 6 6 1 0
318 211 6 6 1 0
562 337 12 11 1 0
1322 188 6 6 1 0
1351 361 12 11 1 0
912 546 19 31 1 0
1969 371 12 11 1 0
1396 291 12 11 1 0
229 467 12 11 1 0
