69 94 36 38 1 0
188 55 36 38 1 0
627 124 36 38 1 0
191 87 36 38 1 0
64 180 33 40 1 0
629 194 33 40 1 0
65 523 48 59 1 0
499 194 33 40 1 0
7 276 23 39 1 0
26 182 33 40 1 0
123 283 33 40 1 0
632 62 36 38 1 0
155 202 33 40 1 0
128 215 33 40 1 0
581 506 48 59 1 0
301 134 33 40 1 0
367 38 36 38 1 0
109 473 48 59 1 0
285 104 36 38 1 0
348 239 33 40 1 0
216 513 48 59 1 0
298 42 36 38 1 0
111 141 33 40 1 0
626 23 36 38 1 0
1 530 11 39 1 0
574 246 33 40 1 0
266 195 33 40 1 0
341 97 36 38 1 0
26 64 23 39 1 0
458 204 33 40 1 0
55 289 33 40 1 0
262 569 48 59 1 0
558 178 33 40 1 0
652 525 48 59 1 0
230 175 33 40 1 0
451 264 33 40 1 0
179 169 33 40 1 0
566 89 36 38 1 0
466 474 48 59 1 0
229 73 36 38 1 0
510 130 36 38 1 0
468 541 48 59 1 0
401 46 36 38 1 0
161 79 36 38 1 0
386 196 33 40 1 0
517 99 36 38 1 0
