192 143 38 35 1 1
1494 280 40 47 1 1
958 538 57 55 1 0
1472 310 40 47 1 1
545 90 32 37 1 1
1151 40 32 37 1 1
1307 379 33 38 1 1
903 113 37 43 1 1
292 371 43 42 1 0
722 244 33 36 1 1
1048 208 33 36 1 1
1437 123 31 30 1 1
556 128 37 43 1 1
782 534 57 55 1 0
945 203 33 36 1 1
823 217 33 36 1 1
17 405 43 43 1 0
343 72 38 35 1 1
712 115 37 43 1 1
997 337 33 45 1 1
981 247 33 36 1 1
770 85 32 37 1 1
800 17 32 37 1 1
55 416 43 42 1 0
763 344 33 45 1 1
1029 136 33 36 1 1
370 274 55 56 1 1
211 94 38 35 1 1
1502 472 31 36 1 1
830 181 33 36 1 1
1109 154 85 110 1 0
1335 459 77 88 1 0
1095 529 57 55 1 0
1195 127 31 30 1 1
759 46 32 37 1 1
158 363 43 42 1 1
1304 182 40 47 1 1
627 186 33 36 1 1
201 548 44 49 1 0
853 36 32 37 1 1
935 325 33 45 1 1
1520 343 31 36 1 1
1552 320 40 47 1 1
1418 145 40 47 1 1
861 284 33 45 1 1
1512 117 31 30 1 1
109 219 38 35 1 1
224 390 43 42 1 0
84 145 38 35 1 1
137 114 38 35 1 1
1005 193 33 36 1 1
882 88 32 37 1 1
699 218 33 36 1 1
959 142 33 36 1 1
935 413 33 45 1 1
1065 42 32 37 1 1
1560 405 31 36 1 1
1346 36 32 37 1 1
1481 361 31 36 1 1
859 529 57 55 1 0
618 82 32 37 1 1
796 307 33 45 1 1
122 399 43 42 1 0
722 190 33 36 1 1
392 146 102 114 1 0
37 556 44 49 1 0
51 365 43 42 1 1
1451 426 31 36 1 1
593 290 63 80 1 0
1356 76 32 37 1 1
1398 380 31 36 1 1
1237 165 40 47 1 1
979 41 32 37 1 1
