59 584 7 9 1 0
66 452 7 9 1 0
687 106 7 8 1 0
202 603 7 9 1 0
611 133 7 8 1 0
595 440 7 9 1 0
635 431 7 9 1 0
966 64 7 8 1 0
590 156 7 8 1 0
309 153 7 8 1 0
625 474 7 9 1 0
119 320 7 8 1 0
342 120 7 8 1 0
275 135 7 8 1 0
296 46 7 8 1 0
783 287 7 8 1 0
664 45 7 8 1 0
253 355 7 9 1 0
463 40 7 8 1 0
571 359 7 9 1 0
990 381 7 9 1 0
890 129 7 8 1 0
238 400 7 9 1 0
132 140 7 8 1 0
453 54 7 8 1 0
333 143 7 8 1 0
758 435 7 9 1 0
616 282 7 8 1 0
315 162 7 8 1 0
208 310 7 8 1 0
519 124 7 8 1 0
185 590 7 9 1 0
107 338 7 9 1 0
106 383 7 9 1 0
544 432 7 9 1 0
256 77 7 8 1 0
26 421 7 9 1 0
760 105 7 8 1 0
518 501 7 9 1 0
609 609 7 9 1 0
232 33 7 8 1 0
210 96 7 8 1 0
309 237 7 8 1 0
29 93 7 8 1 0
438 106 7 8 1 0
242 259 7 8 1 0
332 504 7 9 1 0
732 429 7 9 1 0
608 99 7 8 1 0
364 422 7 9 1 0
723 328 7 8 1 0
606 570 7 9 1 0
928 236 7 8 1 0
358 130 7 8 1 0
97 39 7 8 1 0
398 307 7 8 1 0
207 210 7 8 1 0
205 223 7 8 1 0
757 371 7 9 1 0
299 144 7 8 1 0
913 347 7 9 1 0
671 322 7 8 1 0
313 568 7 9 1 0
807 571 7 9 1 0
406 37 7 8 1 0
827 183 7 8 1 0
153 27 7 8 1 0
399 282 7 8 1 0
174 179 7 8 1 0
13 273 7 8 1 0
229 85 7 8 1 0
828 597 7 9 1 0
443 434 7 9 1 0
748 567 7 9 1 0
775 257 7 8 1 0
553 40 7 8 1 0
96 318 7 8 1 0
297 396 7 9 1 0
687 413 7 9 1 0
275 164 7 8 1 0
226 199 7 8 1 0
910 568 7 9 1 0
888 241 7 8 1 0
190 357 7 9 1 0
313 480 7 9 1 0
771 60 7 8 1 0
536 3 7 8 1 0
885 124 7 8 1 0
705 105 7 8 1 0
1018 65 7 8 1 0
98 419 7 9 1 0
669 123 7 8 1 0
320 1 7 8 1 0
908 601 7 9 1 0
893 98 7 8 1 0
817 43 7 8 1 0
472 643 7 9 1 0
516 80 7 8 1 0
863 578 7 9 1 0
672 605 7 9 1 0
483 112 7 8 1 0
923 647 7 9 1 0
323 360 7 9 1 0
44 386 7 9 1 0
593 357 7 9 1 0
96 164 7 8 1 0
50 425 7 9 1 0
533 162 7 8 1 0
654 448 7 9 1 0
626 329 7 8 1 0
592 10 7 8 1 0
466 254 7 8 1 0
594 60 7 8 1 0
559 222 7 8 1 0
774 498 7 9 1 0
195 407 7 9 1 0
27 15 7 8 1 0
559 127 7 8 1 0
922 173 7 8 1 0
448 395 7 9 1 0
677 425 7 9 1 0
939 495 7 9 1 0
171 480 7 9 1 0
677 170 7 8 1 0
497 14 7 8 1 0
721 635 7 9 1 0
904 460 7 9 1 0
553 87 7 8 1 0
779 387 7 9 1 0
936 194 7 8 1 0
922 209 7 8 1 0
671 110 7 8 1 0
907 236 7 8 1 0
108 524 7 9 1 0
703 151 7 8 1 0
883 60 7 8 1 0
773 78 7 8 1 0
394 327 7 8 1 0
632 2 7 8 1 0
515 165 7 8 1 0
424 15 7 8 1 0
737 149 7 8 1 0
82 178 7 8 1 0
999 168 7 8 1 0
624 383 7 9 1 0
356 584 7 9 1 0
716 85 7 8 1 0
726 344 7 9 1 0
429 452 7 9 1 0
899 203 7 8 1 0
590 331 7 8 1 0
63 291 7 8 1 0
176 261 7 8 1 0
881 207 7 8 1 0
458 601 7 9 1 0
918 442 7 9 1 0
250 322 7 8 1 0
76 517 7 9 1 0
1009 477 7 9 1 0
324 519 7 9 1 0
933 303 7 8 1 0
23 396 7 9 1 0
543 325 7 8 1 0
582 346 7 9 1 0
895 69 7 8 1 0
951 220 7 8 1 0
702 316 7 8 1 0
108 25 7 8 1 0
206 550 7 9 1 0
124 473 7 9 1 0
710 531 7 9 1 0
481 150 7 8 1 0
997 229 7 8 1 0
141 428 7 9 1 0
472 300 7 8 1 0
230 340 7 9 1 0
714 192 7 8 1 0
814 305 7 8 1 0
32 201 7 8 1 0
108 365 7 9 1 0
662 96 7 8 1 0
709 252 7 8 1 0
383 381 7 9 1 0
594 187 7 8 1 0
434 43 7 8 1 0
969 495 7 9 1 0
94 265 7 8 1 0
84 620 7 9 1 0
147 166 7 8 1 0
669 574 7 9 1 0
583 30 7 8 1 0
235 22 7 8 1 0
659 274 7 8 1 0
326 83 7 8 1 0
200 204 7 8 1 0
111 236 7 8 1 0
40 449 7 9 1 0
233 308 7 8 1 0
105 193 7 8 1 0
103 404 7 9 1 0
487 482 7 9 1 0
913 295 7 8 1 0
692 53 7 8 1 0
401 26 7 8 1 0
137 153 7 8 1 0
425 162 7 8 1 0
175 83 7 8 1 0
721 5 7 8 1 0
605 200 7 8 1 0
894 90 7 8 1 0
352 531 7 9 1 0
731 47 7 8 1 0
25 181 7 8 1 0
731 531 7 9 1 0
337 258 7 8 1 0
421 99 7 8 1 0
408 115 7 8 1 0
852 337 7 9 1 0
724 406 7 9 1 0
382 358 7 9 1 0
946 359 7 9 1 0
227 566 7 9 1 0
518 86 7 8 1 0
696 160 7 8 1 0
237 485 7 9 1 0
369 122 7 8 1 0
638 355 7 9 1 0
558 178 7 8 1 0
79 147 7 8 1 0
245 292 7 8 1 0
297 125 7 8 1 0
350 445 7 9 1 0
904 291 7 8 1 0
307 247 7 8 1 0
220 335 7 8 1 0
376 156 7 8 1 0
209 194 7 8 1 0
524 108 7 8 1 0
676 121 7 8 1 0
934 133 7 8 1 0
689 228 7 8 1 0
780 171 7 8 1 0
272 533 7 9 1 0
101 252 7 8 1 0
446 29 7 8 1 0
93 649 7 9 1 0
306 638 7 9 1 0
221 155 7 8 1 0
693 191 7 8 1 0
149 204 7 8 1 0
909 285 7 8 1 0
654 8 7 8 1 0
515 387 7 9 1 0
996 76 7 8 1 0
456 272 7 8 1 0
181 274 7 8 1 0
811 221 7 8 1 0
928 36 7 8 1 0
221 178 7 8 1 0
479 344 7 9 1 0
747 90 7 8 1 0
242 376 7 9 1 0
980 586 7 9 1 0
940 593 7 9 1 0
152 214 7 8 1 0
552 298 7 8 1 0
374 546 7 9 1 0
81 65 7 8 1 0
312 30 7 8 1 0
2 419 7 9 1 0
415 222 7 8 1 0
88 193 7 8 1 0
485 320 7 8 1 0
875 173 7 8 1 0
604 635 7 9 1 0
1006 58 7 8 1 0
380 41 7 8 1 0
362 282 7 8 1 0
354 77 7 8 1 0
402 165 7 8 1 0
31 68 7 8 1 0
916 148 7 8 1 0
229 278 7 8 1 0
93 443 7 9 1 0
939 268 7 8 1 0
395 197 7 8 1 0
118 305 7 8 1 0
531 553 7 9 1 0
854 271 7 8 1 0
280 409 7 9 1 0
356 102 7 8 1 0
662 289 7 8 1 0
974 480 7 9 1 0
152 122 7 8 1 0
396 359 7 9 1 0
411 268 7 8 1 0
427 270 7 8 1 0
944 24 7 8 1 0
801 177 7 8 1 0
848 394 7 9 1 0
267 135 7 8 1 0
525 131 7 8 1 0
175 312 7 8 1 0
163 41 7 8 1 0
478 82 7 8 1 0
47 515 7 9 1 0
819 9 7 8 1 0
855 92 7 8 1 0
812 113 7 8 1 0
733 24 7 8 1 0
299 86 7 8 1 0
301 376 7 9 1 0
343 270 7 8 1 0
528 52 7 8 1 0
555 580 7 9 1 0
834 438 7 9 1 0
145 353 7 9 1 0
304 192 7 8 1 0
942 334 7 8 1 0
255 166 7 8 1 0
817 239 7 8 1 0
589 131 7 8 1 0
365 319 7 8 1 0
153 185 7 8 1 0
395 270 7 8 1 0
709 615 7 9 1 0
960 430 7 9 1 0
597 377 7 9 1 0
693 35 7 8 1 0
580 7 7 8 1 0
937 162 7 8 1 0
490 125 7 8 1 0
998 102 7 8 1 0
525 250 7 8 1 0
322 190 7 8 1 0
665 31 7 8 1 0
1010 194 7 8 1 0
874 202 7 8 1 0
643 67 7 8 1 0
119 31 7 8 1 0
1004 284 7 8 1 0
1004 277 7 8 1 0
441 332 7 8 1 0
269 23 7 8 1 0
475 27 7 8 1 0
367 383 7 9 1 0
1003 92 7 8 1 0
619 297 7 8 1 0
791 268 7 8 1 0
256 594 7 9 1 0
475 188 7 8 1 0
738 77 7 8 1 0
628 488 7 9 1 0
65 314 7 8 1 0
496 56 7 8 1 0
803 285 7 8 1 0
488 229 7 8 1 0
65 246 7 8 1 0
945 51 7 8 1 0
689 129 7 8 1 0
217 298 7 8 1 0
3 637 7 9 1 0
524 148 7 8 1 0
858 242 7 8 1 0
447 1 7 8 1 0
161 105 7 8 1 0
994 123 7 8 1 0
932 282 7 8 1 0
260 148 7 8 1 0
213 242 7 8 1 0
82 303 7 8 1 0
951 200 7 8 1 0
546 100 7 8 1 0
213 502 7 9 1 0
568 487 7 9 1 0
504 409 7 9 1 0
199 164 7 8 1 0
205 372 7 9 1 0
319 307 7 8 1 0
347 2 7 8 1 0
894 505 7 9 1 0
25 331 7 8 1 0
849 324 7 8 1 0
53 460 7 9 1 0
924 82 7 8 1 0
629 60 7 8 1 0
250 552 7 9 1 0
871 324 7 8 1 0
255 518 7 9 1 0
397 397 7 9 1 0
463 320 7 8 1 0
71 651 7 9 1 0
458 7 7 8 1 0
199 336 7 8 1 0
551 24 7 8 1 0
529 529 7 9 1 0
218 33 7 8 1 0
505 477 7 9 1 0
178 40 7 8 1 0
297 23 7 8 1 0
924 452 7 9 1 0
515 372 7 9 1 0
751 252 7 8 1 0
851 286 7 8 1 0
540 312 7 8 1 0
485 176 7 8 1 0
721 312 7 8 1 0
994 147 7 8 1 0
984 59 7 8 1 0
676 230 7 8 1 0
448 44 7 8 1 0
608 213 7 8 1 0
127 251 7 8 1 0
255 540 7 9 1 0
648 621 7 9 1 0
409 175 7 8 1 0
282 500 7 9 1 0
656 154 7 8 1 0
652 76 7 8 1 0
180 514 7 9 1 0
696 96 7 8 1 0
760 510 7 9 1 0
835 104 7 8 1 0
354 156 7 8 1 0
383 60 7 8 1 0
49 326 7 8 1 0
342 469 7 9 1 0
564 441 7 9 1 0
482 278 7 8 1 0
131 330 7 8 1 0
475 528 7 9 1 0
121 165 7 8 1 0
656 266 7 8 1 0
586 103 7 8 1 0
521 4 7 8 1 0
333 443 7 9 1 0
596 100 7 8 1 0
520 238 7 8 1 0
545 388 7 9 1 0
351 564 7 9 1 0
739 417 7 9 1 0
834 39 7 8 1 0
535 148 7 8 1 0
113 113 7 8 1 0
661 223 7 8 1 0
300 75 7 8 1 0
975 367 7 9 1 0
750 11 7 8 1 0
865 653 7 9 1 0
192 229 7 8 1 0
622 113 7 8 1 0
459 208 7 8 1 0
23 338 7 8 1 0
221 229 7 8 1 0
134 320 7 8 1 0
99 52 7 8 1 0
1004 28 7 8 1 0
912 102 7 8 1 0
438 172 7 8 1 0
800 108 7 8 1 0
153 253 7 8 1 0
775 243 7 8 1 0
798 209 7 8 1 0
824 60 7 8 1 0
279 394 7 9 1 0
699 34 7 8 1 0
597 49 7 8 1 0
905 638 7 9 1 0
112 628 7 9 1 0
735 317 7 8 1 0
285 543 7 9 1 0
599 129 7 8 1 0
894 221 7 8 1 0
746 119 7 8 1 0
145 146 7 8 1 0
190 446 7 9 1 0
338 203 7 8 1 0
901 526 7 9 1 0
142 275 7 8 1 0
235 222 7 8 1 0
583 92 7 8 1 0
977 91 7 8 1 0
981 595 7 9 1 0
747 4 7 8 1 0
383 19 7 8 1 0
936 425 7 9 1 0
352 504 7 9 1 0
644 100 7 8 1 0
24 564 7 9 1 0
660 198 7 8 1 0
722 214 7 8 1 0
44 545 7 9 1 0
302 169 7 8 1 0
277 418 7 9 1 0
526 434 7 9 1 0
436 236 7 8 1 0
105 94 7 8 1 0
793 437 7 9 1 0
280 309 7 8 1 0
1013 392 7 9 1 0
809 209 7 8 1 0
224 410 7 9 1 0
993 82 7 8 1 0
500 76 7 8 1 0
792 181 7 8 1 0
844 183 7 8 1 0
610 92 7 8 1 0
228 258 7 8 1 0
220 483 7 9 1 0
697 216 7 8 1 0
768 289 7 8 1 0
364 364 7 9 1 0
475 469 7 9 1 0
514 66 7 8 1 0
960 467 7 9 1 0
321 250 7 8 1 0
643 146 7 8 1 0
921 97 7 8 1 0
685 599 7 9 1 0
670 552 7 9 1 0
423 405 7 9 1 0
571 89 7 8 1 0
657 485 7 9 1 0
695 585 7 9 1 0
963 162 7 8 1 0
479 455 7 9 1 0
767 389 7 9 1 0
455 245 7 8 1 0
758 342 7 9 1 0
984 167 7 8 1 0
263 565 7 9 1 0
746 60 7 8 1 0
179 292 7 8 1 0
663 9 7 8 1 0
773 67 7 8 1 0
170 382 7 9 1 0
116 125 7 8 1 0
463 364 7 9 1 0
821 192 7 8 1 0
66 558 7 9 1 0
298 571 7 9 1 0
844 207 7 8 1 0
705 493 7 9 1 0
760 219 7 8 1 0
505 257 7 8 1 0
349 263 7 8 1 0
629 140 7 8 1 0
239 234 7 8 1 0
655 133 7 8 1 0
447 549 7 9 1 0
735 58 7 8 1 0
756 76 7 8 1 0
283 121 7 8 1 0
73 529 7 9 1 0
430 491 7 9 1 0
21 508 7 9 1 0
28 270 7 8 1 0
832 5 7 8 1 0
864 67 7 8 1 0
360 337 7 9 1 0
803 229 7 8 1 0
726 244 7 8 1 0
858 480 7 9 1 0
836 60 7 8 1 0
18 199 7 8 1 0
128 660 7 9 1 0
726 28 7 8 1 0
942 149 7 8 1 0
539 128 7 8 1 0
827 205 7 8 1 0
985 140 7 8 1 0
615 387 7 9 1 0
1002 504 7 9 1 0
273 81 7 8 1 0
85 39 7 8 1 0
123 440 7 9 1 0
915 371 7 9 1 0
782 81 7 8 1 0
754 270 7 8 1 0
213 134 7 8 1 0
469 283 7 8 1 0
16 433 7 9 1 0
235 2 7 8 1 0
545 244 7 8 1 0
562 38 7 8 1 0
238 156 7 8 1 0
310 263 7 8 1 0
469 237 7 8 1 0
262 290 7 8 1 0
11 15 7 8 1 0
157 550 7 9 1 0
756 36 7 8 1 0
4 110 7 8 1 0
982 179 7 8 1 0
645 52 7 8 1 0
751 155 7 8 1 0
600 42 7 8 1 0
603 143 7 8 1 0
371 282 7 8 1 0
381 194 7 8 1 0
341 162 7 8 1 0
278 465 7 9 1 0
150 32 7 8 1 0
696 46 7 8 1 0
856 412 7 9 1 0
49 311 7 8 1 0
841 139 7 8 1 0
431 50 7 8 1 0
518 449 7 9 1 0
812 162 7 8 1 0
580 126 7 8 1 0
935 105 7 8 1 0
86 113 7 8 1 0
110 264 7 8 1 0
840 244 7 8 1 0
786 513 7 9 1 0
108 181 7 8 1 0
482 69 7 8 1 0
112 555 7 9 1 0
586 311 7 8 1 0
399 409 7 9 1 0
121 214 7 8 1 0
316 374 7 9 1 0
77 336 7 8 1 0
322 58 7 8 1 0
534 120 7 8 1 0
414 152 7 8 1 0
380 592 7 9 1 0
864 212 7 8 1 0
49 478 7 9 1 0
49 217 7 8 1 0
598 120 7 8 1 0
124 190 7 8 1 0
369 80 7 8 1 0
696 85 7 8 1 0
129 37 7 8 1 0
562 305 7 8 1 0
639 27 7 8 1 0
313 428 7 9 1 0
292 347 7 9 1 0
964 95 7 8 1 0
914 201 7 8 1 0
710 415 7 9 1 0
29 473 7 9 1 0
845 262 7 8 1 0
294 427 7 9 1 0
953 302 7 8 1 0
138 230 7 8 1 0
705 7 7 8 1 0
654 196 7 8 1 0
961 563 7 9 1 0
864 25 7 8 1 0
257 257 7 8 1 0
507 20 7 8 1 0
548 193 7 8 1 0
403 581 7 9 1 0
111 454 7 9 1 0
901 389 7 9 1 0
174 218 7 8 1 0
573 64 7 8 1 0
838 97 7 8 1 0
130 634 7 9 1 0
191 492 7 9 1 0
809 657 7 9 1 0
539 632 7 9 1 0
697 456 7 9 1 0
864 271 7 8 1 0
755 141 7 8 1 0
565 381 7 9 1 0
1019 308 7 8 1 0
229 530 7 9 1 0
155 413 7 9 1 0
622 352 7 9 1 0
786 321 7 8 1 0
213 421 7 9 1 0
851 119 7 8 1 0
603 108 7 8 1 0
414 129 7 8 1 0
443 526 7 9 1 0
607 233 7 8 1 0
410 19 7 8 1 0
834 17 7 8 1 0
151 337 7 9 1 0
525 324 7 8 1 0
12 207 7 8 1 0
698 553 7 9 1 0
836 392 7 9 1 0
976 554 7 9 1 0
653 61 7 8 1 0
974 147 7 8 1 0
254 344 7 9 1 0
582 62 7 8 1 0
582 297 7 8 1 0
613 242 7 8 1 0
675 133 7 8 1 0
325 118 7 8 1 0
327 373 7 9 1 0
334 10 7 8 1 0
434 475 7 9 1 0
654 113 7 8 1 0
712 276 7 8 1 0
568 54 7 8 1 0
48 138 7 8 1 0
410 457 7 9 1 0
386 224 7 8 1 0
562 239 7 8 1 0
979 128 7 8 1 0
781 93 7 8 1 0
394 524 7 9 1 0
640 448 7 9 1 0
256 424 7 9 1 0
353 214 7 8 1 0
174 158 7 8 1 0
11 573 7 9 1 0
317 555 7 9 1 0
321 404 7 9 1 0
10 612 7 9 1 0
855 6 7 8 1 0
911 218 7 8 1 0
198 522 7 9 1 0
721 174 7 8 1 0
718 120 7 8 1 0
203 3 7 8 1 0
767 80 7 8 1 0
691 299 7 8 1 0
354 236 7 8 1 0
680 77 7 8 1 0
10 163 7 8 1 0
553 16 7 8 1 0
890 325 7 8 1 0
911 50 7 8 1 0
537 86 7 8 1 0
405 63 7 8 1 0
739 33 7 8 1 0
706 322 7 8 1 0
119 146 7 8 1 0
352 62 7 8 1 0
653 54 7 8 1 0
813 511 7 9 1 0
113 58 7 8 1 0
294 103 7 8 1 0
405 186 7 8 1 0
106 501 7 9 1 0
505 122 7 8 1 0
714 63 7 8 1 0
387 66 7 8 1 0
19 16 7 8 1 0
743 498 7 9 1 0
33 52 7 8 1 0
847 529 7 9 1 0
130 340 7 9 1 0
536 223 7 8 1 0
240 515 7 9 1 0
531 95 7 8 1 0
314 132 7 8 1 0
950 110 7 8 1 0
90 60 7 8 1 0
569 613 7 9 1 0
794 66 7 8 1 0
52 207 7 8 1 0
637 156 7 8 1 0
526 33 7 8 1 0
574 29 7 8 1 0
266 373 7 9 1 0
783 46 7 8 1 0
1017 90 7 8 1 0
898 270 7 8 1 0
322 288 7 8 1 0
617 1 7 8 1 0
623 181 7 8 1 0
959 114 7 8 1 0
896 179 7 8 1 0
231 324 7 8 1 0
782 65 7 8 1 0
391 459 7 9 1 0
997 300 7 8 1 0
805 94 7 8 1 0
391 606 7 9 1 0
389 120 7 8 1 0
982 7 7 8 1 0
742 337 7 9 1 0
515 115 7 8 1 0
332 660 7 9 1 0
71 31 7 8 1 0
415 366 7 9 1 0
580 206 7 8 1 0
276 479 7 9 1 0
894 414 7 9 1 0
759 321 7 8 1 0
353 193 7 8 1 0
311 404 7 9 1 0
256 227 7 8 1 0
16 381 7 8 1 0
691 118 7 8 1 0
563 159 7 8 1 0
725 218 7 8 1 0
806 325 7 8 1 0
667 74 7 8 1 0
277 227 7 8 1 0
788 53 7 8 1 0
769 186 7 8 1 0
429 226 7 8 1 0
399 337 7 9 1 0
792 226 7 8 1 0
139 474 7 9 1 0
687 176 7 8 1 0
157 157 7 8 1 0
66 164 7 8 1 0
293 311 7 8 1 0
283 3 7 8 1 0
943 120 7 8 1 0
863 261 7 8 1 0
763 92 7 8 1 0
960 333 7 8 1 0
571 317 7 8 1 0
885 655 7 9 1 0
1010 80 7 8 1 0
978 213 7 8 1 0
312 321 7 8 1 0
245 62 7 8 1 0
308 505 7 9 1 0
576 53 7 8 1 0
419 186 7 8 1 0
115 576 7 9 1 0
715 210 7 8 1 0
461 102 7 8 1 0
589 199 7 8 1 0
785 643 7 9 1 0
1017 102 7 8 1 0
891 168 7 8 1 0
210 164 7 8 1 0
410 494 7 9 1 0
434 341 7 9 1 0
527 582 7 9 1 0
320 206 7 8 1 0
555 651 7 9 1 0
757 531 7 9 1 0
689 347 7 9 1 0
558 422 7 9 1 0
75 102 7 8 1 0
858 123 7 8 1 0
632 167 7 8 1 0
337 24 7 8 1 0
317 341 7 9 1 0
585 495 7 9 1 0
868 134 7 8 1 0
45 193 7 8 1 0
862 77 7 8 1 0
891 12 7 8 1 0
215 57 7 8 1 0
598 279 7 8 1 0
159 645 7 9 1 0
992 647 7 9 1 0
353 298 7 8 1 0
130 505 7 9 1 0
364 250 7 8 1 0
576 333 7 8 1 0
898 287 7 8 1 0
884 74 7 8 1 0
660 394 7 9 1 0
246 186 7 8 1 0
592 221 7 8 1 0
941 637 7 9 1 0
967 190 7 8 1 0
269 346 7 9 1 0
334 84 7 8 1 0
632 593 7 9 1 0
378 23 7 8 1 0
621 122 7 8 1 0
354 623 7 9 1 0
807 469 7 9 1 0
435 138 7 8 1 0
224 429 7 9 1 0
584 565 7 9 1 0
263 91 7 8 1 0
683 46 7 8 1 0
432 155 7 8 1 0
758 88 7 8 1 0
418 641 7 9 1 0
113 131 7 8 1 0
712 304 7 8 1 0
343 100 7 8 1 0
712 37 7 8 1 0
321 104 7 8 1 0
131 364 7 9 1 0
859 600 7 9 1 0
487 368 7 9 1 0
537 172 7 8 1 0
774 45 7 8 1 0
407 10 7 8 1 0
831 72 7 8 1 0
945 71 7 8 1 0
148 96 7 8 1 0
715 70 7 8 1 0
620 92 7 8 1 0
531 212 7 8 1 0
939 403 7 9 1 0
700 383 7 9 1 0
391 139 7 8 1 0
546 34 7 8 1 0
529 380 7 9 1 0
897 21 7 8 1 0
300 404 7 9 1 0
393 31 7 8 1 0
574 645 7 9 1 0
528 406 7 9 1 0
1017 167 7 8 1 0
557 393 7 9 1 0
734 38 7 8 1 0
313 222 7 8 1 0
189 136 7 8 1 0
42 356 7 9 1 0
721 286 7 8 1 0
988 188 7 8 1 0
281 359 7 9 1 0
385 94 7 8 1 0
477 265 7 8 1 0
723 461 7 9 1 0
778 427 7 9 1 0
592 76 7 8 1 0
126 392 7 9 1 0
825 11 7 8 1 0
620 71 7 8 1 0
872 43 7 8 1 0
796 147 7 8 1 0
480 399 7 9 1 0
973 237 7 8 1 0
337 170 7 8 1 0
496 120 7 8 1 0
719 277 7 8 1 0
242 204 7 8 1 0
967 231 7 8 1 0
870 387 7 9 1 0
503 5 7 8 1 0
492 300 7 8 1 0
753 51 7 8 1 0
548 402 7 9 1 0
742 113 7 8 1 0
1002 545 7 9 1 0
358 10 7 8 1 0
619 58 7 8 1 0
273 244 7 8 1 0
47 493 7 9 1 0
189 123 7 8 1 0
647 278 7 8 1 0
546 178 7 8 1 0
617 82 7 8 1 0
94 298 7 8 1 0
174 335 7 8 1 0
400 380 7 9 1 0
189 392 7 9 1 0
588 164 7 8 1 0
842 597 7 9 1 0
680 100 7 8 1 0
385 304 7 8 1 0
167 354 7 9 1 0
437 196 7 8 1 0
196 463 7 9 1 0
813 88 7 8 1 0
820 103 7 8 1 0
694 648 7 9 1 0
893 2 7 8 1 0
812 381 7 9 1 0
458 414 7 9 1 0
480 355 7 9 1 0
755 613 7 9 1 0
647 60 7 8 1 0
736 374 7 9 1 0
797 502 7 9 1 0
740 594 7 9 1 0
459 431 7 9 1 0
686 23 7 8 1 0
785 219 7 8 1 0
540 467 7 9 1 0
743 132 7 8 1 0
931 117 7 8 1 0
829 189 7 8 1 0
813 273 7 8 1 0
97 135 7 8 1 0
573 587 7 9 1 0
177 194 7 8 1 0
930 329 7 8 1 0
569 15 7 8 1 0
796 366 7 9 1 0
667 61 7 8 1 0
34 6 7 8 1 0
597 469 7 9 1 0
234 172 7 8 1 0
486 329 7 8 1 0
167 374 7 9 1 0
1009 47 7 8 1 0
926 356 7 9 1 0
421 22 7 8 1 0
21 360 7 8 1 0
423 65 7 8 1 0
853 65 7 8 1 0
373 220 7 8 1 0
114 377 7 9 1 0
56 380 7 9 1 0
735 196 7 8 1 0
243 434 7 9 1 0
499 38 7 8 1 0
858 430 7 9 1 0
445 311 7 8 1 0
792 116 7 8 1 0
285 195 7 8 1 0
479 336 7 8 1 0
825 419 7 9 1 0
527 284 7 8 1 0
252 130 7 8 1 0
918 258 7 8 1 0
728 282 7 8 1 0
906 318 7 8 1 0
388 477 7 9 1 0
406 78 7 8 1 0
256 113 7 8 1 0
443 446 7 9 1 0
287 213 7 8 1 0
506 155 7 8 1 0
676 382 7 9 1 0
102 276 7 8 1 0
561 212 7 8 1 0
0 447 7 9 1 0
496 512 7 9 1 0
325 643 7 9 1 0
625 621 7 9 1 0
621 150 7 8 1 0
545 125 7 8 1 0
293 270 7 8 1 0
679 155 7 8 1 0
683 141 7 8 1 0
541 354 7 9 1 0
444 56 7 8 1 0
121 286 7 8 1 0
801 163 7 8 1 0
610 64 7 8 1 0
377 143 7 8 1 0
656 417 7 9 1 0
865 541 7 9 1 0
9 26 7 8 1 0
723 146 7 8 1 0
816 20 7 8 1 0
422 7 7 8 1 0
499 191 7 8 1 0
557 115 7 8 1 0
431 412 7 9 1 0
125 15 7 8 1 0
785 37 7 8 1 0
164 282 7 8 1 0
931 17 7 8 1 0
1018 21 7 8 1 0
241 136 7 8 1 0
545 477 7 9 1 0
608 339 7 9 1 0
532 40 7 8 1 0
929 75 7 8 1 0
813 254 7 8 1 0
877 469 7 9 1 0
1001 437 7 9 1 0
168 138 7 8 1 0
608 529 7 9 1 0
543 495 7 9 1 0
632 202 7 8 1 0
765 57 7 8 1 0
980 105 7 8 1 0
54 284 7 8 1 0
497 85 7 8 1 0
49 251 7 8 1 0
520 481 7 9 1 0
432 359 7 9 1 0
719 18 7 8 1 0
727 39 7 8 1 0
908 169 7 8 1 0
339 576 7 9 1 0
87 253 7 8 1 0
27 647 7 9 1 0
749 245 7 8 1 0
729 615 7 9 1 0
196 45 7 8 1 0
261 181 7 8 1 0
960 79 7 8 1 0
381 171 7 8 1 0
600 394 7 9 1 0
902 117 7 8 1 0
710 436 7 9 1 0
980 341 7 9 1 0
747 626 7 9 1 0
522 278 7 8 1 0
150 382 7 9 1 0
874 75 7 8 1 0
786 414 7 9 1 0
676 23 7 8 1 0
816 552 7 9 1 0
424 318 7 8 1 0
745 445 7 9 1 0
354 479 7 9 1 0
69 370 7 9 1 0
299 596 7 9 1 0
616 146 7 8 1 0
983 643 7 9 1 0
885 315 7 8 1 0
401 128 7 8 1 0
87 94 7 8 1 0
391 290 7 8 1 0
668 511 7 9 1 0
589 57 7 8 1 0
632 33 7 8 1 0
625 82 7 8 1 0
833 112 7 8 1 0
163 166 7 8 1 0
671 264 7 8 1 0
778 368 7 9 1 0
569 22 7 8 1 0
973 297 7 8 1 0
808 22 7 8 1 0
624 281 7 8 1 0
126 62 7 8 1 0
304 10 7 8 1 0
697 23 7 8 1 0
376 464 7 9 1 0
36 28 7 8 1 0
409 430 7 9 1 0
445 632 7 9 1 0
33 130 7 8 1 0
734 2 7 8 1 0
464 566 7 9 1 0
764 232 7 8 1 0
712 163 7 8 1 0
902 127 7 8 1 0
90 490 7 9 1 0
605 73 7 8 1 0
578 469 7 9 1 0
653 585 7 9 1 0
775 13 7 8 1 0
526 62 7 8 1 0
917 73 7 8 1 0
642 83 7 8 1 0
190 8 7 8 1 0
210 641 7 9 1 0
224 20 7 8 1 0
854 108 7 8 1 0
470 1 7 8 1 0
276 180 7 8 1 0
73 218 7 8 1 0
724 132 7 8 1 0
707 25 7 8 1 0
743 389 7 9 1 0
493 22 7 8 1 0
258 46 7 8 1 0
630 341 7 9 1 0
614 171 7 8 1 0
486 617 7 9 1 0
712 399 7 9 1 0
359 597 7 9 1 0
226 617 7 9 1 0
345 178 7 8 1 0
540 180 7 8 1 0
538 20 7 8 1 0
80 399 7 9 1 0
840 617 7 9 1 0
339 14 7 8 1 0
726 75 7 8 1 0
927 5 7 8 1 0
10 492 7 9 1 0
625 223 7 8 1 0
563 282 7 8 1 0
877 96 7 8 1 0
599 90 7 8 1 0
781 663 7 9 1 0
484 581 7 9 1 0
295 209 7 8 1 0
651 158 7 8 1 0
78 387 7 9 1 0
680 402 7 9 1 0
779 525 7 9 1 0
862 311 7 8 1 0
318 171 7 8 1 0
258 202 7 8 1 0
991 254 7 8 1 0
687 87 7 8 1 0
880 262 7 8 1 0
738 262 7 8 1 0
179 99 7 8 1 0
856 16 7 8 1 0
478 122 7 8 1 0
871 116 7 8 1 0
733 180 7 8 1 0
163 92 7 8 1 0
261 447 7 9 1 0
366 182 7 8 1 0
696 75 7 8 1 0
197 316 7 8 1 0
991 317 7 8 1 0
750 402 7 9 1 0
397 106 7 8 1 0
676 61 7 8 1 0
275 275 7 8 1 0
86 25 7 8 1 0
147 288 7 8 1 0
367 23 7 8 1 0
167 455 7 9 1 0
447 337 7 9 1 0
85 524 7 9 1 0
524 260 7 8 1 0
127 599 7 9 1 0
449 286 7 8 1 0
860 197 7 8 1 0
257 362 7 9 1 0
322 15 7 8 1 0
829 214 7 8 1 0
194 261 7 8 1 0
36 162 7 8 1 0
433 378 7 9 1 0
940 380 7 9 1 0
890 186 7 8 1 0
755 124 7 8 1 0
464 128 7 8 1 0
421 388 7 9 1 0
781 162 7 8 1 0
505 362 7 9 1 0
134 206 7 8 1 0
26 283 7 8 1 0
871 223 7 8 1 0
832 85 7 8 1 0
960 7 7 8 1 0
403 348 7 9 1 0
834 313 7 8 1 0
456 479 7 9 1 0
808 420 7 9 1 0
84 290 7 8 1 0
101 151 7 8 1 0
624 26 7 8 1 0
302 471 7 9 1 0
504 341 7 9 1 0
403 548 7 9 1 0
694 332 7 8 1 0
730 159 7 8 1 0
295 298 7 8 1 0
817 139 7 8 1 0
952 188 7 8 1 0
453 347 7 9 1 0
469 215 7 8 1 0
557 19 7 8 1 0
497 170 7 8 1 0
229 444 7 9 1 0
801 73 7 8 1 0
780 274 7 8 1 0
572 151 7 8 1 0
267 2 7 8 1 0
765 201 7 8 1 0
807 214 7 8 1 0
958 47 7 8 1 0
640 173 7 8 1 0
639 48 7 8 1 0
877 380 7 9 1 0
334 344 7 9 1 0
159 234 7 8 1 0
75 176 7 8 1 0
437 250 7 8 1 0
616 452 7 9 1 0
861 179 7 8 1 0
624 515 7 9 1 0
297 555 7 9 1 0
461 463 7 9 1 0
829 530 7 9 1 0
802 133 7 8 1 0
556 167 7 8 1 0
667 238 7 8 1 0
254 246 7 8 1 0
675 7 7 8 1 0
934 211 7 8 1 0
19 523 7 9 1 0
550 215 7 8 1 0
52 171 7 8 1 0
953 446 7 9 1 0
188 76 7 8 1 0
367 614 7 9 1 0
786 135 7 8 1 0
849 356 7 9 1 0
699 244 7 8 1 0
241 464 7 9 1 0
959 350 7 9 1 0
503 534 7 9 1 0
401 215 7 8 1 0
1005 136 7 8 1 0
517 102 7 8 1 0
349 358 7 9 1 0
373 103 7 8 1 0
732 13 7 8 1 0
325 24 7 8 1 0
991 488 7 9 1 0
568 521 7 9 1 0
648 324 7 8 1 0
611 17 7 8 1 0
193 381 7 9 1 0
595 294 7 8 1 0
1005 361 7 8 1 0
706 34 7 8 1 0
874 538 7 9 1 0
321 94 7 8 1 0
216 18 7 8 1 0
817 28 7 8 1 0
802 42 7 8 1 0
665 643 7 9 1 0
923 294 7 8 1 0
423 118 7 8 1 0
785 560 7 9 1 0
583 247 7 8 1 0
674 91 7 8 1 0
147 522 7 9 1 0
924 272 7 8 1 0
599 244 7 8 1 0
335 385 7 9 1 0
598 17 7 8 1 0
266 38 7 8 1 0
888 447 7 9 1 0
158 54 7 8 1 0
167 439 7 9 1 0
888 135 7 8 1 0
650 179 7 8 1 0
879 222 7 8 1 0
152 11 7 8 1 0
700 370 7 9 1 0
91 175 7 8 1 0
712 229 7 8 1 0
651 467 7 9 1 0
451 162 7 8 1 0
293 244 7 8 1 0
473 245 7 8 1 0
705 226 7 8 1 0
393 183 7 8 1 0
767 144 7 8 1 0
834 285 7 8 1 0
985 27 7 8 1 0
1009 140 7 8 1 0
759 115 7 8 1 0
321 327 7 8 1 0
539 266 7 8 1 0
109 13 7 8 1 0
208 442 7 9 1 0
767 279 7 8 1 0
615 43 7 8 1 0
810 296 7 8 1 0
409 206 7 8 1 0
582 116 7 8 1 0
150 476 7 9 1 0
50 71 7 8 1 0
665 345 7 9 1 0
669 164 7 8 1 0
68 408 7 9 1 0
221 44 7 8 1 0
93 16 7 8 1 0
417 622 7 9 1 0
513 466 7 9 1 0
421 431 7 9 1 0
769 118 7 8 1 0
553 594 7 9 1 0
668 450 7 9 1 0
544 290 7 8 1 0
917 334 7 8 1 0
116 43 7 8 1 0
317 116 7 8 1 0
564 106 7 8 1 0
213 114 7 8 1 0
569 177 7 8 1 0
897 347 7 9 1 0
755 479 7 9 1 0
571 414 7 9 1 0
560 203 7 8 1 0
667 520 7 9 1 0
241 96 7 8 1 0
969 318 7 8 1 0
1011 254 7 8 1 0
369 15 7 8 1 0
417 593 7 9 1 0
688 7 7 8 1 0
515 46 7 8 1 0
878 5 7 8 1 0
656 168 7 8 1 0
338 392 7 9 1 0
935 317 7 8 1 0
170 591 7 9 1 0
803 57 7 8 1 0
580 419 7 9 1 0
578 273 7 8 1 0
857 228 7 8 1 0
876 122 7 8 1 0
749 212 7 8 1 0
479 60 7 8 1 0
840 169 7 8 1 0
1008 626 7 9 1 0
920 134 7 8 1 0
764 134 7 8 1 0
888 198 7 8 1 0
649 563 7 9 1 0
951 240 7 8 1 0
155 573 7 9 1 0
999 571 7 9 1 0
845 151 7 8 1 0
542 149 7 8 1 0
158 505 7 9 1 0
335 109 7 8 1 0
905 12 7 8 1 0
384 106 7 8 1 0
576 101 7 8 1 0
627 257 7 8 1 0
700 423 7 9 1 0
429 288 7 8 1 0
253 632 7 9 1 0
445 413 7 9 1 0
277 432 7 9 1 0
733 80 7 8 1 0
590 529 7 9 1 0
290 291 7 8 1 0
718 128 7 8 1 0
145 71 7 8 1 0
382 239 7 8 1 0
792 100 7 8 1 0
572 533 7 9 1 0
963 69 7 8 1 0
625 550 7 9 1 0
744 100 7 8 1 0
469 339 7 9 1 0
785 200 7 8 1 0
133 299 7 8 1 0
218 390 7 9 1 0
680 312 7 8 1 0
491 2 7 8 1 0
34 103 7 8 1 0
197 89 7 8 1 0
878 111 7 8 1 0
680 30 7 8 1 0
571 45 7 8 1 0
236 188 7 8 1 0
180 119 7 8 1 0
18 58 7 8 1 0
499 94 7 8 1 0
433 4 7 8 1 0
736 119 7 8 1 0
275 148 7 8 1 0
742 76 7 8 1 0
218 454 7 9 1 0
842 5 7 8 1 0
343 413 7 9 1 0
797 29 7 8 1 0
875 188 7 8 1 0
702 119 7 8 1 0
466 381 7 9 1 0
428 581 7 9 1 0
945 527 7 9 1 0
120 86 7 8 1 0
347 380 7 9 1 0
447 249 7 8 1 0
178 421 7 9 1 0
1013 70 7 8 1 0
32 598 7 9 1 0
319 144 7 8 1 0
12 594 7 9 1 0
142 12 7 8 1 0
471 433 7 9 1 0
70 51 7 8 1 0
605 25 7 8 1 0
690 220 7 8 1 0
301 330 7 8 1 0
604 547 7 9 1 0
737 293 7 8 1 0
552 250 7 8 1 0
485 42 7 8 1 0
560 27 7 8 1 0
795 54 7 8 1 0
368 299 7 8 1 0
1013 125 7 8 1 0
293 187 7 8 1 0
771 135 7 8 1 0
757 179 7 8 1 0
893 122 7 8 1 0
44 182 7 8 1 0
641 411 7 9 1 0
17 36 7 8 1 0
49 58 7 8 1 0
491 196 7 8 1 0
970 133 7 8 1 0
397 86 7 8 1 0
959 23 7 8 1 0
715 47 7 8 1 0
468 69 7 8 1 0
64 103 7 8 1 0
330 477 7 9 1 0
44 264 7 8 1 0
433 444 7 9 1 0
225 140 7 8 1 0
641 270 7 8 1 0
708 55 7 8 1 0
76 129 7 8 1 0
843 463 7 9 1 0
745 21 7 8 1 0
818 52 7 8 1 0
751 82 7 8 1 0
788 26 7 8 1 0
59 151 7 8 1 0
614 589 7 9 1 0
101 222 7 8 1 0
275 67 7 8 1 0
585 43 7 8 1 0
21 150 7 8 1 0
974 187 7 8 1 0
435 18 7 8 1 0
888 117 7 8 1 0
212 73 7 8 1 0
497 140 7 8 1 0
450 36 7 8 1 0
1011 371 7 9 1 0
478 102 7 8 1 0
285 166 7 8 1 0
463 178 7 8 1 0
343 131 7 8 1 0
413 541 7 9 1 0
205 568 7 9 1 0
334 226 7 8 1 0
694 9 7 8 1 0
332 1 7 8 1 0
945 94 7 8 1 0
296 519 7 9 1 0
823 630 7 9 1 0
835 49 7 8 1 0
121 229 7 8 1 0
646 251 7 8 1 0
585 217 7 8 1 0
1000 406 7 9 1 0
473 89 7 8 1 0
224 361 7 9 1 0
773 209 7 8 1 0
429 521 7 9 1 0
683 374 7 9 1 0
454 75 7 8 1 0
1001 180 7 8 1 0
490 95 7 8 1 0
986 6 7 8 1 0
773 155 7 8 1 0
382 341 7 9 1 0
338 596 7 9 1 0
495 431 7 9 1 0
817 76 7 8 1 0
911 184 7 8 1 0
471 201 7 8 1 0
829 571 7 9 1 0
545 73 7 8 1 0
198 67 7 8 1 0
640 3 7 8 1 0
706 345 7 9 1 0
593 312 7 8 1 0
100 355 7 9 1 0
286 376 7 9 1 0
307 291 7 8 1 0
25 451 7 9 1 0
561 192 7 8 1 0
128 28 7 8 1 0
119 420 7 9 1 0
897 363 7 9 1 0
603 151 7 8 1 0
303 55 7 8 1 0
506 590 7 9 1 0
77 83 7 8 1 0
877 422 7 9 1 0
307 22 7 8 1 0
885 41 7 8 1 0
231 55 7 8 1 0
522 617 7 9 1 0
737 166 7 8 1 0
566 132 7 8 1 0
151 439 7 9 1 0
757 463 7 9 1 0
329 415 7 9 1 0
941 171 7 8 1 0
54 615 7 9 1 0
625 423 7 9 1 0
138 188 7 8 1 0
387 499 7 9 1 0
1011 218 7 8 1 0
836 268 7 8 1 0
706 354 7 9 1 0
32 614 7 9 1 0
48 19 7 8 1 0
751 170 7 8 1 0
638 12 7 8 1 0
206 142 7 8 1 0
735 565 7 9 1 0
1013 316 7 8 1 0
571 253 7 8 1 0
13 74 7 8 1 0
654 123 7 8 1 0
914 520 7 9 1 0
642 375 7 9 1 0
892 299 7 8 1 0
548 6 7 8 1 0
92 568 7 9 1 0
379 564 7 9 1 0
694 479 7 9 1 0
554 333 7 8 1 0
694 401 7 9 1 0
891 556 7 9 1 0
757 65 7 8 1 0
392 443 7 9 1 0
767 581 7 9 1 0
638 75 7 8 1 0
732 71 7 8 1 0
1 196 7 8 1 0
651 39 7 8 1 0
887 87 7 8 1 0
233 380 7 9 1 0
838 124 7 8 1 0
706 483 7 9 1 0
831 147 7 8 1 0
823 353 7 9 1 0
406 390 7 9 1 0
971 54 7 8 1 0
615 28 7 8 1 0
480 159 7 8 1 0
785 341 7 9 1 0
238 613 7 9 1 0
23 228 7 8 1 0
865 499 7 9 1 0
