297 111 10 11 1 0
392 255 27 28 1 0
480 174 14 17 1 0
396 341 20 21 1 0
247 172 10 11 1 0
269 302 27 28 1 0
336 132 10 11 1 0
242 324 27 28 1 0
543 309 27 28 1 0
377 290 27 28 1 0
543 260 27 28 1 0
546 340 20 21 1 0
2 317 23 25 1 0
452 264 27 28 1 0
357 264 27 28 1 0
398 294 27 28 1 0
468 302 27 28 1 0
208 335 20 21 1 0
243 272 27 28 1 0
585 144 10 11 1 0
28 217 14 17 1 0
35 262 27 28 1 0
148 135 10 11 1 0
239 195 14 17 1 0
309 86 10 11 1 0
81 338 20 21 1 0
583 167 10 11 1 0
378 268 27 28 1 0
397 271 27 28 1 0
503 285 27 28 1 0
64 153 10 11 1 0
490 161 10 11 1 0
298 246 14 17 1 0
535 242 14 17 1 0
44 221 14 17 1 0
592 329 20 21 1 0
506 172 10 11 1 0
515 337 20 21 1 0
152 128 10 11 1 0
480 162 10 11 1 0
585 302 21 22 1 0
319 163 10 11 1 0
493 271 27 28 1 0
504 199 14 17 2 0
173 340 20 21 1 0
155 137 10 11 1 0
25 285 27 28 1 0
604 195 12 14 1 0
418 265 27 28 2 0
49 271 27 28 1 0
320 105 10 11 1 0
605 314 20 21 1 0
597 218 16 18 1 0
425 308 27 28 1 0
310 307 27 28 1 0
157 145 10 11 1 0
41 304 27 28 1 0
460 332 20 21 1 0
19 247 14 17 1 0
466 74 11 12 1 0
372 338 20 21 1 0
172 272 27 28 1 0
351 151 10 11 1 0
186 256 27 28 1 0
21 197 14 17 1 0
105 311 27 28 1 0
569 306 27 28 1 0
303 335 20 21 1 0
221 281 27 28 1 0
528 274 27 28 1 0
189 336 20 21 1 0
155 282 27 28 1 0
522 325 27 28 1 0
366 186 14 17 1 0
75 281 27 28 1 0
510 304 27 28 1 0
5 205 14 17 1 0
130 317 27 28 1 0
340 334 20 21 1 0
510 194 14 17 2 0
524 169 10 11 1 0
242 303 27 28 1 0
480 198 14 17 1 0
442 339 20 21 1 0
130 294 27 28 1 0
407 259 27 28 2 0
148 334 20 21 1 0
287 287 27 28 1 0
348 317 27 28 1 0
527 201 14 17 1 0
578 286 23 24 1 0
133 201 14 17 1 0
264 165 10 11 1 0
62 245 14 17 1 0
301 223 14 17 1 0
275 332 20 21 1 0
597 189 12 14 1 0
209 295 27 28 1 0
104 335 20 21 1 0
402 323 27 28 2 0
110 288 27 28 1 0
20 169 10 11 1 0
390 317 27 28 2 0
311 232 14 17 1 0
71 147 10 11 1 0
251 285 27 28 1 0
287 306 27 28 1 0
135 184 14 17 1 0
255 257 27 28 1 0
