757 487 17 20 2 0
780 497 17 20 1 0
416 465 9 12 1 1
908 475 17 20 2 0
54 496 10 13 1 0
388 452 9 11 1 1
567 499 12 17 1 0
123 493 12 17 1 0
514 473 9 12 1 1
940 496 17 20 2 0
698 401 3 3 1 1
920 469 17 20 1 1
185 508 12 17 1 0
761 459 3 7 1 1
389 509 12 17 1 0
916 375 3 3 1 1
299 471 10 14 1 1
734 404 3 3 1 1
902 510 17 20 1 0
866 490 17 20 1 0
868 462 3 7 1 1
897 489 17 20 1 0
639 482 17 20 1 0
771 510 17 20 1 0
916 392 3 3 1 1
825 454 3 7 1 1
707 480 17 20 1 0
557 483 12 17 1 0
365 464 9 12 1 1
400 469 9 12 1 1
215 453 9 11 1 1
153 458 9 11 1 1
369 463 9 12 1 1
191 445 9 11 1 1
866 396 3 3 1 1
267 487 12 17 1 0
165 444 9 11 1 1
719 468 13 16 1 1
532 451 9 11 1 1
583 475 9 14 1 0
741 499 17 20 1 0
588 491 12 17 1 0
310 510 12 17 1 0
769 395 3 3 1 1
332 451 9 11 1 1
897 386 3 3 1 1
679 470 17 20 1 1
555 464 9 12 1 1
707 510 17 20 2 0
434 457 9 11 1 1
348 486 12 17 1 0
60 509 10 13 1 0
770 457 3 7 1 1
696 495 17 20 1 0
392 476 10 14 1 0
133 461 9 11 1 1
847 490 17 20 1 0
716 405 3 3 1 1
829 479 17 20 1 0
303 460 9 11 1 1
742 397 3 3 1 1
653 518 17 20 1 0
609 481 11 15 1 0
624 444 3 7 1 1
912 386 3 3 1 1
402 480 12 17 1 0
173 479 12 17 1 0
245 462 9 11 1 1
685 517 17 20 1 0
479 450 9 11 1 1
290 472 10 14 1 1
707 467 17 20 1 1
680 483 17 20 2 0
497 502 12 17 1 0
724 486 17 20 1 0
313 453 9 11 1 1
187 477 12 17 1 0
770 494 17 20 1 0
326 461 9 11 1 1
380 451 9 11 1 1
566 446 9 11 1 1
706 403 3 3 1 1
656 502 17 20 2 0
727 520 17 20 1 0
886 387 3 3 1 1
454 461 9 11 1 1
942 469 17 20 1 1
765 473 17 20 2 1
939 488 17 20 2 0
414 494 12 17 1 0
497 479 12 17 1 0
369 475 10 14 1 0
630 502 17 20 1 0
358 458 9 11 1 1
436 471 9 12 1 1
943 487 17 20 2 0
277 450 9 11 1 1
348 468 9 12 1 1
748 401 3 3 1 1
625 462 3 7 1 1
885 500 17 20 1 0
270 502 12 17 1 0
756 401 3 3 1 1
475 489 12 17 1 0
461 451 9 11 1 1
229 464 9 11 1 1
165 474 10 14 1 0
244 450 9 11 1 1
450 449 9 11 1 1
675 510 17 20 1 0
277 482 12 17 1 0
538 462 9 12 1 1
833 500 17 20 1 0
908 394 3 3 1 1
793 389 3 3 1 1
750 515 17 20 1 0
884 481 17 20 2 0
117 464 10 14 1 1
671 497 17 20 1 0
932 519 17 20 1 0
552 449 9 11 1 1
673 460 3 7 1 1
417 522 12 17 1 0
316 475 9 11 1 0
470 459 9 11 1 1
685 503 17 20 1 0
513 491 12 17 1 0
764 485 17 20 2 0
807 456 3 7 1 1
850 377 3 3 1 1
734 506 17 20 1 0
756 506 17 20 1 0
600 479 11 15 1 0
886 375 3 3 1 1
239 474 9 12 1 0
887 394 3 3 1 1
355 513 12 17 1 0
344 451 9 11 1 1
655 491 17 20 2 0
770 389 3 3 1 1
375 521 12 17 1 0
871 388 3 3 1 1
9 501 10 13 1 0
817 458 3 7 1 1
540 501 12 17 1 0
904 480 17 20 2 0
847 474 17 20 2 0
804 396 3 3 1 1
287 511 12 17 1 0
574 520 12 17 1 0
863 375 3 3 1 1
205 502 12 17 1 0
909 404 3 3 1 1
586 449 4 8 1 1
842 468 13 16 2 1
855 389 3 3 1 1
424 457 9 11 1 1
0 520 10 13 1 0
682 398 3 3 1 1
330 475 10 14 1 0
904 386 3 3 1 1
712 492 17 20 1 0
262 453 9 11 1 1
898 402 3 3 1 1
231 508 12 17 1 0
601 465 3 7 1 1
277 521 12 17 1 0
252 450 9 11 1 1
807 475 17 20 1 0
841 380 3 3 1 1
411 456 9 11 1 1
538 475 10 14 1 0
375 467 9 11 1 1
382 480 12 17 1 0
214 491 12 17 1 0
339 463 9 12 1 1
359 448 9 11 1 1
471 477 12 17 1 0
13 484 10 13 1 0
785 389 3 3 1 1
714 507 17 20 2 0
454 495 12 17 1 0
246 502 12 17 1 0
369 449 9 11 1 1
442 505 12 17 1 0
917 405 3 3 1 1
882 472 17 20 2 1
926 392 3 3 1 1
369 491 12 17 1 0
422 474 10 14 1 0
527 518 12 17 1 0
235 446 9 11 1 1
145 480 12 17 1 0
879 466 3 7 1 1
895 388 3 3 1 1
748 480 17 20 1 0
400 451 9 11 1 1
861 506 17 20 1 0
526 501 12 17 1 0
362 475 10 14 1 0
737 461 3 7 1 1
775 395 3 3 1 1
518 453 9 11 1 1
580 467 10 14 1 1
734 398 3 3 1 1
923 385 3 3 1 1
304 484 12 17 1 0
648 456 3 7 1 1
862 474 17 20 1 0
788 465 3 7 1 1
793 382 3 3 1 1
728 398 3 3 1 1
590 504 12 17 1 0
217 477 12 17 1 0
465 443 9 11 1 1
763 395 3 3 1 1
689 480 17 20 2 0
200 465 10 14 1 1
878 399 3 3 1 1
454 479 12 17 1 0
544 442 9 11 1 1
420 508 12 17 1 0
909 491 17 20 1 0
754 392 3 3 1 1
871 377 3 3 1 1
856 393 3 3 1 1
499 455 9 11 1 1
170 468 10 14 1 1
393 468 9 12 1 1
