313 69 14 19 1 0
348 60 14 19 1 0
347 78 14 19 1 0
564 316 29 37 1 0
274 3 11 13 1 0
391 52 11 13 1 0
464 304 29 37 1 0
413 149 21 25 1 0
400 80 14 19 1 0
469 53 14 19 1 0
295 17 11 13 1 0
492 52 11 13 1 0
307 126 14 19 1 0
253 149 21 25 1 0
447 54 14 19 1 0
455 171 21 25 1 0
365 15 11 13 1 0
471 162 21 25 1 0
451 30 11 13 1 0
267 17 11 13 1 0
62 74 15 19 1 0
388 165 21 25 1 0
320 120 14 19 1 0
225 128 14 19 1 0
253 19 11 13 1 0
267 172 21 25 1 0
399 95 14 19 1 0
637 265 29 37 1 0
385 264 29 37 1 0
501 73 14 19 1 0
221 108 14 19 1 0
343 149 21 25 1 0
323 211 21 25 1 0
322 175 21 25 1 0
543 142 21 25 1 0
325 70 14 19 1 0
337 13 11 13 1 0
370 129 14 19 1 0
498 329 29 37 1 0
68 111 15 19 1 0
476 142 21 25 1 0
319 8 11 13 1 0
422 8 12 16 1 0
329 99 14 19 1 0
199 90 14 19 1 0
406 401 29 37 1 0
394 65 14 19 1 0
412 7 12 16 1 0
312 20 11 13 1 0
610 193 21 25 1 0
568 142 21 25 1 0
367 193 21 25 1 0
498 261 29 37 1 0
471 78 14 19 1 0
531 82 14 19 1 0
479 416 29 37 1 0
330 6 11 13 1 0
300 26 11 13 1 0
341 28 11 13 1 0
