2375 562 41 41 1 0
452 626 41 41 1 0
852 521 41 41 1 0
855 551 41 41 1 0
2378 587 41 41 1 0
71 466 41 41 1 0
1241 604 41 41 1 0
1230 516 41 41 1 0
1778 631 41 41 1 0
2951 635 41 41 1 0
2690 664 58 81 1 0
890 1349 154 158 1 0
1167 539 41 41 1 0
370 793 58 81 1 0
348 487 41 41 1 0
193 533 41 41 1 0
560 547 41 41 1 0
707 520 41 41 1 0
411 527 41 41 1 0
1772 500 11 12 1 0
1480 486 11 12 1 0
669 496 11 12 1 0
986 558 41 41 1 0
2531 597 41 41 1 0
1408 543 41 41 1 0
754 589 41 41 1 0
1285 474 11 12 1 0
1535 503 11 12 1 0
166 557 41 41 1 0
410 506 41 41 1 0
1743 509 41 41 1 0
2936 738 58 81 1 0
2414 863 118 151 1 0
1373 510 41 41 1 0
354 464 41 41 1 0
2556 552 41 41 1 0
2594 761 58 81 1 0
1192 486 11 12 1 0
2141 564 41 41 1 0
2554 616 41 41 1 0
184 587 41 41 1 0
550 491 11 12 1 0
1760 533 41 41 1 0
1585 542 41 41 1 0
639 736 58 81 1 0
2211 607 41 41 1 0
2139 522 41 41 1 0
2883 690 58 81 1 0
2531 563 41 41 1 0
534 621 41 41 1 0
440 568 41 41 1 0
1316 583 41 41 1 0
967 496 11 12 1 0
2122 565 41 41 1 0
2783 668 58 81 1 0
2395 578 41 41 1 0
786 550 41 41 1 0
1244 1197 154 158 1 0
85 468 41 41 1 0
1232 905 58 81 1 0
1803 659 58 81 1 0
1377 527 41 41 1 0
962 562 41 41 1 0
862 511 41 41 1 0
982 514 41 41 1 0
2309 549 41 41 1 0
2146 538 41 41 1 0
1203 511 41 41 1 0
2073 598 41 41 1 0
2777 631 41 41 1 0
980 527 41 41 1 0
2157 947 64 100 1 0
541 582 41 41 1 0
2569 671 58 81 1 0
1005 518 41 41 1 0
1872 611 41 41 1 0
1950 639 41 41 1 0
2518 638 41 41 1 0
844 470 11 12 1 0
1053 438 11 12 1 0
376 538 41 41 1 0
1486 932 51 77 1 0
634 502 11 12 1 0
1541 483 11 12 1 0
2736 661 58 81 1 0
480 599 41 41 1 0
1130 575 41 41 1 0
301 592 41 41 1 0
1498 490 11 12 1 0
886 496 11 12 1 0
929 507 41 41 1 0
1695 655 58 81 1 0
2359 647 58 81 1 0
2456 628 41 41 1 0
1095 635 41 41 1 0
1038 636 41 41 1 0
812 571 41 41 1 0
1513 518 41 41 1 0
357 518 41 41 1 0
970 468 11 12 1 0
2191 616 41 41 1 0
980 479 11 12 1 0
991 480 11 12 1 0
2460 564 41 41 1 0
2064 569 41 41 1 0
1353 514 41 41 1 0
955 476 11 12 1 0
1137 503 11 12 1 0
1341 837 58 81 1 0
365 457 41 41 1 0
1884 903 58 81 1 0
1202 534 41 41 1 0
1590 495 11 12 1 0
811 630 41 41 1 0
885 543 41 41 1 0
57 468 41 41 1 0
2321 670 58 81 3 0
549 500 11 12 1 0
1879 486 11 12 1 0
1405 563 41 41 1 0
2378 631 41 41 1 0
613 534 41 41 1 0
246 787 58 81 1 0
695 541 41 41 1 0
346 470 41 41 1 0
1718 571 41 41 1 0
1135 532 41 41 1 0
994 504 11 12 1 0
880 524 41 41 1 0
2431 624 41 41 1 0
2053 649 58 81 1 0
643 531 41 41 1 0
2714 648 58 81 1 0
870 577 41 41 1 0
678 565 41 41 1 0
1474 481 11 12 1 0
373 513 41 41 1 0
2064 520 41 41 1 0
532 534 41 41 1 0
774 517 41 41 1 0
1476 812 58 81 1 0
1153 516 41 41 1 0
738 757 58 81 1 0
1178 590 41 41 1 0
1115 536 41 41 1 0
1475 561 41 41 1 0
1641 809 58 81 1 0
583 550 41 41 1 0
1246 483 11 12 1 0
1496 545 41 41 1 0
1727 544 41 41 1 0
1751 498 11 12 1 0
569 785 58 81 1 0
1575 472 11 12 1 0
491 747 58 81 1 0
1415 622 41 41 1 0
943 536 41 41 1 0
2402 653 58 81 1 0
2355 578 41 41 1 0
2078 518 41 41 1 0
1538 540 41 41 1 0
1492 501 11 12 1 0
1821 599 41 41 1 0
131 671 58 81 1 0
1799 490 11 12 1 0
2638 683 58 81 1 0
314 641 41 41 1 0
704 674 58 81 1 0
965 616 41 41 1 0
2507 595 41 41 1 0
710 456 11 12 1 0
0 613 45 51 1 0
2400 606 41 41 1 0
68 569 41 41 1 0
1603 579 41 41 1 0
1297 616 41 41 1 0
1532 567 41 41 1 0
1431 588 41 41 1 0
959 544 41 41 1 0
2273 562 41 41 1 0
2210 596 41 41 1 0
1744 529 41 41 1 0
562 514 41 41 1 0
2101 512 41 41 1 0
346 456 41 41 1 0
847 480 11 12 1 0
2155 610 41 41 1 0
1684 595 41 41 1 0
1189 562 41 41 1 0
1143 485 11 12 1 0
1173 492 11 12 1 0
1107 547 41 41 1 0
1077 565 41 41 1 0
4 453 41 41 1 0
1444 477 11 12 1 0
575 511 41 41 1 0
581 498 11 12 1 0
2058 532 41 41 1 0
1573 576 41 41 1 0
399 550 41 41 1 0
610 506 41 41 1 0
650 509 41 41 1 0
668 534 41 41 1 0
802 595 41 41 1 0
686 508 41 41 1 0
1711 543 41 41 1 0
878 490 11 12 1 0
131 490 41 41 1 0
2083 507 41 41 1 0
2372 542 41 41 1 0
2124 656 58 81 1 0
558 522 41 41 1 0
95 458 41 41 1 0
2303 652 58 81 1 0
2625 630 41 41 1 0
913 500 11 12 1 0
980 494 11 12 1 0
1632 461 11 12 1 0
144 545 41 41 1 0
740 509 41 41 1 0
1501 568 41 41 1 0
1189 629 41 41 1 0
387 507 41 41 1 0
806 531 41 41 1 0
1195 507 41 41 1 0
1244 495 11 12 1 0
2324 564 41 41 1 0
2237 633 41 41 1 0
2100 881 58 81 1 0
1333 512 41 41 1 0
1380 597 41 41 1 0
2000 473 11 12 1 0
937 519 41 41 1 0
2127 544 41 41 1 0
1120 557 41 41 1 0
998 538 41 41 1 0
2452 579 41 41 1 0
423 548 41 41 1 0
914 599 41 41 1 0
2083 629 41 41 1 0
217 645 58 81 1 0
1171 517 41 41 1 0
1374 633 41 41 1 0
118 535 41 41 1 0
1048 605 41 41 1 0
22 444 41 41 1 0
1151 552 41 41 1 0
703 497 11 12 1 0
2304 583 41 41 1 0
1573 494 11 12 1 0
2160 710 58 81 1 0
360 557 41 41 1 0
917 527 41 41 1 0
415 577 41 41 1 0
1808 557 41 41 1 0
2091 549 41 41 1 0
787 764 58 81 1 0
2453 669 58 81 1 0
2249 862 58 81 1 0
1766 600 41 41 1 0
1500 503 11 12 1 0
3020 648 41 41 1 0
594 495 11 12 1 0
2253 559 41 41 1 0
250 531 41 41 1 0
753 526 41 41 1 0
1501 600 41 41 1 0
2275 533 41 41 1 0
1722 918 58 81 1 0
852 491 11 12 1 0
1985 649 58 81 1 0
2699 764 58 81 1 0
1162 920 58 81 1 0
578 594 41 41 1 0
1479 512 41 41 1 0
1515 545 41 41 1 0
1147 499 11 12 1 0
2159 636 41 41 1 0
900 560 41 41 1 0
359 481 41 41 1 0
2141 615 41 41 1 0
1966 829 58 81 1 0
646 558 41 41 1 0
1777 545 41 41 1 0
824 540 41 41 1 0
979 468 11 12 1 0
1643 605 41 41 1 0
1780 815 58 81 1 0
210 581 41 41 1 0
831 485 11 12 1 0
6 465 41 41 1 0
957 491 11 12 1 0
864 474 11 12 1 0
1342 527 41 41 1 0
578 500 11 12 1 0
2495 641 41 41 1 0
619 573 41 41 1 0
3035 776 49 61 1 0
2333 588 41 41 1 0
2117 532 41 41 1 0
2423 571 41 41 1 0
