353 171 57 56 1 0
465 150 57 56 1 0
512 129 46 61 1 0
1188 132 70 107 1 0
1054 124 43 58 1 0
462 81 33 46 1 0
75 78 25 30 1 0
8 137 42 27 1 0
518 284 65 87 1 0
1224 20 22 32 1 0
601 56 25 35 1 0
983 139 139 163 1 0
64 107 25 30 1 0
317 176 57 56 1 0
817 137 46 61 1 0
801 43 30 36 1 0
420 60 33 46 1 0
1270 33 29 36 1 0
709 306 61 87 1 0
228 252 51 63 1 0
123 312 89 101 1 0
687 60 25 35 1 0
644 57 25 35 1 0
572 42 24 33 1 0
1057 63 34 41 1 0
1228 67 29 36 1 0
1148 77 29 36 1 0
1134 17 22 32 1 0
452 275 65 87 1 0
769 238 52 63 1 0
390 169 57 56 1 0
995 47 34 41 1 0
521 60 24 26 1 0
930 34 34 41 1 0
536 68 24 26 1 0
277 96 25 30 1 0
627 9 24 33 1 0
231 125 57 56 1 0
370 78 34 42 1 0
86 156 57 56 1 0
902 55 34 41 1 0
1269 85 29 36 1 0
771 48 30 36 1 0
1184 18 22 32 1 0
1023 41 34 41 1 0
169 64 25 30 1 0
129 130 57 56 1 0
182 167 57 56 1 0
348 113 34 42 1 0
294 69 25 30 1 0
769 135 46 61 1 0
1244 111 70 107 1 0
1142 130 43 58 1 0
762 16 24 33 1 0
1219 236 70 107 1 0
594 143 46 61 1 0
25 61 25 30 1 0
7 81 42 27 1 0
124 71 25 30 1 0
970 29 34 41 1 0
864 73 38 43 1 0
815 76 30 36 1 0
713 56 25 35 1 0
299 230 50 82 1 0
51 232 89 101 1 0
578 85 24 26 1 0
