473 76 16 19 1 0
416 121 32 35 1 0
115 73 15 23 1 0
194 88 27 25 1 0
462 213 55 71 1 0
145 77 16 19 1 0
394 74 14 20 1 0
188 140 36 46 1 0
86 66 15 23 1 0
127 108 19 24 1 0
258 69 27 25 1 0
31 69 15 23 1 0
307 85 20 23 1 0
232 77 27 25 1 0
324 68 12 13 1 0
374 101 21 29 1 0
286 97 30 38 1 0
453 95 20 29 1 0
547 71 16 19 1 0
331 121 33 46 1 0
296 79 20 23 1 0
337 68 12 13 1 0
358 92 14 20 1 0
524 72 16 19 1 0
412 72 14 20 1 0
159 157 36 46 1 0
386 111 21 29 1 0
12 69 14 19 1 0
536 105 20 29 1 0
245 85 27 25 1 0
299 160 56 66 1 0
511 93 20 29 1 0
490 95 20 29 1 0
77 85 15 23 1 0
562 137 14 26 1 0
212 92 27 25 1 0
176 61 16 19 1 0
459 67 16 19 1 0
341 90 21 29 1 0
563 94 20 29 1 0
371 72 14 20 1 0
427 78 14 20 1 0
155 58 16 19 1 0
220 150 36 46 1 0
5 103 14 19 1 0
90 92 15 23 1 0
562 70 16 19 1 0
352 186 56 66 1 0
476 128 32 35 1 0
252 168 36 46 1 0
54 79 15 23 1 0
266 119 30 38 1 0
493 80 16 19 1 0
528 170 34 47 1 0
