361 420 36 48 1 0
560 361 33 52 1 0
600 299 41 53 3 0
152 107 50 50 1 0
64 99 50 50 1 0
662 148 50 50 1 0
703 459 33 52 1 0
597 408 33 52 1 0
718 237 45 51 1 0
698 421 33 52 1 0
172 87 50 50 1 0
243 130 50 50 1 0
733 362 35 52 1 0
610 6 35 41 1 0
340 267 41 53 1 0
669 30 31 39 1 0
668 468 33 52 1 0
460 363 36 48 1 0
620 122 50 50 1 0
273 264 41 53 1 0
111 209 41 53 1 0
76 67 50 50 3 0
546 28 31 39 1 0
38 143 45 51 1 0
234 206 41 53 1 0
346 41 31 39 1 0
707 325 41 53 1 0
194 263 41 53 1 0
299 351 36 48 1 0
141 201 41 53 1 0
251 234 41 53 1 0
109 178 41 53 1 0
687 101 50 50 1 0
618 287 41 53 3 0
622 419 33 52 1 0
54 169 45 51 1 0
95 62 50 50 3 0
592 347 33 52 1 0
661 396 33 52 1 0
309 272 41 53 1 0
712 389 33 52 1 0
264 65 50 50 1 0
178 25 31 39 1 0
302 309 36 48 1 0
427 50 31 39 1 0
513 27 31 39 1 0
617 63 50 50 1 0
259 420 36 48 1 0
