158 617 50 71 1 0
977 658 76 93 1 0
670 600 40 46 2 1
219 634 48 62 1 1
432 645 54 64 1 1
486 591 54 64 1 0
74 561 28 38 1 0
899 579 43 65 1 0
254 620 48 62 1 0
490 691 84 107 1 1
329 560 25 28 1 0
1125 545 51 65 1 0
1254 535 41 54 1 0
869 618 43 65 1 0
554 561 40 46 1 0
774 606 50 55 1 0
445 565 54 64 1 0
1683 686 127 138 1 1
528 552 40 46 1 0
1000 590 40 46 1 0
1370 553 64 87 1 0
1827 544 13 15 1 0
1906 605 51 46 1 0
47 769 103 129 1 1
920 797 220 273 1 1
1168 577 58 61 2 0
939 602 40 46 1 0
99 643 50 71 1 1
340 597 25 42 1 0
1509 854 108 141 1 1
195 770 103 129 1 1
1062 556 51 65 1 0
395 590 54 64 1 0
564 688 84 107 1 1
303 575 25 42 1 0
306 694 84 107 1 1
1358 664 55 78 1 0
713 647 51 74 1 1
617 563 40 46 1 0
1164 555 58 61 2 0
1289 553 23 29 1 0
265 576 25 28 1 0
1432 1000 108 141 1 1
1904 542 13 15 1 0
969 543 40 46 1 0
291 608 48 62 1 0
663 627 51 74 2 1
169 565 28 38 1 0
821 629 43 65 1 0
1251 614 41 54 1 0
1253 762 103 141 1 1
119 573 28 38 1 0
1460 579 36 46 1 0
1759 632 83 98 1 1
1500 571 60 74 1 0
713 578 50 55 1 0
1610 864 108 141 1 1
746 559 50 55 1 0
1205 562 58 61 1 0
