932 302 21 26 1 0
170 51 20 24 1 0
37 4 20 24 1 0
734 5 20 24 1 0
138 104 20 24 1 0
106 18 20 24 1 0
879 151 21 21 1 0
255 272 21 26 1 0
408 49 20 24 1 0
316 223 21 21 1 0
609 106 20 24 1 0
757 295 21 26 1 0
283 24 20 24 1 0
526 90 20 24 1 0
79 250 21 26 1 0
777 63 20 24 1 0
40 162 21 21 1 0
916 118 21 21 1 0
900 348 21 26 1 0
386 0 20 24 1 0
90 53 20 24 1 0
842 181 21 21 1 0
703 62 20 24 1 0
654 277 21 26 1 0
129 11 20 24 1 0
728 248 21 26 1 0
693 235 21 26 1 0
496 23 20 24 1 0
233 2 20 24 1 0
851 406 24 29 1 0
595 261 21 26 1 0
224 256 21 26 1 0
834 64 20 24 1 0
523 299 21 26 1 0
674 128 21 21 1 0
924 282 21 26 1 0
738 62 20 24 1 0
412 302 21 26 1 0
981 147 21 22 1 0
388 384 24 29 1 0
399 39 20 24 1 0
877 81 20 22 1 0
791 73 20 24 1 0
88 138 21 21 1 0
362 283 21 26 1 0
265 223 21 21 1 0
509 338 21 26 1 0
941 194 21 21 1 0
2 206 21 22 1 0
827 273 21 26 1 0
7 55 20 23 1 0
659 190 21 21 1 0
66 78 20 24 1 0
727 134 21 21 1 0
284 170 21 21 1 0
140 124 21 21 1 0
947 46 20 23 1 0
814 26 20 24 1 0
200 327 21 26 1 0
897 186 21 21 1 0
76 104 20 24 1 0
293 150 21 21 1 0
5 266 21 23 1 0
904 71 20 23 1 0
308 412 24 29 1 0
889 277 21 26 1 0
579 284 21 26 1 0
540 430 24 29 1 0
627 219 21 21 1 0
245 29 20 24 1 0
775 176 21 21 1 0
325 2 20 24 1 0
962 232 21 26 1 0
309 46 20 24 1 0
407 268 21 26 1 0
205 375 24 29 1 0
104 504 24 29 1 0
128 182 21 21 1 0
857 306 21 26 1 0
358 170 21 21 1 0
240 211 21 21 1 0
590 406 24 29 1 0
170 215 21 21 1 0
382 22 20 24 1 0
771 284 21 26 1 0
404 193 21 21 1 0
952 159 21 22 1 0
735 109 20 24 1 0
332 399 24 29 1 0
299 104 20 24 1 0
91 176 21 21 1 0
522 420 24 29 1 0
756 422 24 29 1 0
350 10 20 24 1 0
650 132 21 21 1 0
27 188 21 21 1 0
106 281 21 26 1 0
994 107 21 21 1 0
509 177 21 21 1 0
114 166 21 21 1 0
343 58 20 24 1 0
751 49 20 24 1 0
129 303 21 26 1 0
392 117 21 21 1 0
916 6 20 23 1 0
264 149 21 21 1 0
982 48 20 22 1 0
737 200 21 21 1 0
956 11 20 23 1 0
590 44 20 24 1 0
863 13 20 24 1 0
563 178 21 21 1 0
618 143 21 21 1 0
441 52 20 24 1 0
444 23 20 24 1 0
189 41 20 24 1 0
513 143 21 21 1 0
748 79 20 24 1 0
990 248 21 24 1 0
332 180 21 21 1 0
231 168 21 21 1 0
742 173 21 21 1 0
807 95 20 24 1 0
373 103 20 24 1 0
775 257 21 26 1 0
666 296 21 26 1 0
269 320 21 26 1 0
24 98 20 22 1 0
61 143 21 21 1 0
300 63 20 24 1 0
848 255 21 26 1 0
393 278 21 26 1 0
471 235 21 26 1 0
261 252 21 26 1 0
582 153 21 21 1 0
832 160 21 21 1 0
574 122 21 21 1 0
672 260 21 26 1 0
493 166 21 21 1 0
231 49 20 24 1 0
329 39 20 24 1 0
432 94 20 24 1 0
248 77 20 24 1 0
346 278 21 26 1 0
485 44 20 24 1 0
577 82 20 24 1 0
972 279 21 26 1 0
117 74 20 24 1 0
472 268 21 26 1 0
383 57 20 24 1 0
143 238 21 26 1 0
614 388 24 29 1 0
807 256 21 26 1 0
162 178 21 21 1 0
858 177 21 21 1 0
178 285 21 26 1 0
680 161 21 21 1 0
1 29 20 24 1 0
31 417 24 29 1 0
926 91 20 22 1 0
376 154 21 21 1 0
776 156 21 21 1 0
950 100 20 21 1 0
40 345 21 24 1 0
449 255 21 26 1 0
469 25 20 24 1 0
553 225 21 21 1 0
589 310 21 26 1 0
206 93 20 24 1 0
79 229 21 21 1 0
513 16 20 24 1 0
696 214 21 21 1 0
208 120 21 21 1 0
467 306 21 26 1 0
908 288 21 26 1 0
934 412 24 29 1 0
789 298 21 26 1 0
709 84 20 24 1 0
347 119 21 21 1 0
120 212 21 21 1 0
55 35 20 24 1 0
749 22 20 24 1 0
46 214 21 21 1 0
31 290 21 23 1 0
213 152 21 21 1 0
518 240 21 26 1 0
923 61 20 23 1 0
840 106 20 24 1 0
908 239 21 26 1 0
667 44 20 24 1 0
632 73 20 24 1 0
997 288 21 26 1 0
691 89 20 24 1 0
822 224 21 21 1 0
702 1 20 24 1 0
533 246 21 26 1 0
616 175 21 21 1 0
225 385 24 29 1 0
