91 689 1 1 1 0
163 646 1 1 1 0
1130 830 8 4 1 0
1402 731 8 4 1 0
3319 923 15 23 1 0
201 667 1 1 1 0
302 957 15 23 1 0
60 753 8 4 1 0
2279 1059 15 23 1 0
1033 731 2 1 1 0
330 812 8 4 1 0
1858 773 8 4 1 0
1102 823 8 4 1 0
284 1217 40 41 1 0
3797 785 13 12 1 0
357 680 1 1 1 0
2822 1023 15 23 1 0
542 732 8 4 1 0
748 740 1 1 1 0
2048 736 8 4 1 0
2716 1036 15 23 1 0
439 715 6 3 1 0
579 828 8 4 1 0
3488 1251 40 41 1 0
510 639 1 1 1 0
521 783 8 4 1 0
2489 747 8 4 1 0
868 689 1 1 1 0
389 930 15 23 1 0
320 832 8 4 1 0
1370 699 1 1 1 0
616 710 1 1 1 0
1215 983 15 23 1 0
306 733 8 4 1 0
4152 948 16 16 1 0
510 677 1 1 1 0
1039 707 1 1 1 0
620 958 15 23 1 0
569 878 8 4 1 0
933 667 1 1 1 0
4193 718 11 13 1 0
700 699 1 1 1 0
2524 745 8 4 1 0
2726 768 8 4 1 0
1373 795 8 4 1 0
1921 755 8 4 1 0
415 863 8 4 1 0
2160 1025 15 23 1 0
88 835 8 4 1 0
514 811 8 4 1 0
1550 737 8 4 1 0
1151 816 8 4 1 0
2607 749 8 4 1 0
137 917 15 23 1 0
514 1092 15 23 1 0
515 803 8 4 1 0
1506 765 8 4 1 0
686 969 15 23 1 0
70 608 1 1 1 0
3210 855 8 4 1 0
737 899 15 23 1 0
671 1202 27 32 1 0
3500 902 17 26 1 0
198 701 1 1 1 0
917 612 1 1 1 0
381 1118 15 23 1 0
3492 906 17 26 1 0
127 868 8 4 1 0
2949 1211 40 41 1 0
464 794 8 4 1 0
1833 792 8 4 1 0
112 717 4 2 1 0
804 717 1 1 1 0
832 734 1 1 1 0
659 751 6 3 1 0
187 608 1 1 1 0
2253 805 8 4 1 0
312 748 8 4 1 0
492 1166 15 23 1 0
1267 698 1 1 1 0
1074 821 8 4 1 0
1168 829 8 4 1 0
4167 703 11 13 1 0
2126 760 8 4 1 0
439 1018 15 23 1 0
3972 917 16 16 1 0
1045 710 1 1 1 0
1509 722 8 4 1 0
1338 705 1 1 1 0
831 712 1 1 1 0
3309 823 8 4 1 0
808 706 1 1 1 0
571 718 8 4 1 0
949 734 1 1 1 0
2928 778 8 4 1 0
1298 922 15 23 1 0
96 1092 15 23 1 0
3974 789 13 12 1 0
4034 950 16 16 1 0
276 628 1 1 1 0
2080 823 8 4 1 0
868 701 1 1 1 0
424 952 15 23 1 0
1164 660 1 1 1 0
314 716 6 3 1 0
327 1197 15 23 1 0
629 832 8 4 1 0
115 698 1 1 1 0
403 836 8 4 1 0
2110 765 8 4 1 0
4072 938 16 16 1 0
1080 870 8 4 1 0
386 701 1 1 1 0
3299 1034 15 23 1 0
2046 1142 15 23 1 0
379 620 1 1 1 0
314 730 8 4 1 0
327 928 15 23 1 0
528 1035 15 23 1 0
1111 712 1 1 1 0
1262 710 1 1 1 0
1466 705 1 1 1 0
1138 785 8 4 1 0
1614 912 15 23 1 0
266 658 1 1 1 0
336 1179 15 23 1 0
528 644 1 1 1 0
1562 773 8 4 1 0
2984 880 8 4 1 0
2570 882 8 4 1 0
1235 733 8 4 1 0
1385 869 8 4 1 0
952 669 1 1 1 0
2375 728 8 4 1 0
143 743 8 4 1 0
2903 949 15 23 1 0
300 826 8 4 1 0
314 689 1 1 1 0
410 781 8 4 1 0
1021 701 1 1 1 0
418 788 8 4 1 0
4280 1206 41 37 1 0
3264 936 15 23 1 0
4085 743 11 13 1 0
3135 1094 15 23 1 0
275 1121 15 23 1 0
434 741 8 4 1 0
510 668 1 1 1 0
67 863 8 4 1 0
1664 1059 15 23 1 0
355 1284 40 41 1 0
4054 708 11 13 1 0
1216 687 1 1 1 0
3437 1223 40 41 1 0
1089 842 8 4 1 0
113 638 1 1 1 0
1985 816 8 4 1 0
727 623 1 1 1 0
262 712 1 1 1 0
2509 849 8 4 1 0
296 792 8 4 1 0
1112 697 1 1 1 0
3075 859 8 4 1 0
1681 875 8 4 1 0
1086 655 1 1 1 0
1841 842 8 4 1 0
1373 1180 15 23 1 0
536 771 8 4 1 0
3310 726 8 4 1 0
922 948 15 23 1 0
1044 980 15 23 1 0
525 724 8 4 1 0
1103 799 8 4 1 0
1324 980 15 23 1 0
3636 732 7 7 1 0
1232 696 1 1 1 0
4066 1082 40 50 1 0
2661 1053 15 23 1 0
1340 1171 15 23 1 0
566 957 15 23 1 0
927 748 1 1 1 0
622 872 8 4 1 0
158 946 15 23 1 0
1584 721 8 4 1 0
727 1083 15 23 1 0
1388 892 15 23 1 0
457 907 15 23 1 0
3278 859 8 4 1 0
257 907 15 23 1 0
1751 1186 15 23 1 0
2378 780 8 4 1 0
2810 821 8 4 1 0
1900 1093 15 23 1 0
338 613 1 1 1 0
481 811 8 4 1 0
187 643 1 1 1 0
1747 1016 15 23 1 0
4190 969 16 16 1 0
2333 1108 15 23 1 0
568 754 8 4 1 0
765 729 1 1 1 0
665 869 8 4 1 0
510 638 1 1 1 0
338 729 8 4 1 0
299 699 1 1 1 0
854 723 1 1 1 0
1838 1084 15 23 1 0
1246 961 15 23 1 0
1813 729 8 4 1 0
365 629 1 1 1 0
2484 767 8 4 1 0
2817 862 8 4 1 0
222 1281 40 41 1 0
2922 755 8 4 1 0
538 750 8 4 1 0
1647 898 15 23 1 0
353 805 8 4 1 0
1238 652 1 1 1 0
3462 754 8 4 1 0
4128 709 11 13 1 0
448 804 8 4 1 0
560 763 8 4 1 0
2965 1186 15 23 1 0
246 733 8 4 1 0
301 944 15 23 1 0
2358 749 8 4 1 0
710 906 15 23 1 0
345 645 1 1 1 0
125 723 8 4 1 0
1666 943 15 23 1 0
778 1230 40 41 1 0
1344 1310 40 41 1 0
2794 1015 15 23 1 0
1022 743 6 3 1 0
1104 1353 40 41 1 0
397 772 8 4 1 0
811 700 1 1 1 0
1971 1043 15 23 1 0
390 917 15 23 1 0
633 747 8 4 1 0
567 809 8 4 1 0
938 707 1 1 1 0
1699 719 8 4 1 0
2553 956 15 23 1 0
1450 842 8 4 1 0
790 675 1 1 1 0
3340 720 8 4 1 0
330 829 8 4 1 0
2234 816 8 4 1 0
297 633 1 1 1 0
1570 700 1 1 1 0
1654 759 8 4 1 0
2149 1042 15 23 1 0
3425 719 8 4 1 0
859 1061 15 23 1 0
2186 780 8 4 1 0
1726 848 8 4 1 0
16 1032 15 23 1 0
1302 745 8 4 1 0
1907 1168 15 23 1 0
1829 1008 15 23 1 0
1509 801 8 4 1 0
833 830 8 4 1 0
3514 892 17 26 1 0
812 771 2 1 1 0
746 707 1 1 1 0
1247 570 1 1 1 0
718 1269 40 41 1 0
12 707 1 1 1 0
1946 835 8 4 1 0
1973 837 8 4 1 0
2394 1132 15 23 1 0
1077 1083 15 23 1 0
98 656 1 1 1 0
740 1299 40 41 1 0
1915 950 15 23 1 0
1887 1020 15 23 1 0
60 767 8 4 1 0
717 798 8 4 1 0
2229 697 1 1 1 0
2912 937 15 23 1 0
1373 920 15 23 1 0
126 712 1 1 1 0
1264 940 15 23 1 0
2826 1047 15 23 1 0
59 724 8 4 1 0
2175 758 8 4 1 0
520 827 8 4 1 0
1887 751 8 4 1 0
2913 1022 15 23 1 0
211 790 8 4 1 0
1370 724 8 4 1 0
1773 1128 15 23 1 0
1212 851 8 4 1 0
993 706 1 1 1 0
364 1162 15 23 1 0
393 853 8 4 1 0
2029 1066 15 23 1 0
2432 767 8 4 1 0
2406 747 8 4 1 0
1143 795 8 4 1 0
498 806 8 4 1 0
162 608 1 1 1 0
1338 803 8 4 1 0
449 637 1 1 1 0
436 828 8 4 1 0
2245 1117 15 23 1 0
652 816 8 4 1 0
4270 718 11 13 1 0
2655 741 8 4 1 0
643 835 8 4 1 0
1221 635 1 1 1 0
99 793 8 4 1 0
97 793 8 4 1 0
72 775 8 4 1 0
469 636 1 1 1 0
3296 916 15 23 1 0
1789 1072 15 23 1 0
1242 1146 15 23 1 0
504 829 8 4 1 0
1109 784 8 4 1 0
2421 671 1 1 1 0
1903 947 15 23 1 0
3475 895 17 26 1 0
469 787 8 4 1 0
772 1080 15 23 1 0
133 733 8 4 1 0
940 912 15 23 1 0
2951 812 8 4 1 0
702 671 1 1 1 0
144 609 1 1 1 0
1921 849 8 4 1 0
737 729 1 1 1 0
2033 771 8 4 1 0
2363 797 8 4 1 0
496 835 8 4 1 0
258 796 8 4 1 0
2490 1032 15 23 1 0
650 737 7 3 1 0
1790 745 8 4 1 0
408 728 8 4 1 0
1657 740 8 4 1 0
210 740 8 4 1 0
1818 941 15 23 1 0
1359 996 15 23 1 0
2129 955 15 23 1 0
206 652 1 1 1 0
2254 782 8 4 1 0
2138 669 1 1 1 0
683 893 15 23 1 0
267 630 1 1 1 0
690 828 8 4 1 0
2269 869 8 4 1 0
726 740 1 1 1 0
1488 736 8 4 1 0
175 1085 15 23 1 0
491 871 8 4 1 0
329 625 1 1 1 0
30 853 8 4 1 0
667 729 3 2 1 0
634 716 4 2 1 0
338 733 8 4 1 0
3141 739 8 4 1 0
3138 861 8 4 1 0
1042 608 1 1 1 0
1376 743 8 4 1 0
1126 600 1 1 1 0
3392 833 8 4 1 0
141 655 1 1 1 0
258 666 1 1 1 0
3075 1217 40 41 1 0
3045 1056 15 23 1 0
1093 904 15 23 1 0
3566 715 6 7 1 0
868 771 8 4 1 0
403 616 1 1 1 0
1539 754 8 4 1 0
577 798 8 4 1 0
3967 859 14 14 1 0
210 752 8 4 1 0
360 641 1 1 1 0
3322 724 8 4 1 0
2841 1063 15 23 1 0
2541 1113 15 23 1 0
1188 986 15 23 1 0
547 1020 15 23 1 0
387 797 8 4 1 0
520 986 15 23 1 0
2155 747 8 4 1 0
704 700 1 1 1 0
2449 833 8 4 1 0
1341 788 8 4 1 0
2385 1042 15 23 1 0
759 909 15 23 1 0
434 840 8 4 1 0
1338 827 8 4 1 0
979 712 1 1 1 0
2202 1058 15 23 1 0
465 733 8 4 1 0
84 647 1 1 1 0
2149 1096 15 23 1 0
665 945 15 23 1 0
2601 1062 15 23 1 0
411 942 15 23 1 0
482 698 1 1 1 0
2064 920 15 23 1 0
1815 815 8 4 1 0
999 713 1 1 1 0
715 757 1 1 1 0
2283 837 8 4 1 0
1846 1149 15 23 1 0
294 1170 15 23 1 0
1127 796 8 4 1 0
364 780 8 4 1 0
2653 1082 15 23 1 0
1574 882 8 4 1 0
3518 764 8 4 1 0
1544 715 6 3 1 0
3193 1031 15 23 1 0
509 782 8 4 1 0
634 871 8 4 1 0
2219 767 8 4 1 0
381 727 8 4 1 0
360 853 8 4 1 0
2949 1115 15 23 1 0
1124 721 8 4 1 0
1089 710 1 1 1 0
3001 1036 15 23 1 0
1754 723 8 4 1 0
375 782 8 4 1 0
1987 787 8 4 1 0
176 901 15 23 1 0
215 895 15 23 1 0
745 832 8 4 1 0
951 646 1 1 1 0
195 1304 40 41 1 0
241 739 8 4 1 0
2404 719 8 4 1 0
451 736 8 4 1 0
2936 754 8 4 1 0
46 690 1 1 1 0
264 827 8 4 1 0
4067 1280 40 50 1 0
3907 1209 40 50 1 0
3306 757 8 4 1 0
1632 1157 15 23 1 0
1956 849 8 4 1 0
834 617 1 1 1 0
689 708 1 1 1 0
3451 986 17 26 1 0
3013 880 8 4 1 0
491 967 15 23 1 0
1825 932 15 23 1 0
3420 732 8 4 1 0
1398 739 8 4 1 0
69 1119 15 23 1 0
293 861 8 4 1 0
1166 847 8 4 1 0
945 817 8 4 1 0
2330 1264 40 41 1 0
3464 992 17 26 1 0
2859 963 15 23 1 0
645 759 8 4 1 0
634 754 8 4 1 0
3183 1179 15 23 1 0
2030 1024 15 23 1 0
496 754 8 4 1 0
422 673 1 1 1 0
264 614 1 1 1 0
542 1101 15 23 1 0
1083 724 8 4 1 0
1425 785 8 4 1 0
1273 871 8 4 1 0
830 705 1 1 1 0
442 1131 15 23 1 0
2973 781 8 4 1 0
3170 765 8 4 1 0
2105 1112 15 23 1 0
1 1040 15 23 1 0
1958 1127 15 23 1 0
1347 859 8 4 1 0
2509 1049 15 23 1 0
307 748 8 4 1 0
4026 1271 40 50 1 0
288 703 1 1 1 0
2270 999 15 23 1 0
374 781 8 4 1 0
59 1234 40 41 1 0
3068 739 8 4 1 0
1454 1229 40 41 1 0
1856 896 15 23 1 0
318 823 8 4 1 0
71 1005 15 23 1 0
2467 1001 15 23 1 0
221 699 1 1 1 0
2383 899 15 23 1 0
91 1303 40 41 1 0
1034 706 1 1 1 0
143 777 8 4 1 0
3874 706 6 9 1 0
528 731 8 4 1 0
151 760 8 4 1 0
480 1125 15 23 1 0
2301 769 8 4 1 0
1609 773 8 4 1 0
375 797 8 4 1 0
296 623 1 1 1 0
2788 869 8 4 1 0
3241 958 15 23 1 0
458 703 1 1 1 0
2775 764 8 4 1 0
2209 736 8 4 1 0
331 1311 40 41 1 0
1285 602 1 1 1 0
3312 959 15 23 1 0
2487 719 8 4 1 0
384 698 1 1 1 0
1655 1093 15 23 1 0
1303 723 8 4 1 0
511 647 1 1 1 0
4205 712 11 13 1 0
1773 721 8 4 1 0
1298 865 8 4 1 0
771 759 1 1 1 0
1516 826 8 4 1 0
1554 754 8 4 1 0
1178 1118 15 23 1 0
907 859 8 4 1 0
3138 794 8 4 1 0
2324 749 8 4 1 0
224 665 1 1 1 0
100 930 15 23 1 0
2883 1029 15 23 1 0
1693 736 8 4 1 0
2858 908 15 23 1 0
3675 703 6 9 1 0
452 654 1 1 1 0
4049 797 11 13 1 0
220 610 1 1 1 0
3450 959 17 26 1 0
2037 807 8 4 1 0
2458 784 8 4 1 0
1897 916 15 23 1 0
703 851 8 4 1 0
28 987 15 23 1 0
4264 1291 41 37 1 0
1929 782 8 4 1 0
2790 1153 15 23 1 0
896 726 1 1 1 0
2744 970 15 23 1 0
439 678 1 1 1 0
239 1247 40 41 1 0
636 919 15 23 1 0
4279 1082 41 37 1 0
713 864 8 4 1 0
4210 722 11 13 1 0
3519 911 17 26 1 0
2518 834 8 4 1 0
359 828 8 4 1 0
1265 732 8 4 1 0
3165 954 15 23 1 0
1124 689 1 1 1 0
3197 770 8 4 1 0
2312 745 8 4 1 0
860 745 1 1 1 0
622 743 8 4 1 0
1283 1185 15 23 1 0
999 950 15 23 1 0
4108 956 16 16 1 0
3381 727 8 4 1 0
889 1090 15 23 1 0
1323 773 8 4 1 0
3305 1059 15 23 1 0
126 757 8 4 1 0
550 854 8 4 1 0
3564 697 6 9 1 0
3533 952 17 26 1 0
1365 696 1 1 1 0
490 810 8 4 1 0
3355 890 15 23 1 0
3457 829 17 26 1 0
829 807 8 4 1 0
2067 752 8 4 1 0
3649 705 6 9 1 0
191 1135 15 23 1 0
614 894 15 23 1 0
486 727 8 4 1 0
92 719 8 4 1 0
972 776 8 4 1 0
359 949 15 23 1 0
626 792 8 4 1 0
468 740 8 4 1 0
171 674 1 1 1 0
352 782 8 4 1 0
3025 909 15 23 1 0
695 726 1 1 1 0
2961 918 15 23 1 0
1698 1028 15 23 1 0
191 699 1 1 1 0
4041 968 16 16 1 0
1387 715 4 2 1 0
1422 933 15 23 1 0
1735 735 8 4 1 0
2312 719 8 4 1 0
337 741 8 4 1 0
706 787 8 4 1 0
2093 1024 15 23 1 0
284 734 8 4 1 0
86 721 8 4 1 0
1272 959 15 23 1 0
1270 1006 15 23 1 0
124 655 1 1 1 0
1961 749 8 4 1 0
1132 799 8 4 1 0
1224 802 8 4 1 0
2137 875 8 4 1 0
1522 776 8 4 1 0
1179 648 1 1 1 0
1825 748 8 4 1 0
3388 884 8 4 1 0
42 819 8 4 1 0
835 748 1 1 1 0
1376 806 8 4 1 0
1487 781 8 4 1 0
291 668 1 1 1 0
875 699 1 1 1 0
231 1091 15 23 1 0
4184 713 11 13 1 0
225 654 1 1 1 0
1947 893 15 23 1 0
3135 1217 40 41 1 0
3303 873 8 4 1 0
2561 985 15 23 1 0
584 807 8 4 1 0
285 710 1 1 1 0
1884 1132 15 23 1 0
2784 812 8 4 1 0
376 819 8 4 1 0
3156 900 15 23 1 0
2154 881 8 4 1 0
3485 763 8 4 1 0
3374 597 6 9 1 0
3396 775 8 4 1 0
384 621 1 1 1 0
2077 845 8 4 1 0
2666 1037 15 23 1 0
664 796 8 4 1 0
1964 777 8 4 1 0
221 688 1 1 1 0
2408 988 15 23 1 0
4173 736 11 13 1 0
2169 719 8 4 1 0
1130 758 8 4 1 0
2680 947 15 23 1 0
903 708 1 1 1 0
1250 715 4 2 1 0
1126 1118 15 23 1 0
3598 776 8 4 1 0
1752 1042 15 23 1 0
340 1251 40 41 1 0
349 818 8 4 1 0
283 862 8 4 1 0
3233 1005 15 23 1 0
639 838 8 4 1 0
3425 887 17 26 1 0
1038 933 15 23 1 0
53 639 1 1 1 0
2998 783 8 4 1 0
3592 722 8 4 1 0
1766 966 15 23 1 0
845 673 1 1 1 0
2403 1031 15 23 1 0
768 740 1 1 1 0
1679 1057 15 23 1 0
1336 715 4 2 1 0
4196 1308 41 37 1 0
1933 753 8 4 1 0
2010 912 15 23 1 0
1472 696 1 1 1 0
884 701 1 1 1 0
1485 1055 15 23 1 0
1825 774 8 4 1 0
3509 941 17 26 1 0
4246 715 11 13 1 0
1304 735 8 4 1 0
2615 1177 15 23 1 0
434 814 8 4 1 0
3084 736 8 4 1 0
1389 1012 15 23 1 0
326 875 8 4 1 0
751 928 15 23 1 0
798 890 15 23 1 0
3130 741 8 4 1 0
308 1092 15 23 1 0
197 741 8 4 1 0
763 890 15 23 1 0
868 715 1 1 1 0
2594 824 8 4 1 0
446 674 1 1 1 0
831 661 1 1 1 0
1250 676 1 1 1 0
576 893 15 23 1 0
2717 1006 15 23 1 0
2166 775 8 4 1 0
2515 725 8 4 1 0
2896 775 8 4 1 0
29 702 1 1 1 0
10 1323 33 36 1 0
695 863 8 4 1 0
1156 715 4 2 1 0
118 762 8 4 1 0
2288 1144 15 23 1 0
114 777 8 4 1 0
761 664 1 1 1 0
731 762 4 2 1 0
2698 942 15 23 1 0
1902 719 8 4 1 0
495 776 8 4 1 0
240 869 8 4 1 0
1626 668 1 1 1 0
1569 738 8 4 1 0
935 773 8 4 1 0
892 685 1 1 1 0
92 744 8 4 1 0
2638 745 8 4 1 0
2874 867 8 4 1 0
2180 832 8 4 1 0
132 612 1 1 1 0
3500 924 17 26 1 0
1595 1207 40 41 1 0
1490 767 8 4 1 0
528 800 8 4 1 0
1796 942 15 23 1 0
2873 812 8 4 1 0
3155 1031 15 23 1 0
569 709 1 1 1 0
2887 1139 15 23 1 0
1860 711 1 1 1 0
678 841 8 4 1 0
3136 961 15 23 1 0
849 757 1 1 1 0
1475 716 4 2 1 0
2531 1411 33 36 1 0
2915 774 8 4 1 0
790 745 1 1 1 0
3326 992 15 23 1 0
1828 707 1 1 1 0
1333 1130 15 23 1 0
1337 749 8 4 1 0
1446 1009 15 23 1 0
2086 838 8 4 1 0
86 625 1 1 1 0
715 717 1 1 1 0
1285 787 8 4 1 0
29 659 1 1 1 0
2310 807 8 4 1 0
2038 920 15 23 1 0
734 1115 15 23 1 0
3488 727 8 4 1 0
468 1000 15 23 1 0
748 723 1 1 1 0
921 932 15 23 1 0
1757 862 8 4 1 0
959 958 15 23 1 0
719 891 15 23 1 0
715 1197 15 23 1 0
693 875 8 4 1 0
2381 780 8 4 1 0
2281 721 8 4 1 0
439 687 1 1 1 0
983 819 8 4 1 0
472 621 1 1 1 0
346 811 8 4 1 0
2106 735 8 4 1 0
3382 1026 15 23 1 0
329 690 1 1 1 0
1699 976 15 23 1 0
214 794 8 4 1 0
797 714 1 1 1 0
1135 698 1 1 1 0
857 838 8 4 1 0
2457 1049 15 23 1 0
3175 906 15 23 1 0
1554 1019 15 23 1 0
269 765 8 4 1 0
322 776 8 4 1 0
2471 1087 15 23 1 0
32 675 1 1 1 0
1056 745 8 4 1 0
1831 986 15 23 1 0
1856 921 15 23 1 0
348 638 1 1 1 0
1294 565 1 1 1 0
2721 828 8 4 1 0
3577 910 17 26 1 0
1446 720 8 4 1 0
1943 808 8 4 1 0
2348 998 15 23 1 0
185 738 8 4 1 0
3303 939 15 23 1 0
1049 644 1 1 1 0
885 1166 15 23 1 0
1236 760 8 4 1 0
1542 980 15 23 1 0
1207 1164 15 23 1 0
752 837 8 4 1 0
361 785 8 4 1 0
895 668 1 1 1 0
864 864 8 4 1 0
1302 945 15 23 1 0
1073 775 8 4 1 0
672 867 8 4 1 0
380 819 8 4 1 0
3019 779 8 4 1 0
1430 780 8 4 1 0
844 633 1 1 1 0
124 762 8 4 1 0
322 807 8 4 1 0
1197 747 8 4 1 0
1040 1113 15 23 1 0
2686 974 15 23 1 0
941 720 1 1 1 0
1555 897 15 23 1 0
2799 861 8 4 1 0
2441 767 8 4 1 0
2604 784 8 4 1 0
3492 879 17 26 1 0
1440 907 15 23 1 0
1208 869 8 4 1 0
685 851 8 4 1 0
173 751 8 4 1 0
2192 875 8 4 1 0
9 624 1 1 1 0
2936 903 15 23 1 0
3086 848 8 4 1 0
160 680 1 1 1 0
1668 701 1 1 1 0
2838 790 8 4 1 0
534 799 8 4 1 0
1137 745 8 4 1 0
325 1142 15 23 1 0
3432 934 17 26 1 0
2260 1088 15 23 1 0
138 758 8 4 1 0
2590 950 15 23 1 0
1713 910 15 23 1 0
155 1148 15 23 1 0
241 732 8 4 1 0
1459 766 8 4 1 0
69 1197 15 23 1 0
2501 719 8 4 1 0
155 883 8 4 1 0
34 756 8 4 1 0
267 787 8 4 1 0
1272 768 8 4 1 0
1240 846 8 4 1 0
1734 722 8 4 1 0
2660 988 15 23 1 0
66 756 8 4 1 0
1902 794 8 4 1 0
3117 790 8 4 1 0
894 631 1 1 1 0
532 802 8 4 1 0
2458 762 8 4 1 0
4202 1010 16 16 1 0
280 795 8 4 1 0
4211 1133 41 37 1 0
3031 929 15 23 1 0
4076 957 16 16 1 0
291 877 8 4 1 0
291 821 8 4 1 0
4085 982 40 50 1 0
2214 1113 15 23 1 0
1180 1139 15 23 1 0
2301 1031 15 23 1 0
610 1004 15 23 1 0
2649 1129 15 23 1 0
356 614 1 1 1 0
3825 790 13 12 1 0
28 883 8 4 1 0
100 593 1 1 1 0
3060 877 8 4 1 0
1311 715 4 2 1 0
312 656 1 1 1 0
1567 863 8 4 1 0
4057 1003 40 50 1 0
175 762 8 4 1 0
2652 767 8 4 1 0
994 651 1 1 1 0
988 1025 15 23 1 0
1189 905 15 23 1 0
588 725 8 4 1 0
351 737 8 4 1 0
2375 1009 15 23 1 0
3999 924 16 16 1 0
3149 950 15 23 1 0
3965 823 13 12 1 0
3216 745 8 4 1 0
1948 1165 15 23 1 0
1199 633 1 1 1 0
1967 1189 15 23 1 0
657 1063 15 23 1 0
414 825 8 4 1 0
3002 926 15 23 1 0
1654 680 1 1 1 0
182 779 8 4 1 0
1300 687 1 1 1 0
1986 868 8 4 1 0
701 737 1 1 1 0
848 709 1 1 1 0
610 728 8 4 1 0
1303 647 1 1 1 0
2318 754 8 4 1 0
1134 852 8 4 1 0
3559 712 6 9 1 0
703 737 1 1 1 0
4018 951 16 16 1 0
2970 956 15 23 1 0
209 616 1 1 1 0
306 668 1 1 1 0
1085 1044 15 23 1 0
1562 720 8 4 1 0
2294 994 15 23 1 0
2983 782 8 4 1 0
1192 707 1 1 1 0
766 609 1 1 1 0
116 611 1 1 1 0
1716 765 8 4 1 0
1020 1174 15 23 1 0
3929 713 6 9 1 0
2494 983 15 23 1 0
460 725 8 4 1 0
332 656 1 1 1 0
757 1003 15 23 1 0
486 949 15 23 1 0
907 743 1 1 1 0
1462 773 8 4 1 0
1000 726 1 1 1 0
1905 885 8 4 1 0
545 799 8 4 1 0
305 652 1 1 1 0
97 909 15 23 1 0
1447 989 15 23 1 0
52 849 8 4 1 0
131 709 1 1 1 0
2865 942 15 23 1 0
2525 990 15 23 1 0
333 809 8 4 1 0
2274 925 15 23 1 0
2113 813 8 4 1 0
547 758 8 4 1 0
581 742 8 4 1 0
3031 1026 15 23 1 0
666 962 15 23 1 0
963 639 1 1 1 0
4127 1151 41 37 1 0
724 908 15 23 1 0
522 638 1 1 1 0
272 1059 15 23 1 0
2089 771 8 4 1 0
3620 728 6 7 1 0
1118 1188 15 23 1 0
3971 1220 40 50 1 0
869 837 8 4 1 0
1650 695 1 1 1 0
1897 980 15 23 1 0
826 1151 15 23 1 0
2112 665 1 1 1 0
2455 762 8 4 1 0
73 688 1 1 1 0
2266 807 8 4 1 0
4080 924 16 16 1 0
852 702 1 1 1 0
1320 1297 40 41 1 0
1380 949 15 23 1 0
747 859 8 4 1 0
1151 705 1 1 1 0
1419 1086 15 23 1 0
2564 749 8 4 1 0
1477 753 8 4 1 0
3505 874 17 26 1 0
1542 737 8 4 1 0
663 709 1 1 1 0
1141 660 1 1 1 0
496 883 8 4 1 0
2051 725 8 4 1 0
726 1181 15 23 1 0
1776 813 8 4 1 0
4218 1095 41 37 1 0
910 729 1 1 1 0
194 731 8 4 1 0
3829 711 6 9 1 0
858 895 15 23 1 0
593 1130 15 23 1 0
1431 1158 15 23 1 0
306 863 8 4 1 0
507 725 8 4 1 0
1544 1319 40 41 1 0
840 737 1 1 1 0
445 796 8 4 1 0
1196 654 1 1 1 0
1956 720 8 4 1 0
911 795 8 4 1 0
1087 960 15 23 1 0
957 823 8 4 1 0
1484 761 8 4 1 0
176 739 8 4 1 0
976 969 15 23 1 0
4258 980 16 16 1 0
2058 775 8 4 1 0
114 923 15 23 1 0
852 790 8 4 1 0
987 1097 15 23 1 0
1377 997 15 23 1 0
3289 864 8 4 1 0
919 917 15 23 1 0
2066 729 8 4 1 0
1098 1170 15 23 1 0
2048 792 8 4 1 0
453 992 15 23 1 0
1692 1122 15 23 1 0
3390 1064 15 23 1 0
1306 1049 15 23 1 0
4027 1026 40 50 1 0
97 724 8 4 1 0
1011 620 1 1 1 0
3457 969 17 26 1 0
957 1072 15 23 1 0
1603 895 15 23 1 0
171 621 1 1 1 0
421 838 8 4 1 0
841 708 1 1 1 0
191 1063 15 23 1 0
962 706 1 1 1 0
1527 697 1 1 1 0
1699 786 8 4 1 0
570 843 8 4 1 0
941 740 1 1 1 0
1440 707 1 1 1 0
90 1146 15 23 1 0
2192 818 8 4 1 0
1332 994 15 23 1 0
299 994 15 23 1 0
3398 1039 15 23 1 0
1194 726 8 4 1 0
270 659 1 1 1 0
603 866 8 4 1 0
2874 988 15 23 1 0
369 1135 15 23 1 0
421 643 1 1 1 0
3971 937 16 16 1 0
3105 859 8 4 1 0
1512 960 15 23 1 0
272 604 1 1 1 0
2558 852 8 4 1 0
2933 836 8 4 1 0
1635 1030 15 23 1 0
398 603 1 1 1 0
195 658 1 1 1 0
1803 757 8 4 1 0
596 734 8 4 1 0
2183 1178 15 23 1 0
1358 790 8 4 1 0
3119 838 8 4 1 0
559 818 8 4 1 0
1429 1141 15 23 1 0
1472 966 15 23 1 0
2974 825 8 4 1 0
2690 822 8 4 1 0
2662 884 8 4 1 0
674 710 1 1 1 0
2219 992 15 23 1 0
3414 990 15 23 1 0
1354 927 15 23 1 0
2392 749 8 4 1 0
345 665 1 1 1 0
1310 930 15 23 1 0
703 820 8 4 1 0
3564 895 17 26 1 0
1513 857 8 4 1 0
2070 807 8 4 1 0
1945 1019 15 23 1 0
1744 926 15 23 1 0
30 630 1 1 1 0
25 808 8 4 1 0
622 883 8 4 1 0
506 783 8 4 1 0
1122 584 1 1 1 0
2689 858 8 4 1 0
1349 1157 15 23 1 0
457 618 1 1 1 0
863 743 1 1 1 0
214 1065 15 23 1 0
988 726 1 1 1 0
128 782 8 4 1 0
1774 693 1 1 1 0
3580 697 6 9 1 0
1532 1046 15 23 1 0
775 826 8 4 1 0
1685 723 8 4 1 0
1382 786 8 4 1 0
1607 721 8 4 1 0
1410 704 1 1 1 0
559 728 8 4 1 0
3386 929 15 23 1 0
1335 863 8 4 1 0
960 787 8 4 1 0
196 1040 15 23 1 0
3247 722 8 4 1 0
851 705 1 1 1 0
78 769 8 4 1 0
466 949 15 23 1 0
166 642 1 1 1 0
2054 987 15 23 1 0
2392 678 1 1 1 0
2247 982 15 23 1 0
577 752 8 4 1 0
2458 673 1 1 1 0
916 771 8 4 1 0
2807 745 8 4 1 0
158 761 8 4 1 0
2322 1193 15 23 1 0
1816 793 8 4 1 0
1397 698 1 1 1 0
1903 817 8 4 1 0
2865 849 8 4 1 0
1924 991 15 23 1 0
150 677 1 1 1 0
70 630 1 1 1 0
163 771 8 4 1 0
950 932 15 23 1 0
771 743 1 1 1 0
2718 875 8 4 1 0
726 712 1 1 1 0
470 710 1 1 1 0
329 623 1 1 1 0
670 896 15 23 1 0
479 891 15 23 1 0
652 867 8 4 1 0
1495 797 8 4 1 0
3934 707 6 9 1 0
2919 963 15 23 1 0
2615 1009 15 23 1 0
807 726 1 1 1 0
2304 749 8 4 1 0
2429 1134 15 23 1 0
557 758 8 4 1 0
1196 964 15 23 1 0
3488 716 7 5 1 0
670 837 8 4 1 0
2561 1066 15 23 1 0
874 754 1 1 1 0
2126 1085 15 23 1 0
331 793 8 4 1 0
1897 761 8 4 1 0
729 740 1 1 1 0
457 772 8 4 1 0
2945 1011 15 23 1 0
1311 874 8 4 1 0
1199 681 1 1 1 0
1106 736 8 4 1 0
2878 772 8 4 1 0
44 897 15 23 1 0
1198 768 8 4 1 0
3289 1003 15 23 1 0
582 761 8 4 1 0
1711 732 8 4 1 0
53 758 8 4 1 0
4131 1121 41 37 1 0
530 711 1 1 1 0
512 782 8 4 1 0
489 664 1 1 1 0
344 677 1 1 1 0
129 932 15 23 1 0
1523 1087 15 23 1 0
1347 889 15 23 1 0
3184 916 15 23 1 0
3322 855 8 4 1 0
3235 1272 40 41 1 0
1523 740 8 4 1 0
1284 905 15 23 1 0
420 754 8 4 1 0
3344 722 8 4 1 0
3941 787 13 12 1 0
35 733 8 4 1 0
917 702 1 1 1 0
258 820 8 4 1 0
1394 938 15 23 1 0
1598 842 8 4 1 0
954 611 1 1 1 0
1695 861 8 4 1 0
705 644 1 1 1 0
3550 716 6 9 1 0
2057 959 15 23 1 0
659 773 8 4 1 0
1748 731 8 4 1 0
1037 861 8 4 1 0
10 1155 15 23 1 0
244 722 8 4 1 0
853 690 1 1 1 0
2432 745 8 4 1 0
1118 747 8 4 1 0
1012 938 15 23 1 0
323 716 4 2 1 0
2549 775 8 4 1 0
1728 720 8 4 1 0
868 726 1 1 1 0
1656 767 8 4 1 0
3107 950 15 23 1 0
668 868 8 4 1 0
1011 731 1 1 1 0
4055 1112 40 50 1 0
940 1058 15 23 1 0
491 649 1 1 1 0
1592 735 8 4 1 0
752 700 1 1 1 0
2132 1027 15 23 1 0
399 757 8 4 1 0
3526 894 17 26 1 0
447 777 8 4 1 0
986 900 15 23 1 0
90 606 1 1 1 0
1860 805 8 4 1 0
4039 699 11 13 1 0
526 819 8 4 1 0
1634 987 15 23 1 0
116 791 8 4 1 0
1343 776 8 4 1 0
134 881 8 4 1 0
2504 784 8 4 1 0
1988 752 8 4 1 0
533 640 1 1 1 0
673 858 8 4 1 0
2951 1275 40 41 1 0
1846 740 8 4 1 0
323 948 15 23 1 0
969 852 8 4 1 0
569 723 8 4 1 0
1208 926 15 23 1 0
1636 762 8 4 1 0
61 920 15 23 1 0
1165 687 1 1 1 0
1751 950 15 23 1 0
2166 669 1 1 1 0
2741 951 15 23 1 0
24 747 8 4 1 0
194 607 1 1 1 0
227 689 1 1 1 0
2798 887 15 23 1 0
326 825 8 4 1 0
1202 1016 15 23 1 0
333 1005 15 23 1 0
178 654 1 1 1 0
3234 797 8 4 1 0
1028 653 1 1 1 0
3216 962 15 23 1 0
1057 729 8 4 1 0
624 929 15 23 1 0
3867 716 6 9 1 0
3646 704 6 9 1 0
160 805 8 4 1 0
1724 900 15 23 1 0
1908 1117 15 23 1 0
383 751 8 4 1 0
1390 814 8 4 1 0
2804 721 8 4 1 0
1890 994 15 23 1 0
2470 917 15 23 1 0
1760 855 8 4 1 0
1395 685 1 1 1 0
3986 980 40 50 1 0
2201 990 15 23 1 0
3235 1067 15 23 1 0
1207 621 1 1 1 0
3032 999 15 23 1 0
2219 1034 15 23 1 0
3401 731 8 4 1 0
2586 1111 15 23 1 0
2804 743 8 4 1 0
1639 724 8 4 1 0
40 761 8 4 1 0
1946 742 8 4 1 0
398 835 8 4 1 0
305 636 1 1 1 0
879 862 8 4 1 0
729 820 8 4 1 0
1361 949 15 23 1 0
1379 702 1 1 1 0
1327 762 8 4 1 0
2020 962 15 23 1 0
584 708 1 1 1 0
602 1219 40 41 1 0
332 785 8 4 1 0
136 643 1 1 1 0
44 979 15 23 1 0
315 611 1 1 1 0
417 725 8 4 1 0
1279 988 15 23 1 0
473 801 8 4 1 0
713 841 8 4 1 0
3610 775 7 5 1 0
1299 801 8 4 1 0
1888 723 8 4 1 0
2732 855 8 4 1 0
436 725 8 4 1 0
1250 876 8 4 1 0
648 1082 15 23 1 0
407 716 4 2 1 0
57 905 15 23 1 0
2219 1072 15 23 1 0
242 601 1 1 1 0
313 670 1 1 1 0
2320 1045 15 23 1 0
1097 847 8 4 1 0
367 797 8 4 1 0
738 831 8 4 1 0
1490 866 8 4 1 0
2061 1232 40 41 1 0
1849 671 1 1 1 0
4030 1003 40 50 1 0
1860 728 8 4 1 0
2616 865 8 4 1 0
307 886 8 4 1 0
1090 610 1 1 1 0
1080 923 15 23 1 0
3372 991 15 23 1 0
454 836 8 4 1 0
1323 665 1 1 1 0
1938 768 8 4 1 0
1407 760 8 4 1 0
1497 734 8 4 1 0
2413 910 15 23 1 0
2497 871 8 4 1 0
1410 720 8 4 1 0
2525 808 8 4 1 0
2543 1049 15 23 1 0
3241 854 8 4 1 0
947 671 1 1 1 0
1261 786 8 4 1 0
1804 742 8 4 1 0
1468 804 8 4 1 0
161 743 8 4 1 0
2077 1065 15 23 1 0
1278 642 1 1 1 0
4195 1196 41 37 1 0
9 1014 15 23 1 0
678 844 8 4 1 0
698 837 8 4 1 0
644 894 15 23 1 0
286 1009 15 23 1 0
1838 899 15 23 1 0
2214 834 8 4 1 0
2791 935 15 23 1 0
2704 1121 15 23 1 0
1400 992 15 23 1 0
177 637 1 1 1 0
516 713 4 2 1 0
462 816 8 4 1 0
1425 725 8 4 1 0
676 948 15 23 1 0
2634 774 8 4 1 0
456 738 8 4 1 0
1545 833 8 4 1 0
2404 859 8 4 1 0
939 638 1 1 1 0
694 892 15 23 1 0
1008 887 15 23 1 0
917 1023 15 23 1 0
3309 862 8 4 1 0
969 1206 21 27 1 0
626 717 6 3 1 0
1399 848 8 4 1 0
2750 1093 15 23 1 0
476 746 8 4 1 0
4010 708 11 13 1 0
1114 840 8 4 1 0
1365 885 8 4 1 0
4183 1005 16 16 1 0
593 1101 15 23 1 0
2624 745 8 4 1 0
358 660 1 1 1 0
309 856 8 4 1 0
1558 1158 15 23 1 0
2375 676 1 1 1 0
4115 1107 41 37 1 0
1537 690 1 1 1 0
452 740 8 4 1 0
173 691 1 1 1 0
1390 797 8 4 1 0
1981 769 8 4 1 0
286 695 1 1 1 0
2386 749 8 4 1 0
2617 892 15 23 1 0
130 796 8 4 1 0
1168 752 8 4 1 0
1914 770 8 4 1 0
1173 634 1 1 1 0
861 617 1 1 1 0
150 657 1 1 1 0
796 620 1 1 1 0
357 750 8 4 1 0
3166 745 8 4 1 0
1756 1149 15 23 1 0
867 876 8 4 1 0
2673 896 15 23 1 0
3364 701 6 9 1 0
1581 1108 15 23 1 0
61 680 1 1 1 0
109 660 1 1 1 0
4166 1331 41 37 1 0
1638 857 8 4 1 0
1082 784 8 4 1 0
1157 1090 15 23 1 0
866 814 8 4 1 0
3529 913 17 26 1 0
267 613 1 1 1 0
3092 925 15 23 1 0
3527 986 17 26 1 0
390 732 8 4 1 0
2850 724 8 4 1 0
357 871 8 4 1 0
2156 998 15 23 1 0
147 814 8 4 1 0
2278 736 8 4 1 0
78 878 8 4 1 0
1049 965 15 23 1 0
1030 1293 40 41 1 0
312 630 1 1 1 0
338 692 1 1 1 0
686 620 1 1 1 0
2786 950 15 23 1 0
1707 936 15 23 1 0
1278 734 8 4 1 0
728 853 8 4 1 0
1987 978 15 23 1 0
58 746 8 4 1 0
563 709 1 1 1 0
2435 723 8 4 1 0
2009 1016 15 23 1 0
2356 1099 15 23 1 0
1315 737 8 4 1 0
779 615 1 1 1 0
1571 783 8 4 1 0
478 672 1 1 1 0
2408 1097 15 23 1 0
142 735 8 4 1 0
1348 747 8 4 1 0
2799 1075 15 23 1 0
133 761 8 4 1 0
23 680 1 1 1 0
3276 713 8 4 1 0
2631 1040 15 23 1 0
471 886 8 4 1 0
78 916 15 23 1 0
416 1296 40 41 1 0
2736 881 8 4 1 0
2246 1150 15 23 1 0
1279 747 8 4 1 0
82 950 15 23 1 0
967 653 1 1 1 0
918 708 1 1 1 0
62 888 15 23 1 0
2828 877 8 4 1 0
1330 811 8 4 1 0
19 797 8 4 1 0
2467 797 8 4 1 0
3501 1145 15 23 1 0
823 714 1 1 1 0
1870 790 8 4 1 0
1381 775 8 4 1 0
360 614 1 1 1 0
2614 1253 40 41 1 0
400 996 15 23 1 0
1368 781 8 4 1 0
1540 777 8 4 1 0
164 715 6 3 1 0
1801 714 6 3 1 0
2833 775 8 4 1 0
1525 806 8 4 1 0
1429 671 1 1 1 0
81 630 1 1 1 0
2316 1089 15 23 1 0
165 789 8 4 1 0
1693 1199 15 23 1 0
283 630 1 1 1 0
1515 753 8 4 1 0
2629 965 15 23 1 0
232 857 8 4 1 0
567 865 8 4 1 0
164 899 15 23 1 0
984 995 15 23 1 0
2665 867 8 4 1 0
2467 1125 15 23 1 0
2120 1155 15 23 1 0
443 726 8 4 1 0
4222 706 11 13 1 0
1485 933 15 23 1 0
2532 977 15 23 1 0
2221 721 8 4 1 0
2332 865 8 4 1 0
362 690 1 1 1 0
1760 903 15 23 1 0
127 631 1 1 1 0
1876 801 8 4 1 0
1219 1120 15 23 1 0
2760 1025 15 23 1 0
524 654 1 1 1 0
2524 747 8 4 1 0
1355 805 8 4 1 0
1316 701 1 1 1 0
2076 1285 40 41 1 0
451 757 8 4 1 0
952 768 8 4 1 0
1407 933 15 23 1 0
492 747 8 4 1 0
397 730 8 4 1 0
304 601 1 1 1 0
821 706 1 1 1 0
2880 938 15 23 1 0
475 755 8 4 1 0
550 914 15 23 1 0
80 594 1 1 1 0
3013 828 8 4 1 0
2792 1048 15 23 1 0
2207 737 8 4 1 0
47 882 8 4 1 0
3281 750 8 4 1 0
3253 907 15 23 1 0
194 706 1 1 1 0
529 905 15 23 1 0
994 848 8 4 1 0
727 848 8 4 1 0
660 889 15 23 1 0
1966 1294 40 41 1 0
1354 772 8 4 1 0
3739 1070 330 394 1 0
1574 815 8 4 1 0
42 853 8 4 1 0
3198 845 8 4 1 0
128 1154 15 23 1 0
1490 690 1 1 1 0
236 699 1 1 1 0
474 756 8 4 1 0
1714 703 1 1 1 0
1701 1151 15 23 1 0
1781 917 15 23 1 0
2508 1073 15 23 1 0
2346 671 1 1 1 0
2190 1100 15 23 1 0
356 679 1 1 1 0
1734 774 8 4 1 0
1632 1095 15 23 1 0
2957 988 15 23 1 0
486 713 2 1 1 0
829 726 1 1 1 0
2172 885 8 4 1 0
1939 906 15 23 1 0
1695 761 8 4 1 0
3443 723 8 4 1 0
2584 985 15 23 1 0
9 699 1 1 1 0
967 938 15 23 1 0
1156 734 8 4 1 0
782 737 1 1 1 0
278 611 1 1 1 0
221 697 1 1 1 0
2068 1168 15 23 1 0
37 679 1 1 1 0
3547 823 8 4 1 0
2885 919 15 23 1 0
944 804 8 4 1 0
415 813 8 4 1 0
1483 908 15 23 1 0
508 923 15 23 1 0
1984 834 8 4 1 0
3374 905 15 23 1 0
100 740 8 4 1 0
930 715 1 1 1 0
153 633 1 1 1 0
613 709 1 1 1 0
1504 741 8 4 1 0
1328 797 8 4 1 0
1854 909 15 23 1 0
366 826 8 4 1 0
2675 695 1 1 1 0
812 793 8 4 1 0
1903 900 15 23 1 0
558 771 8 4 1 0
784 801 8 4 1 0
489 1244 40 41 1 0
720 737 1 1 1 0
1488 754 8 4 1 0
80 848 8 4 1 0
2321 798 8 4 1 0
1668 753 8 4 1 0
707 666 1 1 1 0
1239 880 8 4 1 0
69 612 1 1 1 0
1631 869 8 4 1 0
1011 667 1 1 1 0
1845 785 8 4 1 0
1500 753 8 4 1 0
2438 775 8 4 1 0
2584 745 8 4 1 0
3440 1034 15 23 1 0
266 809 8 4 1 0
769 653 1 1 1 0
1999 725 8 4 1 0
3616 700 6 9 1 0
1397 721 8 4 1 0
662 743 4 2 1 0
782 924 15 23 1 0
1720 745 8 4 1 0
1545 696 1 1 1 0
270 620 1 1 1 0
939 852 8 4 1 0
463 667 1 1 1 0
3481 791 8 4 1 0
105 714 4 2 1 0
1668 803 8 4 1 0
1115 915 15 23 1 0
1414 819 8 4 1 0
336 605 1 1 1 0
3196 897 15 23 1 0
683 855 8 4 1 0
1913 913 15 23 1 0
2297 942 15 23 1 0
708 844 8 4 1 0
4275 797 11 13 1 0
354 995 15 23 1 0
819 820 8 4 1 0
480 780 8 4 1 0
325 646 1 1 1 0
456 796 8 4 1 0
375 630 1 1 1 0
1635 812 8 4 1 0
1323 899 15 23 1 0
369 700 1 1 1 0
543 819 8 4 1 0
1266 633 1 1 1 0
523 727 8 4 1 0
3241 1039 15 23 1 0
428 1335 40 41 1 0
1587 913 15 23 1 0
43 837 8 4 1 0
1168 768 8 4 1 0
2949 730 8 4 1 0
1789 852 8 4 1 0
696 648 1 1 1 0
387 798 8 4 1 0
390 837 8 4 1 0
2821 784 8 4 1 0
879 987 15 23 1 0
692 743 1 1 1 0
2189 697 1 1 1 0
585 772 8 4 1 0
221 733 8 4 1 0
406 804 8 4 1 0
1047 637 1 1 1 0
335 823 8 4 1 0
1113 658 1 1 1 0
3062 988 15 23 1 0
1099 783 8 4 1 0
431 640 1 1 1 0
435 774 8 4 1 0
1053 881 8 4 1 0
186 842 8 4 1 0
534 831 8 4 1 0
1120 812 8 4 1 0
217 876 8 4 1 0
1152 824 8 4 1 0
1146 1210 40 41 1 0
3309 999 15 23 1 0
1560 668 1 1 1 0
3522 842 17 26 1 0
2826 965 15 23 1 0
3657 686 6 9 1 0
2909 751 8 4 1 0
1111 815 8 4 1 0
2432 719 8 4 1 0
29 654 1 1 1 0
477 638 1 1 1 0
3368 871 8 4 1 0
2085 794 8 4 1 0
3363 1016 15 23 1 0
737 793 8 4 1 0
3130 1053 15 23 1 0
1804 1206 15 23 1 0
642 734 7 3 1 0
3792 723 9 10 1 0
1718 1082 15 23 1 0
1239 780 8 4 1 0
1858 1091 15 23 1 0
1291 980 15 23 1 0
371 936 15 23 1 0
19 846 8 4 1 0
961 614 1 1 1 0
1129 819 8 4 1 0
2179 1128 15 23 1 0
3367 1148 15 23 1 0
2753 814 8 4 1 0
190 768 8 4 1 0
2198 767 8 4 1 0
115 722 8 4 1 0
829 790 8 4 1 0
2499 961 15 23 1 0
687 751 2 1 1 0
35 641 1 1 1 0
984 632 1 1 1 0
305 711 1 1 1 0
760 980 15 23 1 0
2918 1045 15 23 1 0
863 785 8 4 1 0
1845 765 8 4 1 0
319 819 8 4 1 0
29 671 1 1 1 0
3564 840 17 26 1 0
3180 839 8 4 1 0
1378 714 2 1 1 0
686 905 15 23 1 0
480 623 1 1 1 0
1865 955 15 23 1 0
3255 1018 15 23 1 0
2011 721 8 4 1 0
93 1245 40 41 1 0
1772 750 8 4 1 0
2132 665 1 1 1 0
1147 916 15 23 1 0
3248 1153 15 23 1 0
1837 724 8 4 1 0
4170 879 16 16 1 0
2366 773 8 4 1 0
921 729 1 1 1 0
541 718 8 4 1 0
334 741 8 4 1 0
3887 816 13 12 1 0
1882 861 8 4 1 0
3401 998 15 23 1 0
1872 1193 15 23 1 0
373 728 8 4 1 0
847 814 8 4 1 0
1711 1094 15 23 1 0
1743 988 15 23 1 0
3533 890 17 26 1 0
810 945 15 23 1 0
443 747 8 4 1 0
1608 732 8 4 1 0
633 746 8 4 1 0
260 824 8 4 1 0
2623 1116 15 23 1 0
678 743 4 2 1 0
1014 785 8 4 1 0
821 701 1 1 1 0
1022 771 6 3 1 0
1845 1122 15 23 1 0
466 610 1 1 1 0
503 899 15 23 1 0
4197 1091 41 37 1 0
517 723 8 4 1 0
2283 816 8 4 1 0
1577 681 1 1 1 0
956 706 1 1 1 0
3317 1196 15 23 1 0
917 814 8 4 1 0
564 709 1 1 1 0
294 757 8 4 1 0
1876 698 1 1 1 0
2655 963 15 23 1 0
840 857 8 4 1 0
2826 849 8 4 1 0
1512 701 1 1 1 0
2514 1011 15 23 1 0
1253 631 1 1 1 0
1358 711 1 1 1 0
1267 689 1 1 1 0
1453 1128 15 23 1 0
929 702 1 1 1 0
941 779 8 4 1 0
1417 701 1 1 1 0
1084 789 8 4 1 0
1185 1190 15 23 1 0
3160 1079 15 23 1 0
1403 773 8 4 1 0
107 1431 40 41 1 0
1244 937 15 23 1 0
553 880 8 4 1 0
1025 929 15 23 1 0
730 933 15 23 1 0
1147 721 8 4 1 0
514 655 1 1 1 0
2634 914 15 23 1 0
1373 773 8 4 1 0
341 773 8 4 1 0
1149 951 15 23 1 0
1147 636 1 1 1 0
4192 985 16 16 1 0
944 796 8 4 1 0
1016 743 2 1 1 0
149 876 8 4 1 0
778 1042 15 23 1 0
2204 686 1 1 1 0
3459 700 6 9 1 0
335 699 1 1 1 0
1900 1009 15 23 1 0
1722 952 15 23 1 0
746 636 1 1 1 0
853 1085 15 23 1 0
2868 886 8 4 1 0
1881 678 1 1 1 0
736 650 1 1 1 0
342 802 8 4 1 0
473 1035 15 23 1 0
1798 671 1 1 1 0
1677 771 8 4 1 0
3173 850 8 4 1 0
1169 675 1 1 1 0
273 864 8 4 1 0
1122 792 8 4 1 0
690 814 8 4 1 0
1038 1071 15 23 1 0
2825 744 8 4 1 0
159 925 15 23 1 0
2023 755 8 4 1 0
111 885 8 4 1 0
2880 727 8 4 1 0
995 916 15 23 1 0
2263 791 8 4 1 0
2 672 1 1 1 0
3404 855 8 4 1 0
1086 801 8 4 1 0
810 873 8 4 1 0
31 741 8 4 1 0
1277 970 15 23 1 0
974 729 1 1 1 0
1870 992 15 23 1 0
463 970 15 23 1 0
966 813 8 4 1 0
551 801 8 4 1 0
1678 716 6 3 1 0
2338 1068 15 23 1 0
17 620 1 1 1 0
3641 698 6 9 1 0
1469 675 1 1 1 0
3405 723 8 4 1 0
157 750 8 4 1 0
2828 1250 40 41 1 0
1525 727 8 4 1 0
3326 753 8 4 1 0
476 828 8 4 1 0
2192 844 8 4 1 0
3555 785 8 4 1 0
871 790 8 4 1 0
834 644 1 1 1 0
158 757 8 4 1 0
396 1012 15 23 1 0
1725 732 8 4 1 0
2226 803 8 4 1 0
2929 728 8 4 1 0
44 792 8 4 1 0
76 614 1 1 1 0
3475 714 6 9 1 0
1288 832 8 4 1 0
3282 925 15 23 1 0
391 806 8 4 1 0
762 804 8 4 1 0
1659 1183 15 23 1 0
864 1180 15 23 1 0
89 784 8 4 1 0
558 1003 15 23 1 0
2632 780 8 4 1 0
1320 1010 15 23 1 0
516 776 8 4 1 0
2518 801 8 4 1 0
1593 1093 15 23 1 0
219 632 1 1 1 0
386 947 15 23 1 0
1290 655 1 1 1 0
1096 680 1 1 1 0
1199 735 8 4 1 0
1021 1049 15 23 1 0
1353 779 8 4 1 0
631 816 8 4 1 0
2275 691 1 1 1 0
1944 753 8 4 1 0
1610 706 1 1 1 0
1505 937 15 23 1 0
691 936 15 23 1 0
1758 744 8 4 1 0
257 686 1 1 1 0
1058 746 8 4 1 0
716 860 8 4 1 0
466 825 8 4 1 0
1540 678 1 1 1 0
404 696 1 1 1 0
1255 612 1 1 1 0
2107 696 1 1 1 0
50 614 1 1 1 0
766 1145 15 23 1 0
2665 805 8 4 1 0
2106 874 8 4 1 0
3513 720 8 4 1 0
260 837 8 4 1 0
2190 1013 15 23 1 0
301 844 8 4 1 0
651 853 8 4 1 0
3388 601 6 9 1 0
1433 770 8 4 1 0
440 1003 15 23 1 0
1947 781 8 4 1 0
739 1168 15 23 1 0
496 800 8 4 1 0
1741 880 8 4 1 0
1932 1083 15 23 1 0
2961 863 8 4 1 0
2598 969 15 23 1 0
1663 785 8 4 1 0
3633 777 7 7 1 0
1180 871 8 4 1 0
1549 855 8 4 1 0
79 866 8 4 1 0
992 714 1 1 1 0
1609 969 15 23 1 0
743 793 8 4 1 0
513 714 6 3 1 0
2421 1207 40 41 1 0
2153 817 8 4 1 0
792 849 8 4 1 0
3463 723 8 4 1 0
3352 928 15 23 1 0
1969 1114 15 23 1 0
65 737 8 4 1 0
341 860 8 4 1 0
50 654 1 1 1 0
695 1022 15 23 1 0
790 702 1 1 1 0
351 1108 15 23 1 0
2693 1094 15 23 1 0
944 829 8 4 1 0
52 609 1 1 1 0
120 804 8 4 1 0
3506 727 8 4 1 0
3979 961 16 16 1 0
3502 1055 15 23 1 0
1895 718 8 4 1 0
3555 911 17 26 1 0
3093 981 15 23 1 0
3445 918 17 26 1 0
2708 1281 40 41 1 0
917 851 8 4 1 0
975 702 1 1 1 0
113 799 8 4 1 0
964 918 15 23 1 0
511 740 8 4 1 0
2344 719 8 4 1 0
449 873 8 4 1 0
916 729 1 1 1 0
74 742 8 4 1 0
1640 909 15 23 1 0
1966 807 8 4 1 0
1186 742 8 4 1 0
515 892 15 23 1 0
1187 855 8 4 1 0
368 775 8 4 1 0
1157 607 1 1 1 0
255 735 8 4 1 0
783 702 1 1 1 0
218 1173 15 23 1 0
2924 855 8 4 1 0
661 879 8 4 1 0
3140 915 15 23 1 0
1138 1020 15 23 1 0
756 707 1 1 1 0
1875 776 8 4 1 0
186 1193 15 23 1 0
3607 842 8 4 1 0
246 1424 40 41 1 0
1783 718 8 4 1 0
553 791 8 4 1 0
2777 960 15 23 1 0
1515 970 15 23 1 0
230 719 8 4 1 0
1273 1113 15 23 1 0
1745 721 8 4 1 0
1282 566 1 1 1 0
837 703 1 1 1 0
1696 889 15 23 1 0
392 1202 21 27 1 0
243 912 15 23 1 0
2943 818 8 4 1 0
2366 919 15 23 1 0
420 795 8 4 1 0
84 625 1 1 1 0
2708 897 15 23 1 0
983 740 1 1 1 0
386 836 8 4 1 0
1767 798 8 4 1 0
1589 704 1 1 1 0
1390 1036 15 23 1 0
305 658 1 1 1 0
2992 870 8 4 1 0
3200 1057 15 23 1 0
2747 892 15 23 1 0
1042 1140 15 23 1 0
3201 962 15 23 1 0
12 773 8 4 1 0
827 852 8 4 1 0
703 705 1 1 1 0
529 740 8 4 1 0
3341 1025 15 23 1 0
1201 719 8 4 1 0
3360 871 8 4 1 0
8 812 8 4 1 0
740 915 15 23 1 0
4033 906 16 16 1 0
1313 725 8 4 1 0
566 741 8 4 1 0
1218 710 1 1 1 0
2006 789 8 4 1 0
1437 723 8 4 1 0
1127 782 8 4 1 0
778 636 1 1 1 0
2324 941 15 23 1 0
3251 874 8 4 1 0
2043 1024 15 23 1 0
1431 986 15 23 1 0
1790 762 8 4 1 0
1029 1077 15 23 1 0
67 897 15 23 1 0
1720 790 8 4 1 0
679 1115 15 23 1 0
1562 1209 40 41 1 0
1463 727 8 4 1 0
618 799 8 4 1 0
850 709 1 1 1 0
2976 1031 15 23 1 0
4159 913 16 16 1 0
2255 721 8 4 1 0
1253 1204 21 27 1 0
829 954 15 23 1 0
416 817 8 4 1 0
511 857 8 4 1 0
2325 994 15 23 1 0
117 963 15 23 1 0
2481 801 8 4 1 0
141 675 1 1 1 0
3287 966 15 23 1 0
556 829 8 4 1 0
72 777 8 4 1 0
1102 812 8 4 1 0
483 925 15 23 1 0
1426 697 1 1 1 0
119 716 2 1 1 0
490 729 8 4 1 0
76 940 15 23 1 0
919 1245 40 41 1 0
2004 1160 15 23 1 0
512 1042 15 23 1 0
1383 724 8 4 1 0
140 976 15 23 1 0
738 708 1 1 1 0
688 816 8 4 1 0
4 700 1 1 1 0
3263 1069 15 23 1 0
289 717 4 2 1 0
1344 722 8 4 1 0
2495 1126 15 23 1 0
2223 1258 40 41 1 0
1322 1103 15 23 1 0
56 750 8 4 1 0
297 794 8 4 1 0
2738 1051 15 23 1 0
983 743 1 1 1 0
2337 1014 15 23 1 0
291 1042 15 23 1 0
445 942 15 23 1 0
2109 995 15 23 1 0
4163 1171 41 37 1 0
1473 777 8 4 1 0
144 735 8 4 1 0
677 863 8 4 1 0
198 1001 15 23 1 0
664 813 8 4 1 0
2271 948 15 23 1 0
266 874 8 4 1 0
2223 1016 15 23 1 0
1809 751 8 4 1 0
989 704 1 1 1 0
1787 1098 15 23 1 0
824 737 1 1 1 0
2810 852 8 4 1 0
2579 923 15 23 1 0
1097 716 4 2 1 0
726 969 15 23 1 0
659 1016 15 23 1 0
154 748 8 4 1 0
84 752 8 4 1 0
4222 1007 16 16 1 0
1170 597 1 1 1 0
2893 877 8 4 1 0
162 1240 40 41 1 0
3126 941 15 23 1 0
535 870 8 4 1 0
1843 927 15 23 1 0
1911 1267 40 41 1 0
1011 713 1 1 1 0
467 636 1 1 1 0
103 622 1 1 1 0
921 640 1 1 1 0
1604 1056 15 23 1 0
1072 1142 15 23 1 0
1238 682 1 1 1 0
3455 1057 15 23 1 0
1214 1028 15 23 1 0
1207 949 15 23 1 0
2168 1084 15 23 1 0
1621 738 8 4 1 0
773 708 1 1 1 0
3337 922 15 23 1 0
3092 946 15 23 1 0
2959 778 8 4 1 0
3120 998 15 23 1 0
37 911 15 23 1 0
2635 928 15 23 1 0
1324 695 1 1 1 0
115 1127 15 23 1 0
204 704 1 1 1 0
1299 697 1 1 1 0
268 686 1 1 1 0
3507 984 17 26 1 0
279 640 1 1 1 0
1640 1006 15 23 1 0
312 1117 15 23 1 0
1985 997 15 23 1 0
326 815 8 4 1 0
3320 1015 15 23 1 0
1111 1255 40 41 1 0
83 608 1 1 1 0
3583 770 8 4 1 0
4082 1205 40 50 1 0
260 789 8 4 1 0
2966 731 8 4 1 0
646 834 8 4 1 0
2011 765 8 4 1 0
2178 671 1 1 1 0
48 714 2 1 1 0
589 869 8 4 1 0
1251 989 15 23 1 0
1146 870 8 4 1 0
2452 890 15 23 1 0
555 989 15 23 1 0
290 812 8 4 1 0
414 748 8 4 1 0
1377 823 8 4 1 0
2565 1001 15 23 1 0
172 763 8 4 1 0
186 648 1 1 1 0
1130 733 8 4 1 0
3901 713 6 9 1 0
967 678 1 1 1 0
2478 678 1 1 1 0
1016 702 1 1 1 0
1083 1023 15 23 1 0
1042 1191 15 23 1 0
1809 784 8 4 1 0
534 938 15 23 1 0
4146 707 11 13 1 0
2728 800 8 4 1 0
724 1007 15 23 1 0
147 613 1 1 1 0
1589 992 15 23 1 0
3286 720 8 4 1 0
2037 785 8 4 1 0
262 1084 15 23 1 0
370 794 8 4 1 0
1 720 6 3 1 0
504 751 8 4 1 0
2049 759 8 4 1 0
2312 751 8 4 1 0
327 758 8 4 1 0
4008 1032 40 50 1 0
916 782 8 4 1 0
4271 1008 16 16 1 0
345 667 1 1 1 0
249 1154 15 23 1 0
1965 728 8 4 1 0
4160 1007 16 16 1 0
87 792 8 4 1 0
4114 1020 16 16 1 0
3221 719 8 4 1 0
1281 695 1 1 1 0
1057 846 8 4 1 0
665 907 15 23 1 0
3513 968 17 26 1 0
2540 875 8 4 1 0
286 728 8 4 1 0
1291 1217 40 41 1 0
2636 843 8 4 1 0
564 893 15 23 1 0
3233 745 8 4 1 0
3362 947 15 23 1 0
433 902 15 23 1 0
653 851 8 4 1 0
3197 1121 15 23 1 0
1008 695 1 1 1 0
2996 961 15 23 1 0
863 706 1 1 1 0
3462 1206 21 27 1 0
3046 932 15 23 1 0
3158 1050 15 23 1 0
531 846 8 4 1 0
422 1058 15 23 1 0
90 789 8 4 1 0
882 729 1 1 1 0
657 867 8 4 1 0
4273 947 16 16 1 0
743 757 1 1 1 0
297 826 8 4 1 0
22 956 15 23 1 0
1099 633 1 1 1 0
1005 734 1 1 1 0
3372 940 15 23 1 0
2515 767 8 4 1 0
1039 666 1 1 1 0
2269 1073 15 23 1 0
2629 1225 40 41 1 0
3078 883 8 4 1 0
135 837 8 4 1 0
54 954 15 23 1 0
2194 930 15 23 1 0
2996 830 8 4 1 0
206 775 8 4 1 0
377 1385 40 41 1 0
1715 806 8 4 1 0
3403 906 15 23 1 0
1863 753 8 4 1 0
296 782 8 4 1 0
1948 978 15 23 1 0
33 693 1 1 1 0
1831 1304 40 41 1 0
908 917 15 23 1 0
1094 866 8 4 1 0
2050 824 8 4 1 0
1678 902 15 23 1 0
172 651 1 1 1 0
333 666 1 1 1 0
371 805 8 4 1 0
575 1087 15 23 1 0
953 883 8 4 1 0
1614 802 8 4 1 0
218 1109 15 23 1 0
346 1056 15 23 1 0
395 831 8 4 1 0
132 683 1 1 1 0
852 617 1 1 1 0
150 795 8 4 1 0
3392 1084 15 23 1 0
3445 852 17 26 1 0
842 903 15 23 1 0
385 855 8 4 1 0
368 737 8 4 1 0
672 1227 40 41 1 0
2101 1053 15 23 1 0
1264 759 8 4 1 0
3700 687 6 9 1 0
1505 702 1 1 1 0
2449 743 8 4 1 0
1149 885 8 4 1 0
1763 773 8 4 1 0
984 880 8 4 1 0
198 915 15 23 1 0
1490 1288 40 41 1 0
273 777 8 4 1 0
1810 1019 15 23 1 0
274 820 8 4 1 0
3152 1179 15 23 1 0
567 755 8 4 1 0
1098 768 8 4 1 0
843 726 1 1 1 0
1888 796 8 4 1 0
3361 966 15 23 1 0
214 924 15 23 1 0
716 699 1 1 1 0
381 777 8 4 1 0
1104 1007 15 23 1 0
3532 713 6 9 1 0
1075 897 15 23 1 0
2825 824 8 4 1 0
725 699 1 1 1 0
2234 924 15 23 1 0
1813 715 6 3 1 0
1606 1123 15 23 1 0
2351 1132 15 23 1 0
335 781 8 4 1 0
108 698 1 1 1 0
1395 1170 15 23 1 0
471 710 1 1 1 0
1346 761 8 4 1 0
1948 697 1 1 1 0
1972 858 8 4 1 0
879 759 4 2 1 0
411 924 15 23 1 0
669 849 8 4 1 0
2505 906 15 23 1 0
2043 717 8 4 1 0
709 615 1 1 1 0
3409 726 8 4 1 0
525 711 1 1 1 0
1189 698 1 1 1 0
1168 706 1 1 1 0
2358 888 15 23 1 0
3114 1025 15 23 1 0
323 1021 15 23 1 0
375 667 1 1 1 0
142 1179 15 23 1 0
1241 702 1 1 1 0
743 1222 40 41 1 0
2804 768 8 4 1 0
3995 1101 40 50 1 0
772 854 8 4 1 0
1359 1115 15 23 1 0
2472 745 8 4 1 0
254 716 8 4 1 0
507 955 15 23 1 0
118 1215 40 41 1 0
2175 745 8 4 1 0
228 703 1 1 1 0
370 711 1 1 1 0
239 648 1 1 1 0
361 733 8 4 1 0
599 985 15 23 1 0
737 743 1 1 1 0
3163 995 15 23 1 0
3527 710 6 9 1 0
753 1035 15 23 1 0
1354 723 8 4 1 0
2389 1076 15 23 1 0
324 616 1 1 1 0
1946 762 8 4 1 0
714 817 8 4 1 0
977 740 1 1 1 0
3093 1046 15 23 1 0
182 606 1 1 1 0
492 656 1 1 1 0
1442 762 8 4 1 0
2077 763 8 4 1 0
824 884 8 4 1 0
276 729 8 4 1 0
2633 863 8 4 1 0
2169 991 15 23 1 0
1297 765 8 4 1 0
1312 795 8 4 1 0
397 1241 40 41 1 0
3225 916 15 23 1 0
3055 829 8 4 1 0
1565 684 1 1 1 0
137 787 8 4 1 0
1346 823 8 4 1 0
94 758 8 4 1 0
104 760 8 4 1 0
3608 729 8 4 1 0
1017 682 1 1 1 0
4113 1074 41 37 1 0
242 980 15 23 1 0
484 816 8 4 1 0
2735 824 8 4 1 0
3050 911 15 23 1 0
387 710 1 1 1 0
199 896 15 23 1 0
125 743 8 4 1 0
156 613 1 1 1 0
431 605 1 1 1 0
2237 874 8 4 1 0
1445 927 15 23 1 0
2858 790 8 4 1 0
518 727 8 4 1 0
402 1115 15 23 1 0
384 905 15 23 1 0
373 721 8 4 1 0
293 777 8 4 1 0
461 834 8 4 1 0
1166 871 8 4 1 0
1223 948 15 23 1 0
665 927 15 23 1 0
65 837 8 4 1 0
2904 793 8 4 1 0
151 733 8 4 1 0
381 734 8 4 1 0
2833 936 15 23 1 0
272 897 15 23 1 0
35 838 8 4 1 0
2521 912 15 23 1 0
424 687 1 1 1 0
53 673 1 1 1 0
564 817 8 4 1 0
502 624 1 1 1 0
3156 886 8 4 1 0
2013 737 8 4 1 0
52 740 8 4 1 0
888 953 15 23 1 0
140 776 8 4 1 0
1314 625 1 1 1 0
4087 1017 40 50 1 0
1851 760 8 4 1 0
3395 595 6 9 1 0
156 639 1 1 1 0
2184 788 8 4 1 0
2061 941 15 23 1 0
1617 1041 15 23 1 0
1614 1269 40 41 1 0
2195 1036 15 23 1 0
937 875 8 4 1 0
889 701 1 1 1 0
376 748 8 4 1 0
304 820 8 4 1 0
758 619 1 1 1 0
305 764 8 4 1 0
1146 902 15 23 1 0
136 902 15 23 1 0
3956 960 16 16 1 0
2131 978 15 23 1 0
1680 761 8 4 1 0
4233 988 16 16 1 0
773 743 1 1 1 0
2429 1061 15 23 1 0
164 639 1 1 1 0
812 660 1 1 1 0
828 983 15 23 1 0
1416 778 8 4 1 0
1506 1166 15 23 1 0
185 819 8 4 1 0
597 730 8 4 1 0
2585 861 8 4 1 0
436 812 8 4 1 0
3565 934 17 26 1 0
3473 1057 15 23 1 0
1088 746 8 4 1 0
141 616 1 1 1 0
773 969 15 23 1 0
1616 871 8 4 1 0
398 740 8 4 1 0
35 1010 15 23 1 0
387 611 1 1 1 0
1419 1249 40 41 1 0
3213 745 8 4 1 0
1124 888 15 23 1 0
266 725 8 4 1 0
1401 798 8 4 1 0
1652 798 8 4 1 0
1265 1094 15 23 1 0
1933 1041 15 23 1 0
1963 771 8 4 1 0
1824 910 15 23 1 0
3231 872 8 4 1 0
1134 1142 15 23 1 0
1451 941 15 23 1 0
459 1218 40 41 1 0
77 673 1 1 1 0
1531 888 15 23 1 0
602 950 15 23 1 0
360 921 15 23 1 0
355 804 8 4 1 0
2021 1262 40 41 1 0
1785 776 8 4 1 0
2332 951 15 23 1 0
2011 1115 15 23 1 0
31 1138 15 23 1 0
170 917 15 23 1 0
2378 671 1 1 1 0
512 706 1 1 1 0
938 787 8 4 1 0
528 727 8 4 1 0
1643 867 8 4 1 0
792 709 1 1 1 0
679 915 15 23 1 0
250 756 8 4 1 0
906 708 1 1 1 0
82 743 8 4 1 0
4275 1060 41 37 1 0
73 646 1 1 1 0
3334 867 8 4 1 0
983 785 8 4 1 0
3730 663 6 9 1 0
1460 953 15 23 1 0
2894 1057 15 23 1 0
1917 717 6 3 1 0
2589 775 8 4 1 0
1305 852 8 4 1 0
273 681 1 1 1 0
4277 1112 41 37 1 0
2275 721 8 4 1 0
751 608 1 1 1 0
350 644 1 1 1 0
820 689 1 1 1 0
1590 812 8 4 1 0
1848 863 8 4 1 0
542 808 8 4 1 0
784 704 1 1 1 0
1031 896 15 23 1 0
1457 700 1 1 1 0
1220 759 8 4 1 0
882 814 8 4 1 0
337 884 8 4 1 0
1371 981 15 23 1 0
1179 707 1 1 1 0
955 703 1 1 1 0
835 785 8 4 1 0
1442 700 1 1 1 0
1534 741 8 4 1 0
2570 1142 15 23 1 0
681 793 8 4 1 0
3660 703 6 9 1 0
387 802 8 4 1 0
1237 895 15 23 1 0
2571 775 8 4 1 0
1491 660 1 1 1 0
2262 1038 15 23 1 0
678 847 8 4 1 0
1745 697 1 1 1 0
200 817 8 4 1 0
82 992 15 23 1 0
1519 992 15 23 1 0
1224 849 8 4 1 0
2790 841 8 4 1 0
3599 699 6 9 1 0
991 1369 40 41 1 0
706 1059 15 23 1 0
1546 929 15 23 1 0
649 1191 15 23 1 0
3274 721 8 4 1 0
575 783 8 4 1 0
1825 720 8 4 1 0
1691 1005 15 23 1 0
1330 793 8 4 1 0
409 669 1 1 1 0
502 639 1 1 1 0
2360 937 15 23 1 0
17 866 8 4 1 0
2235 710 1 1 1 0
1190 841 8 4 1 0
2741 977 15 23 1 0
807 751 1 1 1 0
1690 848 8 4 1 0
379 825 8 4 1 0
2467 947 15 23 1 0
1159 890 15 23 1 0
723 1032 15 23 1 0
793 723 1 1 1 0
890 708 1 1 1 0
320 966 15 23 1 0
1635 708 1 1 1 0
2095 952 15 23 1 0
65 810 8 4 1 0
12 625 1 1 1 0
989 684 1 1 1 0
1247 602 1 1 1 0
3479 961 17 26 1 0
798 737 1 1 1 0
3451 905 17 26 1 0
400 644 1 1 1 0
1171 731 8 4 1 0
1082 1198 15 23 1 0
2562 1027 15 23 1 0
664 832 8 4 1 0
356 1224 40 41 1 0
959 903 15 23 1 0
3369 773 8 4 1 0
1528 870 8 4 1 0
1322 967 15 23 1 0
1706 867 8 4 1 0
2839 866 8 4 1 0
2118 1037 15 23 1 0
1509 681 1 1 1 0
681 717 1 1 1 0
1285 710 1 1 1 0
427 747 8 4 1 0
1119 698 1 1 1 0
481 781 8 4 1 0
157 627 1 1 1 0
120 671 1 1 1 0
563 738 8 4 1 0
1268 882 8 4 1 0
1666 720 8 4 1 0
107 870 8 4 1 0
3372 845 8 4 1 0
2688 790 8 4 1 0
1762 978 15 23 1 0
1191 780 8 4 1 0
398 754 8 4 1 0
93 639 1 1 1 0
427 674 1 1 1 0
2158 965 15 23 1 0
2760 876 8 4 1 0
269 796 8 4 1 0
1553 723 8 4 1 0
1422 906 15 23 1 0
2445 1104 15 23 1 0
249 998 15 23 1 0
201 803 8 4 1 0
779 790 8 4 1 0
2362 814 8 4 1 0
1597 682 1 1 1 0
170 721 8 4 1 0
952 745 1 1 1 0
188 618 1 1 1 0
1315 764 8 4 1 0
314 843 8 4 1 0
307 724 8 4 1 0
1187 637 1 1 1 0
274 732 8 4 1 0
3535 1057 15 23 1 0
716 685 1 1 1 0
3065 1014 15 23 1 0
81 757 8 4 1 0
245 884 8 4 1 0
1586 965 15 23 1 0
1493 705 1 1 1 0
132 667 1 1 1 0
2119 779 8 4 1 0
2344 747 8 4 1 0
2836 841 8 4 1 0
1362 901 15 23 1 0
2868 1011 15 23 1 0
2548 895 15 23 1 0
1057 863 8 4 1 0
659 768 8 4 1 0
13 608 1 1 1 0
2042 847 8 4 1 0
503 1197 15 23 1 0
1796 955 15 23 1 0
355 616 1 1 1 0
3508 767 8 4 1 0
1183 1328 40 41 1 0
112 985 15 23 1 0
1259 746 8 4 1 0
1188 607 1 1 1 0
1577 753 8 4 1 0
1061 1146 15 23 1 0
868 706 1 1 1 0
1350 943 15 23 1 0
991 658 1 1 1 0
