443 66 1 0 1 0
218 8 1 0 1 0
599 117 1 0 1 0
354 73 1 0 1 0
361 124 23 31 1 0
335 78 1 0 1 0
292 48 1 0 1 0
388 72 1 0 1 0
203 71 16 26 1 0
138 2 1 0 1 0
131 15 1 0 1 0
333 66 1 0 1 0
199 32 1 0 1 0
474 64 1 0 1 0
363 46 1 0 1 0
391 56 1 0 1 0
359 61 1 0 1 0
222 11 1 0 1 0
592 99 1 0 1 0
411 68 1 0 1 0
455 70 1 0 1 0
374 74 1 0 1 0
262 38 1 0 1 0
58 3 12 12 1 0
226 23 1 0 1 0
430 70 1 0 1 0
298 33 1 0 1 0
442 52 1 0 1 0
430 58 1 0 1 0
120 11 1 0 1 0
187 150 54 86 1 0
198 8 1 0 1 0
314 34 1 0 1 0
348 62 1 0 1 0
480 64 1 0 1 0
605 99 1 0 1 0
26 29 15 23 1 0
396 78 1 0 1 0
97 76 34 46 1 0
371 96 16 14 1 0
178 71 34 46 1 0
154 14 12 20 1 0
339 42 1 0 1 0
322 44 1 0 1 0
450 57 1 0 1 0
209 6 1 0 1 0
293 59 1 0 1 0
208 20 1 0 1 0
422 63 1 0 1 0
245 21 16 17 1 0
280 45 1 0 1 0
409 77 1 0 1 0
404 49 1 0 1 0
313 79 14 31 1 0
275 54 1 0 1 0
465 78 5 8 1 0
588 77 1 0 1 0
378 123 23 31 1 0
101 2 1 0 1 0
535 75 25 35 1 0
128 0 1 0 1 0
262 119 54 86 1 0
453 79 16 13 1 0
386 46 1 0 1 0
354 50 1 0 1 0
315 47 1 0 1 0
370 64 1 0 1 0
557 89 10 17 1 0
359 36 1 0 1 0
83 3 1 0 1 0
463 60 1 0 1 0
113 2 1 0 1 0
68 20 1 0 1 0
315 61 1 0 1 0
569 91 1 0 1 0
180 12 1 0 1 0
578 102 1 0 1 0
566 107 1 0 1 0
331 47 1 0 1 0
412 50 1 0 1 0
368 36 1 0 1 0
421 54 1 0 1 0
213 33 1 0 1 0
383 50 1 0 1 0
371 48 1 0 1 0
479 93 5 8 1 0
598 108 1 0 1 0
165 21 1 0 1 0
194 19 1 0 1 0
20 3 1 0 1 0
274 38 1 0 1 0
492 69 1 0 1 0
332 30 1 0 1 0
433 87 1 0 1 0
67 37 15 23 1 0
269 27 1 0 1 0
285 31 1 0 1 0
400 67 1 0 1 0
76 1 1 0 1 0
380 59 1 0 1 0
416 71 1 0 1 0
394 44 1 0 1 0
33 3 1 0 1 0
401 56 1 0 1 0
584 116 1 0 1 0
102 13 1 0 1 0
259 21 1 0 1 0
341 54 1 0 1 0
324 59 1 0 1 0
350 44 1 0 1 0
409 60 1 0 1 0
6 4 1 0 1 0
464 91 5 8 1 0
581 92 1 0 1 0
314 102 1 0 1 0
345 36 1 0 1 0
376 42 1 0 1 0
292 91 14 31 1 0
482 80 5 8 1 0
321 31 1 0 1 0
