5 34 15 19 1 1
442 256 23 23 1 0
258 399 29 29 1 0
60 292 23 23 1 0
322 318 23 23 1 0
201 268 23 23 1 0
47 279 23 23 1 0
625 17 15 19 1 1
348 504 41 42 1 0
657 82 15 19 1 1
484 430 29 29 1 0
520 196 17 16 1 1
468 234 17 16 1 0
705 53 15 19 1 1
738 235 17 16 1 0
349 204 17 16 1 1
845 109 15 19 1 1
717 277 23 23 1 0
462 456 29 29 1 0
496 58 15 19 1 1
524 318 23 23 1 0
672 495 41 42 1 0
664 250 17 16 1 0
786 204 17 16 1 1
888 211 16 16 1 1
220 109 15 19 1 1
570 238 17 16 1 0
777 322 23 23 1 0
668 16 15 19 1 1
4 649 41 42 1 0
403 341 23 23 1 0
269 447 29 29 1 0
148 444 29 29 1 0
894 272 20 19 1 0
304 224 17 16 1 1
498 356 23 23 1 0
358 183 17 16 1 1
482 166 17 16 1 1
803 234 17 16 1 0
420 355 23 23 1 0
807 295 23 23 1 0
21 307 23 23 1 0
185 167 17 16 1 1
529 139 15 19 1 1
605 620 41 42 1 0
438 234 17 16 1 0
153 140 15 19 1 1
694 65 15 19 1 1
149 115 15 19 1 1
485 79 15 19 1 1
738 213 17 16 1 1
177 414 29 29 1 0
383 256 23 23 1 0
759 90 15 19 1 1
747 134 15 19 1 1
266 509 41 42 1 0
344 280 23 23 1 0
494 258 23 23 1 0
750 34 15 19 1 1
841 265 23 23 1 0
126 179 17 16 1 1
504 31 15 19 1 1
293 108 15 19 1 1
324 336 23 23 1 0
758 219 17 16 1 1
5 516 35 35 1 0
815 284 23 23 1 0
502 218 17 16 1 1
816 504 41 42 1 0
334 188 17 16 1 1
401 83 15 19 1 1
270 298 23 23 1 0
188 470 29 29 1 0
300 590 41 42 1 0
773 51 15 19 1 1
308 283 23 23 1 0
383 198 17 16 1 1
186 513 41 42 1 0
227 355 23 23 1 0
455 304 23 23 1 0
418 296 23 23 1 0
18 275 23 23 1 0
50 137 15 19 1 1
501 103 15 19 1 1
314 206 17 16 1 1
143 288 23 23 1 0
451 378 29 29 1 0
117 342 23 23 1 0
170 380 29 29 1 0
859 96 15 19 1 1
726 312 23 23 1 0
626 226 17 16 1 1
636 356 23 23 1 0
536 228 17 16 1 1
385 452 29 29 1 0
110 624 41 42 1 0
812 76 15 19 1 1
632 255 23 23 1 0
770 626 41 42 1 0
602 311 23 23 1 0
58 345 23 23 1 0
306 314 23 23 1 0
770 242 17 16 1 0
698 637 41 42 1 0
815 605 41 42 1 0
64 476 29 29 1 0
665 354 23 23 1 0
798 112 15 19 1 1
635 104 15 19 1 1
226 59 15 19 1 1
604 58 15 19 1 1
552 454 29 29 1 0
694 135 15 19 1 1
828 443 29 29 1 0
864 224 17 16 1 1
33 48 15 19 1 1
552 510 41 42 1 0
653 278 23 23 1 0
550 262 23 23 1 0
399 76 15 19 1 1
638 547 41 42 1 0
523 216 17 16 1 1
854 186 17 16 1 1
277 216 17 16 1 1
859 138 15 19 1 1
392 643 41 42 1 0
757 341 23 23 1 0
198 350 23 23 1 0
325 31 15 19 1 1
437 338 23 23 1 0
14 396 26 26 1 0
763 255 23 23 1 0
435 3 15 19 1 1
786 269 23 23 1 0
544 310 23 23 1 0
741 225 17 16 1 1
832 177 17 16 1 1
888 242 20 19 1 0
228 272 23 23 1 0
647 51 15 19 1 1
455 337 23 23 1 0
216 334 23 23 1 0
286 231 17 16 1 1
91 155 15 19 1 1
538 67 15 19 1 1
468 288 23 23 1 0
260 258 23 23 1 0
649 295 23 23 1 0
638 421 29 29 1 0
632 286 23 23 1 0
296 646 41 42 1 0
487 244 17 16 1 0
626 82 15 19 1 1
685 595 41 42 1 0
361 277 23 23 1 0
170 330 23 23 1 0
270 368 29 29 1 0
423 198 17 16 1 1
693 263 23 23 1 0
278 270 23 23 1 0
826 353 23 23 1 0
280 167 17 16 1 1
172 304 23 23 1 0
260 195 17 16 1 1
537 405 29 29 1 0
416 316 23 23 1 0
150 637 41 42 1 0
372 75 15 19 1 1
148 508 41 42 1 0
561 356 23 23 1 0
162 41 15 19 1 1
526 47 15 19 1 1
87 295 23 23 1 0
516 271 23 23 1 0
294 148 15 19 1 1
396 268 23 23 1 0
474 102 15 19 1 1
33 354 23 23 1 0
320 438 29 29 1 0
738 22 15 19 1 1
46 377 29 29 1 0
838 386 29 29 1 0
356 207 17 16 1 1
448 206 17 16 1 1
433 533 41 42 1 0
505 507 41 42 1 0
893 596 38 38 1 0
166 337 23 23 1 0
96 308 23 23 1 0
607 498 41 42 1 0
779 650 41 42 1 0
145 366 29 29 1 0
894 367 26 26 1 0
117 109 15 19 1 1
87 440 29 29 1 0
783 454 29 29 1 0
854 235 17 16 1 0
360 355 23 23 1 0
564 276 23 23 1 0
709 397 29 29 1 0
710 537 41 42 1 0
866 123 15 19 1 1
724 61 15 19 1 1
616 41 15 19 1 1
106 411 29 29 1 0
422 429 29 29 1 0
506 463 29 29 1 0
308 256 23 23 1 0
222 3 15 19 1 1
144 409 29 29 1 0
102 371 29 29 1 0
780 418 29 29 1 0
674 309 23 23 1 0
409 114 15 19 1 1
339 252 17 16 1 0
488 294 23 23 1 0
574 347 23 23 1 0
349 187 17 16 1 1
130 558 41 42 1 0
469 571 41 42 1 0
366 72 15 19 1 1
526 644 41 42 1 0
38 240 21 21 1 0
375 334 23 23 1 0
414 263 23 23 1 0
312 376 29 29 1 0
76 573 41 42 1 0
73 173 16 17 1 1
851 157 15 19 1 1
142 323 23 23 1 0
364 122 15 19 1 1
468 212 17 16 1 1
326 173 17 16 1 1
421 68 15 19 1 1
80 240 23 23 1 0
706 188 17 16 1 1
104 128 15 19 1 1
25 560 41 42 1 0
412 231 17 16 1 1
618 429 29 29 1 0
344 458 29 29 1 0
853 304 23 23 1 0
802 465 29 29 1 0
295 341 23 23 1 0
440 62 15 19 1 1
821 253 23 23 1 0
698 429 29 29 1 0
525 370 29 29 1 0
692 290 23 23 1 0
767 384 29 29 1 0
6 334 24 24 1 0
370 181 17 16 1 1
357 387 29 29 1 0
349 566 41 42 1 0
358 253 23 23 1 0
854 346 23 23 1 0
716 259 23 23 1 0
528 558 41 42 1 0
324 226 17 16 1 1
109 237 17 16 1 0
16 87 15 19 1 1
302 263 23 23 1 0
215 302 23 23 1 0
