68 247 11 17 1 0
108 243 11 17 1 0
248 246 13 14 1 0
753 334 32 44 1 0
132 259 11 17 1 0
83 245 11 17 1 0
709 315 32 44 1 0
256 243 13 14 1 0
192 266 13 14 1 0
272 283 13 14 1 0
538 374 61 68 1 0
33 262 11 17 1 0
403 374 61 68 1 0
75 250 11 17 1 0
314 280 13 14 1 0
735 314 32 44 1 0
362 297 19 25 1 0
275 240 13 14 1 0
296 248 13 14 1 0
104 257 11 17 1 0
55 248 11 17 1 0
186 253 13 14 1 0
364 283 19 25 1 0
56 258 11 17 1 0
20 243 11 17 1 0
114 292 18 28 1 0
81 257 11 17 1 0
387 299 19 25 1 0
11 239 9 7 1 0
301 356 61 68 1 0
353 305 19 25 1 0
175 274 13 14 1 0
144 258 13 14 1 0
225 269 13 14 1 0
18 292 18 28 1 0
99 242 11 17 1 0
126 264 11 17 1 0
844 328 32 44 1 0
50 299 18 28 1 0
268 244 13 14 1 0
307 243 13 14 1 0
726 326 32 44 1 0
694 375 61 68 1 0
337 249 13 14 1 0
578 304 24 30 1 0
413 308 19 25 1 0
446 363 61 68 1 0
505 323 24 30 1 0
241 286 13 14 1 0
250 258 13 14 1 0
479 294 24 30 1 0
586 368 61 68 1 0
125 256 11 17 1 0
193 275 13 14 1 0
41 247 11 17 1 0
283 238 13 14 1 0
469 309 24 30 1 0
277 267 13 14 1 0
34 241 11 17 1 0
323 293 19 25 1 0
280 281 13 14 1 0
163 252 13 14 1 0
622 332 24 30 1 0
66 262 11 17 1 0
344 283 13 14 1 0
67 241 11 17 1 0
236 264 13 14 1 0
165 270 13 14 1 0
