2639 1227 80 114 1 0
2483 1366 80 114 1 0
2054 510 86 98 1 0
1769 1112 80 114 1 0
1366 214 86 98 1 0
722 1211 80 114 1 0
1035 212 86 98 1 0
1033 1238 80 114 1 0
405 549 86 98 1 0
5 567 36 117 1 0
1195 340 86 98 1 0
1792 358 86 98 1 0
883 680 86 98 1 0
1578 843 86 98 1 0
2626 416 86 98 1 0
1686 509 86 98 1 0
741 3 82 48 1 0
407 134 86 98 1 0
1898 454 86 98 1 0
1589 299 86 98 1 0
861 508 86 98 1 0
2070 166 86 98 1 0
2757 308 86 98 1 0
874 382 86 98 1 0
1219 953 80 114 1 0
1566 1397 80 114 1 0
69 854 86 98 1 0
205 845 86 98 1 0
1958 1259 80 114 1 0
2305 567 86 98 1 0
2448 558 86 98 1 0
441 1147 80 114 1 0
414 1036 80 114 1 0
1288 1185 80 114 1 0
38 48 86 98 1 0
1432 1105 80 114 1 0
2028 390 86 98 1 0
1336 1222 80 114 1 0
