1575 552 6 3 1 0
967 337 4 4 1 0
824 777 10 12 1 0
1425 633 10 12 1 0
943 23 4 4 1 0
943 553 6 3 1 0
1531 1106 12 10 1 0
2016 950 10 12 1 0
713 227 4 4 1 0
685 1022 12 10 1 0
1594 760 10 12 1 0
1690 1112 12 10 1 0
1265 302 4 4 1 0
1570 1036 12 10 1 0
1620 561 6 3 1 0
1352 641 10 12 1 0
938 921 10 12 1 0
247 729 10 12 1 0
609 752 10 12 1 0
1415 740 10 12 1 0
1334 689 10 12 1 0
1260 535 6 3 1 0
948 756 10 12 1 0
1563 736 10 12 1 0
517 604 6 3 1 0
1002 925 10 12 1 0
703 919 10 12 1 0
1161 343 4 4 1 0
1636 343 4 4 1 0
697 1036 12 10 1 0
1260 602 6 3 1 0
1466 748 10 12 1 0
1105 594 6 3 1 0
1136 345 4 4 1 0
1849 529 6 3 1 0
1374 603 6 3 1 0
775 874 10 12 1 0
362 224 4 4 1 0
1253 892 10 12 1 0
1712 252 4 4 1 0
945 694 10 12 1 0
1167 560 6 3 1 0
336 1090 12 10 1 0
1005 885 10 12 1 0
1334 910 10 12 1 0
1083 964 10 12 1 0
5 224 4 4 1 0
470 611 6 3 1 0
815 1002 12 10 1 0
846 765 10 12 1 0
1128 890 10 12 1 0
502 331 4 4 1 0
768 927 10 12 1 0
1954 45 4 4 1 0
1110 578 6 3 1 0
1298 538 6 3 1 0
485 711 10 12 1 0
798 1021 12 10 1 0
1572 502 6 3 1 0
1860 16 4 4 1 0
201 1074 12 10 1 0
131 20 4 4 1 0
1288 660 10 12 1 0
584 749 10 12 1 0
962 811 10 12 1 0
733 648 10 12 1 0
1449 302 4 4 1 0
164 232 4 4 1 0
599 786 10 12 1 0
554 939 10 12 1 0
1912 235 4 4 1 0
809 830 10 12 1 0
356 902 10 12 1 0
1424 553 6 3 1 0
959 228 4 4 1 0
1561 504 6 3 1 0
160 641 10 12 1 0
1294 912 10 12 1 0
812 761 10 12 1 0
1810 1072 12 10 1 0
1996 1145 12 10 1 0
235 20 4 4 1 0
1369 530 6 3 1 0
1493 544 6 3 1 0
446 615 6 3 1 0
1108 1120 12 10 1 0
780 835 10 12 1 0
1473 950 10 12 1 0
898 818 10 12 1 0
565 934 10 12 1 0
819 908 10 12 1 0
1205 639 10 12 1 0
99 242 4 4 1 0
1970 239 4 4 1 0
652 232 4 4 1 0
1812 1090 12 10 1 0
1403 241 4 4 1 0
719 748 10 12 1 0
693 984 10 12 1 0
1545 531 6 3 1 0
473 234 4 4 1 0
1660 339 4 4 1 0
1079 597 6 3 1 0
2004 243 4 4 1 0
1876 649 10 12 1 0
101 331 4 4 1 0
1348 592 6 3 1 0
562 921 10 12 1 0
603 996 10 11 1 0
749 761 10 12 1 0
1347 554 6 3 1 0
1666 1116 12 10 1 0
1606 978 10 12 3 0
1920 4 4 4 1 0
864 924 10 12 1 0
1598 239 4 4 1 0
59 1117 12 10 1 0
1119 615 6 3 1 0
1440 303 4 4 1 0
785 646 10 12 1 0
1970 766 10 12 1 0
1499 237 4 4 1 0
181 1114 12 10 1 0
895 994 11 11 1 0
1730 1084 12 10 1 0
1152 1159 12 10 1 0
57 683 10 12 1 0
1822 1111 12 10 1 0
844 1011 12 10 1 0
218 230 4 4 1 0
527 831 10 12 1 0
1893 228 4 4 1 0
217 1099 12 10 1 0
1527 574 6 3 1 0
1921 1155 12 10 1 0
728 920 10 12 1 0
536 231 4 4 1 0
722 1033 12 10 1 0
1528 541 6 3 1 0
760 326 4 4 1 0
1930 655 10 12 1 0
1398 558 6 3 1 0
2027 246 4 4 1 0
1039 538 6 3 1 0
1935 994 10 12 1 0
1370 519 6 3 1 0
1100 562 6 3 1 0
1290 752 10 12 1 0
1611 730 10 12 1 0
712 24 4 4 1 0
1360 577 6 3 1 0
1259 968 10 12 1 0
150 19 4 4 1 0
197 1048 12 10 1 0
1355 899 10 12 1 0
583 970 10 12 1 0
344 656 10 12 1 0
1887 1217 12 10 1 0
578 1079 12 10 1 0
1067 916 10 12 1 0
960 672 10 12 1 0
1042 1043 12 10 1 0
938 988 10 12 1 0
166 1147 12 10 1 0
664 233 4 4 1 0
1405 26 4 4 1 0
763 997 11 10 1 0
670 1026 12 10 1 0
1546 495 6 3 1 0
638 1004 12 10 1 0
1075 535 6 3 1 0
1862 518 6 3 1 0
1796 1127 12 10 1 0
1546 551 6 3 1 0
1580 1103 12 10 1 0
1064 906 10 12 1 0
1661 568 6 3 1 0
1286 565 6 3 1 0
591 916 10 12 1 0
1445 584 6 3 1 0
1600 960 10 12 1 0
687 952 10 12 1 0
1475 582 6 3 1 0
977 670 10 12 1 0
928 788 10 12 1 0
1133 913 10 12 1 0
801 689 10 12 1 0
1155 712 10 12 1 0
1066 857 10 12 1 0
445 916 10 12 1 0
355 669 10 12 1 0
447 648 10 12 1 0
914 236 4 4 1 0
1390 921 10 12 1 0
527 596 6 3 1 0
924 760 10 12 1 0
717 915 10 12 1 0
652 586 6 3 1 0
1727 484 6 3 1 0
783 904 10 12 1 0
1344 666 10 12 1 0
291 663 10 12 1 0
1902 605 6 3 1 0
1999 949 10 12 1 0
1369 1103 12 10 1 0
333 626 10 12 1 0
875 866 10 12 1 0
506 1074 12 10 1 0
1266 699 10 12 1 0
1993 515 6 3 1 0
681 785 10 12 1 0
1114 861 10 12 1 0
1433 302 4 4 1 0
911 1180 12 10 1 0
1197 597 6 3 1 0
1312 964 10 12 1 0
218 955 10 12 1 0
1196 662 10 12 1 0
910 335 4 4 1 0
1747 955 10 12 1 0
728 1078 12 10 1 0
433 1079 12 10 1 0
1478 29 4 4 1 0
1315 599 6 3 1 0
850 672 10 12 1 0
822 733 10 12 1 0
1946 609 6 3 1 0
1410 509 6 3 1 0
914 909 10 12 1 0
1113 597 6 3 1 0
1172 665 10 12 1 0
542 1077 12 10 1 0
789 1006 12 10 1 0
837 810 10 12 1 0
1994 479 6 3 1 0
537 862 10 12 1 0
422 711 10 12 1 0
1902 657 10 12 1 0
1837 816 10 12 1 0
1354 694 10 12 1 0
1515 533 6 3 1 0
621 702 10 12 1 0
765 591 6 3 1 0
930 998 11 11 1 0
113 655 10 12 1 0
17 714 10 12 1 0
1435 919 10 12 1 0
2036 300 4 4 1 0
1490 588 6 3 1 0
1295 29 4 4 1 0
630 595 6 3 1 0
478 1049 12 10 1 0
1463 1094 12 10 1 0
294 227 4 4 1 0
1796 237 4 4 1 0
1653 944 10 12 1 0
491 631 10 12 1 0
636 974 10 12 1 0
1284 614 6 3 1 0
241 694 10 12 1 0
481 653 10 12 1 0
497 602 6 3 1 0
746 697 10 12 1 0
544 924 10 12 1 0
1385 901 10 12 1 0
823 627 10 12 1 0
1893 957 10 12 1 0
607 1021 12 10 1 0
1221 967 10 12 1 0
390 888 10 12 1 0
366 232 4 4 1 0
1939 498 6 3 1 0
1170 542 6 3 1 0
967 22 4 4 1 0
1017 240 4 4 1 0
1309 548 6 3 1 0
1218 1085 12 10 1 0
402 223 4 4 1 0
657 807 10 12 1 0
1327 591 6 3 1 0
1193 954 10 12 1 0
610 737 10 12 1 0
371 1104 12 10 1 0
765 719 10 12 1 0
783 632 10 12 1 0
944 716 10 12 1 0
1548 568 6 3 1 0
1130 538 6 3 1 0
223 644 10 12 1 0
517 706 10 12 1 0
560 231 4 4 1 0
1199 346 4 4 1 0
838 601 6 3 1 0
897 706 10 12 1 0
1800 525 6 3 1 0
152 232 4 4 1 0
1280 546 6 3 1 0
1464 349 4 4 1 0
1827 949 10 12 1 0
1681 231 4 4 1 0
715 1110 12 10 1 0
846 1065 12 10 1 0
958 948 10 12 1 0
1720 563 6 3 1 0
1028 1078 12 10 1 0
1675 250 4 4 1 0
809 602 6 3 1 0
1974 1142 12 10 1 0
999 1086 12 10 1 0
1039 884 10 12 1 0
227 234 4 4 1 0
822 649 10 12 1 0
1317 586 6 3 1 0
1811 942 10 12 1 0
1370 694 10 12 1 0
1094 249 4 4 1 0
890 719 10 12 1 0
943 669 10 12 1 0
1396 573 6 3 1 0
1999 544 6 3 1 0
1165 580 6 3 1 0
539 20 4 4 1 0
799 952 10 12 1 0
873 812 10 12 1 0
1112 1041 12 10 1 0
1259 982 10 12 1 0
1770 24 4 4 1 0
624 19 4 4 1 0
888 655 10 12 1 0
1796 805 10 12 1 0
1269 566 6 3 1 0
356 620 6 8 1 0
1116 238 4 4 1 0
1186 603 6 3 1 0
719 687 10 12 1 0
1140 332 4 4 1 0
1242 920 10 12 1 0
565 322 4 4 1 0
299 626 10 12 1 0
1425 619 6 8 1 0
1146 993 10 11 1 0
11 350 4 4 1 0
28 767 10 12 1 0
1060 541 6 3 1 0
1491 236 4 4 1 0
789 982 10 12 1 0
1468 676 10 12 1 0
1255 584 6 3 1 0
724 1006 12 10 1 0
1043 618 6 8 1 0
1667 528 6 3 1 0
749 727 10 12 1 0
538 1166 12 10 1 0
1827 22 4 4 1 0
1264 1021 12 10 1 0
1135 553 6 3 1 0
1932 474 6 3 1 0
556 686 10 12 1 0
1638 939 10 12 1 0
2017 245 4 4 1 0
463 24 4 4 1 0
2014 784 10 12 1 0
1988 597 6 3 1 0
1691 569 6 3 1 0
721 831 10 12 1 0
100 1059 12 10 1 0
1794 498 6 3 1 0
1407 744 10 12 1 0
1864 242 4 4 1 0
925 696 10 12 1 0
436 668 10 12 1 0
823 831 10 12 1 0
258 1072 12 10 1 0
1854 696 10 12 1 0
1084 918 10 12 1 0
792 779 10 12 1 0
1370 652 10 12 1 0
468 1077 12 10 1 0
1724 959 10 12 1 0
669 22 4 4 1 0
1844 8 4 4 1 0
1673 728 10 12 1 0
1998 24 4 4 1 0
1532 237 4 4 1 0
885 333 4 4 1 0
1315 335 4 4 1 0
31 229 4 4 1 0
1557 969 10 12 1 0
1086 852 10 12 1 0
1152 244 4 4 1 0
1381 27 4 4 1 0
223 17 4 4 1 0
1300 1045 12 10 1 0
657 942 10 12 1 0
798 758 10 12 1 0
826 889 10 12 1 0
1551 236 4 4 1 0
1379 1119 12 10 1 0
718 21 4 4 1 0
1940 938 10 12 1 0
1110 924 10 12 1 0
509 1088 12 10 1 0
577 20 4 4 1 0
1552 352 4 4 1 0
1196 686 10 12 1 0
1121 565 6 3 1 0
910 857 10 12 1 0
990 238 4 4 1 0
1057 900 10 12 1 0
1033 291 4 4 1 0
1365 705 10 12 1 0
888 845 10 12 1 0
1492 674 10 12 1 0
1182 553 6 3 1 0
1531 1105 12 10 1 0
736 620 6 8 1 0
1447 29 4 4 1 0
1705 949 10 12 1 0
1502 720 10 12 1 0
43 355 4 4 1 0
1550 587 6 3 1 0
36 1059 12 10 1 0
592 224 4 4 1 0
1166 1079 12 10 1 0
986 243 4 4 1 0
1376 728 10 12 1 0
917 952 10 12 1 0
746 938 10 12 1 0
964 767 10 12 1 0
1961 988 10 12 1 0
933 235 4 4 1 0
1569 1023 12 10 1 0
716 633 10 12 1 0
1671 685 10 12 1 0
705 1007 12 10 1 0
1783 245 4 4 1 0
1909 32 4 4 1 0
1817 14 4 4 1 0
505 623 10 12 1 0
1386 1092 12 10 1 0
1410 343 4 4 1 0
490 998 11 10 1 0
1741 1066 12 10 1 0
1441 672 10 12 1 0
693 22 4 4 1 0
188 630 10 12 1 0
1379 680 10 12 1 0
1259 725 10 12 1 0
684 24 4 4 1 0
813 569 6 3 1 0
1323 600 6 3 1 0
271 228 4 4 1 0
1256 1145 12 10 1 0
1828 11 4 4 1 0
1410 609 6 3 1 0
1248 554 6 3 1 0
1507 516 6 3 1 0
1167 702 10 12 1 0
457 329 4 4 1 0
678 851 10 12 1 0
277 332 4 4 1 0
1185 592 6 3 1 0
342 228 4 4 1 0
980 1015 12 10 1 0
1308 232 4 4 1 0
1326 712 10 12 1 0
1179 528 6 3 1 0
548 231 4 4 1 0
1636 769 10 12 1 0
1036 342 4 4 1 0
1214 1065 12 10 1 0
428 785 10 12 1 0
771 692 10 12 1 0
1391 554 6 3 1 0
1181 631 10 12 1 0
740 1002 12 10 1 0
880 339 4 4 1 0
825 577 6 3 1 0
1152 614 6 3 1 0
895 779 10 12 1 0
684 237 4 4 1 0
92 706 10 12 1 0
1697 1072 12 10 1 0
1751 688 10 12 1 0
576 685 10 12 1 0
1650 236 4 4 1 0
1423 1073 12 10 1 0
943 341 4 4 1 0
1236 881 10 12 1 0
687 771 10 12 1 0
647 938 10 12 1 0
736 720 10 12 1 0
1795 952 10 12 1 0
945 577 6 3 1 0
325 773 10 12 1 0
1319 656 10 12 1 0
737 240 4 4 1 0
692 890 10 12 1 0
1527 718 10 12 1 0
1948 465 6 3 1 0
1970 8 4 4 1 0
46 647 10 12 1 0
894 619 6 8 1 0
656 24 4 4 1 0
1239 651 10 12 1 0
1607 1120 12 10 1 0
552 627 10 12 1 0
1127 529 6 3 1 0
193 227 4 4 1 0
1738 239 4 4 1 0
1573 248 4 4 1 0
1818 525 6 3 1 0
766 1020 12 10 1 0
1311 581 6 3 1 0
1293 696 10 12 1 0
1682 525 6 3 1 0
1111 719 10 12 1 0
1495 518 6 3 1 0
1425 526 6 3 1 0
1868 255 4 4 1 0
1506 28 4 4 1 0
1353 572 6 3 1 0
661 697 10 12 1 0
661 1128 12 10 1 0
535 325 4 4 1 0
1334 26 4 4 1 0
1090 713 10 12 1 0
1617 242 4 4 1 0
1397 532 6 3 1 0
819 586 6 3 1 0
1220 913 10 12 1 0
1810 232 4 4 1 0
1008 802 10 12 1 0
499 1105 12 10 1 0
1209 1010 12 10 1 0
1051 231 4 4 1 0
442 711 10 12 1 0
546 26 4 4 1 0
800 718 10 12 1 0
345 630 10 12 1 0
653 828 10 12 1 0
1250 27 4 4 1 0
1013 773 10 12 1 0
1495 1129 12 10 1 0
900 558 6 3 1 0
1251 753 10 12 1 0
2013 768 10 12 1 0
1420 598 6 3 1 0
1127 594 6 3 1 0
1682 799 10 12 1 0
1081 907 10 12 1 0
2028 22 4 4 1 0
884 928 10 12 1 0
1972 949 10 12 1 0
780 1032 12 10 1 0
2029 950 10 12 1 0
1385 1020 12 10 1 0
173 720 10 12 1 0
423 332 4 4 1 0
1990 239 4 4 1 0
1164 597 6 3 1 0
734 332 4 4 1 0
631 947 10 12 1 0
1254 687 10 12 1 0
452 231 4 4 1 0
1413 594 6 3 1 0
1472 238 4 4 1 0
739 607 6 3 1 0
1052 545 6 3 1 0
259 329 4 4 1 0
1245 685 10 12 1 0
1377 638 10 12 1 0
1209 646 10 12 1 0
1701 1040 12 10 1 0
1361 616 6 3 1 0
851 591 6 3 1 0
620 638 10 12 1 0
1217 20 4 4 1 0
471 1107 12 10 1 0
1914 464 6 3 1 0
1616 721 10 12 1 0
1634 27 4 4 1 0
456 765 10 12 1 0
1748 1117 12 10 1 0
612 1076 12 10 1 0
1768 8 4 4 1 0
522 941 10 12 1 0
1336 568 6 3 1 0
1036 560 6 3 1 0
750 228 4 4 1 0
1620 494 6 3 1 0
835 232 4 4 1 0
676 688 10 12 1 0
1592 500 6 3 1 0
1436 555 6 3 1 0
1814 730 10 12 1 0
183 12 4 4 1 0
913 834 10 12 1 0
1670 238 4 4 1 0
1979 684 10 12 1 0
1514 239 4 4 1 0
461 226 4 4 1 0
671 583 6 3 1 0
1857 712 10 12 1 0
1328 242 4 4 1 0
1401 594 6 3 1 0
874 694 10 12 1 0
1949 320 4 4 1 0
783 968 10 12 1 0
722 968 10 12 1 0
1882 486 6 3 1 0
473 327 4 4 1 0
1240 1070 12 10 1 0
1058 565 6 3 1 0
1610 976 10 12 1 0
1550 723 10 12 1 0
1392 587 6 3 1 0
656 726 10 12 1 0
1144 670 10 12 1 0
2016 32 4 4 1 0
576 856 10 12 1 0
1078 611 6 3 1 0
1064 950 10 12 1 0
885 608 6 3 1 0
904 1130 12 10 1 0
1437 586 6 3 1 0
1167 906 10 12 1 0
979 785 10 12 1 0
1137 237 4 4 1 0
1414 238 4 4 1 0
520 21 4 4 1 0
1213 612 6 3 1 0
838 911 10 12 1 0
1204 895 10 12 1 0
1309 728 10 12 1 0
502 1008 12 10 1 0
1210 885 10 12 1 0
310 787 10 12 1 0
699 700 10 12 1 0
1843 511 6 3 1 0
319 662 10 12 1 0
1110 881 10 12 1 0
949 1066 12 10 1 0
864 558 6 3 1 0
1081 662 10 12 1 0
532 562 6 3 1 0
1233 347 4 4 1 0
1529 656 10 12 1 0
1519 353 4 4 1 0
1080 337 4 4 1 0
908 988 10 12 1 0
735 705 10 12 1 0
1277 587 6 3 1 0
321 637 10 12 1 0
1353 241 4 4 1 0
1804 244 4 4 1 0
1197 239 4 4 1 0
619 967 10 12 1 0
1688 238 4 4 1 0
989 1093 12 10 1 0
1216 635 10 12 1 0
1035 672 10 12 1 0
1039 590 6 3 1 0
1275 237 4 4 1 0
969 690 10 12 1 0
944 940 10 12 1 0
1104 549 6 3 1 0
1849 14 4 4 1 0
1310 535 6 3 1 0
1456 591 6 3 1 0
1338 597 6 3 1 0
733 870 10 12 1 0
562 1068 12 10 1 0
772 749 10 12 1 0
965 914 10 12 1 0
964 551 6 3 1 0
218 661 10 12 1 0
986 791 10 12 1 0
535 635 10 12 1 0
94 352 4 4 1 0
1940 21 4 4 1 0
1627 24 4 4 1 0
1590 970 10 12 1 0
729 23 4 4 1 0
360 636 10 12 1 0
949 236 4 4 1 0
1034 581 6 3 1 0
1365 1117 12 10 1 0
860 820 10 12 1 0
1071 719 10 12 1 0
1339 528 6 3 1 0
1274 551 6 3 1 0
1970 1123 12 10 1 0
524 638 10 12 1 0
1592 1134 12 10 1 0
387 355 4 4 1 0
689 658 10 12 1 0
1733 527 6 3 1 0
956 1003 12 10 1 0
974 960 10 12 1 0
1235 549 6 3 1 0
862 711 10 12 1 0
498 638 10 12 1 0
1165 335 4 4 1 0
1313 345 4 4 1 0
1033 657 10 12 1 0
1570 562 6 3 1 0
37 219 4 4 1 0
1745 744 10 12 1 0
1642 940 10 12 1 0
1748 519 6 3 1 0
1437 528 6 3 1 0
1804 611 6 3 1 0
1457 669 10 12 1 0
365 652 10 12 1 0
497 232 4 4 1 0
76 242 4 4 1 0
847 230 4 4 1 0
1852 621 7 5 1 0
422 322 4 4 1 0
1221 658 10 12 1 0
1726 242 4 4 1 0
282 646 10 12 1 0
1054 623 10 12 1 0
62 354 4 4 1 0
970 849 10 12 1 0
817 810 10 12 1 0
1571 772 10 12 1 0
1575 519 6 3 1 0
788 882 10 12 1 0
848 643 10 12 1 0
1950 810 10 12 1 0
528 879 10 12 1 0
650 594 6 3 1 0
1627 242 4 4 1 0
1943 940 10 12 1 0
1129 580 6 3 1 0
1004 708 10 12 1 0
770 223 4 4 1 0
625 224 4 4 1 0
1115 333 4 4 1 0
1079 927 10 12 1 0
545 1030 12 10 1 0
906 1053 12 10 1 0
1732 734 10 12 1 0
1884 459 6 3 1 0
1153 647 10 12 1 0
1751 553 6 3 1 0
1312 693 10 12 1 0
1746 241 4 4 1 0
1135 1056 12 10 1 0
1422 674 10 12 1 0
865 1002 12 10 1 0
1453 1140 12 10 1 0
1107 973 10 12 1 0
1345 672 10 12 1 0
788 689 10 12 1 0
836 565 6 3 1 0
473 981 10 12 1 0
1451 278 4 4 1 0
566 737 10 12 1 0
1530 595 6 3 1 0
352 693 10 12 1 0
989 769 10 12 1 0
484 626 10 12 1 0
1944 765 10 12 1 0
1932 551 6 3 1 0
1530 346 4 4 1 0
949 995 11 10 1 0
929 881 10 12 1 0
1225 643 10 12 1 0
1302 898 10 12 1 0
372 1173 12 10 1 0
1227 596 6 3 1 0
1575 240 4 4 1 0
441 1154 12 10 1 0
1638 494 6 3 1 0
842 966 10 12 1 0
743 1053 12 10 1 0
450 353 4 4 1 0
1324 659 10 12 1 0
432 606 6 3 1 0
1559 690 10 12 1 0
273 351 4 4 1 0
938 807 10 12 1 0
387 328 4 4 1 0
1332 1102 12 10 1 0
1289 238 4 4 1 0
1969 999 10 12 1 0
1099 540 6 3 1 0
1201 709 10 12 1 0
1175 606 6 3 1 0
1297 555 6 3 1 0
1840 463 6 3 1 0
799 1071 12 10 1 0
436 24 4 4 1 0
549 326 4 4 1 0
517 227 4 4 1 0
1208 559 6 3 1 0
643 777 10 12 1 0
1977 464 6 3 1 0
48 773 10 12 1 0
1000 241 4 4 1 0
1958 315 4 4 1 0
262 237 4 4 1 0
1334 610 6 3 1 0
1679 957 10 12 1 0
1405 571 6 3 1 0
1442 545 6 3 1 0
237 229 4 4 1 0
1008 236 4 4 1 0
691 1007 12 10 1 0
1161 245 4 4 1 0
989 882 10 12 1 0
1179 1065 12 10 1 0
1531 247 4 4 1 0
1343 1045 12 10 1 0
1641 244 4 4 1 0
1241 627 10 12 1 0
710 237 4 4 1 0
1642 783 10 12 1 0
803 749 10 12 1 0
1492 660 10 12 1 0
882 670 10 12 1 0
1177 236 4 4 1 0
1636 549 6 3 1 0
812 920 10 12 1 0
2043 943 10 12 1 0
715 584 6 3 1 0
752 840 10 12 1 0
513 341 4 4 1 0
832 868 10 12 1 0
1636 1122 12 10 1 0
850 791 10 12 1 0
1380 657 10 12 1 0
797 580 6 3 1 0
525 616 6 3 1 0
1057 713 10 12 1 0
773 727 10 12 1 0
2040 713 10 12 1 0
1919 243 4 4 1 0
1248 239 4 4 1 0
972 1002 12 10 1 0
1650 600 6 3 1 0
1501 564 6 3 1 0
1066 596 6 3 1 0
2034 484 6 3 1 0
1008 23 4 4 1 0
1500 747 10 12 1 0
98 20 4 4 1 0
205 22 4 4 1 0
2043 598 6 3 1 0
1804 499 6 3 1 0
567 639 10 12 1 0
713 737 10 12 1 0
2024 1143 12 10 1 0
1745 495 6 3 1 0
1420 1098 12 10 1 0
1549 468 6 3 1 0
478 320 4 4 1 0
319 1069 12 10 1 0
721 768 10 12 1 0
389 630 10 12 1 0
395 231 4 4 1 0
76 328 4 4 1 0
1678 615 6 3 1 0
615 225 4 4 1 0
1950 999 10 12 1 0
1898 484 6 3 1 0
1848 245 4 4 1 0
936 660 10 12 1 0
504 18 4 4 1 0
595 872 10 12 1 0
1198 551 6 3 1 0
944 1097 12 10 1 0
1179 657 10 12 1 0
1392 1119 12 10 1 0
694 330 4 4 1 0
757 964 10 12 1 0
989 574 6 3 1 0
1360 530 6 3 1 0
1154 565 6 3 1 0
331 233 4 4 1 0
1699 500 6 3 1 0
1561 944 10 12 1 0
1240 585 6 3 1 0
1463 736 10 12 1 0
853 651 10 12 1 0
827 990 10 12 1 0
248 227 4 4 1 0
835 709 10 12 1 0
876 632 10 12 1 0
391 649 10 12 1 0
1127 241 4 4 1 0
624 612 6 3 1 0
1774 747 10 12 1 0
1452 239 4 4 1 0
117 22 4 4 1 0
761 16 4 4 1 0
840 693 10 12 1 0
1303 643 10 12 1 0
413 228 4 4 1 0
754 898 10 12 1 0
1108 942 10 12 1 0
603 1045 12 10 1 0
1700 332 4 4 1 0
1304 745 10 12 1 0
812 1098 12 10 1 0
1793 744 10 12 1 0
316 352 4 4 1 0
825 1029 12 10 1 0
1027 235 4 4 1 0
802 591 6 3 1 0
1826 1058 12 10 1 0
1009 557 6 3 1 0
1581 247 4 4 1 0
638 228 4 4 1 0
732 984 10 12 1 0
1251 659 10 12 1 0
430 619 6 8 1 0
185 713 10 12 1 0
803 1054 12 10 1 0
1903 241 4 4 1 0
1114 1076 12 10 1 0
1603 538 6 3 1 0
910 897 10 12 1 0
1113 673 10 12 1 0
522 738 10 12 1 0
1701 728 10 12 1 0
1339 940 10 12 1 0
1565 944 10 12 1 0
1671 494 6 3 1 0
142 1099 12 10 1 0
1587 565 6 3 1 0
1572 339 4 4 1 0
403 620 6 8 1 0
908 675 10 12 1 0
1207 21 4 4 1 0
1432 666 10 12 1 0
581 586 6 3 1 0
1777 232 4 4 1 0
1816 1135 12 10 1 0
1017 942 10 12 1 0
1363 1090 12 10 1 0
744 24 4 4 1 0
854 756 10 12 1 0
1687 247 4 4 1 0
1763 945 10 12 1 0
51 721 10 12 1 0
1542 343 4 4 1 0
949 1039 12 10 1 0
983 932 10 12 1 0
992 639 10 12 1 0
1757 766 10 12 1 0
968 240 4 4 1 0
1543 240 4 4 1 0
1081 619 6 8 1 0
24 738 10 12 1 0
682 973 10 12 1 0
451 1060 12 10 1 0
1702 534 6 3 1 0
683 865 10 12 1 0
438 644 10 12 1 0
1985 933 10 12 1 0
1299 610 6 3 1 0
688 732 10 12 1 0
1190 573 6 3 1 0
134 1084 12 10 1 0
1257 237 4 4 1 0
1632 746 10 12 1 0
1970 513 6 3 1 0
1517 514 6 3 1 0
485 241 4 4 1 0
1310 528 6 3 1 0
754 650 10 12 1 0
615 928 10 12 1 0
1715 1108 12 10 1 0
988 1004 12 10 1 0
1773 649 10 12 1 0
1415 1048 12 10 1 0
1266 583 6 3 1 0
1560 707 10 12 1 0
292 1109 12 10 1 0
700 870 10 12 1 0
1789 556 6 3 1 0
1210 242 4 4 1 0
1086 877 10 12 1 0
895 339 4 4 1 0
1348 28 4 4 1 0
558 582 6 3 1 0
570 684 10 12 1 0
1007 664 10 12 1 0
1025 545 6 3 1 0
1777 1076 12 10 1 0
628 816 10 12 1 0
371 618 6 8 1 0
1836 640 10 12 1 0
372 325 4 4 1 0
1459 1029 12 10 1 0
1346 335 4 4 1 0
340 1104 12 10 1 0
1136 574 6 3 1 0
982 909 10 12 1 0
1702 242 4 4 1 0
750 664 10 12 1 0
1044 934 10 12 1 0
1885 229 4 4 1 0
1232 899 10 12 1 0
465 1120 12 10 1 0
821 232 4 4 1 0
1227 695 10 12 1 0
1226 631 10 12 1 0
1527 1139 12 10 1 0
1604 344 4 4 1 0
83 1099 12 10 1 0
1926 234 4 4 1 0
711 771 10 12 1 0
1684 973 10 12 1 0
750 830 10 12 1 0
1587 238 4 4 1 0
729 225 4 4 1 0
1787 765 10 12 1 0
790 716 10 12 1 0
1485 1015 12 10 1 0
902 789 10 12 1 0
1386 541 6 3 1 0
778 927 10 12 1 0
1060 347 4 4 1 0
716 989 10 12 1 0
1449 723 10 12 1 0
1296 233 4 4 1 0
1248 989 10 12 1 0
1805 337 4 4 1 0
591 902 10 12 1 0
1299 971 10 12 1 0
726 582 6 3 1 0
611 654 10 12 1 0
444 847 10 12 1 0
421 344 4 4 1 0
1473 604 6 3 1 0
490 328 4 4 1 0
847 1035 12 10 1 0
1968 601 6 3 1 0
773 571 6 3 1 0
638 18 4 4 1 0
1909 312 4 4 1 0
1107 345 4 4 1 0
975 333 4 4 1 0
402 662 10 12 1 0
899 1159 12 10 1 0
1381 958 10 12 1 0
1417 573 6 3 1 0
404 700 10 12 1 0
1725 949 10 12 1 0
1159 887 10 12 1 0
1929 312 4 4 1 0
1961 308 4 4 1 0
914 337 4 4 1 0
416 633 10 12 1 0
1219 236 4 4 1 0
1117 573 6 3 1 0
1867 319 4 4 1 0
580 1166 12 10 1 0
1366 628 10 12 1 0
764 825 10 12 1 0
2015 10 4 4 1 0
904 1001 12 10 1 0
1250 347 4 4 1 0
840 776 10 12 1 0
541 332 4 4 1 0
1825 335 4 4 1 0
1961 931 10 12 1 0
1621 248 4 4 1 0
1275 534 6 3 1 0
1511 1034 12 10 1 0
1778 940 10 12 1 0
1119 654 10 12 1 0
14 963 10 12 1 0
1323 563 6 3 1 0
1152 662 10 12 1 0
1178 619 6 8 1 0
1152 529 6 3 1 0
1434 565 6 3 1 0
978 554 6 3 1 0
84 20 4 4 1 0
1924 605 6 3 1 0
661 960 10 12 1 0
1858 944 10 12 1 0
253 627 10 12 1 0
737 1109 12 10 1 0
420 759 10 12 1 0
1801 16 4 4 1 0
990 806 10 12 1 0
918 604 6 3 1 0
1838 938 10 12 1 0
1624 339 4 4 1 0
888 563 6 3 1 0
252 22 4 4 1 0
882 1014 12 10 1 0
874 1127 12 10 1 0
671 934 10 12 1 0
558 549 6 3 1 0
300 638 10 12 1 0
1207 525 6 3 1 0
1077 1064 12 10 1 0
1237 665 10 12 1 0
850 854 10 12 1 0
1735 1112 12 10 1 0
1107 652 10 12 1 0
242 1087 12 10 1 0
1153 23 4 4 1 0
203 244 4 4 1 0
1138 709 10 12 1 0
1453 533 6 3 1 0
1914 543 6 3 1 0
1736 960 10 12 1 0
851 692 10 12 1 0
1836 333 4 4 1 0
678 907 10 12 1 0
1539 1110 12 10 1 0
973 776 10 12 1 0
1445 661 10 12 1 0
1110 231 4 4 1 0
1260 611 6 3 1 0
1228 616 6 3 1 0
1481 1056 12 10 1 0
750 21 4 4 1 0
364 352 4 4 1 0
1084 578 6 3 1 0
1495 345 4 4 1 0
1519 741 10 12 1 0
522 777 10 12 1 0
1269 615 6 3 1 0
803 859 10 12 1 0
1339 240 4 4 1 0
1021 228 4 4 1 0
893 818 10 12 1 0
761 1012 12 10 1 0
378 1182 12 10 1 0
1211 688 10 12 1 0
839 857 10 12 1 0
1440 955 10 12 1 0
1844 239 4 4 1 0
1484 574 6 3 1 0
1320 27 4 4 1 0
178 230 4 4 1 0
1611 583 6 3 1 0
324 1158 12 10 1 0
1054 590 6 3 1 0
1918 735 10 12 1 0
1285 1098 12 10 1 0
199 633 10 12 1 0
1715 764 10 12 1 0
269 641 10 12 1 0
811 237 4 4 1 0
1007 626 10 12 1 0
1034 850 10 12 1 0
461 621 6 8 1 0
997 859 10 12 1 0
603 18 4 4 1 0
1012 729 10 12 1 0
931 332 4 4 1 0
1372 241 4 4 1 0
1244 564 6 3 1 0
1455 261 4 4 1 0
522 999 12 10 1 0
1431 244 4 4 1 0
590 665 10 12 1 0
965 759 10 12 1 0
1772 1119 12 10 1 0
1411 701 10 12 1 0
1275 652 10 12 1 0
659 1016 12 10 1 0
1351 730 10 12 1 0
1869 821 10 12 1 0
448 1037 12 10 1 0
700 574 6 3 1 0
483 1012 12 10 1 0
1354 982 10 12 1 0
1329 1126 12 10 1 0
1621 738 10 12 1 0
525 323 4 4 1 0
1135 975 10 12 1 0
507 727 10 12 1 0
1715 649 10 12 1 0
1604 250 4 4 1 0
1137 1082 12 10 1 0
1292 343 4 4 1 0
1401 540 6 3 1 0
749 880 10 12 1 0
1386 685 10 12 1 0
1689 338 4 4 1 0
2036 231 4 4 1 0
1572 1070 12 10 1 0
102 232 4 4 1 0
1882 528 6 3 1 0
1230 234 4 4 1 0
1425 984 10 12 1 0
1504 659 10 12 1 0
500 658 10 12 1 0
371 1149 12 10 1 0
706 687 10 12 1 0
1301 332 4 4 1 0
317 624 10 12 1 0
1353 343 4 4 1 0
1112 584 6 3 1 0
1818 954 10 12 1 0
1276 899 10 12 1 0
1210 600 6 3 1 0
1337 967 10 12 1 0
478 354 4 4 1 0
1028 1098 12 10 1 0
1440 1088 12 10 1 0
1776 931 10 12 1 0
684 589 6 3 1 0
1996 682 10 12 1 0
651 955 10 12 1 0
1595 329 4 4 1 0
1328 526 6 3 1 0
1944 245 4 4 1 0
1560 237 4 4 1 0
545 1015 12 10 1 0
825 723 10 12 1 0
780 1073 12 10 1 0
1293 634 10 12 1 0
741 578 6 3 1 0
1970 1000 10 12 3 0
1234 1036 12 10 1 0
1124 343 4 4 1 0
895 884 10 12 1 0
1819 244 4 4 1 0
734 749 10 12 1 0
890 755 10 12 1 0
441 327 4 4 1 0
901 236 4 4 1 0
1511 930 10 12 1 0
1756 247 4 4 1 0
868 834 10 12 1 0
679 326 4 4 1 0
972 801 10 12 1 0
1073 984 10 12 1 0
1418 942 10 12 1 0
1936 505 6 3 1 0
1830 947 10 12 1 0
987 564 6 3 1 0
1004 845 10 12 1 0
1179 25 4 4 1 0
565 830 10 12 1 0
1904 3 4 4 1 0
701 28 4 4 1 0
589 850 10 12 1 0
32 17 4 4 1 0
910 720 10 12 1 0
666 820 10 12 1 0
393 1084 12 10 1 0
969 611 6 3 1 0
1505 527 6 3 1 0
1869 8 4 4 1 0
33 698 10 12 1 0
359 1177 12 10 1 0
739 1014 12 10 1 0
383 233 4 4 1 0
1633 639 10 12 1 0
376 629 10 12 1 0
1146 593 6 3 1 0
915 644 10 12 1 0
1046 292 4 4 1 0
1603 503 6 3 1 0
1134 1119 12 10 1 0
739 914 10 12 1 0
769 948 10 12 1 0
916 1077 12 10 1 0
1272 632 10 12 1 0
267 1112 12 10 1 0
145 226 4 4 1 0
1378 1029 12 10 1 0
1188 623 10 12 1 0
2017 318 4 4 1 0
1781 951 10 12 1 0
1220 894 10 12 1 0
1215 300 4 4 1 0
947 891 10 12 1 0
272 666 10 12 1 0
1826 609 6 3 1 0
1158 895 10 12 1 0
794 231 4 4 1 0
1432 542 6 3 1 0
108 1103 12 10 1 0
525 231 4 4 1 0
660 930 10 12 1 0
517 17 4 4 1 0
1175 1037 12 10 1 0
1192 637 10 12 1 0
827 1009 12 10 1 0
737 973 10 12 1 0
317 232 4 4 1 0
696 1106 12 10 1 0
1117 962 10 12 1 0
1860 326 4 4 1 0
1907 324 4 4 1 0
820 1078 12 10 1 0
1026 608 6 3 1 0
1012 976 10 12 1 0
1209 588 6 3 1 0
1306 1104 12 10 1 0
928 981 10 12 1 0
1091 348 4 4 1 0
111 228 4 4 1 0
1517 574 6 3 1 0
1406 732 10 12 1 0
1837 20 4 4 1 0
778 586 6 3 1 0
1053 1020 12 10 1 0
1615 28 4 4 1 0
1964 713 10 12 1 0
1246 676 10 12 1 0
1448 519 6 3 1 0
1545 758 10 12 1 0
1439 239 4 4 1 0
1878 608 6 3 1 0
922 564 6 3 1 0
655 1022 12 10 1 0
977 232 4 4 1 0
1614 252 4 4 1 0
685 704 10 12 1 0
867 337 4 4 1 0
1382 520 6 3 1 0
26 1032 12 10 1 0
1061 1088 12 10 1 0
1169 240 4 4 1 0
66 18 4 4 1 0
1274 344 4 4 1 0
364 333 4 4 1 0
1895 251 4 4 1 0
53 228 4 4 1 0
1296 591 6 3 1 0
1991 29 4 4 1 0
1744 31 4 4 1 0
1413 931 10 12 1 0
1088 556 6 3 1 0
1897 318 4 4 1 0
2018 827 10 12 1 0
334 703 10 12 1 0
1429 939 10 12 1 0
429 231 4 4 1 0
1523 29 4 4 1 0
686 603 6 3 1 0
1461 524 6 3 1 0
1494 1036 12 10 1 0
1143 698 10 12 1 0
1198 582 6 3 1 0
1063 635 10 12 1 0
2005 452 6 3 1 0
746 746 10 12 1 0
937 836 10 12 1 0
594 690 10 12 1 0
94 767 10 12 1 0
1497 664 10 12 1 0
1454 581 6 3 1 0
464 644 10 12 1 0
774 890 10 12 1 0
747 988 10 12 1 0
1355 1112 12 10 1 0
708 334 4 4 1 0
1211 344 4 4 1 0
1100 665 10 12 1 0
1958 241 4 4 1 0
1263 686 10 12 1 0
1089 531 6 3 1 0
1236 690 10 12 1 0
1568 354 4 4 1 0
1212 572 6 3 1 0
965 707 10 12 1 0
785 1054 12 10 1 0
478 19 4 4 1 0
1242 605 6 3 1 0
1038 924 10 12 1 0
1806 942 10 12 1 0
1968 34 4 4 1 0
1481 264 4 4 1 0
685 1080 12 10 1 0
1445 345 4 4 1 0
945 229 4 4 1 0
1653 492 6 3 1 0
1081 347 4 4 1 0
1068 1023 12 10 1 0
1868 503 6 3 1 0
38 1010 12 10 1 0
1248 594 6 3 1 0
892 971 10 12 1 0
1273 687 10 12 1 0
1600 28 4 4 1 0
1028 667 10 12 1 0
1500 962 10 12 1 0
500 787 10 12 1 0
1161 974 10 12 1 0
1036 332 4 4 1 0
1159 637 10 12 1 0
1653 943 10 12 1 0
944 1016 12 10 1 0
962 1016 12 10 1 0
1399 1089 12 10 1 0
1877 5 4 4 1 0
1698 719 10 12 1 0
2028 299 4 4 1 0
1808 467 6 3 1 0
558 1008 12 10 1 0
799 24 4 4 1 0
1873 21 4 4 1 0
1353 664 10 12 1 0
978 756 10 12 1 0
785 852 10 12 1 0
1479 532 6 3 1 0
1757 945 10 12 1 0
658 904 10 12 1 0
1451 1114 12 10 1 0
1528 510 6 3 1 0
404 1072 12 10 1 0
496 717 10 12 1 0
1392 239 4 4 1 0
486 1069 12 10 1 0
1789 465 6 3 1 0
1008 999 11 10 1 0
1447 594 6 3 1 0
661 748 10 12 1 0
423 615 6 3 1 0
1983 728 10 12 1 0
1939 5 4 4 1 0
784 571 6 3 1 0
386 580 6 3 1 0
942 773 10 12 1 0
1772 535 6 3 1 0
1029 1046 12 10 1 0
1775 334 4 4 1 0
1559 247 4 4 1 0
1223 568 6 3 1 0
825 844 10 12 1 0
750 330 4 4 1 0
1095 592 6 3 1 0
1451 568 6 3 1 0
804 1039 12 10 1 0
721 1066 12 10 1 0
1859 28 4 4 1 0
1673 972 10 12 1 0
1467 692 10 12 1 0
1951 585 6 3 1 0
1396 703 10 12 1 0
1953 7 4 4 1 0
1424 297 4 4 1 0
719 330 4 4 1 0
538 662 10 12 1 0
1702 512 6 3 1 0
1482 604 6 3 1 0
1309 909 10 12 1 0
184 21 4 4 1 0
1899 8 4 4 1 0
1734 250 4 4 1 0
1201 969 10 12 1 0
758 581 6 3 1 0
840 829 10 12 1 0
1871 685 10 12 1 0
387 747 10 12 1 0
775 1011 12 10 1 0
1160 1129 12 10 1 0
1136 645 10 12 1 0
1348 533 6 3 1 0
1125 645 10 12 1 0
826 885 10 12 1 0
885 1109 12 10 1 0
778 773 10 12 1 0
640 1078 12 10 1 0
1144 1046 12 10 1 0
1418 753 10 12 1 0
1988 767 10 12 1 0
683 998 11 11 1 0
578 726 10 12 1 0
1660 734 10 12 1 0
1485 932 10 12 1 0
818 300 4 4 1 0
1459 1021 12 10 1 0
1283 637 10 12 1 0
1032 550 6 3 1 0
360 790 10 12 1 0
454 789 10 12 1 0
613 232 4 4 1 0
1101 910 10 12 1 0
