305 305 16 17 1 0
34 240 7 11 1 0
491 204 7 10 1 0
153 288 16 17 1 0
28 259 7 11 1 0
613 196 7 10 1 0
160 318 16 17 1 0
359 200 7 11 1 0
613 218 7 10 1 0
16 303 16 17 1 0
672 277 18 18 1 0
97 235 7 11 1 0
662 259 7 10 1 0
49 310 16 17 1 0
552 286 18 18 1 0
538 206 7 10 1 0
196 311 16 17 1 0
275 203 7 11 1 0
289 325 16 17 1 0
27 303 16 17 1 0
658 221 7 10 1 0
643 189 7 10 1 0
197 208 7 11 1 0
34 217 7 11 1 0
594 192 7 10 1 0
528 202 7 10 1 0
498 199 7 10 1 0
675 215 7 10 1 0
113 226 7 11 1 0
259 224 7 11 1 0
85 187 7 11 1 0
25 219 7 11 1 0
596 273 7 10 1 0
600 211 7 10 1 0
4 307 16 17 1 0
504 299 18 18 1 0
405 219 7 11 1 0
256 263 7 11 1 0
565 243 7 10 1 0
636 266 7 10 1 0
260 210 7 11 1 0
29 191 7 11 1 0
184 215 7 11 1 0
15 192 7 11 1 0
364 197 7 11 1 0
151 209 7 11 1 0
321 329 16 17 1 0
333 205 7 11 1 0
76 189 7 11 1 0
686 229 7 10 1 0
356 256 7 11 1 0
671 231 7 10 1 0
227 224 7 11 1 0
41 215 7 11 1 0
343 324 16 17 1 0
65 326 16 17 1 0
271 239 7 11 1 0
624 252 7 10 1 0
580 252 7 10 1 0
684 257 7 10 1 0
561 226 7 10 1 0
657 244 7 10 1 0
622 269 7 10 1 0
295 264 7 11 1 0
30 275 13 15 1 0
332 215 7 11 1 0
106 325 16 17 1 0
563 259 7 10 1 0
560 208 7 10 1 0
301 251 7 11 1 0
518 309 18 18 1 0
547 203 7 10 1 0
25 192 7 11 1 0
302 227 7 11 1 0
87 289 16 17 1 0
48 248 7 11 1 0
63 191 7 11 1 0
121 220 7 11 1 0
302 277 16 17 1 0
104 243 7 11 1 0
315 213 7 11 1 0
664 195 7 10 1 0
510 206 7 10 1 0
153 247 7 11 1 0
283 210 7 11 1 0
381 226 7 11 1 0
379 306 16 17 1 0
659 199 7 10 1 0
175 219 7 11 1 0
197 263 7 11 1 0
569 195 7 10 1 0
310 234 7 11 1 0
271 209 7 11 1 0
17 231 7 11 1 0
562 235 7 10 1 0
462 156 38 50 1 0
539 263 7 10 1 0
341 216 7 11 1 0
215 316 16 17 1 0
160 212 7 11 1 0
373 189 7 11 1 0
689 209 7 10 1 0
396 243 7 11 1 0
550 206 7 10 1 0
180 235 7 11 1 0
53 226 7 11 1 0
358 186 7 11 1 0
555 188 7 10 1 0
628 189 7 10 1 0
115 257 7 11 1 0
121 299 16 17 1 0
110 262 7 11 1 0
217 209 7 11 1 0
604 238 7 10 1 0
185 234 7 11 1 0
260 232 7 11 1 0
60 212 7 11 1 0
132 290 16 17 1 0
287 208 7 11 1 0
178 288 16 17 1 0
185 206 7 11 1 0
542 221 7 10 1 0
44 224 7 11 1 0
637 216 7 10 1 0
649 264 7 10 1 0
248 212 7 11 1 0
317 281 16 17 1 0
146 320 16 17 1 0
595 226 7 10 1 0
296 236 7 11 1 0
142 209 7 11 1 0
310 214 7 11 1 0
548 268 7 10 1 0
656 278 18 18 1 0
4 278 16 17 1 0
630 212 7 10 1 0
246 223 7 11 1 0
175 232 7 11 1 0
36 190 7 11 1 0
23 243 7 11 1 0
526 211 7 10 1 0
186 226 7 11 1 0
136 252 7 11 1 0
249 229 7 11 1 0
5 192 7 11 1 0
574 240 7 10 1 0
47 212 7 11 1 0
580 206 7 10 1 0
85 236 7 11 1 0
207 226 7 11 1 0
362 280 16 17 1 0
379 199 7 11 1 0
553 255 7 10 1 0
280 213 7 11 1 0
180 232 7 11 1 0
153 274 11 14 1 0
139 219 7 11 1 0
215 250 7 11 1 0
117 204 7 11 1 0
218 277 16 17 1 0
366 233 7 11 1 0
366 188 7 11 1 0
234 220 7 11 1 0
608 274 7 10 1 0
250 312 16 17 1 0
621 191 7 10 1 0
162 233 7 11 1 0
634 199 7 10 1 0
226 214 7 11 1 0
167 212 7 11 1 0
616 207 7 10 1 0
381 277 16 17 1 0
352 188 7 11 1 0
230 290 16 17 1 0
480 310 18 18 1 0
627 258 7 10 1 0
582 257 7 10 1 0
129 208 7 11 1 0
646 201 7 10 1 0
255 214 7 11 1 0
10 263 7 11 1 0
473 286 18 18 1 0
568 232 7 10 1 0
50 291 16 17 1 0
622 280 18 18 1 0
361 300 16 17 1 0
674 204 7 10 1 0
581 221 7 10 1 0
370 200 7 11 1 0
539 189 7 10 1 0
570 253 7 10 1 0
637 195 7 10 1 0
174 206 7 11 1 0
197 216 7 11 1 0
573 273 7 10 1 0
525 189 7 10 1 0
552 236 7 10 1 0
48 189 7 11 1 0
198 283 16 17 1 0
176 244 7 11 1 0
285 222 7 11 1 0
694 247 7 10 1 0
591 251 7 10 1 0
300 218 7 11 1 0
677 247 7 10 1 0
332 230 7 11 1 0
245 283 16 17 1 0
