513 129 6 5 1 0
353 201 7 10 1 0
679 149 6 7 1 0
271 144 6 5 1 0
468 60 6 5 1 0
382 2 2 3 1 0
518 52 6 5 1 0
464 1 2 3 1 0
317 303 11 12 1 0
746 422 11 12 1 0
393 24 2 3 1 0
244 227 7 10 1 0
53 146 7 9 1 0
540 95 6 5 1 0
576 145 6 5 1 0
20 183 7 9 1 0
617 193 7 10 1 0
577 131 6 5 1 0
543 139 6 5 1 0
522 74 6 5 1 0
614 190 7 10 1 0
476 85 6 5 1 0
517 144 6 5 1 0
251 164 6 5 1 0
527 165 6 5 1 0
703 330 11 12 1 0
231 332 11 12 1 0
356 65 6 5 1 0
407 18 2 3 1 0
401 106 6 5 1 0
482 6 2 3 1 0
402 393 11 12 1 0
342 231 7 10 1 0
511 79 6 5 1 0
437 349 11 12 1 0
305 78 6 5 1 0
136 80 6 5 1 0
403 10 2 3 1 0
459 333 11 12 1 0
219 364 11 12 1 0
525 105 6 5 1 0
506 55 6 5 1 0
400 2 2 3 1 0
834 274 7 10 1 0
9 144 7 9 1 0
13 174 7 9 1 0
301 184 6 5 1 0
324 104 6 5 1 0
248 355 11 12 1 0
599 380 11 12 1 0
428 6 2 3 1 0
394 40 2 3 1 0
330 237 7 10 1 0
430 130 6 5 1 0
560 34 2 3 1 0
412 9 2 3 1 0
346 37 2 3 1 0
265 103 6 5 1 0
438 2 2 3 1 0
699 405 11 12 1 0
433 194 7 10 1 0
487 426 11 12 1 0
358 172 6 5 1 0
280 219 7 10 1 0
462 212 7 10 1 0
433 13 2 3 1 0
432 21 2 3 1 0
446 2 2 3 1 0
379 11 2 3 1 0
443 120 6 5 1 0
507 117 6 5 1 0
256 210 7 10 1 0
521 57 6 5 1 0
474 227 7 10 1 0
318 154 6 5 1 0
142 84 6 5 1 0
869 281 9 11 1 0
350 8 2 3 1 0
860 268 9 11 1 0
232 141 6 5 1 0
567 93 6 5 1 0
440 114 6 5 1 0
332 45 3 3 1 0
664 171 6 5 1 0
355 24 2 3 1 0
414 2 2 3 1 0
568 175 6 5 1 0
309 143 6 5 1 0
424 18 2 3 1 0
228 216 7 10 2 0
364 172 6 5 1 0
857 176 6 7 1 0
439 244 7 10 1 0
492 187 6 5 1 0
427 80 6 5 1 0
149 83 6 5 1 0
391 315 11 12 1 0
394 123 6 5 1 0
377 45 2 3 1 0
394 187 6 5 1 0
536 333 11 12 1 0
229 215 7 10 2 0
853 168 6 7 1 0
388 2 2 3 1 0
568 27 2 3 1 0
253 169 6 5 1 0
339 99 6 5 1 0
405 27 2 3 1 0
425 77 6 5 1 0
235 79 6 5 1 0
665 399 11 12 1 0
543 97 6 5 1 0
391 11 2 3 1 0
496 93 6 5 1 0
445 40 2 3 1 0
866 257 9 11 1 0
356 125 6 5 1 0
556 86 6 5 1 0
419 69 6 5 1 0
479 172 6 5 1 0
358 262 7 10 1 0
145 74 6 5 1 0
528 20 2 3 1 0
460 409 11 12 1 0
292 264 7 10 1 0
381 67 6 5 1 0
774 261 7 10 1 0
447 378 11 12 1 0
490 23 2 3 1 0
529 410 11 12 1 0
377 2 2 3 1 0
412 107 6 5 1 0
402 24 2 3 1 0
435 77 6 5 1 0
44 320 11 12 1 0
480 260 7 10 1 0
2 145 7 9 1 0
52 127 7 9 1 0
12 187 7 9 1 0
492 32 2 3 1 0
487 97 6 5 1 0
534 55 6 5 1 0
410 2 2 3 1 0
515 236 7 10 1 0
443 93 6 5 1 0
378 336 11 12 1 0
847 165 6 7 1 0
704 278 7 10 1 0
432 66 6 5 1 0
655 354 11 12 1 0
348 150 6 5 1 0
423 2 2 3 1 0
523 23 2 3 1 0
456 20 2 3 1 0
622 160 6 5 1 0
383 169 6 5 1 0
451 77 6 5 1 0
454 13 2 3 1 0
556 24 2 3 1 0
535 22 2 3 1 0
433 2 2 3 1 0
454 37 2 3 1 0
443 86 6 5 1 0
423 12 2 3 1 0
419 44 2 3 1 0
358 320 11 12 1 0
323 138 6 5 1 0
398 65 6 5 1 0
361 108 6 5 1 0
399 221 7 10 1 0
514 176 6 5 1 0
471 113 6 5 1 0
372 129 6 5 1 0
433 99 6 5 1 0
333 40 3 3 1 0
50 124 7 9 1 0
451 115 6 5 1 0
478 62 6 5 1 0
644 173 6 5 1 0
293 144 6 5 1 0
325 120 6 5 1 0
444 28 2 3 1 0
340 17 2 3 1 0
411 266 7 10 1 0
327 263 7 10 1 0
347 167 6 5 1 0
214 138 6 5 1 0
252 130 6 5 1 0
252 299 11 12 1 0
568 37 2 3 1 0
445 162 6 5 1 0
611 306 11 12 1 0
40 168 7 9 1 0
359 86 6 5 1 0
579 181 6 5 1 0
531 24 2 3 1 0
514 45 2 3 1 0
410 88 6 5 1 0
282 232 7 10 1 0
452 109 6 5 1 0
760 391 11 12 1 0
494 133 6 5 1 0
375 208 7 10 1 0
270 133 6 5 1 0
389 70 6 5 1 0
245 290 7 10 1 0
276 207 7 10 1 0
331 122 6 5 1 0
47 168 7 9 1 0
574 149 6 5 1 0
464 42 2 3 1 0
525 284 7 10 1 0
458 65 6 5 1 0
376 177 6 5 1 0
487 75 6 5 1 0
399 35 2 3 1 0
397 109 6 5 1 0
470 18 2 3 1 0
509 38 2 3 1 0
367 110 6 5 1 0
23 328 11 12 1 0
600 346 11 12 1 0
429 151 6 5 1 0
604 258 7 10 1 0
52 140 9 11 1 0
549 173 6 5 1 0
540 119 6 5 1 0
548 19 2 3 1 0
382 150 6 5 1 0
295 102 6 5 1 0
547 63 6 5 1 0
442 10 2 3 1 0
529 156 6 5 1 0
445 112 6 5 1 0
