49 4 6 8 1 0
42 28 6 8 1 0
175 2 6 8 1 0
253 58 6 8 1 0
602 16 20 25 1 0
236 58 6 8 1 0
151 206 11 11 1 0
49 10 6 8 1 0
43 62 6 8 1 0
302 176 32 42 1 0
370 3 7 8 1 0
36 169 12 12 1 0
398 92 9 11 1 0
109 19 6 8 1 0
428 6 7 8 1 0
584 149 18 22 1 0
284 147 9 11 1 0
147 245 11 11 1 0
106 109 6 8 1 0
62 137 6 8 1 0
275 17 6 8 1 0
36 201 12 12 1 0
582 9 12 14 1 0
557 62 21 27 1 0
197 114 6 8 1 0
130 221 11 11 1 0
171 53 6 8 1 0
163 230 11 11 1 0
295 90 9 11 1 0
177 21 6 8 1 0
114 47 6 8 1 0
210 123 6 8 1 0
36 22 6 8 1 0
206 10 6 8 1 0
41 213 12 12 1 0
33 196 12 12 1 0
186 67 6 8 1 0
33 36 6 8 1 0
146 4 6 8 1 0
159 66 6 8 1 0
277 62 9 11 1 0
130 174 11 11 1 0
50 73 6 8 1 0
37 71 6 8 1 0
244 211 11 11 1 0
208 208 11 11 1 0
334 36 7 8 1 0
112 158 11 11 1 0
110 95 6 8 1 0
114 8 6 8 1 0
2 158 10 11 1 0
136 143 11 11 1 0
188 98 6 8 1 0
114 86 6 8 1 0
411 16 7 8 1 0
167 174 11 11 1 0
289 7 7 8 1 0
312 24 7 8 1 0
278 156 6 8 1 0
88 105 6 8 1 0
142 74 6 8 1 0
7 183 12 12 1 0
160 76 6 8 1 0
287 134 9 11 1 0
583 38 21 27 1 0
427 97 29 34 1 0
544 16 9 9 1 0
46 131 6 8 1 0
126 15 6 8 1 0
185 33 6 8 1 0
68 103 6 8 1 0
243 14 6 8 1 0
20 47 6 8 1 0
162 51 6 8 1 0
188 52 6 8 1 0
535 54 9 9 1 0
220 6 6 8 1 0
151 5 6 8 1 0
278 97 9 11 1 0
168 267 30 44 1 0
215 15 6 8 1 0
25 20 6 8 1 0
270 96 6 8 1 0
399 41 7 8 1 0
129 69 6 8 1 0
564 28 12 14 1 0
148 228 11 11 1 0
427 43 7 8 1 0
253 185 11 11 1 0
151 77 6 8 1 0
138 58 6 8 1 0
138 183 11 11 1 0
85 143 11 11 1 0
112 248 11 11 1 0
26 80 6 8 1 0
273 190 32 42 1 0
216 104 6 8 1 0
180 237 30 44 1 0
481 15 9 9 1 0
245 108 6 8 1 0
169 79 6 8 1 0
22 163 12 12 1 0
233 140 6 8 1 0
208 33 6 8 1 0
39 113 6 8 1 0
204 44 6 8 1 0
222 129 6 8 1 0
336 19 7 8 1 0
166 132 11 11 1 0
377 8 7 8 1 0
67 86 6 8 1 0
157 155 11 11 1 0
97 282 18 20 1 0
214 180 11 11 1 0
54 116 6 8 1 0
176 133 6 8 1 0
73 193 11 11 1 0
221 191 11 11 1 0
199 219 11 11 1 0
249 37 6 8 1 0
215 217 11 11 1 0
314 67 9 11 1 0
237 146 6 8 1 0
154 88 6 8 1 0
83 200 11 11 1 0
320 142 9 11 1 0
232 72 6 8 1 0
198 192 11 11 1 0
59 98 6 8 1 0
57 4 6 8 1 0
201 160 6 8 1 0
280 80 9 11 1 0
36 226 12 12 1 0
159 89 6 8 1 0
14 34 6 8 1 0
222 85 6 8 1 0
22 96 6 8 1 0
171 195 11 11 1 0
21 111 6 8 1 0
326 66 9 11 1 0
211 85 6 8 1 0
436 121 29 34 1 0
245 37 6 8 1 0
106 151 11 11 1 0
195 236 30 44 1 0
13 57 6 8 1 0
287 102 9 11 1 0
482 40 9 9 1 0
491 23 9 9 1 0
512 7 9 9 1 0
119 253 18 20 1 0
17 80 6 8 1 0
128 168 11 11 1 0
492 40 9 9 1 0
21 34 6 8 1 0
274 17 6 8 1 0
360 26 7 8 1 0
39 129 6 8 1 0
78 104 6 8 1 0
32 110 6 8 1 0
32 99 6 8 1 0
232 7 6 8 1 0
189 142 6 8 1 0
198 153 6 8 1 0
61 62 6 8 1 0
65 299 16 17 1 0
88 77 6 8 1 0
6 18 6 8 1 0
244 7 6 8 1 0
229 48 6 8 1 0
383 92 9 11 1 0
511 25 9 9 1 0
219 28 6 8 1 0
553 17 12 14 1 0
247 60 6 8 1 0
479 64 9 9 1 0
43 237 12 12 3 0
214 54 6 8 1 0
323 131 9 11 1 0
87 32 6 8 1 0
238 74 6 8 1 0
560 9 12 14 1 0
180 66 6 8 1 0
98 243 11 11 1 0
244 176 11 11 1 0
401 18 7 8 1 0
72 76 6 8 1 0
409 43 7 8 1 0
668 69 93 111 1 0
270 63 6 8 1 0
47 115 6 8 1 0
575 62 21 27 1 0
371 156 22 24 1 0
371 92 9 11 1 0
10 123 6 8 1 0
213 200 11 11 1 0
328 12 7 8 1 0
101 262 18 20 1 0
517 100 9 9 1 0
103 47 6 8 1 0
295 9 7 8 1 0
347 72 9 11 1 0
436 15 7 8 1 0
116 112 6 8 1 0
221 21 6 8 1 0
256 17 6 8 1 0
132 85 6 8 1 0
283 85 9 11 1 0
204 56 6 8 1 0
190 208 11 11 1 0
232 88 6 8 1 0
239 93 6 8 1 0
250 14 6 8 1 0
341 108 9 11 1 0
319 28 7 8 1 0
121 83 6 8 1 0
339 11 7 8 1 0
196 68 6 8 1 0
134 101 6 8 1 0
41 3 6 8 1 0
80 121 6 8 1 0
233 33 6 8 1 0
310 31 7 8 1 0
266 169 6 8 1 0
363 104 9 11 1 0
266 124 6 8 1 0
172 13 6 8 1 0
453 78 7 8 1 0
311 150 9 11 1 0
162 159 11 11 1 0
161 109 6 8 1 0
114 268 18 20 1 0
200 98 6 8 1 0
412 79 9 11 1 0
509 47 9 9 1 0
191 34 6 8 1 0
155 41 6 8 1 0
102 93 6 8 1 0
299 70 9 11 1 0
92 34 6 8 1 0
217 72 6 8 1 0
53 20 6 8 1 0
354 72 9 11 1 0
179 96 6 8 1 0
449 17 7 8 1 0
374 110 9 11 1 0
275 146 9 11 1 0
219 262 30 44 1 0
153 65 6 8 1 0
274 123 6 8 1 0
88 6 6 8 1 0
21 230 12 12 1 0
121 115 6 8 1 0
29 126 6 8 1 0
117 165 11 11 1 0
268 40 6 8 1 0
26 165 12 12 1 0
162 164 11 11 1 0
70 63 6 8 1 0
4 55 6 8 1 0
153 249 30 44 1 0
343 93 9 11 1 0
254 95 6 8 1 0
323 85 9 11 1 0
236 15 6 8 1 0
356 101 9 11 1 0
252 114 6 8 1 0
367 84 9 11 1 0
450 52 7 8 1 0
372 125 22 24 1 0
11 94 6 8 1 0
262 121 6 8 1 0
320 7 7 8 1 0
224 72 6 8 1 0
467 56 9 9 1 0
159 13 6 8 1 0
160 4 6 8 1 0
18 197 12 12 1 0
266 75 6 8 1 0
243 192 11 11 1 0
85 55 6 8 1 0
135 29 6 8 1 0
249 73 6 8 1 0
309 85 9 11 1 0
176 51 6 8 1 0
236 7 6 8 1 0
131 4 6 8 1 0
39 206 12 12 1 0
17 19 6 8 1 0
91 94 6 8 1 0
36 84 6 8 1 0
43 172 12 12 1 0
77 63 6 8 1 0
462 18 7 8 1 0
210 46 6 8 1 0
222 234 11 11 1 0
145 32 6 8 1 0
21 2 6 8 1 0
153 49 6 8 1 0
199 169 6 8 1 0
146 62 6 8 1 0
98 227 11 11 1 0
45 232 12 12 1 0
155 4 6 8 1 0
195 54 6 8 1 0
213 24 6 8 1 0
178 79 6 8 1 0
182 142 6 8 1 0
89 208 11 11 1 0
86 278 18 20 1 0
91 160 11 11 1 0
121 232 11 11 1 0
4 120 6 8 1 0
72 118 6 8 1 0
1 223 12 12 1 0
50 63 6 8 1 0
316 127 9 11 1 0
64 4 6 8 1 0
143 103 6 8 1 0
167 21 6 8 1 0
108 82 6 8 1 0
9 107 6 8 1 0
192 202 11 11 1 0
48 99 6 8 1 0
125 58 6 8 1 0
224 14 6 8 1 0
59 18 6 8 1 0
79 140 6 8 1 0
226 137 6 8 1 0
157 105 6 8 1 0
81 87 6 8 1 0
226 104 6 8 1 0
204 122 6 8 1 0
119 58 6 8 1 0
216 126 6 8 1 0
136 195 11 11 1 0
124 137 11 11 1 0
43 219 12 12 1 0
207 98 6 8 1 0
154 94 6 8 1 0
258 76 6 8 1 0
203 17 6 8 1 0
127 98 6 8 1 0
144 146 11 11 1 0
201 185 11 11 1 0
429 51 7 8 1 0
249 94 6 8 1 0
109 33 6 8 1 0
194 15 6 8 1 0
229 184 11 11 1 0
333 142 9 11 1 0
177 10 6 8 1 0
342 173 22 24 1 0
160 128 11 11 1 0
352 10 7 8 1 0
94 76 6 8 1 0
410 62 9 11 1 0
105 7 6 8 1 0
100 25 6 8 1 0
163 210 11 11 1 0
