116 181 6 8 1 0
598 136 7 8 1 1
432 358 34 41 1 0
269 304 18 23 1 0
270 184 9 11 1 0
94 173 6 8 1 1
95 282 15 17 1 0
495 173 10 14 1 0
312 303 18 23 1 0
223 182 9 11 1 0
79 164 6 8 1 1
444 171 9 11 1 0
373 207 13 17 1 0
15 383 27 40 1 0
606 140 7 8 1 0
119 194 8 12 1 0
617 130 7 8 1 1
165 232 10 15 1 0
69 177 6 8 1 1
151 167 7 8 1 1
337 321 34 41 1 0
300 164 6 6 1 0
327 202 13 17 1 0
151 213 10 15 1 0
78 171 6 8 1 1
457 147 7 8 1 1
277 165 6 6 1 0
418 176 9 11 1 0
552 125 8 10 1 1
191 229 17 21 1 0
618 157 9 11 1 0
240 151 5 5 1 1
227 333 20 32 1 0
239 238 13 14 1 0
496 237 16 20 1 0
297 248 13 14 1 0
255 166 9 11 1 0
540 174 10 14 1 0
323 161 6 6 1 0
139 193 8 12 1 0
174 182 8 12 1 0
568 190 10 14 1 0
37 195 8 12 1 0
449 212 13 17 1 0
203 194 12 13 1 0
560 179 10 14 1 0
214 180 9 11 1 0
95 318 27 40 1 0
521 165 10 14 1 0
536 132 8 10 1 1
132 372 27 40 1 0
242 171 9 11 1 0
534 218 16 20 1 0
111 237 17 21 1 0
287 182 9 11 1 0
24 286 15 17 1 0
109 171 6 8 1 1
437 228 13 17 1 0
579 85 8 11 1 0
162 180 8 12 1 0
400 213 13 17 1 0
414 241 11 17 1 0
41 182 6 8 1 0
455 235 11 17 1 0
328 184 9 11 1 0
183 217 12 13 1 0
400 159 9 9 1 0
354 198 13 17 1 0
16 196 8 12 1 0
155 257 17 21 1 0
425 147 7 8 1 1
138 294 15 17 1 0
484 261 21 27 1 0
84 197 8 12 1 0
246 342 20 32 1 0
4 176 6 8 1 0
61 192 8 12 1 0
36 216 10 15 1 0
9 181 6 8 1 0
608 155 9 11 1 0
22 173 6 8 1 1
105 183 6 8 1 0
498 156 7 8 1 0
297 296 18 23 1 0
348 167 9 11 1 0
263 172 9 11 1 0
325 149 6 6 1 1
317 248 13 14 1 0
70 229 10 15 1 0
458 204 13 17 1 0
106 191 8 12 1 0
463 166 9 9 1 0
167 169 7 8 1 1
54 169 6 8 1 1
86 180 6 8 1 0
281 238 13 14 1 0
618 205 8 16 1 0
30 184 6 8 1 0
483 161 9 9 1 0
265 266 15 18 1 0
364 160 9 11 1 0
248 148 5 5 1 1
287 209 12 13 1 0
568 233 16 20 1 0
401 175 9 11 1 0
184 174 7 8 1 0
512 184 10 14 1 0
514 140 7 8 1 1
238 222 12 13 1 0
53 275 15 17 1 0
207 280 18 23 1 0
313 157 6 6 1 0
270 159 6 6 1 0
209 217 12 13 1 0
506 155 7 8 1 0
60 181 6 8 1 0
322 380 34 41 1 0
499 193 10 14 1 0
230 207 12 13 1 0
370 230 13 17 1 0
158 194 8 12 1 0
569 381 40 49 1 0
440 160 9 9 1 0
419 168 9 11 1 0
520 151 7 8 1 1
426 185 9 11 1 0
286 159 6 6 1 0
191 168 7 8 1 0
249 212 12 13 1 0
189 184 8 12 1 0
27 144 4 5 1 1
389 168 9 11 1 0
457 175 9 11 1 0
282 192 12 13 1 0
386 155 9 9 1 0
367 169 9 11 1 0
431 308 27 32 1 0
431 158 9 9 1 0
11 141 4 5 1 1
45 249 17 21 1 0
118 219 10 15 1 0
23 304 15 17 1 0
232 258 17 21 1 0
392 240 11 17 1 0
539 317 27 32 1 0
304 180 9 11 1 0
608 127 7 8 1 1
456 157 7 8 1 0
471 159 9 9 1 0
18 181 6 8 1 0
