762 1015 12 13 1 0
2066 1161 15 17 1 0
1017 1131 15 17 1 0
890 1471 22 20 1 0
2610 1227 15 17 1 0
2894 1386 15 17 1 0
1249 1326 15 17 1 0
1316 1281 15 17 1 0
1895 993 12 13 1 0
1514 1217 15 17 1 0
2474 1285 15 17 1 0
2640 1633 22 20 1 0
1892 1135 15 17 1 0
390 1233 15 17 1 0
1067 1394 15 17 1 0
984 1646 22 20 1 0
1512 1244 15 17 1 0
2192 1010 12 13 1 0
2394 1153 15 17 1 0
905 1335 15 17 1 0
2060 725 13 14 1 1
1138 1624 22 20 1 0
202 1108 15 17 1 0
2103 1169 15 17 1 0
2709 1287 15 17 1 0
2250 1388 15 17 1 0
1718 1330 15 17 1 0
1576 1384 15 17 1 0
302 1110 15 17 1 0
868 1464 22 20 1 0
1434 1072 15 17 1 0
263 1248 15 17 1 0
1901 1338 15 17 1 0
2202 1345 15 17 1 0
2170 1146 15 17 1 0
130 1295 15 17 1 0
396 1622 22 20 1 0
1882 1383 15 17 1 0
3157 1101 12 13 1 0
1764 1564 22 20 1 0
1656 1053 15 17 1 0
184 1041 12 13 1 0
825 1310 15 17 1 0
1281 1482 22 20 1 0
1743 1120 15 17 1 0
1648 1343 15 17 1 0
3096 1502 22 20 1 0
1700 1457 18 18 1 0
1030 1085 15 17 1 0
650 1032 12 13 1 0
2782 1548 22 20 1 0
2816 1033 12 13 1 0
2851 1364 15 17 1 0
2693 1447 20 19 1 0
1320 1252 15 17 1 0
2653 881 12 13 1 1
842 1178 15 17 1 0
2370 1050 12 13 1 0
2466 1076 15 17 1 0
1046 1057 15 17 1 0
1722 1021 12 13 1 0
2178 1085 15 17 1 0
1717 1179 15 17 1 0
138 1230 15 17 1 0
1990 999 12 13 1 0
2053 1666 22 20 1 0
2612 1005 12 13 1 0
2091 1129 15 17 1 0
219 1191 15 17 1 0
660 1418 15 17 1 0
2829 1372 15 17 1 0
2219 1134 15 17 1 0
1547 1308 15 17 1 0
1765 1050 12 13 1 0
1024 1673 22 20 1 0
528 1644 22 20 1 0
1337 1573 22 20 1 0
2523 1071 15 17 1 0
1611 1455 18 18 1 0
1394 1335 15 17 1 0
694 1007 12 13 1 0
1356 1049 12 13 1 0
337 1483 22 20 1 0
117 1105 15 17 1 0
1186 1314 15 17 1 0
535 1509 22 20 1 0
1563 1462 18 18 1 0
1558 1356 15 17 1 0
2987 1106 15 17 1 0
406 1091 15 17 1 0
1619 1415 15 17 1 0
1834 1151 15 17 1 0
2218 1375 15 17 1 0
2372 1237 15 17 1 0
2721 1478 22 20 1 0
443 1630 22 20 1 0
1791 1353 15 17 1 0
2713 1654 22 20 1 0
907 1462 16 17 1 0
2111 1666 22 20 1 0
235 1314 15 17 1 0
2602 1492 22 20 1 0
3018 1162 15 17 1 0
997 1310 15 17 1 0
680 1137 15 17 1 0
1408 1077 15 17 1 0
2083 1009 12 13 1 0
1592 1449 16 17 1 0
1678 1278 15 17 1 0
2942 1178 15 17 1 0
1241 738 13 14 1 1
1212 1618 22 20 1 0
2717 1006 12 13 1 0
636 1109 15 17 1 0
219 1612 22 20 1 0
759 1284 15 17 1 0
336 1020 12 13 1 1
690 1109 15 17 1 0
2945 1025 12 13 1 0
781 1209 15 17 1 0
2304 1206 15 17 1 0
523 1370 15 17 1 0
135 1318 15 17 1 0
1517 996 12 13 1 0
880 1383 15 17 1 0
1930 1193 15 17 1 0
1774 1096 15 17 1 0
2518 1295 15 17 1 0
1780 1186 15 17 1 0
1349 1459 16 17 1 0
1625 1488 22 20 1 0
2052 1590 22 20 1 0
1171 1457 20 19 1 0
2720 1224 15 17 1 0
2002 1543 22 20 1 0
2577 895 12 13 1 1
1410 1358 15 17 1 0
1080 1008 12 13 1 0
30 1276 15 17 1 0
220 1452 18 18 1 0
38 1526 22 20 1 0
2670 1210 15 17 1 0
1259 985 12 13 1 0
3057 1359 15 17 1 0
1823 1271 15 17 1 0
52 1620 22 20 1 0
1193 1643 22 20 1 0
2707 1677 22 20 1 0
2397 420 13 14 1 1
1533 1396 15 17 1 0
3105 1515 22 20 1 0
2053 1243 15 17 1 0
1130 1425 15 17 1 0
477 1225 15 17 1 0
3193 1474 22 20 1 0
1569 991 12 13 1 0
1611 1435 15 17 1 0
1649 1140 15 17 1 0
1860 1588 22 20 1 0
1233 1501 22 20 1 0
1739 1426 15 17 1 0
663 1004 12 13 1 0
3095 1030 12 13 1 0
1838 1645 22 20 1 0
370 1156 15 17 1 0
167 1204 15 17 1 0
1466 1218 15 17 1 0
2174 1109 15 17 1 0
242 1045 12 13 1 0
1511 1331 15 17 1 0
929 1391 15 17 1 0
1507 977 12 13 1 0
3087 1373 15 17 1 0
1483 1635 22 20 1 0
766 1579 22 20 1 0
2350 1065 15 17 1 0
680 1178 15 17 1 0
2753 1449 20 19 1 0
3046 993 12 13 1 0
2288 1668 22 20 1 0
2760 1520 22 20 1 0
3158 1566 22 20 1 0
1719 1434 15 17 1 0
2822 981 12 13 1 0
2964 1147 15 17 1 0
2417 1092 15 17 1 0
2632 1461 22 20 1 0
2245 1270 15 17 1 0
2502 1398 15 17 1 0
1900 1243 15 17 1 0
69 1285 15 17 1 0
3115 1668 22 20 1 0
1195 1602 22 20 1 0
2074 1574 22 20 1 0
2625 1065 15 17 1 0
1709 722 13 14 1 1
67 1212 15 17 1 0
73 1362 15 17 1 0
1039 1120 15 17 1 0
2914 1078 15 17 1 0
1625 1213 15 17 1 0
2099 705 13 14 1 1
2092 1348 15 17 1 0
2549 1020 12 13 1 0
2646 1006 12 13 1 0
2096 1237 15 17 1 0
307 1650 22 20 1 0
1691 1310 15 17 1 0
1821 1489 22 20 1 0
2855 1065 15 17 1 0
2046 1475 22 20 1 0
340 1177 15 17 1 0
2469 1162 15 17 1 0
1049 996 12 13 1 0
2737 1509 22 20 1 0
2971 980 12 13 1 0
1966 1243 15 17 1 0
254 1150 15 17 1 0
1732 1350 15 17 1 0
1850 1489 22 20 1 0
387 1105 15 17 1 0
766 1369 15 17 1 0
600 1503 22 20 1 0
1573 733 13 14 1 1
2133 1199 15 17 1 0
101 1323 15 17 1 0
2784 1427 15 17 1 0
849 1449 18 18 1 0
1608 1229 15 17 1 0
985 1018 12 13 1 0
1692 1000 12 13 1 0
2982 1652 22 20 1 0
2307 1114 15 17 1 0
2630 1158 15 17 1 0
50 1005 14 16 1 1
1532 1362 15 17 1 0
723 986 12 13 1 0
2456 1313 15 17 1 0
417 1132 15 17 1 0
2801 1289 15 17 1 0
3057 1024 12 13 1 0
49 1638 22 20 1 0
271 1500 22 20 1 0
2143 1157 15 17 1 0
2541 992 12 13 1 0
406 1221 15 17 1 0
1147 1166 15 17 1 0
2463 1097 15 17 1 0
2772 1040 12 13 1 0
742 1348 15 17 1 0
1467 1335 15 17 1 0
2229 1403 15 17 1 0
2999 1473 22 20 1 0
923 1024 12 13 1 0
772 1121 15 17 1 0
2687 1369 15 17 1 0
1662 1215 15 17 1 0
1922 1156 15 17 1 0
2308 1673 22 20 1 0
492 1317 15 17 1 0
1655 1361 15 17 1 0
1774 1014 12 13 1 0
1305 1320 15 17 1 0
91 1161 15 17 1 0
2123 1150 15 17 1 0
998 1025 12 13 1 0
3165 1530 22 20 1 0
424 1560 22 20 1 0
2740 1478 22 20 1 0
1355 1487 22 20 1 0
135 1111 15 17 1 0
800 1540 22 20 1 0
2743 1147 15 17 1 0
1285 1332 15 17 1 0
2389 1384 15 17 1 0
697 1188 15 17 1 0
119 1067 15 17 1 0
1272 1646 22 20 1 0
1486 1176 15 17 1 0
1346 1270 15 17 1 0
1879 1268 15 17 1 0
1308 933 12 13 1 1
867 1380 15 17 1 0
264 1026 12 13 1 1
2924 1275 15 17 1 0
622 997 12 13 1 0
1481 1160 15 17 1 0
1259 1365 15 17 1 0
1673 1306 15 17 1 0
2692 1107 15 17 1 0
2284 1430 15 17 1 0
1086 1316 15 17 1 0
1196 1301 15 17 1 0
31 1206 15 17 1 0
1821 1094 15 17 1 0
3078 1590 22 20 1 0
2196 1398 15 17 1 0
743 1027 12 13 1 0
1139 1396 15 17 1 0
1132 1184 15 17 1 0
2629 1264 15 17 1 0
769 1084 15 17 1 0
2242 1445 15 17 1 0
1189 1676 22 20 1 0
1585 1428 15 17 1 0
2248 1041 12 13 1 0
312 1049 12 13 1 0
3136 1458 22 20 1 0
2537 1529 22 20 1 0
1803 1411 15 17 1 0
1985 1333 15 17 1 0
1374 991 12 13 1 0
2688 1166 15 17 1 0
2592 1307 15 17 1 0
1120 1394 15 17 1 0
1539 1463 22 20 1 0
2723 1387 15 17 1 0
380 1281 15 17 1 0
2715 1189 15 17 1 0
3084 1484 22 20 1 0
2375 1517 22 20 1 0
207 1011 12 13 1 1
1331 1433 15 17 1 0
2119 1399 15 17 1 0
1531 1293 15 17 1 0
2330 1487 22 20 1 0
2908 1053 15 17 1 0
1894 1439 15 17 1 0
218 1656 22 20 1 0
2693 1463 22 20 1 0
3049 1080 15 17 1 0
2792 1675 22 20 1 0
3179 1456 20 19 1 0
678 1205 15 17 1 0
819 1116 15 17 1 0
1104 1269 15 17 1 0
307 1322 15 17 1 0
1363 1400 15 17 1 0
2042 1266 15 17 1 0
255 1175 15 17 1 0
1431 1015 12 13 1 0
1340 1314 15 17 1 0
2763 1148 15 17 1 0
2131 1524 22 20 1 0
2988 1193 15 17 1 0
2031 1181 15 17 1 0
2895 1011 12 13 1 0
2710 1462 22 20 1 0
286 1209 15 17 1 0
3076 1528 22 20 1 0
1280 1457 15 17 1 0
2600 1212 15 17 1 0
946 1261 15 17 1 0
2182 1271 15 17 1 0
2865 1333 15 17 1 0
724 1116 15 17 1 0
162 1182 15 17 1 0
2450 1217 15 17 1 0
2901 1150 15 17 1 0
931 1457 16 17 1 0
2749 1189 15 17 1 0
2291 1380 15 17 1 0
1845 1294 15 17 1 0
1793 725 13 14 1 1
470 1583 22 20 1 0
908 1538 22 20 1 0
2349 1317 15 17 1 0
2870 1147 15 17 1 0
2992 1498 22 20 1 0
946 1143 15 17 1 0
3017 1070 15 17 1 0
2522 1436 15 17 1 0
2776 1302 15 17 1 0
2572 1371 15 17 1 0
1430 1291 15 17 1 0
2545 1165 15 17 1 0
1307 1160 15 17 1 0
2499 1008 12 13 1 0
3178 1626 22 20 1 0
764 1541 22 20 1 0
2737 1003 12 13 1 0
2447 1005 12 13 1 0
1519 721 13 14 1 1
2195 1085 15 17 1 0
2961 1564 22 20 1 0
1615 1348 15 17 1 0
1540 1432 15 17 1 0
578 1163 15 17 1 0
2694 1206 15 17 1 0
2312 1470 22 20 1 0
775 1153 15 17 1 0
3138 1618 22 20 1 0
596 1568 22 20 1 0
1896 1303 15 17 1 0
2793 1632 22 20 1 0
3142 1080 12 13 1 0
3024 998 12 13 1 0
1746 1291 15 17 1 0
141 1144 15 17 1 0
228 1227 15 17 1 0
484 1528 22 20 1 0
2885 1459 22 20 1 0
1490 1438 15 17 1 0
1225 1128 15 17 1 0
1701 1243 15 17 1 0
1654 1114 15 17 1 0
2330 1339 15 17 1 0
1632 724 13 14 1 1
2776 1495 22 20 1 0
2691 1477 22 20 1 0
656 1362 15 17 1 0
2930 1550 22 20 1 0
1058 719 13 14 1 1
1828 1325 15 17 1 0
1171 1065 15 17 1 0
1690 1495 22 20 1 0
2063 1019 12 13 1 0
1425 1172 15 17 1 0
530 1225 15 17 1 0
2681 1241 15 17 1 0
896 1395 15 17 1 0
2333 1126 15 17 1 0
1801 1548 22 20 1 0
1644 1588 22 20 1 0
1958 1000 12 13 1 0
28 1334 15 17 1 0
838 1532 22 20 1 0
687 1265 15 17 1 0
1660 1510 22 20 1 0
2280 1097 15 17 1 0
538 1275 15 17 1 0
1993 1511 22 20 1 0
2153 1276 15 17 1 0
1013 1639 22 20 1 0
1673 1160 15 17 1 0
885 1029 12 13 1 0
1521 1125 15 17 1 0
1225 1003 12 13 1 0
1481 1067 15 17 1 0
2154 1349 15 17 1 0
3163 1039 12 13 1 0
919 1645 22 20 1 0
1328 1207 15 17 1 0
2947 977 12 13 1 0
1874 1206 15 17 1 0
1631 1181 15 17 1 0
672 1017 12 13 1 0
21 1134 15 17 1 0
997 1370 15 17 1 0
729 1366 15 17 1 0
1704 1339 15 17 1 0
1372 1273 15 17 1 0
953 1343 15 17 1 0
2841 1239 15 17 1 0
2430 1161 15 17 1 0
74 1298 15 17 1 0
390 1131 15 17 1 0
2683 1084 15 17 1 0
1204 1448 18 18 1 0
1658 1458 20 19 1 0
2183 1371 15 17 1 0
1862 1246 15 17 1 0
814 1032 12 13 1 0
2001 1098 15 17 1 0
2149 1136 15 17 1 0
1878 1076 15 17 1 0
997 727 13 14 1 1
1262 727 13 14 1 1
2296 1424 15 17 1 0
2803 1104 15 17 1 0
997 1440 15 17 1 0
259 1057 15 17 1 0
940 1108 15 17 1 0
2012 1353 15 17 1 0
675 1047 12 13 1 0
762 1304 15 17 1 0
2372 1623 22 20 1 0
1999 1270 15 17 1 0
2815 1479 22 20 1 0
2082 1637 22 20 1 0
114 1311 15 17 1 0
1546 1590 22 20 1 0
2787 986 12 13 1 0
931 1325 15 17 1 0
2011 1214 15 17 1 0
1664 1268 15 17 1 0
2465 1664 22 20 1 0
1320 1335 15 17 1 0
855 1094 15 17 1 0
1219 1138 15 17 1 0
711 1337 15 17 1 0
486 1395 15 17 1 0
1856 1271 15 17 1 0
2369 1121 15 17 1 0
1119 1004 12 13 1 0
198 1572 22 20 1 0
1381 1003 12 13 1 0
2708 1211 15 17 1 0
2743 1243 15 17 1 0
62 1391 15 17 1 0
1508 1601 22 20 1 0
2298 1307 15 17 1 0
1148 1153 15 17 1 0
2214 1020 12 13 1 0
2270 1117 15 17 1 0
1608 1133 15 17 1 0
1648 1407 15 17 1 0
1128 1294 15 17 1 0
2698 984 12 13 1 0
1926 1107 15 17 1 0
1659 1387 15 17 1 0
116 1639 22 20 1 0
1058 1645 22 20 1 0
1688 1360 15 17 1 0
1204 1480 22 20 1 0
2874 1173 15 17 1 0
3144 1523 22 20 1 0
193 1415 15 17 1 0
913 1607 22 20 1 0
1628 1366 15 17 1 0
3180 1329 15 17 1 0
2268 1667 22 20 1 0
1705 1606 22 20 1 0
2693 1006 12 13 1 0
1738 1557 22 20 1 0
635 1365 15 17 1 0
1044 1382 15 17 1 0
824 1404 15 17 1 0
1232 1634 22 20 1 0
1931 1270 15 17 1 0
728 1068 15 17 1 0
912 1108 15 17 1 0
1591 1305 15 17 1 0
2871 973 12 13 1 0
2584 1185 15 17 1 0
3009 1181 15 17 1 0
2816 1631 22 20 1 0
1486 715 13 14 1 1
2193 1314 15 17 1 0
1764 1071 15 17 1 0
1442 1529 22 20 1 0
690 1515 22 20 1 0
2283 1271 15 17 1 0
769 1034 12 13 1 0
43 1163 15 17 1 0
1426 1591 22 20 1 0
2964 1641 22 20 1 0
1973 1654 22 20 1 0
492 1648 22 20 1 0
2150 1666 22 20 1 0
1297 1585 22 20 1 0
2205 1493 22 20 1 0
960 1456 16 17 1 0
2928 1629 22 20 1 0
1218 1287 15 17 1 0
1038 1268 15 17 1 0
2742 1291 15 17 1 0
417 1657 22 20 1 0
1407 1135 15 17 1 0
2323 1143 15 17 1 0
1688 1120 15 17 1 0
1570 1276 15 17 1 0
1965 1188 15 17 1 0
395 1066 15 17 1 0
2182 1244 15 17 1 0
2139 1621 22 20 1 0
2151 1384 15 17 1 0
937 1289 15 17 1 0
1271 1307 15 17 1 0
959 1382 15 17 1 0
1210 1345 15 17 1 0
161 1205 15 17 1 0
2378 1185 15 17 1 0
2291 1066 15 17 1 0
1953 1399 15 17 1 0
34 1095 15 17 1 0
2616 1643 22 20 1 0
372 1209 15 17 1 0
1716 1269 15 17 1 0
945 1335 15 17 1 0
646 1277 15 17 1 0
2358 1214 15 17 1 0
1788 1057 15 17 1 0
2342 1455 18 18 1 0
1415 1325 15 17 1 0
1538 1661 22 20 1 0
3172 1499 22 20 1 0
68 1345 15 17 1 0
758 1329 15 17 1 0
1939 1493 22 20 1 0
2213 1270 15 17 1 0
276 1354 15 17 1 0
319 1006 12 13 1 1
2103 1317 15 17 1 0
1609 1160 15 17 1 0
3033 1549 22 20 1 0
1082 1450 16 17 1 0
1114 1072 15 17 1 0
2632 1508 22 20 1 0
2430 1464 22 20 1 0
723 1170 15 17 1 0
1418 1203 15 17 1 0
598 1332 15 17 1 0
1460 1417 15 17 1 0
2185 1569 22 20 1 0
1898 1644 22 20 1 0
2850 977 12 13 1 0
1828 1243 15 17 1 0
3101 1650 22 20 1 0
757 1405 15 17 1 0
281 1139 15 17 1 0
1276 1271 15 17 1 0
1159 1089 15 17 1 0
1385 1510 22 20 1 0
122 1040 12 13 1 0
1898 1393 15 17 1 0
2954 1212 15 17 1 0
2981 1509 22 20 1 0
2588 1519 22 20 1 0
212 1418 15 17 1 0
865 1135 15 17 1 0
2116 996 12 13 1 0
18 1077 15 17 1 0
2937 1656 22 20 1 0
1040 1023 12 13 1 0
1764 1508 22 20 1 0
112 1180 15 17 1 0
55 1023 13 15 1 1
3010 1144 15 17 1 0
1517 1298 15 17 1 0
1429 1154 15 17 1 0
94 1651 22 20 1 0
1141 1359 15 17 1 0
1779 1301 15 17 1 0
2359 1493 22 20 1 0
141 1371 15 17 1 0
328 1224 15 17 1 0
2181 1469 22 20 1 0
724 1206 15 17 1 0
3159 1070 12 13 1 0
1216 1587 22 20 1 0
2081 1427 15 17 1 0
3158 1006 12 13 1 0
826 700 13 14 1 1
1724 1200 15 17 1 0
1834 1185 15 17 1 0
1003 1554 22 20 1 0
1485 1494 22 20 1 0
1078 1342 15 17 1 0
208 1209 15 17 1 0
1154 1221 15 17 1 0
3073 1208 15 17 1 0
2414 1130 15 17 1 0
3057 1528 22 20 1 0
2140 1578 22 20 1 0
161 1157 15 17 1 0
1022 1462 16 17 1 0
1381 1310 15 17 1 0
2576 1274 15 17 1 0
577 1198 15 17 1 0
2951 1087 15 17 1 0
1610 1103 15 17 1 0
275 1042 12 13 1 0
591 1162 15 17 1 0
2681 1051 12 13 1 0
1684 1184 15 17 1 0
1397 1591 22 20 1 0
1768 1489 22 20 1 0
894 1317 15 17 1 0
1908 1183 15 17 1 0
1582 1211 15 17 1 0
2595 1044 12 13 1 0
1505 1074 15 17 1 0
872 1363 15 17 1 0
1136 1273 15 17 1 0
675 1237 15 17 1 0
1412 1122 15 17 1 0
3135 1342 15 17 1 0
1610 1509 22 20 1 0
1112 1459 16 17 1 0
2030 1044 12 13 1 0
1756 1019 12 13 1 0
1333 1458 16 17 1 0
2828 1644 22 20 1 0
386 1623 22 20 1 0
2492 1342 15 17 1 0
646 1568 22 20 1 0
2188 1655 22 20 1 0
1634 1657 22 20 1 0
1486 994 12 13 1 0
1496 1400 15 17 1 0
2380 1136 15 17 1 0
1282 1215 15 17 1 0
1088 1078 15 17 1 0
523 1206 15 17 1 0
131 1331 15 17 1 0
2827 1536 22 20 1 0
2518 1652 22 20 1 0
175 1336 15 17 1 0
1669 693 13 14 1 1
1243 1382 15 17 1 0
534 1474 22 20 1 0
196 1653 22 20 1 0
1803 1645 22 20 1 0
2315 1236 15 17 1 0
1461 1609 22 20 1 0
212 1285 15 17 1 0
2256 1495 22 20 1 0
41 1143 15 17 1 0
2216 1581 22 20 1 0
1726 1167 15 17 1 0
1405 1531 22 20 1 0
793 1133 15 17 1 0
2670 1019 12 13 1 0
1886 1171 15 17 1 0
542 1247 15 17 1 0
3190 1293 15 17 1 0
2218 1306 15 17 1 0
3191 1090 12 13 1 0
1130 1641 22 20 1 0
1085 1472 22 20 1 0
2945 1054 15 17 1 0
596 1184 15 17 1 0
1793 1583 22 20 1 0
2636 1531 22 20 1 0
2124 1128 15 17 1 0
1624 1510 22 20 1 0
761 986 12 13 1 0
2688 1519 22 20 1 0
3023 1518 22 20 1 0
1490 1417 15 17 1 0
3076 996 12 13 1 0
2689 1026 12 13 1 0
1545 1273 15 17 1 0
23 1303 15 17 1 0
2445 1407 15 17 1 0
730 1136 15 17 1 0
2743 1626 22 20 1 0
2168 1654 22 20 1 0
814 1488 22 20 1 0
956 1264 15 17 1 0
2407 1655 22 20 1 0
1604 1194 15 17 1 0
1726 994 12 13 1 0
1793 1126 15 17 1 0
1314 1221 15 17 1 0
361 1355 15 17 1 0
682 1089 15 17 1 0
1051 1443 15 17 1 0
417 1530 22 20 1 0
307 1187 15 17 1 0
497 1368 15 17 1 0
1932 1305 15 17 1 0
2200 1435 15 17 1 0
1392 1085 15 17 1 0
2439 1538 22 20 1 0
37 1313 15 17 1 0
3052 1639 22 20 1 0
1683 1656 22 20 1 0
830 1329 15 17 1 0
1965 1268 15 17 1 0
174 1110 15 17 1 0
751 1131 15 17 1 0
1344 1336 15 17 1 0
2274 1495 22 20 1 0
177 1281 15 17 1 0
877 1321 15 17 1 0
170 1097 15 17 1 0
393 1042 12 13 1 0
1050 1159 15 17 1 0
2250 1129 15 17 1 0
1584 1200 15 17 1 0
1402 1209 15 17 1 0
2019 1243 15 17 1 0
1960 1375 15 17 1 0
2342 1081 15 17 1 0
570 1486 22 20 1 0
1771 1155 15 17 1 0
1322 1445 15 17 1 0
1454 1336 15 17 1 0
24 1008 13 15 1 1
1420 985 12 13 1 0
369 1632 22 20 1 0
646 1295 15 17 1 0
1192 1020 12 13 1 0
3040 1030 12 13 1 0
2832 1279 15 17 1 0
2121 1103 15 17 1 0
2053 1127 15 17 1 0
3134 1171 15 17 1 0
724 1485 22 20 1 0
1731 1268 15 17 1 0
1815 1034 12 13 1 0
921 1351 15 17 1 0
2041 1398 15 17 1 0
2464 1192 15 17 1 0
211 1138 15 17 1 0
1491 1464 22 20 1 0
1932 732 13 14 1 1
242 1439 15 17 1 0
681 1573 22 20 1 0
689 1295 15 17 1 0
1411 1635 22 20 1 0
812 1308 15 17 1 0
2302 1347 15 17 1 0
800 1171 15 17 1 0
1581 1403 15 17 1 0
2598 1075 15 17 1 0
2616 1515 22 20 1 0
2641 1664 22 20 1 0
388 1497 22 20 1 0
1764 1275 15 17 1 0
2322 1270 15 17 1 0
1527 1025 12 13 1 0
135 1346 15 17 1 0
1149 1328 15 17 1 0
826 1219 15 17 1 0
2721 1526 22 20 1 0
1508 1262 15 17 1 0
1067 1504 22 20 1 0
1970 1478 22 20 1 0
749 1039 12 13 1 0
1982 1401 15 17 1 0
9 1017 13 15 1 1
1026 1037 12 13 1 0
1894 1014 12 13 1 0
2843 1024 12 13 1 0
2264 1241 15 17 1 0
2568 1404 15 17 1 0
193 1214 15 17 1 0
651 1388 15 17 1 0
1314 1438 15 17 1 0
2312 1414 15 17 1 0
1714 1219 15 17 1 0
1488 1292 15 17 1 0
3164 1669 22 20 1 0
732 1390 15 17 1 0
1865 1444 15 17 1 0
2901 1557 22 20 1 0
203 1377 15 17 1 0
1589 1487 22 20 1 0
2218 1001 12 13 1 0
2231 1089 15 17 1 0
2171 700 13 14 1 1
3179 1530 22 20 1 0
1182 1165 15 17 1 0
2662 1281 15 17 1 0
1039 1454 16 17 1 0
2100 1288 15 17 1 0
1329 1535 22 20 1 0
810 1384 15 17 1 0
1938 998 12 13 1 0
1854 1326 15 17 1 0
1050 1324 15 17 1 0
824 1522 22 20 1 0
1332 1295 15 17 1 0
876 1100 15 17 1 0
2989 1011 12 13 1 0
2938 1484 22 20 1 0
2987 1638 22 20 1 0
2466 1235 15 17 1 0
1939 1457 16 17 1 0
1728 1050 12 13 1 0
1406 1291 15 17 1 0
751 1186 15 17 1 0
1066 1166 15 17 1 0
2225 1659 22 20 1 0
288 1262 15 17 1 0
832 1006 12 13 1 0
1712 1497 22 20 1 0
2780 1221 15 17 1 0
1093 1509 22 20 1 0
656 1096 15 17 1 0
1709 1134 15 17 1 0
3138 1137 13 15 1 0
1111 1354 15 17 1 0
1668 1236 15 17 1 0
753 1251 15 17 1 0
190 1303 15 17 1 0
3179 1575 22 20 1 0
1456 1007 12 13 1 0
1592 1276 15 17 1 0
1698 1288 15 17 1 0
3152 986 12 13 1 0
1249 1270 15 17 1 0
2120 1240 15 17 1 0
835 1556 22 20 1 0
2349 1165 15 17 1 0
2172 1321 15 17 1 0
3169 1430 20 19 1 0
3002 1032 12 13 1 0
2139 1469 22 20 1 0
1876 1111 15 17 1 0
2431 1379 15 17 1 0
1223 1451 20 19 1 0
1728 1381 15 17 1 0
378 1368 15 17 1 0
134 1624 22 20 1 0
1423 1561 22 20 1 0
624 1217 15 17 1 0
2043 1566 22 20 1 0
2928 979 12 13 1 0
705 1166 15 17 1 0
232 984 12 13 1 1
2878 1071 15 17 1 0
1391 1426 15 17 1 0
1821 1018 12 13 1 0
2917 1538 22 20 1 0
2138 1087 15 17 1 0
1920 1143 15 17 1 0
1187 1341 15 17 1 0
1046 1534 22 20 1 0
642 1331 15 17 1 0
2508 1190 15 17 1 0
213 1092 15 17 1 0
2856 1184 15 17 1 0
2348 1233 15 17 1 0
2240 1147 15 17 1 0
2555 1646 22 20 1 0
1161 1426 15 17 1 0
2088 1473 22 20 1 0
919 1055 15 17 1 0
2019 1273 15 17 1 0
2779 985 12 13 1 0
2959 1249 15 17 1 0
1180 1369 15 17 1 0
3151 1372 16 17 1 0
3170 1124 12 14 1 0
1502 1526 22 20 1 0
2907 975 12 13 1 0
2198 1180 15 17 1 0
1495 1371 15 17 1 0
891 1602 22 20 1 0
2040 1017 12 13 1 0
368 1460 20 19 1 0
1873 1665 22 20 1 0
1463 1185 15 17 1 0
2788 1464 22 20 1 0
1968 1459 18 18 1 0
1402 1195 15 17 1 0
3187 1186 14 16 1 0
1063 1443 15 17 1 0
1871 1020 12 13 1 0
523 1192 15 17 1 0
949 1359 15 17 1 0
881 736 13 14 1 1
3030 1399 15 17 1 0
2692 1306 15 17 1 0
594 984 12 13 1 0
249 1502 22 20 1 0
1560 1286 15 17 1 0
1878 1354 15 17 1 0
1929 977 12 13 1 0
1136 1479 22 20 1 0
1116 1020 12 13 1 0
2123 1266 15 17 1 0
1995 1249 15 17 1 0
2840 1524 22 20 1 0
2959 1655 22 20 1 0
1913 1549 22 20 1 0
2708 1026 12 13 1 0
1448 1384 15 17 1 0
54 1084 15 17 1 0
2879 1480 22 20 1 0
92 1298 15 17 1 0
262 1367 15 17 1 0
1993 1314 15 17 1 0
1100 1014 12 13 1 0
2319 1165 15 17 1 0
2234 994 12 13 1 0
160 1390 15 17 1 0
2096 1267 15 17 1 0
353 1110 15 17 1 0
2038 1194 15 17 1 0
3009 1536 22 20 1 0
1259 1439 15 17 1 0
877 1333 15 17 1 0
971 1574 22 20 1 0
510 1186 15 17 1 0
755 1095 15 17 1 0
944 1407 15 17 1 0
2071 1274 15 17 1 0
2435 1648 22 20 1 0
1503 1030 12 13 1 0
156 1308 15 17 1 0
561 1272 15 17 1 0
612 988 12 13 1 0
1711 1076 15 17 1 0
1202 993 12 13 1 0
1565 1313 15 17 1 0
2066 1538 22 20 1 0
953 1239 15 17 1 0
189 1072 15 17 1 0
750 1618 22 20 1 0
2644 961 12 13 1 1
1159 1290 15 17 1 0
1517 1088 15 17 1 0
2346 1519 22 20 1 0
1508 1426 15 17 1 0
2094 1084 15 17 1 0
1910 1090 15 17 1 0
1374 1544 22 20 1 0
2310 1498 22 20 1 0
700 1082 15 17 1 0
1073 1051 12 13 1 0
2749 1029 12 13 1 0
1818 749 13 14 1 1
1392 1260 15 17 1 0
1773 1463 22 20 1 0
2132 988 12 13 1 0
1811 1291 15 17 1 0
2841 1628 22 20 1 0
3072 1642 22 20 1 0
1853 1351 15 17 1 0
117 1022 12 13 1 1
1167 1175 15 17 1 0
1490 1242 15 17 1 0
1823 1208 15 17 1 0
755 1504 22 20 1 0
1918 1419 15 17 1 0
1105 1177 15 17 1 0
705 1352 15 17 1 0
2379 1206 15 17 1 0
2861 1472 22 20 1 0
1000 1294 15 17 1 0
1532 1238 15 17 1 0
25 1346 15 17 1 0
2701 1342 15 17 1 0
1111 1323 15 17 1 0
953 1547 22 20 1 0
2239 1329 15 17 1 0
2468 1119 15 17 1 0
1338 1175 15 17 1 0
1588 1523 22 20 1 0
2206 1244 15 17 1 0
3152 1441 20 19 1 0
1490 1269 15 17 1 0
1039 1247 15 17 1 0
1143 1452 18 18 1 0
2983 1225 15 17 1 0
254 1090 15 17 1 0
2051 1356 15 17 1 0
376 1098 15 17 1 0
1322 1498 22 20 1 0
641 1082 15 17 1 0
327 1092 15 17 1 0
2013 1130 15 17 1 0
612 1391 15 17 1 0
2324 1200 15 17 1 0
2378 1278 15 17 1 0
1520 1267 15 17 1 0
694 1019 12 13 1 0
2972 1527 22 20 1 0
1237 1677 22 20 1 0
2010 1657 22 20 1 0
542 1608 22 20 1 0
970 1542 22 20 1 0
1390 1290 15 17 1 0
1090 1561 22 20 1 0
1507 1464 22 20 1 0
1756 1389 15 17 1 0
1860 1375 15 17 1 0
1026 1387 15 17 1 0
2035 1107 15 17 1 0
1090 1438 15 17 1 0
2942 1624 22 20 1 0
1586 1669 22 20 1 0
280 1476 22 20 1 0
2260 1469 22 20 1 0
2390 1429 15 17 1 0
228 1104 15 17 1 0
1799 1010 12 13 1 0
1362 1348 15 17 1 0
64 1312 15 17 1 0
534 1398 15 17 1 0
847 1361 15 17 1 0
78 1111 15 17 1 0
924 1078 15 17 1 0
1764 1414 15 17 1 0
1474 1291 15 17 1 0
1018 1010 12 13 1 0
2485 1673 22 20 1 0
1992 733 13 14 1 1
1781 1209 15 17 1 0
1692 1573 22 20 1 0
1832 1363 15 17 1 0
1315 1202 15 17 1 0
988 1055 15 17 1 0
228 1502 22 20 1 0
99 1273 15 17 1 0
1899 1261 15 17 1 0
2786 1323 15 17 1 0
1361 998 12 13 1 0
935 1311 15 17 1 0
1793 1241 15 17 1 0
2123 1039 12 13 1 0
639 1352 15 17 1 0
567 1229 15 17 1 0
317 992 12 13 1 1
191 1209 15 17 1 0
867 1023 12 13 1 0
1461 1245 15 17 1 0
587 1237 15 17 1 0
828 1373 15 17 1 0
1144 1501 22 20 1 0
1962 1143 15 17 1 0
2380 1085 15 17 1 0
518 1573 22 20 1 0
2196 1117 15 17 1 0
2567 1668 22 20 1 0
670 1369 15 17 1 0
2695 1137 15 17 1 0
1664 1428 15 17 1 0
2390 1348 15 17 1 0
36 1033 13 15 1 0
388 1334 15 17 1 0
1303 1374 15 17 1 0
1557 1445 15 17 1 0
1109 1192 15 17 1 0
221 1297 15 17 1 0
796 1153 15 17 1 0
3106 1625 22 20 1 0
2446 1490 22 20 1 0
28 1066 15 17 1 0
558 1328 15 17 1 0
2909 1630 22 20 1 0
3055 1113 15 17 1 0
1556 707 13 14 1 1
1043 1302 15 17 1 0
646 1324 15 17 1 0
2530 1016 12 13 1 0
36 996 14 16 1 1
737 1405 15 17 1 0
1852 1405 15 17 1 0
315 1423 15 17 1 0
2358 1189 15 17 1 0
9 1198 15 17 1 0
1311 1364 15 17 1 0
778 1509 22 20 1 0
116 1197 15 17 1 0
1543 1509 22 20 1 0
778 1045 12 13 1 0
919 1006 12 13 1 0
1554 1328 15 17 1 0
1435 1270 15 17 1 0
675 1327 15 17 1 0
102 1367 15 17 1 0
1320 1421 15 17 1 0
864 1541 22 20 1 0
117 1539 22 20 1 0
1508 1192 15 17 1 0
2360 695 13 14 1 1
136 1067 15 17 1 0
701 1133 15 17 1 0
1740 1070 15 17 1 0
2736 1050 12 13 1 0
2529 1503 22 20 1 0
732 1546 22 20 1 0
1693 1386 15 17 1 0
393 1155 15 17 1 0
1044 1217 15 17 1 0
2800 1042 12 13 1 0
1172 1235 15 17 1 0
1925 915 12 13 1 1
1091 1384 15 17 1 0
2388 1057 15 17 1 0
1490 1191 15 17 1 0
1473 1124 15 17 1 0
2635 1235 15 17 1 0
2286 1236 15 17 1 0
3065 1584 22 20 1 0
1152 1276 15 17 1 0
1082 1642 22 20 1 0
1640 1278 15 17 1 0
2386 1307 15 17 1 0
1442 1125 15 17 1 0
2556 989 12 13 1 0
1279 1556 22 20 1 0
1287 1264 15 17 1 0
1123 1514 22 20 1 0
2215 1529 22 20 1 0
1039 1143 15 17 1 0
3088 1036 12 13 1 0
2354 1146 15 17 1 0
2272 698 13 14 1 1
3181 1385 20 19 1 0
1376 1174 15 17 1 0
3159 1329 15 17 1 0
1252 1207 15 17 1 0
307 1074 15 17 1 0
316 1265 15 17 1 0
288 1403 15 17 1 0
497 1221 15 17 1 0
2494 1101 15 17 1 0
3042 1306 15 17 1 0
1909 1457 18 18 1 0
1355 1300 15 17 1 0
1968 1613 22 20 1 0
1421 1313 15 17 1 0
1144 1028 12 13 1 0
2756 1560 22 20 1 0
2898 1474 22 20 1 0
2476 1652 22 20 1 0
2332 1407 15 17 1 0
2543 1099 15 17 1 0
2032 1309 15 17 1 0
955 1289 15 17 1 0
802 1323 15 17 1 0
1563 1407 15 17 1 0
3183 1009 12 13 1 0
2150 1244 15 17 1 0
1769 1337 15 17 1 0
1587 1290 15 17 1 0
1848 1025 12 13 1 0
1252 1013 12 13 1 0
1021 1275 15 17 1 0
1969 1319 15 17 1 0
2616 1170 15 17 1 0
2695 1637 22 20 1 0
2624 1095 15 17 1 0
2670 1490 22 20 1 0
960 1062 15 17 1 0
2956 1120 15 17 1 0
1564 1263 15 17 1 0
6 1535 22 20 1 0
2051 1171 15 17 1 0
2712 1307 15 17 1 0
1070 1324 15 17 1 0
80 1212 15 17 1 0
2344 984 12 13 1 0
1669 1027 12 13 1 0
350 1602 22 20 1 0
226 1134 15 17 1 0
895 1645 22 20 1 0
130 1391 15 17 1 0
2716 1174 15 17 1 0
968 1012 12 13 1 0
988 1326 15 17 1 0
837 1090 15 17 1 0
828 1637 22 20 1 0
2943 1534 22 20 1 0
2010 1381 15 17 1 0
2825 1404 15 17 1 0
1930 1243 15 17 1 0
1389 1459 18 18 1 0
1699 1035 12 13 1 0
448 1482 22 20 1 0
1299 1346 15 17 1 0
1343 1375 15 17 1 0
53 1547 22 20 1 0
1639 1246 15 17 1 0
2432 1495 22 20 1 0
1244 1039 12 13 1 0
1942 1091 15 17 1 0
202 1494 22 20 1 0
2580 1484 22 20 1 0
1799 1267 15 17 1 0
2129 1345 15 17 1 0
3000 1403 15 17 1 0
1922 1650 22 20 1 0
1037 1348 15 17 1 0
2058 1313 15 17 1 0
1818 1385 15 17 1 0
2873 1530 22 20 1 0
1175 1480 22 20 1 0
1018 1412 15 17 1 0
1776 1434 15 17 1 0
1455 1069 15 17 1 0
2239 1166 15 17 1 0
2323 1369 15 17 1 0
669 1502 22 20 1 0
2231 1237 15 17 1 0
738 1300 15 17 1 0
1397 1557 22 20 1 0
1474 1544 22 20 1 0
417 1024 12 13 1 1
350 1056 15 17 1 0
1473 1146 15 17 1 0
1739 1241 15 17 1 0
250 1627 22 20 1 0
2253 1435 15 17 1 0
2164 1434 15 17 1 0
521 1169 15 17 1 0
3123 1016 12 13 1 0
3017 1637 22 20 1 0
1208 1269 15 17 1 0
186 1177 15 17 1 0
853 1054 15 17 1 0
1559 1566 22 20 1 0
2743 1104 15 17 1 0
272 1225 15 17 1 0
819 1150 15 17 1 0
730 1569 22 20 1 0
790 1056 15 17 1 0
1749 1316 15 17 1 0
3065 1042 12 13 1 0
2055 1084 15 17 1 0
363 1167 15 17 1 0
3021 1476 22 20 1 0
2868 1632 22 20 1 0
1144 1675 22 20 1 0
1474 1201 15 17 1 0
1249 1232 15 17 1 0
904 1276 15 17 1 0
1572 1041 12 13 1 0
1206 1148 15 17 1 0
2467 1552 22 20 1 0
2334 1654 22 20 1 0
982 1094 15 17 1 0
1769 1247 15 17 1 0
1352 1321 15 17 1 0
80 1317 15 17 1 0
1513 1387 15 17 1 0
159 1034 12 13 1 0
2730 1079 15 17 1 0
2226 1459 18 18 1 0
1589 1347 15 17 1 0
667 1316 15 17 1 0
14 1361 15 17 1 0
2129 1176 15 17 1 0
2349 1278 15 17 1 0
2253 1318 15 17 1 0
2256 1357 15 17 1 0
1294 1296 15 17 1 0
2652 1429 15 17 1 0
2632 1047 12 13 1 0
68 1149 15 17 1 0
2552 1209 15 17 1 0
1665 1526 22 20 1 0
2986 1457 22 20 1 0
307 1348 15 17 1 0
2978 1184 15 17 1 0
968 1316 15 17 1 0
830 1042 12 13 1 0
1549 1391 15 17 1 0
1980 1375 15 17 1 0
716 1418 15 17 1 0
1495 1505 22 20 1 0
2276 1569 22 20 1 0
1719 1309 15 17 1 0
2789 1130 15 17 1 0
2168 998 12 13 1 0
1914 1007 12 13 1 0
1489 1310 15 17 1 0
1764 706 13 14 1 1
226 1040 12 13 1 0
2466 1457 18 18 1 0
374 1521 22 20 1 0
969 1038 12 13 1 0
