275 528 9 11 1 0
484 515 4 5 1 0
300 537 19 24 1 0
44 531 9 11 1 0
656 557 14 15 1 0
3 522 25 34 1 0
701 565 16 19 1 0
808 555 14 13 1 0
146 531 9 11 1 0
151 620 41 55 1 0
217 540 19 24 1 0
684 551 17 20 1 0
394 610 24 28 1 0
876 566 14 13 1 0
496 546 14 15 1 0
125 594 32 43 1 0
441 536 14 15 1 0
47 565 19 24 1 0
160 556 19 24 1 0
549 511 4 5 1 0
29 633 42 59 1 0
471 514 4 5 1 0
231 532 19 24 1 0
655 586 20 25 1 0
428 545 10 12 1 0
864 508 8 7 1 0
936 580 14 13 1 0
523 514 4 5 1 0
892 566 14 13 1 0
162 532 19 24 1 0
177 531 9 11 1 0
264 559 19 24 1 0
296 558 19 24 2 0
679 584 20 25 1 0
303 554 19 24 2 0
194 525 9 11 1 0
332 548 19 24 2 0
194 545 19 24 1 0
215 528 9 11 1 0
903 605 27 33 1 0
543 550 14 15 1 0
275 520 9 11 1 0
25 522 17 22 1 0
806 587 18 21 1 0
41 519 9 11 1 0
876 509 8 7 1 0
551 534 14 15 1 0
527 611 30 47 1 0
275 571 19 24 1 0
822 534 14 13 1 0
498 520 4 5 1 0
309 527 9 11 1 0
536 529 4 5 1 0
732 599 18 21 1 0
426 528 4 5 1 0
434 570 14 15 1 0
208 559 19 24 1 0
125 528 9 11 1 0
509 513 4 5 1 0
356 570 19 24 1 0
618 546 14 15 1 0
865 708 69 76 1 0
42 593 32 43 1 0
540 575 20 25 1 0
465 551 14 15 1 0
272 598 24 28 1 0
333 530 9 11 1 0
600 554 14 15 1 0
806 621 40 49 1 0
534 508 4 5 1 0
384 510 4 5 1 0
578 547 14 15 1 0
561 514 4 5 1 0
539 513 4 5 1 0
243 547 19 24 1 0
897 551 14 13 1 0
570 515 4 5 1 0
262 542 19 24 1 0
827 588 18 21 1 0
840 576 14 13 1 0
530 515 4 5 1 0
394 507 4 5 1 0
342 547 19 24 2 0
955 678 69 76 1 0
829 562 14 13 1 0
956 598 27 33 1 0
855 561 14 13 1 0
398 550 19 24 1 0
630 553 14 15 1 0
248 533 19 24 1 0
395 530 4 5 1 0
382 535 19 24 1 0
634 540 14 15 1 0
668 550 14 15 1 0
813 568 14 13 1 0
900 508 8 7 1 0
1010 592 27 33 1 0
846 506 8 7 1 0
362 535 19 24 1 0
673 647 40 49 1 0
