624 295 10 14 1 0
253 342 45 61 1 0
764 198 9 11 1 0
872 185 9 11 1 0
806 270 9 13 1 0
522 229 9 11 1 0
199 107 7 11 1 0
1114 151 7 11 1 0
451 233 9 11 1 0
345 403 45 61 1 0
73 118 7 11 1 0
303 353 45 61 1 0
961 273 9 12 1 0
318 384 45 61 1 0
31 270 11 13 1 0
144 148 7 11 1 0
840 388 104 128 1 0
257 122 7 11 1 0
500 94 7 11 1 0
884 244 9 11 1 0
318 167 7 11 1 0
419 213 9 11 1 0
920 183 7 11 1 0
180 185 9 11 1 0
980 236 9 11 1 0
465 204 9 11 1 0
291 298 10 14 1 0
802 212 9 11 1 0
852 127 7 11 1 0
892 183 7 11 1 0
842 136 7 11 1 0
904 262 9 12 1 0
68 278 11 13 1 0
993 316 6 11 1 0
447 117 7 11 1 0
799 202 9 11 1 0
120 114 7 11 1 0
994 298 6 11 1 0
536 144 7 11 1 0
472 161 7 11 1 0
19 105 7 11 1 0
147 187 9 11 1 0
753 144 7 11 1 0
78 175 7 11 1 0
869 312 9 13 1 0
255 226 9 11 1 0
138 117 7 11 1 0
507 146 7 11 1 0
42 152 7 11 1 0
100 214 9 11 1 0
196 135 7 11 1 0
836 211 9 11 1 0
832 291 9 13 1 0
1071 271 9 11 1 0
59 300 11 13 1 0
890 114 7 11 1 0
1030 146 7 11 1 0
398 165 7 11 1 0
761 125 7 11 1 0
271 201 9 11 1 0
998 107 7 11 1 0
689 163 7 11 1 0
217 285 10 14 1 0
849 296 9 13 1 0
233 297 10 14 1 0
949 137 7 11 1 0
963 113 7 11 1 0
520 111 7 11 1 0
984 181 7 11 1 0
489 203 9 11 1 0
1047 458 106 114 1 0
1116 166 7 11 1 0
809 290 9 13 1 0
277 146 7 11 1 0
981 215 9 11 1 0
522 267 11 12 1 0
1143 161 7 11 1 0
775 204 9 11 1 0
682 158 7 11 1 0
585 158 7 11 1 0
362 212 9 11 1 0
560 152 7 11 1 0
870 269 9 13 1 0
303 227 9 11 1 0
1036 278 10 12 1 0
1019 100 7 11 1 0
896 201 9 11 1 0
734 146 7 11 1 0
1004 342 45 57 1 0
610 276 8 11 1 0
603 91 7 11 1 0
728 276 9 13 1 0
88 310 10 16 1 0
479 143 7 11 1 0
305 176 7 11 1 0
677 323 7 8 1 0
370 143 7 11 1 0
779 221 9 11 1 0
813 187 9 11 1 0
844 87 7 11 1 0
138 219 9 11 1 0
457 216 9 11 1 0
595 384 64 69 2 0
457 166 7 11 1 0
682 445 64 69 1 0
572 268 8 11 1 0
211 161 7 11 1 0
739 340 53 58 1 0
197 200 9 11 1 0
1037 222 9 11 1 0
262 176 7 11 1 0
73 310 10 16 1 0
386 170 7 11 1 0
180 164 7 11 1 0
913 117 7 11 1 0
1040 166 7 11 1 0
407 185 9 11 1 0
1116 268 9 11 1 0
78 442 142 172 1 0
586 398 64 69 2 0
998 197 9 11 1 0
451 152 7 11 1 0
910 411 45 57 1 0
774 112 7 11 1 0
7 104 7 11 1 0
420 138 7 11 1 0
139 98 7 11 1 0
1023 201 9 11 1 0
345 88 7 11 1 0
512 109 7 11 1 0
631 320 10 14 1 0
808 179 7 11 1 0
249 163 7 11 1 0
755 293 9 13 1 0
487 106 7 11 1 0
531 159 7 11 1 0
926 211 9 11 1 0
243 183 7 11 1 0
618 248 9 11 1 0
518 214 9 11 1 0
288 172 7 11 1 0
560 142 7 11 1 0
13 153 7 11 1 0
745 115 7 11 1 0
1135 138 7 11 1 0
899 168 7 11 1 0
396 198 9 11 1 0
962 207 9 11 1 0
582 148 7 11 1 0
716 166 7 11 1 0
416 338 122 134 1 0
916 197 9 11 1 0
37 171 7 11 1 0
1097 89 7 11 1 0
465 88 7 11 1 0
877 125 7 11 1 0
336 207 9 11 1 0
306 149 7 11 1 0
591 173 7 11 1 0
408 73 7 11 1 0
947 237 9 11 1 0
837 277 9 13 1 0
354 225 9 11 1 0
121 142 7 11 1 0
1045 331 45 57 1 0
1079 254 9 11 1 0
67 172 7 11 1 0
878 198 9 11 1 0
1101 157 7 11 1 0
509 351 41 58 1 0
324 310 10 14 1 0
653 348 41 58 1 0
936 268 9 12 1 0
822 274 9 13 1 0
505 158 7 11 1 0
1076 153 7 11 1 0
159 209 9 11 1 0
816 124 7 11 1 0
431 201 9 11 1 0
963 141 7 11 1 0
704 159 7 11 1 0
792 120 7 11 1 0
917 278 9 12 1 0
390 215 9 11 1 0
791 160 7 11 1 0
861 159 7 11 1 0
257 290 10 14 1 0
448 140 7 11 1 0
1002 149 7 11 1 0
821 84 7 11 1 0
319 215 9 11 1 0
692 393 64 69 1 0
569 316 41 58 1 0
738 291 9 13 1 0
767 263 9 13 1 0
338 192 9 11 1 0
125 212 9 11 1 0
233 139 7 11 1 0
118 268 11 13 1 0
348 139 7 11 1 0
562 171 7 11 1 0
809 223 9 11 1 0
206 220 9 11 1 0
491 231 9 11 1 0
525 206 9 11 1 0
821 240 9 11 1 0
1059 94 7 11 1 0
179 311 68 81 1 0
852 236 9 11 1 0
99 337 69 71 2 0
226 214 9 11 1 0
30 295 11 13 1 0
19 174 7 11 1 0
300 202 9 11 1 0
782 283 9 13 1 0
1051 386 45 57 1 0
937 316 45 57 1 0
947 222 9 11 1 0
93 155 7 11 1 0
70 349 69 71 2 0
359 205 9 11 1 0
1051 157 7 11 1 0
254 211 9 11 1 0
958 186 9 11 1 0
173 136 7 11 1 0
492 189 9 11 1 0
35 227 9 11 1 0
1043 235 9 11 1 0
280 193 9 11 1 0
75 219 9 11 1 0
1100 286 9 11 1 0
107 297 11 13 1 0
671 149 7 11 1 0
608 329 10 14 1 0
1155 314 45 57 1 0
873 87 7 11 1 0
1130 101 7 11 1 0
117 101 7 11 1 0
397 139 7 11 1 0
525 289 11 12 1 0
190 211 9 11 1 0
800 322 9 13 1 0
863 211 9 11 1 0
1009 232 9 11 1 0
933 104 7 11 1 0
1039 183 7 11 1 0
729 157 7 11 1 0
934 123 7 11 1 0
707 146 7 11 1 0
5 294 11 13 1 0
915 226 9 11 1 0
10 227 9 11 1 0
1131 159 7 11 1 0
873 287 9 13 1 0
161 195 9 11 1 0
1000 247 9 11 1 0
878 223 9 11 1 0
1059 189 9 11 1 0
317 284 10 14 1 0
859 305 9 13 1 0
107 167 7 11 1 0
75 264 11 13 1 0
1089 270 9 11 1 0
513 174 7 11 1 0
840 189 9 11 1 0
990 224 9 11 1 0
715 106 7 11 1 0
218 261 10 14 1 0
25 148 7 11 1 0
813 153 7 11 1 0
58 198 9 11 1 0
1004 177 7 11 1 0
432 183 7 11 1 0
