359 83 7 9 1 0
367 34 6 8 1 0
470 71 6 8 1 0
555 16 6 8 1 0
488 305 11 19 1 0
798 21 6 8 1 0
362 69 6 8 1 0
488 4 6 8 1 0
368 112 7 9 1 0
336 3 6 8 1 0
251 473 13 19 1 0
277 26 6 8 1 0
276 162 7 9 1 0
138 111 7 9 1 0
598 19 6 8 1 0
493 37 6 8 1 0
956 62 6 8 1 0
369 12 6 8 1 0
2 387 11 19 2 0
824 24 6 8 1 0
189 7 6 8 1 0
792 128 7 9 1 0
282 123 7 9 1 0
0 244 8 11 1 0
427 5 6 8 1 0
223 69 6 8 1 0
198 177 7 9 1 0
876 16 6 8 1 0
505 27 6 8 1 0
247 299 11 19 1 0
778 112 7 9 1 0
319 48 6 8 1 0
396 45 6 8 1 0
955 488 13 19 1 0
417 205 7 9 1 0
551 25 6 8 1 0
1 367 11 19 1 0
840 226 7 9 1 0
406 152 7 9 1 0
403 21 6 8 1 0
265 70 6 8 1 0
880 6 6 8 1 0
616 250 7 9 1 0
16 53 6 8 1 0
822 95 7 9 1 0
544 112 7 9 1 0
108 426 11 19 1 0
736 64 6 8 1 0
341 5 6 8 1 0
511 221 7 9 1 0
760 56 6 8 1 0
333 110 7 9 1 0
824 274 11 19 1 0
172 91 7 9 1 0
502 12 6 8 1 0
434 33 6 8 1 0
510 282 11 19 1 0
563 45 6 8 1 0
619 389 11 19 1 0
291 27 6 8 1 0
873 43 6 8 1 0
357 72 6 8 1 0
872 56 6 8 1 0
858 140 7 9 1 0
31 172 7 9 1 0
766 138 7 9 1 0
698 522 13 19 1 0
134 24 6 8 1 0
58 35 6 8 1 0
479 27 6 8 1 0
882 308 11 19 1 0
957 24 6 8 1 0
247 163 7 9 1 0
700 144 7 9 1 0
828 104 7 9 1 0
509 4 6 8 1 0
329 313 11 19 1 0
644 8 6 8 1 0
207 103 7 9 1 0
62 61 6 8 1 0
88 79 7 9 1 0
517 202 7 9 1 0
556 59 6 8 1 0
862 481 13 19 1 0
566 122 7 9 1 0
123 644 13 19 1 0
476 300 11 19 1 0
308 7 6 8 1 0
716 274 11 19 1 0
712 548 13 19 1 0
537 172 7 9 1 0
365 42 6 8 1 0
40 25 6 8 1 0
535 17 6 8 1 0
11 90 7 9 1 0
272 238 7 9 1 0
788 339 11 19 1 0
565 402 11 19 1 0
923 257 7 9 1 0
116 38 6 8 1 0
404 375 11 19 1 0
745 182 7 9 1 0
798 256 7 9 1 0
503 66 6 8 1 0
312 191 7 9 1 0
440 15 6 8 1 0
932 74 6 8 1 0
690 250 7 9 1 0
376 35 6 8 1 0
239 171 7 9 1 0
251 176 7 9 1 0
453 112 7 9 1 0
750 134 7 9 1 0
23 6 6 8 1 0
401 122 7 9 1 0
724 22 6 8 1 0
474 220 7 9 1 0
656 59 6 8 1 0
119 384 11 19 1 0
823 536 13 19 1 0
910 26 6 8 1 0
163 15 6 8 1 0
642 125 7 9 1 0
3 397 11 19 2 0
758 90 7 9 1 0
235 107 7 9 1 0
231 21 6 8 1 0
709 19 6 8 1 0
65 9 6 8 1 0
211 160 7 9 1 0
79 44 6 8 1 0
363 61 6 8 1 0
396 29 6 8 1 0
127 53 6 8 1 0
831 138 7 9 1 0
72 163 7 9 1 0
450 30 6 8 1 0
946 92 7 9 1 0
214 26 6 8 1 0
704 25 6 8 1 0
148 390 11 19 1 0
13 162 7 9 1 0
436 307 11 19 1 0
100 104 7 9 1 0
524 54 6 8 1 0
397 109 7 9 1 0
838 38 6 8 1 0
812 240 7 9 1 0
402 537 13 19 1 0
501 22 6 8 1 0
160 0 6 8 1 0
662 112 7 9 1 0
843 268 11 19 1 0
845 88 7 9 1 0
173 53 6 8 1 0
838 4 6 8 1 0
510 14 6 8 1 0
291 142 7 9 1 0
183 27 6 8 1 0
443 61 6 8 1 0
508 481 13 19 1 0
552 33 6 8 1 0
437 40 6 8 1 0
274 8 6 8 1 0
237 134 7 9 1 0
160 132 7 9 1 0
930 62 6 8 1 0
71 14 6 8 1 0
844 627 13 19 1 0
196 191 7 9 1 0
120 84 7 9 1 0
699 164 7 9 1 0
953 14 6 8 1 0
18 94 7 9 1 0
847 178 7 9 1 0
289 323 11 19 1 0
719 468 13 19 1 0
589 2 6 8 1 0
265 4 6 8 1 0
784 142 7 9 1 0
252 594 13 19 1 0
164 312 11 19 1 0
325 223 7 9 1 0
448 16 6 8 1 0
270 105 7 9 1 0
192 61 6 8 1 0
391 0 6 8 1 0
391 31 6 8 1 0
499 5 6 8 1 0
128 19 6 8 1 0
349 61 6 8 1 0
64 112 7 9 1 0
162 122 7 9 1 0
55 240 7 9 1 0
409 426 11 19 1 0
715 320 11 19 1 0
35 79 7 9 1 0
159 20 6 8 1 0
269 31 6 8 1 0
824 1 6 8 1 0
72 129 7 9 1 0
344 168 7 9 1 0
884 90 7 9 1 0
280 37 6 8 1 0
336 59 6 8 1 0
109 305 11 19 1 0
302 431 11 19 1 0
688 28 6 8 1 0
428 51 6 8 1 0
155 56 6 8 1 0
577 30 6 8 1 0
563 313 11 19 1 0
142 20 6 8 1 0
450 11 6 8 1 0
933 558 13 19 1 0
428 235 7 9 1 0
37 216 7 9 1 0
669 37 6 8 1 0
569 21 6 8 1 0
102 21 6 8 1 0
11 104 7 9 1 0
469 61 6 8 1 0
50 49 6 8 1 0
966 20 6 8 1 0
135 1 6 8 1 0
530 156 7 9 1 0
294 17 6 8 1 0
734 42 6 8 1 0
583 37 6 8 1 0
817 46 6 8 1 0
151 265 11 19 1 0
165 88 7 9 1 0
172 283 11 19 1 0
120 480 13 19 1 0
223 12 6 8 1 0
886 104 7 9 1 0
525 70 6 8 1 0
46 4 6 8 1 0
406 87 7 9 1 0
295 24 6 8 1 0
674 188 7 9 1 0
566 2 6 8 1 0
646 90 7 9 1 0
860 162 7 9 1 0
726 272 11 19 1 0
437 83 7 9 1 0
732 156 7 9 1 0
956 111 7 9 1 0
486 19 6 8 1 0
876 128 7 9 1 0
663 459 13 19 1 0
475 86 7 9 1 0
798 160 7 9 1 0
637 216 7 9 1 0
315 34 6 8 1 0
832 157 7 9 1 0
629 86 7 9 1 0
656 258 11 19 1 0
916 12 6 8 1 0
487 97 7 9 1 0
101 337 11 19 1 0
33 122 7 9 1 0
494 208 7 9 1 0
27 377 11 19 1 0
212 10 6 8 1 0
546 45 6 8 1 0
630 9 6 8 1 0
706 68 6 8 1 0
603 33 6 8 1 0
92 116 7 9 1 0
444 134 7 9 1 0
407 6 6 8 1 0
595 156 7 9 1 0
415 12 6 8 1 0
145 7 6 8 1 0
644 74 6 8 1 0
13 281 11 19 1 0
295 225 7 9 1 0
118 607 13 19 1 0
751 2 6 8 1 0
794 110 7 9 1 0
69 231 7 9 1 0
53 145 7 9 1 0
4 69 6 8 1 0
297 4 6 8 1 0
605 58 6 8 1 0
652 152 7 9 1 0
145 358 11 19 1 0
939 58 6 8 1 0
358 469 13 19 1 0
560 246 7 9 1 0
152 40 6 8 1 0
35 71 6 8 1 0
205 96 7 9 1 0
49 418 11 19 1 0
621 150 7 9 1 0
824 64 6 8 1 0
217 33 6 8 1 0
541 12 6 8 1 0
120 121 7 9 1 0
424 189 7 9 1 0
864 148 7 9 1 0
605 116 7 9 1 0
234 33 6 8 1 0
535 5 6 8 1 0
301 46 6 8 1 0
359 5 6 8 1 0
251 204 7 9 1 0
936 334 11 19 1 0
638 35 6 8 1 0
454 4 6 8 1 0
553 516 13 19 1 0
414 26 6 8 1 0
898 158 7 9 1 0
793 66 6 8 1 0
494 58 6 8 1 0
361 95 7 9 1 0
944 48 6 8 1 0
894 281 11 19 1 0
800 42 6 8 1 0
1 167 7 9 1 0
942 280 11 19 1 0
59 128 7 9 1 0
29 539 13 19 1 0
630 163 7 9 1 0
732 72 6 8 1 0
778 378 11 19 1 0
79 357 11 19 1 0
940 160 7 9 1 0
762 36 6 8 1 0
238 386 11 19 1 0
108 181 7 9 1 0
728 58 6 8 1 0
217 50 6 8 1 0
242 29 6 8 1 0
140 48 6 8 1 0
264 21 6 8 1 0
722 6 6 8 1 0
454 53 6 8 1 0
136 150 7 9 1 0
184 19 6 8 1 0
319 364 11 19 1 0
108 41 6 8 1 0
630 147 7 9 1 0
386 14 6 8 1 0
435 271 11 19 1 0
232 156 7 9 1 0
24 104 7 9 1 0
964 313 10 16 1 0
601 474 13 19 1 0
327 522 13 19 1 0
234 125 7 9 1 0
338 82 7 9 1 0
949 148 7 9 1 0
594 190 7 9 1 0
546 164 7 9 1 0
230 78 7 9 1 0
731 216 7 9 1 0
838 16 6 8 1 0
581 94 7 9 1 0
556 72 6 8 1 0
67 94 7 9 1 0
177 570 13 19 1 0
584 250 7 9 1 0
393 103 7 9 1 0
224 279 11 19 1 0
885 56 6 8 1 0
102 0 6 8 1 0
9 42 6 8 1 0
562 78 7 9 1 0
54 295 11 19 1 0
315 84 7 9 1 0
311 69 6 8 1 0
270 351 11 19 1 0
162 251 7 9 1 0
718 74 6 8 1 0
97 11 6 8 1 0
421 111 7 9 1 0
560 156 7 9 1 0
707 41 6 8 1 0
71 44 6 8 1 0
39 570 13 19 1 0
670 413 11 19 1 0
737 2 6 8 1 0
169 43 6 8 1 0
207 15 6 8 1 0
248 11 6 8 1 0
651 2 6 8 1 0
19 19 6 8 1 0
16 6 6 8 1 0
92 51 6 8 1 0
436 125 7 9 1 0
438 476 13 19 1 0
238 329 11 19 1 0
180 518 13 19 1 0
496 73 6 8 1 0
584 56 6 8 1 0
430 23 6 8 1 0
98 562 13 19 1 0
0 95 7 9 1 0
860 66 6 8 1 0
694 110 7 9 1 0
218 45 6 8 1 0
185 164 7 9 1 0
742 80 7 9 1 0
388 581 13 19 1 0
105 202 7 9 1 0
620 436 11 19 1 0
86 161 7 9 1 0
889 146 7 9 1 0
779 238 7 9 1 0
520 80 7 9 1 0
338 16 6 8 1 0
55 261 11 19 1 0
216 69 6 8 1 0
458 20 6 8 1 0
888 212 7 9 1 0
850 56 6 8 1 0
711 1 6 8 1 0
325 30 6 8 1 0
953 44 6 8 1 0
359 206 7 9 1 0
33 57 6 8 1 0
294 65 6 8 1 0
380 413 11 19 1 0
548 226 7 9 1 0
315 287 11 19 1 0
397 70 6 8 1 0
362 30 6 8 1 0
853 346 11 19 1 0
585 18 6 8 1 0
916 146 7 9 1 0
810 10 6 8 1 0
657 74 6 8 1 0
347 22 6 8 1 0
169 4 6 8 1 0
266 78 7 9 1 0
357 277 11 19 1 0
354 229 7 9 1 0
739 112 7 9 1 0
460 42 6 8 1 0
820 120 7 9 1 0
774 80 7 9 1 0
788 10 6 8 1 0
320 17 6 8 1 0
895 186 7 9 1 0
666 266 11 19 1 0
287 107 7 9 1 0
907 362 11 19 1 0
403 41 6 8 1 0
170 112 7 9 1 0
257 38 6 8 1 0
393 228 7 9 1 0
227 93 7 9 1 0
108 20 6 8 1 0
36 10 6 8 1 0
432 77 7 9 1 0
480 393 11 19 1 0
900 30 6 8 1 0
840 256 7 9 1 0
685 84 7 9 1 0
94 26 6 8 1 0
23 41 6 8 1 0
250 109 7 9 1 0
2 122 7 9 1 0
788 60 6 8 1 0
965 199 7 9 1 0
382 323 11 19 1 0
132 259 11 19 1 0
730 102 7 9 1 0
452 396 11 19 1 0
820 56 6 8 1 0
369 105 7 9 1 0
886 170 7 9 1 0
521 400 11 19 1 0
441 93 7 9 1 0
150 124 7 9 1 0
957 216 7 9 1 0
247 65 6 8 1 0
940 252 7 9 1 0
614 80 7 9 1 0
964 238 7 9 1 0
532 128 7 9 1 0
374 132 7 9 1 0
210 240 7 9 1 0
469 89 7 9 1 0
66 19 6 8 1 0
529 3 6 8 1 0
419 4 6 8 1 0
368 49 6 8 1 0
753 573 13 19 1 0
602 319 11 19 1 0
370 23 6 8 1 0
379 281 11 19 1 0
682 7 6 8 1 0
511 174 7 9 1 0
756 256 7 9 1 0
882 68 6 8 1 0
513 49 6 8 1 0
371 169 7 9 1 0
922 477 13 19 1 0
311 57 6 8 1 0
525 433 11 19 1 0
530 318 11 19 1 0
210 368 11 19 2 0
772 24 6 8 1 0
9 15 6 8 1 0
57 97 7 9 1 0
259 77 7 9 1 0
208 457 13 19 2 0
29 12 6 8 1 0
707 136 7 9 1 0
158 165 7 9 1 0
618 4 6 8 1 0
307 105 7 9 1 0
538 188 7 9 1 0
31 29 6 8 1 0
849 200 7 9 1 0
672 12 6 8 1 0
72 214 7 9 1 0
809 428 11 19 1 0
370 318 11 19 1 0
182 100 7 9 1 0
3 140 7 9 1 0
156 20 6 8 1 0
631 530 13 19 1 0
528 24 6 8 1 0
622 126 7 9 1 0
804 166 7 9 1 0
50 14 6 8 1 0
8 24 6 8 1 0
119 159 7 9 1 0
231 55 6 8 1 0
280 90 7 9 1 0
630 62 6 8 1 0
966 103 6 8 1 0
653 15 6 8 1 0
898 62 6 8 1 0
749 20 6 8 1 0
40 489 13 19 1 0
340 29 6 8 1 0
828 146 7 9 1 0
332 141 7 9 1 0
416 35 6 8 1 0
181 418 11 19 1 0
27 21 6 8 1 0
862 34 6 8 1 0
205 462 13 19 2 0
796 180 7 9 1 0
467 171 7 9 1 0
688 55 6 8 1 0
896 266 11 19 1 0
345 37 6 8 1 0
944 176 7 9 1 0
472 440 11 19 1 0
369 208 7 9 1 0
378 1 6 8 1 0
318 74 6 8 1 0
476 24 6 8 1 0
646 324 11 19 1 0
164 193 7 9 1 0
482 151 7 9 1 0
460 9 6 8 1 0
647 27 6 8 1 0
325 410 11 19 1 0
504 128 7 9 1 0
31 163 7 9 1 0
208 359 11 19 2 0
69 1 6 8 1 0
131 40 6 8 1 0
830 78 7 9 1 0
100 71 6 8 1 0
196 26 6 8 1 0
748 150 7 9 1 0
84 12 6 8 1 0
601 182 7 9 1 0
104 118 7 9 1 0
531 59 6 8 1 0
255 52 6 8 1 0
427 215 7 9 1 0
279 0 6 8 1 0
589 172 7 9 1 0
554 98 7 9 1 0
856 439 11 19 1 0
184 13 6 8 1 0
320 390 11 19 1 0
112 95 7 9 1 0
293 76 6 8 1 0
86 62 6 8 1 0
635 51 6 8 1 0
692 66 6 8 1 0
854 8 6 8 1 0
786 272 11 19 1 0
870 547 13 19 1 0
808 82 7 9 1 0
818 10 6 8 1 0
416 169 7 9 1 0
946 78 7 9 1 0
522 31 6 8 1 0
815 148 7 9 1 0
739 431 11 19 1 0
760 170 7 9 1 0
77 25 6 8 1 0
265 51 6 8 1 0
417 59 6 8 1 0
