931 183 14 14 1 1
806 270 39 54 1 1
541 302 39 54 1 1
967 244 31 28 1 1
184 499 90 115 1 0
995 291 39 54 1 1
451 446 73 88 3 0
35 172 18 17 1 1
177 213 14 14 1 1
250 236 31 28 1 1
132 192 14 14 1 1
208 206 14 14 1 1
721 174 14 14 3 1
988 258 31 28 1 1
465 228 31 28 1 1
265 264 39 54 3 1
682 257 31 28 3 1
665 591 90 115 1 0
753 204 14 14 1 1
810 209 14 14 1 1
875 209 14 14 1 1
213 246 31 28 1 1
517 319 39 54 1 0
485 468 90 115 3 0
152 353 73 88 1 0
161 281 39 54 1 1
271 237 31 28 1 1
1013 327 33 34 1 0
740 209 14 14 1 1
996 234 31 28 1 1
386 214 14 14 1 1
54 284 28 31 1 1
80 242 31 28 1 1
123 207 14 14 1 1
791 178 14 14 1 1
881 204 14 14 1 1
398 297 39 54 1 1
325 433 73 88 3 0
310 224 31 28 1 1
258 274 39 54 3 1
958 184 14 14 1 1
517 214 14 14 1 1
814 244 31 28 1 1
44 232 22 21 1 1
801 398 73 88 1 0
536 184 14 14 1 1
620 210 14 14 1 1
367 297 39 54 3 1
509 412 73 88 1 0
451 267 39 54 3 1
657 273 39 54 1 1
291 352 73 88 1 0
48 310 43 49 1 1
35 243 24 27 1 1
494 217 14 14 1 1
98 201 14 14 1 1
915 209 14 14 1 1
377 238 31 28 1 1
594 240 31 28 1 1
432 289 39 54 1 1
651 208 14 14 1 1
542 376 73 88 1 0
448 219 14 14 1 1
293 198 14 14 1 1
107 283 39 54 3 1
508 261 39 54 3 1
715 249 31 28 1 1
842 204 14 14 1 1
881 240 31 28 3 1
394 228 31 28 1 1
912 180 14 14 1 1
505 192 14 14 1 1
99 277 39 54 3 1
33 198 18 17 1 1
415 344 73 88 1 0
809 313 39 54 1 0
345 298 39 54 3 1
725 207 14 14 1 1
207 272 39 54 1 1
906 204 14 14 1 1
561 181 14 14 1 1
685 208 14 14 1 1
933 204 14 14 1 1
234 398 73 88 1 0
474 197 14 14 1 1
687 177 14 14 1 1
197 309 39 54 1 1
157 231 31 28 1 1
571 212 14 14 1 1
35 353 45 56 1 0
784 662 77 94 1 0
481 193 14 14 1 1
855 179 14 14 1 1
106 240 31 28 1 1
707 415 73 88 1 0
466 355 73 88 1 0
307 276 39 54 3 1
728 173 14 14 3 1
275 258 31 28 3 1
763 248 31 28 1 1
264 280 39 54 3 1
600 207 14 14 1 1
153 200 14 14 1 1
192 223 31 28 1 1
896 234 31 28 3 1
356 345 73 88 1 0
368 198 14 14 1 1
461 280 39 54 3 1
318 546 90 115 1 0
417 628 90 115 1 0
280 220 14 14 1 1
441 198 14 14 1 1
880 179 14 14 1 1
89 408 73 88 1 0
695 251 31 28 3 1
547 257 31 28 1 1
242 196 14 14 1 1
234 217 14 14 1 1
605 181 14 14 1 1
496 272 39 54 3 1
946 262 39 54 1 1
570 248 31 28 1 1
314 260 39 54 3 1
750 173 14 14 1 1
651 177 14 14 1 1
812 178 14 14 1 1
626 179 14 14 1 1
793 204 14 14 1 1
937 642 90 115 1 0
640 209 14 14 1 1
80 207 14 14 1 1
863 460 73 88 1 0
107 546 90 115 1 0
143 214 14 14 1 1
52 196 14 14 1 1
662 320 39 54 1 0
964 221 28 31 1 1
302 417 73 88 3 0
924 378 73 88 1 0
525 189 14 14 1 1
1019 410 45 56 1 0
323 198 14 14 1 1
137 228 31 28 1 1
91 184 14 14 1 1
834 179 14 14 1 1
