916 308 7 9 1 0
1599 475 14 17 1 0
1316 457 14 17 1 0
1328 443 14 17 1 0
1315 288 4 6 1 0
360 299 10 8 1 0
1068 760 17 23 1 0
846 297 7 9 1 0
843 300 7 9 1 0
658 676 16 22 1 0
550 495 17 20 1 0
921 766 16 22 1 0
903 280 5 6 1 0
1485 569 14 17 1 0
910 227 5 6 1 0
919 411 14 17 1 0
553 241 5 6 1 0
705 249 5 6 1 0
28 240 3 0 1 0
244 253 5 6 1 0
688 242 5 6 1 0
815 231 5 6 1 0
1464 454 14 17 1 0
254 637 17 17 1 0
1403 652 17 23 1 0
406 249 5 6 1 0
920 236 5 6 1 0
1333 549 14 17 2 0
1184 657 17 23 1 0
999 398 14 17 1 0
1405 408 14 17 2 0
1366 324 0 3 1 0
438 368 7 5 1 0
1268 456 14 17 2 0
718 377 7 9 1 0
1485 508 14 17 1 0
930 259 5 6 1 0
1496 895 23 33 1 0
569 249 5 6 1 0
1373 278 4 6 1 0
1236 646 17 23 1 0
901 300 7 9 1 0
940 386 7 9 1 0
1263 442 14 17 1 0
962 296 7 9 1 0
888 277 5 6 1 0
572 245 5 6 1 0
1225 688 17 23 1 0
1378 382 14 17 1 0
728 1016 23 33 1 0
1497 598 14 17 1 0
316 654 20 28 1 0
114 772 20 28 1 0
889 760 16 22 1 0
846 310 7 9 1 0
1262 414 14 17 1 0
1127 580 17 20 1 0
140 367 7 5 1 0
1324 313 4 6 1 0
459 279 5 6 1 0
505 254 5 6 1 0
1298 281 4 6 1 0
1566 514 14 17 1 0
395 652 20 28 1 0
915 381 7 9 1 0
1609 985 23 33 1 0
1307 461 14 17 1 0
1356 359 0 2 1 0
758 227 5 6 1 0
306 258 5 6 1 0
908 334 7 9 1 0
720 439 17 20 1 0
750 356 7 9 1 0
631 320 8 6 1 0
918 917 16 22 1 0
1344 298 4 6 1 0
708 398 17 20 2 0
780 608 16 22 1 0
1639 575 14 17 1 0
975 285 5 6 1 0
815 319 7 9 1 0
1443 386 14 17 1 0
893 241 5 6 1 0
96 261 4 0 1 0
1193 247 4 6 1 0
764 242 5 6 1 0
1043 640 17 23 1 0
802 391 17 20 1 0
539 899 24 34 1 0
1190 359 0 2 1 0
1356 840 23 33 1 0
1560 721 17 23 1 0
1334 599 14 17 1 0
1575 558 14 17 1 0
806 233 5 6 1 0
1253 577 14 17 1 0
297 223 5 6 1 0
439 491 17 20 1 0
1461 583 14 17 1 0
921 256 5 6 1 0
1275 630 17 23 1 0
384 609 14 17 1 0
841 731 16 22 1 0
1024 375 7 9 1 0
433 270 5 6 1 0
277 247 5 6 1 0
933 250 5 6 1 0
1134 672 17 23 1 0
618 448 17 20 2 0
371 267 5 6 1 0
947 281 5 6 1 0
156 313 10 8 1 0
935 235 5 6 1 0
1627 269 4 6 1 0
232 698 20 28 1 0
724 873 16 22 1 0
1559 909 23 33 1 0
1290 374 0 4 1 0
1151 380 0 4 1 0
1510 477 14 17 1 0
612 242 5 6 1 0
1613 268 4 6 1 0
797 381 7 9 1 0
707 380 7 9 1 0
1330 307 4 6 1 0
560 241 5 6 1 0
863 411 14 17 1 0
426 241 5 6 1 0
1319 410 14 17 1 0
924 354 7 9 1 0
924 296 7 9 1 0
959 283 5 6 1 0
602 262 5 6 1 0
606 244 5 6 1 0
565 238 5 6 1 0
208 710 20 28 1 0
786 675 16 22 1 0
1222 369 0 4 1 0
1027 304 7 9 1 0
1304 545 14 17 1 0
974 218 5 6 1 0
195 299 10 8 1 0
1505 523 14 17 1 0
834 308 7 9 1 0
1325 331 0 3 1 0
1284 670 17 23 1 0
1263 338 0 3 1 0
973 381 7 9 1 0
1445 435 14 17 1 0
833 238 5 6 1 0
304 307 10 8 1 0
1300 754 17 23 1 0
1273 453 14 17 2 0
1290 287 4 6 1 0
1186 246 4 6 1 0
721 632 16 22 1 0
756 245 5 6 1 0
1545 501 14 17 1 0
925 263 5 6 1 0
844 221 5 6 1 0
1373 635 17 23 1 0
253 252 5 6 1 0
666 241 5 6 1 0
543 252 5 6 1 0
1607 485 14 17 1 0
1386 347 0 3 1 0
1027 394 14 17 2 0
938 247 5 6 1 0
737 371 7 9 1 0
239 747 20 28 1 0
1038 315 7 9 1 0
1459 650 17 23 1 0
857 798 16 22 1 0
1445 268 4 6 1 0
1198 240 4 6 1 0
1203 647 17 23 1 0
1431 742 17 23 1 0
453 283 5 6 1 0
1342 307 4 6 1 0
568 269 5 6 1 0
797 314 7 9 1 0
747 241 5 6 1 0
152 297 4 2 1 0
455 402 17 20 1 0
1120 755 17 23 1 0
1483 473 14 17 1 0
573 238 5 6 1 0
887 239 5 6 1 0
1365 554 14 17 1 0
1223 249 4 6 1 0
291 222 5 6 1 0
700 400 17 20 2 0
978 214 5 6 1 0
1203 224 4 6 1 0
579 291 5 6 1 0
810 335 7 9 1 0
1022 396 14 17 2 0
1549 472 14 17 1 0
1493 557 14 17 1 0
1112 634 17 23 1 0
420 269 5 6 1 0
822 253 5 6 1 0
29 305 8 6 1 0
406 268 5 6 1 0
657 271 5 6 1 0
782 335 7 9 1 0
784 223 5 6 1 0
1227 728 17 23 1 0
764 748 16 22 1 0
1200 360 0 4 1 0
1499 584 14 17 1 0
949 213 5 6 1 0
546 841 16 22 1 0
802 278 5 6 1 0
820 284 5 6 1 0
1404 417 14 17 2 0
757 301 7 9 1 0
1218 249 4 6 1 0
302 220 5 6 1 0
1427 603 17 23 1 0
1277 490 14 17 1 0
74 357 8 6 1 0
571 495 17 20 1 0
686 416 17 20 1 0
1263 460 14 17 2 0
1191 219 4 6 1 0
144 299 10 8 1 0
648 237 5 6 1 0
630 248 5 6 1 0
2 376 5 4 1 0
835 631 16 22 1 0
1566 464 14 17 1 0
1465 378 0 4 1 0
947 374 7 9 1 0
801 304 7 9 1 0
1184 229 4 6 1 0
444 394 17 20 1 0
496 339 8 6 1 0
790 245 5 6 1 0
1378 366 0 4 1 0
859 222 5 6 1 0
1522 460 14 17 1 0
1031 297 7 9 1 0
1294 816 23 33 1 0
1590 526 14 17 1 0
1003 300 7 9 1 0
859 231 5 6 1 0
433 243 5 6 1 0
1626 543 14 17 1 0
787 331 7 9 1 0
1341 570 14 17 1 0
820 326 7 9 1 0
854 253 5 6 1 0
583 480 17 20 2 0
505 322 8 6 1 0
282 246 5 6 1 0
1591 725 17 23 1 0
768 228 5 6 1 0
1280 409 14 17 2 0
943 212 5 6 1 0
797 329 7 9 1 0
616 266 5 6 1 0
1599 269 4 6 1 0
1283 279 4 6 1 0
1219 196 4 6 1 0
850 584 17 20 1 0
688 272 5 6 1 0
762 435 17 20 1 0
996 215 5 6 1 0
1564 999 23 33 1 0
722 238 5 6 1 0
137 347 8 6 1 0
1570 565 14 17 1 0
776 279 5 6 1 0
907 367 7 9 1 0
1256 423 14 17 1 0
1536 525 14 17 1 0
673 759 16 22 1 0
1185 384 10 8 1 0
1550 692 17 23 1 0
235 330 8 6 1 0
735 241 5 6 1 0
1487 537 14 17 1 0
928 382 7 9 1 0
226 325 8 6 1 0
281 239 5 6 1 0
93 315 10 8 1 0
1290 420 14 17 1 0
559 329 8 6 1 0
868 241 5 6 1 0
290 262 5 6 1 0
1335 286 4 6 1 0
180 286 5 6 1 0
619 679 16 22 1 0
966 212 5 6 1 0
231 329 8 6 1 0
1392 534 14 17 1 0
1081 791 16 22 1 0
331 317 10 8 1 0
1273 720 17 23 1 0
366 353 8 6 1 0
1178 219 4 6 1 0
1349 1065 23 33 1 0
1314 866 23 33 1 0
1005 286 5 6 1 0
1642 501 14 17 1 0
1258 970 23 33 1 0
632 267 5 6 1 0
1485 624 17 23 1 0
1641 564 14 17 1 0
268 220 5 6 1 0
553 253 5 6 1 0
660 424 17 20 1 0
1330 501 14 17 1 0
838 250 5 6 1 0
673 399 17 20 1 0
1014 830 16 22 1 0
940 366 7 9 1 0
1440 628 17 23 1 0
1224 193 4 6 1 0
803 247 5 6 1 0
237 252 5 6 1 0
151 329 8 6 1 0
723 257 5 6 1 0
1645 274 17 20 1 0
754 253 5 6 1 0
1348 287 4 6 1 0
778 350 7 9 1 0
2 323 5 4 1 0
731 681 16 22 1 0
752 238 5 6 1 0
1163 381 0 4 1 0
923 433 14 17 1 0
340 323 8 6 1 0
484 485 17 20 1 0
1310 596 14 17 1 0
1389 291 4 6 1 0
1176 228 4 6 1 0
66 312 10 8 1 0
705 264 5 6 1 0
1619 522 14 17 1 0
87 302 10 8 1 0
1582 451 14 17 1 0
1109 604 17 23 1 0
99 304 10 8 1 0
1341 433 14 17 1 0
720 614 16 22 1 0
672 416 17 20 1 0
1610 668 17 23 1 0
868 267 5 6 1 0
1206 198 4 6 1 0
1566 545 14 17 1 0
945 239 5 6 1 0
474 539 17 20 1 0
106 749 20 28 1 0
1273 582 14 17 1 0
405 282 5 6 1 0
79 305 10 8 1 0
853 605 16 22 1 0
648 439 17 20 1 0
1603 573 14 17 2 0
1460 465 14 17 1 0
894 273 5 6 1 0
860 284 5 6 1 0
1200 383 0 4 1 0
1490 679 17 23 1 0
1291 461 14 17 1 0
1395 618 17 23 1 0
1636 543 14 17 1 0
1575 525 14 17 1 0
1172 218 4 6 1 0
1301 448 14 17 1 0
457 246 5 6 1 0
445 247 5 6 1 0
383 347 8 6 1 0
958 218 5 6 1 0
914 263 5 6 1 0
1366 477 14 17 1 0
324 299 10 8 1 0
855 240 5 6 1 0
829 328 7 9 1 0
970 393 14 17 1 0
1210 224 4 6 1 0
944 293 5 6 1 0
788 228 5 6 1 0
581 473 17 20 2 0
762 338 7 9 1 0
986 212 5 6 1 0
1593 468 14 17 1 0
405 239 5 6 1 0
889 285 5 6 1 0
547 327 8 6 1 0
1274 562 14 17 1 0
832 424 14 17 1 0
1335 320 4 6 1 0
714 247 5 6 1 0
1626 503 14 17 1 0
1375 584 14 17 1 0
1629 478 14 17 1 0
821 245 5 6 1 0
870 283 5 6 1 0
1436 448 14 17 1 0
1575 283 4 6 1 0
539 501 17 20 1 0
1313 439 14 17 1 0
1044 343 7 9 1 0
155 699 20 28 1 0
391 270 5 6 1 0
1062 649 17 23 1 0
1135 620 17 23 1 0
1433 657 17 23 1 0
1376 286 4 6 1 0
1511 490 14 17 1 0
1274 466 14 17 1 0
898 284 5 6 1 0
1097 645 17 23 1 0
433 398 17 20 1 0
1305 401 14 17 1 0
656 242 5 6 1 0
440 601 14 17 1 0
1371 615 17 23 1 0
1330 542 14 17 2 0
1385 393 14 17 1 0
83 265 4 0 1 0
272 228 5 6 1 0
1603 582 14 17 2 0
941 221 5 6 1 0
1217 222 4 6 1 0
873 243 5 6 1 0
716 395 17 20 2 0
1357 661 17 23 1 0
698 654 16 22 1 0
1596 594 14 17 1 0
130 336 8 6 1 0
383 590 14 17 1 0
1542 744 17 23 1 0
357 259 5 6 1 0
926 254 5 6 1 0
1616 930 23 33 2 0
1296 490 14 17 1 0
1276 408 14 17 2 0
1225 221 4 6 1 0
1303 299 4 6 1 0
30 320 7 5 1 0
1176 357 0 3 1 0
235 266 5 6 1 0
1181 217 4 6 1 0
876 514 14 17 1 0
1372 597 14 17 1 0
10 308 5 4 1 0
1025 362 7 9 1 0
202 244 5 6 1 0
441 267 5 6 1 0
558 287 5 6 1 0
1372 725 17 23 1 0
1207 230 4 6 1 0
247 273 5 6 1 0
1376 569 14 17 1 0
1418 525 14 17 1 0
1615 273 4 6 1 0
906 413 14 17 1 0
1200 192 4 6 1 0
543 336 8 6 1 0
735 337 7 9 1 0
1353 678 17 23 1 0
768 291 5 6 1 0
819 346 7 9 1 0
587 242 5 6 1 0
1594 849 23 33 1 0
462 557 14 17 1 0
885 264 5 6 1 0
1331 455 14 17 1 0
860 256 5 6 1 0
1160 639 17 23 1 0
713 240 5 6 1 0
577 273 5 6 1 0
1297 288 4 6 1 0
77 419 14 17 1 0
935 256 5 6 1 0
420 243 5 6 1 0
140 315 10 8 1 0
1497 473 14 17 1 0
1588 609 17 23 1 0
743 227 5 6 1 0
1450 449 14 17 1 0
1328 288 4 6 1 0
278 728 20 28 1 0
1363 289 4 6 1 0
191 246 5 6 1 0
628 448 17 20 2 0
1542 928 23 33 1 0
1175 1082 23 33 1 0
846 230 5 6 1 0
1587 578 14 17 1 0
986 800 16 22 1 0
895 257 5 6 1 0
1347 483 14 17 1 0
1344 541 14 17 1 0
401 290 5 6 1 0
1228 215 4 6 1 0
694 242 5 6 1 0
1545 454 14 17 1 0
810 840 16 22 1 0
290 232 5 6 1 0
1496 704 17 23 1 0
97 296 4 2 1 0
1355 491 14 17 1 0
1077 638 17 23 1 0
1499 285 4 6 1 0
974 630 16 22 1 0
827 336 7 9 1 0
347 247 5 6 1 0
867 289 5 6 1 0
1427 618 17 23 1 0
596 240 5 6 1 0
840 327 7 9 1 0
1324 610 17 23 1 0
527 329 8 6 1 0
127 285 5 6 1 0
1549 274 4 6 1 0
461 491 17 20 1 0
838 220 5 6 1 0
550 288 5 6 1 0
1618 912 23 33 2 0
1472 477 14 17 1 0
1433 402 14 17 1 0
1213 389 20 24 2 0
692 704 16 22 1 0
1548 554 14 17 1 0
688 255 5 6 1 0
954 396 14 17 1 0
990 220 5 6 1 0
1223 389 20 24 2 0
1522 956 23 33 1 0
425 589 14 17 1 0
1550 872 23 33 1 0
1384 507 14 17 1 0
242 268 5 6 1 0
803 344 7 9 1 0
1430 464 14 17 1 0
1332 349 0 3 1 0
406 622 17 17 1 0
858 293 5 6 1 0
1287 400 14 17 1 0
103 310 10 8 1 0
224 301 10 8 1 0
850 304 7 9 1 0
1292 639 17 23 1 0
759 238 5 6 1 0
978 296 7 9 1 0
1549 669 17 23 1 0
1584 284 4 6 1 0
1256 596 14 17 1 0
1529 485 14 17 1 0
1287 452 14 17 1 0
746 271 5 6 1 0
1212 194 4 6 1 0
1631 593 14 17 1 0
826 269 5 6 1 0
1326 562 14 17 1 0
1567 644 17 23 1 0
477 371 7 5 1 0
1585 639 17 23 1 0
869 636 16 22 1 0
1523 909 23 33 1 0
844 239 5 6 1 0
301 261 5 6 1 0
1557 285 4 6 1 0
1578 275 4 6 1 0
1629 526 14 17 1 0
