331 570 27 34 1 0
211 63 21 25 1 0
665 49 21 25 1 0
324 265 25 26 1 0
324 113 21 25 1 0
262 526 27 34 1 0
793 619 27 34 1 0
830 172 25 26 1 0
413 156 25 26 1 0
608 70 21 25 1 0
144 414 22 25 1 0
401 340 22 25 1 0
436 76 21 25 1 0
322 41 21 25 1 0
659 4 21 25 1 0
280 280 22 25 1 0
204 390 22 25 1 0
789 589 27 34 1 0
656 453 27 34 1 0
865 405 22 25 1 0
439 442 27 34 1 0
780 96 21 25 1 0
722 595 27 34 1 0
457 165 25 26 1 0
155 315 22 25 1 0
343 7 21 25 1 0
64 257 25 26 1 0
699 88 21 25 1 0
841 532 27 34 1 0
34 385 23 27 1 0
363 81 21 25 1 0
404 430 22 25 1 0
261 334 22 25 1 0
821 596 27 34 1 0
59 407 22 25 1 0
544 180 25 26 1 0
716 257 25 26 1 0
471 346 22 25 1 0
894 351 22 25 1 0
770 319 22 25 1 0
705 36 21 25 1 0
113 225 25 26 1 0
712 298 22 25 1 0
782 143 25 26 1 0
360 43 21 25 1 0
59 368 22 25 1 0
292 213 25 26 1 0
255 84 21 25 1 0
195 187 25 26 1 0
617 352 22 25 1 0
463 487 27 34 1 0
337 72 21 25 1 0
40 275 25 26 1 0
542 614 27 34 1 0
70 5 21 25 1 0
407 35 21 25 1 0
517 100 21 25 1 0
646 73 21 25 1 0
242 256 25 26 1 0
446 109 21 25 1 0
586 578 27 34 1 0
638 82 21 25 1 0
760 364 22 25 1 0
277 31 21 25 1 0
172 229 25 26 1 0
808 533 27 34 1 0
400 531 27 34 1 0
862 117 21 25 1 0
154 618 27 34 1 0
871 209 23 25 1 0
35 323 22 25 1 0
604 618 27 34 1 0
79 153 25 26 1 0
479 10 21 25 1 0
226 585 27 34 1 0
755 591 27 34 1 0
416 450 27 34 1 0
350 494 27 34 1 0
753 71 21 25 1 0
262 110 21 25 1 0
182 117 21 25 1 0
886 452 27 34 1 0
90 350 22 25 1 0
19 75 21 25 1 0
438 35 21 25 1 0
474 183 25 26 1 0
789 35 21 25 1 0
290 6 21 25 1 0
56 113 21 25 1 0
872 89 21 25 1 0
23 295 23 25 1 0
681 221 25 26 1 0
375 593 27 34 1 0
173 335 22 25 1 0
590 64 21 25 1 0
141 231 25 26 1 0
102 390 22 25 1 0
254 563 27 34 1 0
130 292 22 25 1 0
97 209 25 26 1 0
379 146 25 26 1 0
239 222 25 26 1 0
274 496 27 34 1 0
480 398 22 25 1 0
521 283 22 25 1 0
787 8 21 25 1 0
311 612 27 34 1 0
59 36 21 25 1 0
91 486 27 34 1 0
50 209 25 26 1 0
8 39 21 25 1 0
21 210 25 26 1 0
851 42 21 25 1 0
212 609 27 34 1 0
636 292 22 25 1 0
105 43 21 25 1 0
254 8 21 25 1 0
597 8 21 25 1 0
132 70 21 25 1 0
687 247 25 26 1 0
545 117 21 25 1 0
322 538 27 34 1 0
574 311 22 25 1 0
229 498 27 34 1 0
361 332 22 25 1 0
661 610 27 34 1 0
894 588 27 34 1 0
851 268 25 26 1 0
15 406 23 27 1 0
156 277 22 25 1 0
74 70 21 25 1 0
285 127 25 26 1 0
593 46 21 25 1 0
893 539 27 34 1 0
11 255 25 26 1 0
157 81 21 25 1 0
505 474 27 34 1 0
825 455 27 34 1 0
14 597 25 31 1 0
255 193 25 26 1 0
621 600 27 34 1 0
896 37 21 25 1 0
501 561 27 34 1 0
194 49 21 25 1 0
589 109 21 25 1 0
806 410 22 25 1 0
433 398 22 25 1 0
118 600 27 34 1 0
117 447 27 34 1 0
350 211 25 26 1 0
765 507 27 34 1 0
