288 519 16 20 1 0
480 454 1 2 1 1
664 468 1 2 1 1
381 459 1 2 1 1
720 479 7 8 1 1
713 471 1 2 1 1
592 482 7 8 1 1
770 511 16 20 1 0
733 468 1 2 1 1
595 469 1 2 1 1
786 474 7 8 1 1
192 479 7 8 1 1
253 529 16 20 1 0
596 466 1 2 1 1
328 483 7 8 1 1
504 510 16 20 1 0
46 462 1 2 1 0
485 494 8 11 1 0
440 458 1 2 1 1
556 496 13 17 1 0
694 570 31 29 1 0
541 508 16 20 2 0
494 452 1 2 1 1
548 511 16 20 2 0
312 485 7 8 1 1
417 462 1 2 1 1
646 514 16 20 2 0
292 482 7 8 1 1
428 463 1 2 1 1
589 488 7 8 1 0
136 495 10 12 1 0
366 475 1 2 1 1
425 561 31 29 1 0
202 475 1 2 1 1
478 459 1 2 1 1
159 508 16 20 1 0
485 530 16 20 1 0
615 463 1 2 1 1
291 465 1 2 1 1
762 484 7 8 1 1
653 525 16 20 2 0
347 464 1 2 1 1
98 478 7 8 1 0
597 460 1 2 1 1
375 461 1 2 1 1
130 484 7 8 1 0
372 470 1 2 1 1
558 473 1 2 1 1
595 460 1 2 1 1
560 507 16 20 2 0
546 473 1 2 1 1
454 458 1 2 1 1
788 512 16 20 1 0
241 470 1 2 1 1
727 475 1 2 1 1
440 509 16 20 2 0
376 521 16 20 1 0
405 505 16 20 1 0
355 468 1 2 1 1
586 458 1 2 1 1
218 471 1 2 1 1
296 502 16 20 1 0
729 484 7 8 1 1
620 515 16 20 2 0
642 463 1 2 1 1
651 461 1 2 1 1
580 460 1 2 1 1
704 484 7 8 1 1
658 473 1 2 1 1
432 514 16 20 2 0
402 454 1 2 1 1
270 493 12 15 1 0
188 453 1 2 1 1
445 468 1 2 1 1
774 525 16 20 1 0
651 520 16 20 2 0
491 516 16 20 1 0
655 468 1 2 1 1
746 481 7 8 1 1
464 484 7 8 1 1
416 455 1 2 1 1
797 481 7 8 1 1
672 468 1 2 1 1
667 472 1 2 1 1
28 460 4 5 1 0
609 493 9 11 1 0
688 466 1 2 1 1
593 511 16 20 2 0
754 477 7 8 1 1
699 472 1 2 1 1
358 509 16 20 1 0
259 466 1 2 1 1
301 492 7 8 1 0
487 462 1 2 1 1
328 473 1 2 1 1
332 461 1 2 1 1
626 490 7 8 1 0
899 566 31 29 1 0
241 508 16 20 1 0
432 486 7 8 1 1
572 496 13 17 1 0
628 500 16 20 2 0
58 496 9 11 1 0
110 505 16 20 1 0
125 458 1 2 1 1
278 491 7 8 1 0
743 511 16 20 1 0
109 492 7 8 1 0
240 486 7 8 1 1
774 561 31 29 1 0
664 515 16 20 1 0
836 479 7 8 1 1
356 489 7 8 1 0
492 452 1 2 1 1
604 465 1 2 1 1
685 470 1 2 1 1
436 475 1 2 1 1
91 505 16 20 1 0
415 509 16 20 1 0
739 566 31 29 1 0
300 475 1 2 1 1
578 464 1 2 1 1
768 483 7 8 1 1
55 583 31 29 1 0
464 495 11 14 2 0
442 494 7 9 1 0
481 460 1 2 1 1
657 491 7 8 1 0
568 465 1 2 1 1
594 522 16 20 2 0
269 462 1 2 1 1
778 478 7 8 1 1
613 509 16 20 2 0
265 504 16 20 2 0
690 501 16 20 1 0
639 488 7 8 1 0
368 555 31 29 1 0
454 533 16 20 1 0
357 479 7 8 1 1
338 471 1 2 1 1
722 472 1 2 1 1
664 463 1 2 1 1
398 488 7 8 1 0
405 488 7 8 1 0
796 472 7 8 1 1
591 471 1 2 1 1
602 458 1 2 1 1
231 470 1 2 1 1
525 490 7 8 1 0
411 475 1 2 1 1
408 466 1 2 1 1
803 477 7 8 1 1
536 529 16 20 1 0
252 456 1 2 1 1
768 476 1 2 1 1
149 494 11 14 1 0
285 459 1 2 1 1
195 459 1 2 1 1
142 520 16 20 1 0
458 506 16 20 2 0
342 486 7 8 1 1
109 461 1 2 1 1
783 483 7 8 1 1
607 458 1 2 1 1
495 461 1 2 1 1
778 483 7 8 1 1
39 484 8 11 1 0
390 488 7 8 1 0
493 474 1 2 1 1
721 569 31 29 1 0
590 475 1 2 1 1
580 509 16 20 1 0
60 480 7 8 1 0
695 522 16 20 1 0
170 478 7 8 1 1
731 519 16 20 2 0
233 463 1 2 1 1
430 451 1 2 1 1
809 573 31 29 1 0
611 520 16 20 2 0
903 527 23 24 1 0
516 491 7 8 1 0
272 474 1 2 1 1
726 464 1 2 1 1
769 605 31 29 1 0
133 456 1 2 1 1
576 471 1 2 1 1
611 477 7 8 1 1
62 531 16 20 1 0
228 476 1 2 1 1
508 493 13 17 1 0
462 470 1 2 1 1
531 493 11 14 1 0
626 478 7 8 1 1
671 498 10 12 1 0
385 480 7 8 1 1
179 475 1 2 1 1
637 503 16 20 2 0
252 470 1 2 1 1
623 483 7 8 1 1
834 575 31 29 1 0
740 476 1 2 1 1
647 472 1 2 1 1
816 475 7 8 1 1
567 510 16 20 2 0
178 499 16 20 1 0
279 465 1 2 1 1
41 534 16 20 1 0
555 465 1 2 1 1
613 484 7 8 1 1
240 456 1 2 1 1
71 486 7 8 1 0
807 520 16 20 1 0
659 466 1 2 1 1
604 482 7 8 1 1
689 472 1 2 1 1
312 509 16 20 1 0
668 463 1 2 1 1
406 529 16 20 1 0
446 482 7 8 1 1
470 458 1 2 1 1
393 498 9 11 1 0
317 473 1 2 1 1
735 473 1 2 1 1
589 501 16 20 2 0
847 477 7 8 1 1
725 483 7 8 1 1
56 460 1 2 1 0
637 473 1 2 1 1
195 499 16 20 1 0
390 532 16 20 1 0
694 480 7 8 1 1
677 512 16 20 1 0
415 495 11 14 1 0
828 470 7 8 1 1
50 506 16 20 1 0
207 511 16 20 1 0
208 474 1 2 1 1
650 464 1 2 1 1
673 472 1 2 1 1
14 516 13 17 1 0
476 492 7 8 1 0
633 465 1 2 1 1
447 523 16 20 1 0
301 462 1 2 1 1
498 525 16 20 1 0
663 539 16 20 1 0
855 523 16 20 1 0
621 464 1 2 1 1
183 527 16 20 1 0
474 507 16 20 2 0
703 477 7 8 1 1
153 480 7 8 1 1
379 495 7 8 1 0
704 515 16 20 1 0
182 510 16 20 1 0
226 523 16 20 1 0
392 475 1 2 1 1
876 524 16 20 1 0
729 509 16 20 2 0
335 488 7 8 1 0
99 458 1 2 1 1
67 460 1 2 1 0
309 473 1 2 1 1
223 503 16 20 1 0
88 491 7 8 1 0
391 460 1 2 1 1
372 488 7 8 1 0
320 461 1 2 1 1
35 513 16 20 1 0
565 475 1 2 1 1
481 474 1 2 1 1
437 468 1 2 1 1
771 480 7 8 1 1
640 470 1 2 1 1
541 463 1 2 1 1
544 495 13 17 1 0
505 458 1 2 1 1
740 534 16 20 1 0
516 460 1 2 1 1
366 488 7 8 1 0
676 467 1 2 1 1
820 520 16 20 1 0
467 503 16 20 2 0
745 475 1 2 1 1
682 467 1 2 1 1
128 475 1 2 1 0
331 511 16 20 2 0
511 523 16 20 1 0
796 604 31 29 1 0
841 533 16 20 1 0
538 492 7 8 1 0
588 494 11 14 2 0
423 488 7 8 1 0
339 460 1 2 1 1
528 463 1 2 1 1
648 483 7 8 1 1
521 507 16 20 2 0
694 472 1 2 1 1
81 524 16 20 1 0
732 476 1 2 1 1
458 479 7 8 1 1
346 473 1 2 1 1
258 500 16 20 2 0
565 459 1 2 1 1
226 485 7 8 1 1
36 461 4 5 1 0
380 474 1 2 1 1
365 462 1 2 1 1
529 504 16 20 2 0
583 478 7 8 1 1
695 467 1 2 1 1
318 533 16 20 1 0
421 475 1 2 1 1
858 571 31 29 1 0
707 470 1 2 1 1
353 460 1 2 1 1
534 462 1 2 1 1
714 603 27 26 1 0
121 588 31 29 1 0
122 505 16 20 1 0
470 528 16 20 1 0
330 499 16 20 2 0
711 474 1 2 1 1
279 506 16 20 1 0
0 516 13 17 1 0
