123 109 5 8 1 0
322 53 4 6 1 0
463 93 5 5 1 0
459 86 5 5 1 0
538 166 4 7 1 0
174 120 5 8 1 0
232 106 5 8 1 0
434 132 5 5 1 0
361 122 5 5 1 0
96 27 4 6 1 0
63 24 4 6 1 0
223 102 5 8 1 0
437 167 4 7 1 0
56 52 4 6 1 0
385 65 4 5 1 0
420 52 4 6 1 0
236 81 5 8 1 0
83 51 4 6 1 0
336 146 4 7 1 0
135 132 5 8 1 0
23 80 5 8 1 0
91 93 5 8 1 0
103 91 5 8 1 0
343 108 5 5 1 0
407 104 5 5 1 0
224 159 4 7 1 0
380 49 4 6 1 0
136 162 4 6 1 0
221 176 4 7 1 0
78 129 5 8 1 0
491 121 5 5 1 0
300 52 4 6 1 0
208 71 5 8 1 0
421 73 5 5 1 0
364 87 5 5 1 0
220 162 4 7 1 0
437 113 5 5 1 0
436 128 5 5 1 0
321 1 4 6 1 0
347 88 5 5 1 0
93 107 5 8 1 0
274 80 5 5 1 0
61 158 4 6 1 0
27 75 5 8 1 0
471 71 5 5 1 0
417 71 5 5 1 0
300 151 4 7 1 0
372 49 4 6 1 0
239 152 4 7 1 0
248 161 4 7 1 0
561 100 5 5 1 0
386 141 4 7 1 0
547 135 5 5 1 0
332 133 5 5 1 0
110 125 5 8 1 0
527 141 4 7 1 0
97 128 5 8 1 0
30 49 5 8 1 0
33 125 5 8 1 0
433 53 4 6 1 0
232 71 5 8 1 0
237 131 5 8 1 0
156 69 5 8 1 0
457 129 5 5 1 0
193 147 4 7 1 0
216 79 5 8 1 0
239 115 5 8 1 0
382 60 4 6 1 0
27 71 5 8 1 0
149 91 5 8 1 0
472 117 5 5 1 0
163 95 5 8 1 0
489 135 5 5 1 0
511 159 4 7 1 0
391 117 5 5 1 0
578 108 5 5 1 0
93 118 5 8 1 0
12 61 5 8 1 0
288 146 4 7 1 0
263 113 5 6 1 0
340 97 5 5 1 0
83 89 5 8 1 0
409 71 5 5 1 0
275 127 5 5 1 0
233 117 5 8 1 0
477 105 5 5 1 0
580 98 5 5 1 0
123 52 4 6 1 0
494 165 4 7 1 0
378 89 5 5 1 0
380 81 5 5 1 0
240 107 5 8 1 0
192 84 5 8 1 0
565 146 4 7 1 0
502 90 5 5 1 0
72 90 5 8 1 0
72 104 5 8 1 0
136 95 5 8 1 0
489 127 5 5 1 0
212 131 5 8 1 0
45 64 4 7 1 0
83 64 4 6 1 0
116 67 5 8 1 0
138 169 4 6 1 0
229 140 4 7 1 0
95 149 4 6 1 0
467 131 5 5 1 0
136 107 5 8 1 0
202 55 4 6 1 0
248 120 5 8 1 0
444 149 4 7 1 0
129 106 5 8 1 0
46 79 5 8 1 0
403 90 5 5 1 0
269 70 5 5 1 0
63 172 4 6 1 0
228 98 5 8 1 0
481 145 4 7 1 0
307 165 4 7 1 0
399 182 4 7 1 0
33 69 5 8 1 0
230 161 4 7 1 0
210 148 4 7 1 0
162 71 5 8 1 0
201 116 5 8 1 0
401 80 5 5 1 0
427 75 5 5 1 0
468 105 5 5 1 0
461 123 5 5 1 0
395 111 5 5 1 0
414 65 4 5 1 0
30 82 5 8 1 0
145 92 5 8 1 0
451 159 4 7 1 0
211 142 4 7 1 0
503 117 5 5 1 0
563 72 5 5 1 0
21 153 4 6 1 0
523 69 5 5 1 0
70 64 4 7 1 0
200 141 4 7 1 0
205 78 5 8 1 0
265 154 4 7 1 0
117 101 5 8 1 0
175 78 5 8 1 0
429 124 5 5 1 0
155 128 5 8 1 0
530 170 4 7 1 0
204 73 5 8 1 0
504 143 4 7 1 0
513 105 5 5 1 0
180 83 5 8 1 0
84 84 5 8 1 0
197 105 5 8 1 0
225 172 4 7 1 0
546 152 4 7 1 0
420 123 5 5 1 0
301 157 4 7 1 0
63 69 5 8 1 0
480 128 5 5 1 0
133 178 4 6 1 0
227 66 5 8 1 0
454 115 5 5 1 0
58 21 4 6 1 0
76 54 4 6 1 0
145 83 5 8 1 0
193 165 4 7 1 0
172 114 5 8 1 0
439 60 4 6 1 0
452 87 5 5 1 0
365 76 5 5 1 0
125 98 5 8 1 0
124 75 5 8 1 0
1 56 5 8 1 0
394 80 5 5 1 0
512 70 5 5 1 0
6 77 5 8 1 0
210 106 5 8 1 0
187 104 5 8 1 0
104 53 4 6 1 0
517 130 5 5 1 0
352 94 5 5 1 0
97 92 5 8 1 0
148 78 5 8 1 0
218 99 5 8 1 0
343 129 5 5 1 0
75 110 5 8 1 0
177 54 4 6 1 0
185 95 5 8 1 0
540 130 5 5 1 0
347 1 4 6 1 0
306 67 4 5 1 0
506 121 5 5 1 0
195 110 5 8 1 0
202 102 5 8 1 0
182 124 5 8 1 0
352 66 4 5 1 0
102 64 4 7 1 0
538 125 5 5 1 0
550 97 5 5 1 0
371 88 5 5 1 0
464 71 5 5 1 0
62 54 4 6 1 0
393 169 4 7 1 0
258 95 5 8 1 0
535 84 5 5 1 0
367 146 4 7 1 0
213 124 5 8 1 0
227 87 5 8 1 0
35 79 5 8 1 0
285 84 5 5 1 0
576 168 4 7 1 0
269 115 5 5 1 0
485 107 5 5 1 0
137 137 4 6 1 0
379 70 5 5 1 0
101 56 4 6 1 0
142 66 4 6 1 0
534 144 4 7 1 0
376 142 4 7 1 0
206 91 5 8 1 0
423 64 4 5 1 0
383 133 5 5 1 0
319 61 4 6 1 0
168 56 4 6 1 0
353 107 5 5 1 0
113 32 4 6 1 0
236 157 4 7 1 0
404 108 5 5 1 0
176 57 4 6 1 0
275 136 4 6 1 0
250 75 5 8 1 0
162 116 5 8 1 0
356 146 4 7 1 0
61 81 5 8 1 0
479 158 4 7 1 0
191 51 4 6 1 0
358 116 5 5 1 0
587 164 4 7 1 0
494 112 5 5 1 0
399 116 5 5 1 0
26 64 5 8 1 0
82 102 5 8 1 0
313 73 5 5 1 0
154 103 5 8 1 0
461 135 5 5 1 0
151 76 5 8 1 0
314 67 4 5 1 0
473 131 5 5 1 0
58 66 4 7 1 0
8 52 5 8 1 0
155 79 5 8 1 0
228 92 5 8 1 0
32 89 5 8 1 0
572 102 5 5 1 0
177 74 5 8 1 0
53 75 5 8 1 0
189 73 5 8 1 0
287 56 4 6 1 0
39 69 5 8 1 0
81 96 5 8 1 0
132 94 5 8 1 0
405 119 5 5 1 0
62 85 5 8 1 0
388 82 5 5 1 0
240 97 5 8 1 0
128 155 4 6 1 0
218 116 5 8 1 0
81 27 4 6 1 0
74 76 5 8 1 0
361 113 5 5 1 0
28 154 4 6 1 0
42 55 4 7 1 0
241 142 4 7 1 0
231 128 5 8 1 0
68 50 4 6 1 0
461 149 4 7 1 0
414 153 4 7 1 0
313 90 5 5 1 0
227 147 4 7 1 0
404 121 5 5 1 0
375 101 5 5 1 0
415 110 5 5 1 0
313 128 5 5 1 0
204 111 5 8 1 0
145 99 5 8 1 0
238 72 5 8 1 0
217 71 5 8 1 0
399 168 4 7 1 0
40 49 4 7 1 0
68 111 5 8 1 0
58 97 5 8 1 0
486 163 4 7 1 0
312 2 4 6 1 0
209 119 5 8 1 0
547 124 5 5 1 0
313 143 4 7 1 0
481 115 5 5 1 0
135 124 5 8 1 0
116 120 5 8 1 0
304 75 5 5 1 0
375 107 5 5 1 0
121 124 5 8 1 0
12 66 5 8 1 0
368 68 5 5 1 0
111 93 5 8 1 0
351 56 4 6 1 0
419 129 5 5 1 0
415 94 5 5 1 0
188 132 5 8 1 0
166 83 5 8 1 0
151 133 5 8 1 0
406 78 5 5 1 0
445 114 5 5 1 0
14 80 5 8 1 0
199 151 4 7 1 0
47 60 4 7 1 0
134 68 5 8 1 0
487 68 5 5 1 0
317 71 5 5 1 0
279 67 4 5 1 0
118 153 4 6 1 0
305 1 4 6 1 0
359 75 5 5 1 0
506 138 4 7 1 0
165 133 5 8 1 0
497 96 5 5 1 0
147 59 4 6 1 0
207 83 5 8 1 0
23 59 5 8 1 0
526 154 4 7 1 0
159 62 4 6 1 0
400 126 5 5 1 0
38 73 5 8 1 0
457 140 4 7 1 0
535 153 4 7 1 0
290 142 4 7 1 0
182 111 5 8 1 0
530 65 4 5 1 0
94 99 5 8 1 0
104 78 5 8 1 0
158 110 5 8 1 0
305 146 4 7 1 0
441 118 5 5 1 0
98 108 5 8 1 0
331 93 5 5 1 0
292 71 5 5 1 0
67 96 5 8 1 0
89 29 4 6 1 0
119 78 5 8 1 0
45 123 5 8 1 0
416 137 5 5 1 0
287 124 5 5 1 0
439 67 4 5 1 0
513 117 5 5 1 0
510 144 4 7 1 0
274 157 4 7 1 0
395 140 4 7 1 0
226 119 5 8 1 0
372 135 5 5 1 0
113 109 5 8 1 0
273 111 5 5 1 0
141 112 5 8 1 0
386 117 5 5 1 0
83 123 5 8 1 0
472 122 5 5 1 0
249 151 4 7 1 0
270 89 5 5 1 0
133 78 5 8 1 0
359 58 4 6 1 0
176 68 5 8 1 0
234 136 5 8 1 0
555 96 5 5 1 0
24 85 5 8 1 0
300 102 5 5 1 0
404 149 4 7 1 0
119 93 5 8 1 0
8 163 4 6 1 0
365 83 5 5 1 0
171 91 5 8 1 0
342 68 5 5 1 0
260 108 5 7 1 0
513 88 5 5 1 0
454 64 4 5 1 0
127 93 5 8 1 0
563 85 5 5 1 0
320 86 5 5 1 0
234 125 5 8 1 0
191 153 4 7 1 0
106 152 4 6 1 0
169 62 4 6 1 0
356 83 5 5 1 0
470 155 4 7 1 0
375 126 5 5 1 0
400 101 5 5 1 0
27 128 5 8 1 0
428 147 4 7 1 0
221 107 5 8 1 0
491 139 4 7 1 0
135 54 4 6 1 0
420 114 5 5 1 0
370 127 5 5 1 0
373 77 5 5 1 0
465 117 5 5 1 0
579 159 4 7 1 0
257 102 5 8 1 0
156 98 5 8 1 0
172 164 4 6 1 0
35 162 4 6 1 0
396 88 5 5 1 0
124 85 5 8 1 0
248 141 4 7 1 0
132 113 5 8 1 0
147 71 5 8 1 0
584 155 4 7 1 0
348 98 5 5 1 0
34 149 4 6 1 0
85 117 5 8 1 0
264 172 4 7 1 0
409 170 4 7 1 0
219 122 5 8 1 0
133 87 5 8 1 0
485 91 5 5 1 0
528 131 5 5 1 0
130 77 5 8 1 0
224 94 5 8 1 0
304 85 5 5 1 0
207 133 5 8 1 0
370 99 5 5 1 0
105 98 5 8 1 0
139 58 4 6 1 0
199 171 4 7 1 0
247 98 5 8 1 0
224 126 5 8 1 0
163 104 5 8 1 0
509 56 4 6 1 0
546 173 4 7 1 0
105 130 5 8 1 0
300 70 5 5 1 0
127 67 5 8 1 0
153 58 4 6 1 0
40 178 4 6 1 0
33 64 5 8 1 0
423 152 4 7 1 0
316 145 4 7 1 0
101 118 5 8 1 0
428 129 5 5 1 0
431 118 5 5 1 0
540 136 4 5 1 0
267 119 5 5 1 0
147 64 4 7 1 0
221 150 4 7 1 0
196 74 5 8 1 0
522 158 4 7 1 0
155 91 5 8 1 0
498 133 5 5 1 0
74 60 4 6 1 0
551 79 5 5 1 0
363 104 5 5 1 0
424 57 4 6 1 0
121 135 5 8 1 0
346 144 4 7 1 0
71 70 5 8 1 0
360 95 5 5 1 0
125 122 5 8 1 0
290 158 4 7 1 0
442 136 4 6 1 0
416 80 5 5 1 0
386 122 5 5 1 0
314 53 4 6 1 0
42 155 4 6 1 0
157 54 4 6 1 0
410 128 5 5 1 0
431 67 4 5 1 0
120 54 4 6 1 0
393 121 5 5 1 0
99 67 5 8 1 0
290 96 5 5 1 0
132 57 4 6 1 0
441 163 4 7 1 0
110 55 4 6 1 0
429 157 4 7 1 0
546 70 5 5 1 0
500 80 5 5 1 0
168 128 5 8 1 0
208 61 4 6 1 0
338 67 4 5 1 0
157 121 5 8 1 0
471 139 4 7 1 0
499 52 4 6 1 0
405 61 4 6 1 0
199 85 5 8 1 0
39 169 4 6 1 0
38 130 5 8 1 0
489 80 5 5 1 0
184 79 5 8 1 0
347 79 5 5 1 0
422 80 5 5 1 0
212 73 5 8 1 0
231 114 5 8 1 0
492 155 4 7 1 0
194 68 5 8 1 0
51 69 5 8 1 0
402 142 4 7 1 0
199 59 4 6 1 0
325 77 5 5 1 0
488 115 5 5 1 0
386 54 4 6 1 0
109 85 5 8 1 0
141 106 5 8 1 0
552 85 5 5 1 0
200 130 5 8 1 0
583 175 4 7 1 0
339 3 4 6 1 0
392 108 5 5 1 0
278 151 4 7 1 0
176 112 5 8 1 0
155 151 4 6 1 0
70 81 5 8 1 0
111 136 4 6 1 0
202 64 4 7 1 0
96 83 5 8 1 0
113 53 4 6 1 0
503 150 4 7 1 0
417 168 4 7 1 0
332 77 5 5 1 0
121 68 5 8 1 0
84 75 5 8 1 0
135 118 5 8 1 0
398 105 5 5 1 0
234 96 5 8 1 0
287 119 5 5 1 0
223 143 4 7 1 0
280 144 4 7 1 0
514 109 5 5 1 0
32 60 5 8 1 0
497 120 5 5 1 0
104 105 5 8 1 0
93 66 4 6 1 0
16 59 5 8 1 0
425 133 5 5 1 0
387 100 5 5 1 0
303 138 4 7 1 0
207 100 5 8 1 0
107 65 4 7 1 0
263 102 5 6 1 0
305 44 4 6 1 0
238 121 5 8 1 0
503 107 5 5 1 0
197 124 5 8 1 0
577 147 4 7 1 0
381 120 5 5 1 0
394 155 4 7 1 0
53 150 4 6 1 0
92 55 4 6 1 0
248 134 5 8 1 0
577 74 5 5 1 0
393 93 5 5 1 0
434 7 4 6 1 0
145 125 5 8 1 0
246 114 5 8 1 0
189 167 4 6 1 0
188 87 5 8 1 0
70 150 4 6 1 0
212 111 5 8 1 0
60 90 5 8 1 0
341 93 5 5 1 0
438 152 4 7 1 0
557 139 4 7 1 0
196 135 5 8 1 0
17 64 5 8 1 0
394 98 5 5 1 0
23 50 5 8 1 0
181 62 4 6 1 0
321 145 4 7 1 0
37 62 5 8 1 0
286 72 5 5 1 0
479 135 5 5 1 0
112 63 4 6 1 0
539 159 4 7 1 0
174 97 5 8 1 0
474 147 4 7 1 0
302 96 5 5 1 0
60 61 4 6 1 0
325 148 4 7 1 0
186 59 4 6 1 0
433 100 5 5 1 0
583 78 5 5 1 0
347 67 4 5 1 0
78 166 4 6 1 0
253 99 5 8 1 0
388 88 5 5 1 0
141 85 5 8 1 0
34 54 4 7 1 0
411 91 5 5 1 0
570 80 5 5 1 0
354 89 5 5 1 0
283 155 4 7 1 0
119 115 5 8 1 0
102 28 4 6 1 0
427 139 4 7 1 0
124 130 5 8 1 0
377 55 4 6 1 0
298 146 4 7 1 0
60 76 5 8 1 0
15 54 5 8 1 0
446 95 5 5 1 0
76 169 4 6 1 0
236 144 4 7 1 0
492 61 4 6 1 0
179 134 5 8 1 0
168 70 5 8 1 0
486 85 5 5 1 0
216 94 5 8 1 0
524 149 4 7 1 0
46 87 5 8 1 0
75 28 4 6 1 0
23 88 5 8 1 0
214 65 4 7 1 0
496 86 5 5 1 0
201 145 4 7 1 0
415 144 4 7 1 0
196 116 5 8 1 0
390 75 5 5 1 0
283 161 4 7 1 0
431 60 4 6 1 0
220 86 5 8 1 0
106 69 5 8 1 0
391 149 4 7 1 0
406 94 5 5 1 0
245 80 5 8 1 0
270 149 4 7 1 0
337 82 5 5 1 0
236 67 5 8 1 0
328 62 4 6 1 0
419 96 5 5 1 0
163 90 5 8 1 0
445 108 5 5 1 0
492 147 4 7 1 0
310 58 4 6 1 0
409 134 5 5 1 0
144 131 5 8 1 0
222 138 4 7 1 0
218 156 4 7 1 0
3 64 5 8 1 0
82 174 4 6 1 0
93 51 4 6 1 0
249 92 5 8 1 0
232 84 5 8 1 0
168 109 5 8 1 0
361 92 5 5 1 0
576 96 5 5 1 0
309 63 4 6 1 0
311 137 4 6 1 0
229 60 4 6 1 0
359 68 5 5 1 0
562 79 5 5 1 0
505 130 5 5 1 0
207 126 5 8 1 0
463 82 5 5 1 0
320 81 5 5 1 0
13 150 4 6 1 0
246 86 5 8 1 0
56 57 4 6 1 0
183 117 5 8 1 0
102 60 4 6 1 0
532 97 5 5 1 0
259 120 5 8 1 0
47 91 5 8 1 0
479 120 5 5 1 0
197 81 5 8 1 0
589 110 5 5 1 0
247 70 5 8 1 0
107 113 5 8 1 0
242 162 4 7 1 0
260 81 5 5 1 0
351 116 5 5 1 0
258 147 4 7 1 0
221 130 5 8 1 0
378 118 5 5 1 0
412 122 5 5 1 0
83 56 4 6 1 0
229 153 4 7 1 0
144 54 4 6 1 0
111 166 4 6 1 0
514 144 4 7 1 0
214 59 4 6 1 0
278 62 4 6 1 0
285 151 4 7 1 0
252 117 5 8 1 0
371 63 4 6 1 0
268 140 4 7 1 0
416 86 5 5 1 0
397 57 4 6 1 0
192 142 4 7 1 0
366 103 5 5 1 0
406 154 4 7 1 0
59 103 5 8 1 0
175 106 5 8 1 0
194 154 4 7 1 0
226 79 5 8 1 0
19 126 5 8 1 0
90 130 5 8 1 0
2 69 5 8 1 0
70 31 4 6 1 0
320 97 5 5 1 0
52 126 5 8 1 0
173 135 5 8 1 0
68 131 5 8 1 0
286 79 5 5 1 0
