511 10 5 4 1 0
387 221 21 26 1 0
124 41 5 4 1 0
776 119 17 18 1 0
18 106 17 18 1 0
78 85 16 14 1 0
468 41 5 4 1 0
498 448 38 47 1 0
274 97 16 14 2 0
920 70 16 14 1 0
264 151 17 18 1 0
437 188 21 26 2 0
216 173 21 26 2 0
704 36 5 4 1 0
684 26 5 4 1 0
631 91 16 14 1 0
758 24 5 4 1 0
385 197 21 26 1 0
275 238 27 26 1 0
451 209 21 26 1 0
116 288 27 26 1 0
42 78 16 14 1 0
462 235 21 26 1 0
632 234 21 26 1 0
69 39 5 4 1 0
889 24 5 4 1 0
103 192 21 26 1 0
296 36 5 4 1 0
249 123 17 18 1 0
209 142 17 18 1 0
533 218 21 26 1 0
3 427 38 47 1 0
199 77 16 14 2 0
881 174 21 26 1 0
268 38 5 4 1 0
738 371 31 36 1 0
195 9 5 4 1 0
374 74 16 14 1 0
457 267 27 26 1 0
513 72 16 14 2 0
479 33 5 4 1 0
85 111 17 18 1 0
395 308 27 26 1 0
57 200 21 26 1 0
561 191 21 26 1 0
800 98 16 14 1 0
513 119 17 18 2 0
196 36 5 4 1 0
546 29 5 4 1 0
471 36 5 4 1 0
764 219 21 26 1 0
229 221 21 26 1 0
994 229 21 26 1 0
1021 17 5 4 1 0
741 30 5 4 1 0
688 241 27 26 1 0
214 187 21 26 2 0
774 76 16 14 2 0
885 69 16 14 1 0
954 19 5 4 1 0
179 11 5 4 1 0
153 126 17 18 1 0
846 135 17 18 1 0
404 85 16 14 2 0
15 12 5 4 1 0
60 127 17 18 1 0
952 206 21 26 1 0
365 92 16 14 1 0
782 77 16 14 2 0
637 10 5 4 1 0
362 130 17 18 1 0
230 41 5 4 1 0
204 91 16 14 2 0
614 13 5 4 1 0
672 82 16 14 1 0
834 139 17 18 1 0
181 28 5 4 1 0
272 14 5 4 1 0
726 35 5 4 1 0
888 78 16 14 2 0
460 99 16 14 1 0
155 8 5 4 1 0
17 91 16 14 1 0
107 79 16 14 2 0
599 14 5 4 1 0
353 152 17 18 1 0
560 117 17 18 1 0
586 90 16 14 1 0
222 165 21 26 2 0
858 193 21 26 1 0
429 29 5 4 1 0
245 88 16 14 2 0
700 203 21 26 1 0
198 101 17 18 1 0
915 82 16 14 1 0
222 38 5 4 1 0
360 6 5 4 1 0
775 428 38 47 1 0
15 38 5 4 1 0
605 74 16 14 1 0
255 15 5 4 1 0
653 36 5 4 1 0
556 29 5 4 1 0
401 91 16 14 2 0
663 87 16 14 1 0
630 12 5 4 1 0
36 279 27 26 1 0
216 83 16 14 1 0
730 27 5 4 1 0
220 106 17 18 1 0
328 180 21 26 1 0
227 472 38 47 1 0
936 175 21 26 1 0
829 77 16 14 1 0
903 28 5 4 1 0
88 128 17 18 1 0
914 98 16 14 1 0
28 24 5 4 1 0
698 256 27 26 1 0
948 366 31 36 1 0
637 113 17 18 1 0
134 97 16 14 1 0
512 84 16 14 1 0
651 77 16 14 1 0
514 21 5 4 1 0
805 37 5 4 1 0
31 20 5 4 1 0
84 498 38 47 1 0
758 112 17 18 1 0
740 91 16 14 1 0
1011 66 5 4 1 0
213 123 17 18 1 0
465 125 17 18 1 0
541 254 27 26 1 0
559 147 17 18 1 0
736 17 5 4 1 0
668 36 5 4 1 0
197 157 21 26 1 0
65 109 17 18 2 0
702 278 27 26 1 0
355 110 17 18 2 0
841 79 16 14 1 0
149 142 17 18 1 0
780 250 27 26 1 0
345 173 21 26 1 0
955 109 17 18 1 0
153 28 5 4 1 0
522 394 31 36 1 0
936 19 5 4 1 0
512 139 17 18 2 0
712 20 5 4 1 0
157 37 5 4 1 0
114 319 31 36 1 0
564 25 5 4 1 0
347 94 16 14 2 0
313 117 17 18 1 0
531 48 5 4 1 0
653 97 16 14 1 0
903 110 17 18 1 0
481 19 5 4 1 0
248 159 21 26 1 0
893 283 27 26 1 0
937 36 5 4 1 0
564 16 5 4 1 0
136 14 5 4 1 0
61 162 21 26 1 0
609 15 5 4 1 0
662 158 21 26 1 0
151 81 16 14 2 0
616 166 21 26 2 0
133 122 17 18 1 0
171 126 17 18 1 0
138 208 21 26 1 0
957 124 17 18 1 0
65 28 5 4 1 0
1004 76 5 4 1 0
472 91 16 14 1 0
75 32 5 4 1 0
549 86 16 14 2 0
676 21 5 4 1 0
766 129 17 18 1 0
914 22 5 4 1 0
897 79 16 14 2 0
157 101 17 18 2 0
678 195 21 26 1 0
450 162 21 26 1 0
347 112 17 18 2 0
293 12 5 4 1 0
95 23 5 4 1 0
287 33 5 4 1 0
974 317 27 26 1 0
565 77 16 14 2 0
508 312 31 36 1 0
425 91 16 14 2 0
21 265 27 26 1 0
283 225 21 26 1 0
41 137 17 18 1 0
18 81 16 14 1 0
838 35 5 4 1 0
121 18 5 4 1 0
365 222 21 26 1 0
822 174 21 26 1 0
59 116 17 18 2 0
238 23 5 4 1 0
865 103 17 18 1 0
0 160 16 17 1 0
303 140 17 18 1 0
371 49 5 4 1 0
575 37 5 4 1 0
25 36 5 4 1 0
536 98 16 14 1 0
79 212 21 26 1 0
134 26 5 4 1 0
544 18 5 4 1 0
679 129 17 18 1 0
247 99 16 14 1 0
47 150 17 18 1 0
723 123 17 18 1 0
114 118 17 18 2 0
588 40 5 4 1 0
299 12 5 4 1 0
1017 145 16 18 1 0
1016 30 5 4 1 0
785 102 17 18 1 0
605 320 31 36 1 0
41 115 17 18 1 0
928 101 17 18 2 0
745 77 16 14 1 0
49 11 5 4 1 0
420 38 5 4 1 0
593 16 5 4 1 0
301 114 17 18 1 0
77 72 16 14 1 0
285 261 27 26 2 0
411 151 17 18 1 0
574 108 17 18 1 0
586 77 16 14 1 0
626 111 17 18 1 0
574 26 5 4 1 0
442 11 5 4 1 0
291 42 5 4 1 0
792 77 16 14 2 0
255 26 5 4 1 0
141 84 16 14 1 0
631 19 5 4 1 0
1015 101 5 4 1 0
324 214 21 26 2 0
570 98 16 14 1 0
515 128 17 18 2 0
641 75 16 14 1 0
864 39 5 4 1 0
498 164 21 26 1 0
145 12 5 4 1 0
185 40 5 4 1 0
691 42 5 4 1 0
150 96 16 14 2 0
205 24 5 4 1 0
809 169 21 26 1 0
838 197 21 26 1 0
505 116 17 18 2 0
584 28 5 4 1 0
302 21 5 4 1 0
174 116 17 18 1 0
573 75 16 14 2 0
718 22 5 4 1 0
945 75 16 14 1 0
876 101 17 18 1 0
7 125 16 14 1 0
539 72 16 14 1 0
690 22 5 4 1 0
605 143 17 18 1 0
646 21 5 4 1 0
494 189 21 26 1 0
134 145 17 18 1 0
97 8 5 4 1 0
41 24 5 4 1 0
463 80 16 14 2 0
649 201 21 26 1 0
223 345 31 36 1 0
409 110 17 18 2 0
793 227 21 26 1 0
892 119 17 18 1 0
322 370 31 36 1 0
970 21 5 4 1 0
42 38 5 4 1 0
663 72 16 14 1 0
784 144 17 18 1 0
498 102 17 18 1 0
17 123 17 18 1 0
806 73 16 14 1 0
654 130 17 18 1 0
288 84 16 14 1 0
979 25 5 4 1 0
996 281 27 26 1 0
903 126 17 18 1 0
763 171 21 26 1 0
216 311 31 36 1 0
809 105 17 18 1 0
360 104 17 18 2 0
180 76 16 14 2 0
847 268 27 26 1 0
717 35 5 4 1 0
0 201 21 24 2 0
486 27 5 4 1 0
218 152 17 18 1 0
754 126 17 18 1 0
759 84 16 14 1 0
504 40 5 4 1 0
623 190 21 26 1 0
994 191 21 26 1 0
279 407 31 36 1 0
314 144 17 18 1 0
435 352 31 36 1 0
1006 31 5 4 1 0
471 159 21 26 1 0
173 178 21 26 1 0
169 74 16 14 1 0
566 164 21 26 1 0
561 20 5 4 1 0
234 0 5 4 1 0
133 37 5 4 1 0
787 120 17 18 1 0
418 227 21 26 1 0
435 288 27 26 1 0
585 20 5 4 1 0
1012 125 12 13 1 0
750 219 21 26 1 0
407 129 17 18 2 0
40 90 16 14 1 0
540 344 31 36 1 0
467 11 5 4 1 0
579 215 21 26 1 0
251 136 17 18 1 0
512 159 21 26 1 0
217 13 5 4 1 0
692 329 31 36 1 0
926 249 27 26 1 0
553 21 5 4 1 0
671 95 16 14 1 0
85 31 5 4 1 0
228 12 5 4 1 0
102 6 5 4 1 0
117 143 17 18 1 0
448 114 17 18 1 0
363 147 17 18 1 0
390 40 5 4 1 0
824 107 17 18 1 0
327 89 16 14 1 0
908 171 21 26 1 0
617 35 5 4 1 0
672 115 17 18 1 0
625 27 5 4 1 0
357 83 16 14 2 0
768 19 5 4 1 0
639 491 38 47 1 0
538 21 5 4 1 0
527 11 5 4 1 0
955 63 16 14 1 0
750 22 5 4 1 0
881 204 21 26 1 0
336 112 17 18 1 0
925 225 21 26 1 0
798 126 17 18 1 0
452 90 16 14 1 0
904 71 16 14 1 0
978 38 5 4 1 0
0 214 21 24 2 0
952 81 16 14 1 0
604 125 17 18 1 0
1001 251 27 26 1 0
383 97 16 14 2 0
230 29 5 4 1 0
528 75 16 14 1 0
683 18 5 4 1 0
614 279 27 26 1 0
879 84 16 14 1 0
200 41 5 4 1 0
658 29 5 4 1 0
1022 375 28 28 1 0
1018 82 5 4 1 0
770 98 16 14 1 0
351 138 17 18 1 0
379 185 21 26 1 0
613 102 17 18 1 0
214 230 21 26 1 0
56 7 5 4 1 0
429 13 5 4 1 0
94 93 16 14 2 0
93 39 5 4 1 0
691 213 21 26 1 0
558 41 5 4 1 0
929 92 16 14 2 0
611 25 5 4 1 0
451 103 17 18 1 0
979 68 5 4 1 0
273 157 21 26 1 0
712 134 17 18 1 0
789 469 38 47 1 0
96 170 21 26 1 0
53 92 16 14 1 0
861 80 16 14 1 0
511 104 17 18 1 0
89 88 16 14 2 0
154 85 16 14 2 0
323 206 21 26 2 0
404 49 5 4 1 0
940 492 38 47 1 0
125 25 5 4 1 0
986 99 5 4 1 0
16 319 31 36 1 0
71 27 5 4 1 0
817 233 21 26 1 0
988 26 5 4 1 0
847 71 16 14 1 0
602 37 5 4 1 0
179 23 5 4 1 0
520 147 17 18 1 0
615 78 16 14 1 0
58 25 5 4 1 0
208 205 21 26 1 0
842 333 31 36 1 0
889 146 17 18 1 0
621 14 5 4 1 0
413 132 17 18 2 0
182 122 17 18 1 0
139 26 5 4 1 0
280 288 27 26 1 0
627 35 5 4 1 0
549 78 16 14 2 0
161 398 31 36 1 0
445 33 5 4 1 0
367 489 38 47 1 0
118 169 21 26 1 0
250 76 16 14 2 0
296 254 27 26 2 0
917 132 17 18 1 0
776 43 5 4 1 0
114 268 27 26 1 0
980 88 5 4 1 0
547 10 5 4 1 0
453 27 5 4 1 0
700 25 5 4 1 0
1012 217 21 26 1 0
738 188 21 26 1 0
862 138 17 18 1 0
216 277 27 26 1 0
164 143 17 18 1 0
531 33 5 4 1 0
214 10 5 4 1 0
398 96 16 14 2 0
524 282 27 26 1 0
550 96 16 14 1 0
493 81 16 14 1 0
745 41 5 4 1 0
439 44 5 4 1 0
309 91 16 14 1 0
944 33 5 4 1 0
109 32 5 4 1 0
641 126 17 18 1 0
219 26 5 4 1 0
186 79 16 14 2 0
670 20 5 4 1 0
969 74 16 14 1 0
955 164 21 26 1 0
1010 114 5 4 1 0
203 83 16 14 2 0
532 22 5 4 1 0
4 77 16 15 1 0
51 20 5 4 1 0
847 246 27 26 1 0
334 41 5 4 1 0
384 89 16 14 2 0
662 18 5 4 1 0
226 89 16 14 1 0
999 173 21 26 2 0
838 103 17 18 1 0
853 107 17 18 1 0
389 265 27 26 2 0
596 29 5 4 1 0
496 13 5 4 1 0
407 27 5 4 1 0
353 81 16 14 2 0
115 82 16 14 2 0
34 12 5 4 1 0
507 74 16 14 2 0
606 160 21 26 2 0
662 110 17 18 1 0
437 179 21 26 2 0
409 118 17 18 2 0
913 394 31 36 1 0
583 116 17 18 1 0
858 166 21 26 1 0
253 38 5 4 1 0
376 12 5 4 1 0
1019 68 5 4 1 0
64 81 16 14 1 0
676 37 5 4 1 0
1002 159 21 26 2 0
689 31 5 4 1 0
268 187 21 26 2 0
726 81 16 14 1 0
602 21 5 4 1 0
129 4 5 4 1 0
748 110 17 18 1 0
922 179 21 26 1 0
521 14 5 4 1 0
396 435 38 47 1 0
110 112 17 18 2 0
580 15 5 4 1 0
385 252 27 26 2 0
402 180 21 26 1 0
18 146 17 18 1 0
504 89 16 14 1 0
462 89 16 14 1 0
572 18 5 4 1 0
778 92 16 14 1 0
599 213 21 26 1 0
931 73 16 14 1 0
316 81 16 14 1 0
988 76 5 4 1 0
438 81 16 14 1 0
78 10 5 4 1 0
69 132 17 18 1 0
11 26 5 4 1 0
156 167 21 26 1 0
39 196 21 26 1 0
650 149 17 18 1 0
230 75 16 14 1 0
246 14 5 4 1 0
141 75 16 14 1 0
485 235 21 26 1 0
417 107 17 18 2 0
748 31 5 4 1 0
546 113 17 18 1 0
645 37 5 4 1 0
269 23 5 4 1 0
962 30 5 4 1 0
293 6 5 4 1 0
978 78 5 4 1 0
639 377 31 36 1 0
304 335 31 36 1 0
968 92 16 14 1 0
817 138 17 18 1 0
816 94 16 14 1 0
268 202 21 26 2 0
301 83 16 14 1 0
112 368 31 36 1 0
796 175 21 26 1 0
161 193 21 26 1 0
845 89 16 14 1 0
656 13 5 4 1 0
76 18 5 4 1 0
469 80 16 14 2 0
745 64 16 14 1 0
616 117 17 18 1 0
640 434 38 47 1 0
311 131 17 18 1 0
378 108 17 18 1 0
285 23 5 4 1 0
943 88 16 14 1 0
591 9 5 4 1 0
456 128 17 18 1 0
349 101 17 18 2 0
614 238 27 26 1 0
129 235 21 26 1 0
1013 19 5 4 1 0
276 177 21 26 1 0
247 26 5 4 1 0
641 16 5 4 1 0
923 34 5 4 1 0
264 126 17 18 1 0
47 235 21 26 1 0
974 203 21 26 1 0
300 155 21 26 1 0
943 155 21 26 1 0
505 145 17 18 2 0
172 12 5 4 1 0
248 83 16 14 2 0
886 95 16 14 1 0
206 32 5 4 1 0
945 13 5 4 1 0
263 42 5 4 1 0
337 81 16 14 1 0
800 303 27 26 1 0
171 29 5 4 1 0
706 173 21 26 1 0
891 37 5 4 1 0
713 199 21 26 1 0
434 90 16 14 2 0
101 157 21 26 1 0
17 361 31 36 1 0
389 81 16 14 1 0
255 105 17 18 1 0
115 88 16 14 2 0
269 94 16 14 2 0
161 8 5 4 1 0
572 10 5 4 1 0
353 296 27 26 1 0
968 131 17 18 1 0
514 31 5 4 1 0
