418 713 109 135 1 0
506 690 109 135 1 0
972 857 109 135 1 0
1113 680 109 135 1 0
1330 706 109 135 1 0
553 808 109 135 3 0
1550 780 109 135 1 0
882 673 109 135 1 0
1743 735 109 135 1 0
1835 724 109 135 1 0
1212 560 70 68 1 0
1771 673 109 135 1 0
1402 810 109 135 1 0
1915 731 109 135 1 0
1704 691 109 135 1 0
1122 738 109 135 1 0
492 776 109 135 1 0
1621 695 109 135 1 0
1716 843 109 135 1 0
1690 767 109 135 1 0
275 710 109 135 1 0
1855 700 109 135 1 0
1517 711 109 135 1 0
1079 767 109 135 1 0
1282 801 109 135 1 0
801 972 196 205 1 0
970 673 109 135 1 0
1024 723 109 135 1 0
480 803 109 135 1 0
592 735 109 135 1 0
1715 674 109 135 1 0
1001 971 196 205 1 0
1703 984 196 205 1 0
911 681 109 135 1 0
1222 775 109 135 1 0
1579 899 196 205 1 0
549 658 109 135 1 0
538 743 109 135 1 0
397 1033 196 205 1 0
1734 704 109 135 1 0
1032 672 109 135 1 0
1875 758 109 135 1 0
1359 784 109 135 1 0
1797 726 109 135 1 0
716 731 109 135 1 0
114 691 109 135 1 0
1366 709 109 135 1 0
402 685 109 135 1 0
610 658 109 135 1 0
