542 363 31 42 1 0
1186 323 15 17 1 0
969 334 17 22 1 0
957 320 17 22 1 0
761 347 25 33 1 0
13 393 45 58 1 0
190 426 57 70 1 0
1105 344 15 17 1 0
859 331 17 22 1 0
929 317 17 22 1 0
1314 331 16 17 1 0
878 413 48 50 1 0
684 342 25 33 1 0
1274 351 16 17 1 0
433 423 54 69 1 0
885 367 17 22 1 0
982 373 17 22 1 0
789 367 25 33 1 0
923 336 17 22 1 0
704 333 25 33 2 0
1346 531 67 85 1 0
151 498 45 66 1 0
908 322 17 22 1 0
1073 478 67 85 1 0
1092 330 15 17 1 0
1398 358 35 37 1 0
1055 338 15 17 1 0
747 515 131 164 1 0
406 346 38 47 1 0
862 356 17 22 1 0
1034 343 15 17 1 0
782 341 25 33 1 0
1215 379 49 51 1 0
983 326 17 22 1 0
946 316 17 22 1 0
1057 319 15 17 1 0
887 332 17 22 1 0
31 495 45 66 1 0
678 388 34 37 1 0
582 391 54 69 1 0
809 351 25 33 1 0
956 384 17 22 1 0
894 312 17 22 1 0
624 395 36 44 1 0
1140 324 15 17 1 0
219 351 22 26 1 0
1417 340 35 37 1 0
794 331 25 33 1 0
716 336 25 33 2 0
315 439 39 46 1 0
250 387 57 70 1 0
720 378 34 37 1 0
1360 378 35 37 1 0
797 412 48 50 1 0
831 323 25 33 1 0
737 349 25 33 1 0
1158 341 15 17 1 0
1104 324 15 17 1 0
983 350 17 22 1 0
1022 331 15 17 1 0
542 418 54 69 1 0
314 365 28 33 1 0
1414 387 35 37 1 0
1082 369 36 42 1 0
1010 372 36 42 1 0
654 357 34 37 1 0
213 607 170 186 1 0
