3794 316 5 7 1 0
6294 1294 9 12 1 0
534 1828 16 22 1 0
5278 684 6 7 1 0
3847 1029 8 13 1 0
2280 1715 15 20 1 0
4695 407 5 7 1 0
7017 949 10 13 1 0
3816 1452 8 13 1 0
3923 933 8 13 1 0
3309 1310 8 13 1 0
4930 1215 11 11 1 0
5720 1093 9 12 1 0
3218 1484 8 13 1 0
438 1692 16 22 1 0
5437 833 6 7 1 0
3451 1190 8 13 1 0
6237 913 9 12 1 0
7503 832 14 18 1 0
3728 1061 8 13 1 0
3614 986 8 13 1 0
2495 1083 8 13 1 0
3916 1389 8 13 1 0
3860 327 5 7 1 0
7074 1169 17 18 1 0
4638 337 5 7 1 0
4438 1091 8 13 1 0
5263 913 6 7 1 0
3169 1013 8 13 1 0
6792 969 9 12 1 0
486 1746 16 22 1 0
6516 1261 9 12 1 0
3826 908 8 13 1 0
5527 891 6 7 1 0
2443 1588 11 16 1 0
6196 1693 12 17 1 0
1424 991 8 9 1 0
5017 1128 11 11 1 0
6716 1523 35 39 2 0
995 1407 15 20 1 0
5300 802 6 7 1 0
4397 863 7 11 2 0
5551 972 6 7 1 0
1783 902 8 9 1 0
5096 1114 11 11 1 0
1921 1498 15 20 1 0
3490 928 8 13 1 0
6510 1114 9 12 1 0
6948 1011 9 12 1 0
4343 869 6 10 1 0
1613 2403 25 28 1 0
2271 1097 8 9 1 0
6535 1226 9 12 1 0
3395 547 5 7 1 0
6177 1709 12 17 1 0
6654 1536 35 39 1 0
3691 808 5 7 1 0
783 726 5 7 1 0
2751 843 6 10 1 0
1698 1374 15 20 1 0
7675 1189 41 52 1 0
785 1853 16 22 1 0
1376 864 8 9 1 0
3089 1190 8 13 1 0
2344 1059 8 9 1 0
7592 875 14 18 1 0
1117 2215 55 65 2 0
6343 905 9 12 1 0
1781 1589 16 22 1 0
2266 1065 8 9 1 0
4403 2667 19 24 1 0
3689 1067 8 13 1 0
2257 923 8 9 1 0
5189 1171 6 7 1 0
815 790 5 7 1 0
729 1791 16 22 1 0
1348 1200 15 20 1 0
5790 839 9 12 1 0
486 1425 15 20 1 0
3996 958 8 13 1 0
3495 1265 8 13 1 0
1851 1057 8 9 1 0
4160 1092 8 13 1 0
3266 812 5 7 1 0
357 1841 16 22 1 0
2186 959 8 9 1 0
601 2270 55 65 1 0
1452 2252 25 28 1 0
7266 1174 14 18 1 0
772 1210 15 20 1 0
2839 967 8 13 1 0
7639 1038 14 18 1 0
4236 772 5 7 1 0
7805 713 14 18 1 0
5670 850 6 7 1 0
706 1657 16 22 1 0
5813 917 9 12 1 0
6758 1001 9 12 1 0
7928 738 14 18 1 0
1906 1334 15 20 1 0
4320 2536 19 24 1 0
4326 1363 8 13 1 0
3263 976 8 13 1 0
1347 1026 8 9 1 0
2609 1141 8 13 1 0
1693 580 5 7 1 0
6188 993 9 12 1 0
2701 1575 8 13 1 0
5844 1207 9 12 1 0
5786 1947 28 29 1 0
4425 2509 19 24 1 0
1898 1124 8 9 1 0
3405 1226 8 13 1 0
5090 1237 11 11 1 0
6660 1520 9 12 1 0
2526 1234 8 13 1 0
4142 589 5 7 1 0
4513 2589 19 24 1 0
6360 1493 9 12 1 0
6552 1023 9 12 1 0
7774 857 14 18 1 0
7671 1034 14 18 1 0
6637 1419 9 12 1 0
4212 2712 19 24 1 0
1622 2120 25 28 1 0
6771 899 9 12 1 0
5522 1816 14 17 1 0
2228 1656 15 20 1 0
3101 1219 8 13 1 0
4342 899 8 13 1 0
5954 1747 12 17 1 0
5719 851 9 12 1 0
6117 1759 12 17 1 0
2184 1679 15 20 2 0
1911 1156 8 9 1 0
2123 1586 15 20 1 0
7537 806 14 18 1 0
4381 1004 8 13 1 0
2218 1101 8 9 1 0
6475 1429 9 12 1 0
6257 960 9 12 1 0
1846 849 8 9 1 0
5082 1194 11 11 1 0
890 529 5 7 1 0
1389 1694 16 22 1 0
3602 821 5 7 1 0
7299 1006 14 18 1 0
3215 796 5 7 1 0
2005 1170 8 9 1 0
5044 2631 77 78 1 0
4312 929 8 13 1 0
3845 1187 8 13 1 0
4173 823 5 7 1 0
6264 1730 12 17 1 0
2067 1551 15 20 1 0
43 1126 9 11 1 0
2888 636 5 7 1 0
4780 1292 11 11 1 0
2601 1116 8 13 1 0
2169 1000 8 9 1 0
2707 1356 8 13 1 0
6638 1210 9 12 1 0
2695 1403 8 13 1 0
2409 1143 8 13 1 0
2169 1569 15 20 1 0
2830 1556 8 13 1 0
4457 1246 8 13 1 0
6514 821 9 12 1 0
1408 1314 15 20 1 0
3086 839 5 8 1 0
5223 2105 29 27 2 0
4850 1208 11 11 1 0
6013 1015 9 12 1 0
772 1597 16 22 1 0
973 2340 55 65 1 0
2297 1318 15 20 1 0
1839 1134 8 9 1 0
2142 1571 15 20 1 0
6973 934 9 12 1 0
2887 900 7 11 1 0
1474 1404 15 20 1 0
2660 1006 8 13 1 0
4729 2456 26 21 1 0
6589 1422 9 12 1 0
6421 1122 9 12 1 0
6571 1460 9 12 1 0
2435 984 8 13 1 0
1934 1126 8 9 1 0
962 1823 16 22 1 0
1561 1537 15 20 1 0
7794 772 14 18 1 0
5945 1075 9 12 1 0
3787 1192 8 13 1 0
2949 1381 8 13 1 0
5652 997 6 7 1 0
1875 2298 25 28 1 0
6767 834 9 12 1 0
1153 1771 16 22 1 0
1441 1611 16 22 1 0
607 1852 16 22 1 0
2104 1272 15 20 1 0
3854 2650 19 24 1 0
4609 407 5 7 1 0
1316 503 5 7 1 0
7316 959 14 18 1 0
4376 940 8 13 1 0
4007 921 8 13 1 0
6041 1702 12 17 1 0
5750 1159 9 12 1 0
835 1842 16 22 1 0
1197 1329 15 20 1 0
3515 2825 53 61 1 0
6121 1129 9 12 1 0
1868 1197 15 20 1 0
4066 1235 8 13 1 0
6485 1095 9 12 1 0
5826 1013 9 12 1 0
5773 835 9 12 1 0
1336 1609 16 22 1 0
1629 1282 15 20 1 0
2877 583 5 7 1 0
137 1083 8 9 1 0
1124 914 8 9 1 0
4127 825 5 7 1 0
4224 401 5 7 1 0
939 1556 15 20 1 0
767 734 5 7 1 0
4084 1016 8 13 1 0
2181 1264 15 20 1 0
6578 1446 9 12 1 0
3426 1412 8 13 1 0
3656 311 5 7 1 0
4072 2705 19 24 1 0
3688 1235 8 13 1 0
5188 1119 6 7 1 0
3290 1131 8 13 1 0
3639 1169 8 13 1 0
2844 319 5 7 1 0
4163 2645 19 24 1 0
6599 1044 9 12 1 0
4379 2607 19 24 1 0
5995 775 9 12 1 0
3010 585 5 7 1 0
6497 1483 9 12 1 0
589 1005 8 9 1 0
2475 1209 8 13 1 0
7481 1143 31 34 1 0
1577 1414 15 20 1 0
3874 513 5 7 1 0
4327 358 5 7 1 0
1453 1570 16 22 1 0
3998 895 8 13 1 0
846 1741 16 22 1 0
1867 1125 8 9 1 0
3747 1230 8 13 1 0
2675 1314 8 13 1 0
1753 978 8 9 1 0
7421 1032 14 18 2 0
1876 926 8 9 1 0
187 1185 11 14 1 0
4325 932 8 13 1 0
1032 1885 16 22 1 0
1663 1119 8 9 1 0
1426 503 5 7 1 0
4449 508 5 7 1 0
4302 2995 53 61 1 0
5284 2556 77 78 1 0
5977 1197 9 12 1 0
3736 812 5 7 1 0
1381 853 8 9 1 0
5839 1042 9 12 1 0
6043 1785 12 17 1 0
1310 1203 15 20 1 0
3942 745 5 7 1 0
1895 1507 15 20 1 0
7171 999 14 18 1 0
7940 922 14 18 1 0
5112 1085 11 11 1 0
1638 1206 15 20 1 0
5471 830 6 7 1 0
5785 1999 33 33 1 0
2561 977 8 13 1 0
6398 1027 9 12 1 0
5294 2082 31 30 1 0
467 844 8 9 1 0
3466 610 5 7 1 0
4199 363 5 7 1 0
6241 1989 50 55 1 0
3686 917 8 13 1 0
6738 1480 15 18 1 0
7511 880 14 18 1 0
3645 1277 8 13 1 0
6376 1222 9 12 1 0
5611 1102 6 7 1 0
2788 1555 8 13 1 0
4166 994 8 13 1 0
4502 2532 19 24 1 0
2602 376 5 7 1 0
5605 1617 13 14 1 0
1214 1385 15 20 1 0
3924 320 5 7 1 0
968 1104 8 9 1 0
6621 809 9 12 1 0
153 1243 15 20 1 0
1735 1207 15 20 1 0
934 1114 8 9 1 0
6398 799 9 12 1 0
2801 1275 8 13 1 0
5967 1819 14 17 1 0
5403 2085 33 33 1 0
3645 3017 53 61 1 0
2561 1428 8 13 1 0
6782 997 9 12 1 0
5771 760 9 12 1 0
7471 899 14 18 1 0
3036 585 5 7 1 0
4211 1146 8 13 1 0
2230 1744 15 20 1 0
5420 2120 33 33 1 0
3061 1308 8 13 1 0
7404 1128 31 34 1 0
6123 1266 9 12 1 0
6751 937 9 12 1 0
1380 1430 15 20 1 0
5747 2185 63 57 1 0
4761 2510 26 21 1 0
1456 1294 15 20 1 0
1760 1287 15 20 1 0
3755 943 8 13 1 0
6282 921 9 12 1 0
6133 1835 50 55 1 0
2337 1657 15 20 1 0
3426 865 7 11 1 0
2577 1115 8 13 1 0
778 1719 16 22 1 0
2972 1347 8 13 1 0
6587 1223 9 12 1 0
6222 908 9 12 1 0
3305 982 8 13 1 0
7967 547 14 18 1 0
2357 1193 8 13 1 0
5931 1818 14 17 1 0
7429 1167 41 52 1 0
5731 952 9 12 1 0
7101 948 14 18 1 0
5669 933 6 7 1 0
4176 494 5 7 1 0
6313 1132 9 12 1 0
4421 504 5 7 1 0
7918 627 14 18 1 0
2924 828 5 7 1 0
5839 2504 94 140 1 0
2371 1255 9 14 1 0
6590 1183 9 12 1 0
5140 2142 26 21 1 0
1017 1619 16 22 1 0
1537 1233 15 20 1 0
1694 1085 8 9 1 0
1833 1142 8 9 1 0
3777 1347 8 13 1 0
3823 747 5 7 1 0
5631 854 6 7 1 0
5590 1101 6 7 1 0
5811 970 9 12 1 0
550 1660 16 22 2 0
3795 911 8 13 1 0
5574 1981 33 33 1 0
3806 1226 8 13 1 0
5579 803 6 7 1 0
5693 1096 6 7 1 0
4287 934 8 13 1 0
1186 1235 15 20 1 0
2958 1309 8 13 1 0
3801 1371 8 13 1 0
974 1797 16 22 1 0
2496 986 8 13 1 0
2523 1274 8 13 1 0
302 946 8 9 1 0
3019 1186 8 13 1 0
11 922 8 9 1 0
6020 1765 12 17 1 0
4738 2411 26 21 1 0
6215 826 9 12 1 0
2898 1232 8 13 1 0
4991 1218 11 11 1 0
5643 920 6 7 1 0
2585 1180 8 13 1 0
1221 2212 25 28 1 0
4027 319 5 7 1 0
4595 331 5 7 1 0
6313 797 9 12 1 0
6011 1801 14 17 1 0
7939 679 14 18 1 0
4951 1159 11 11 1 0
7903 805 14 18 1 0
6087 2070 63 57 1 0
5789 1041 9 12 1 0
4640 1118 8 13 1 0
3170 1078 8 13 1 0
2779 2743 21 26 1 0
6234 1574 11 11 1 0
6204 1113 9 12 1 0
6155 1061 9 12 1 0
6278 1592 11 11 1 0
2452 1142 8 13 1 0
5844 1011 9 12 1 0
5384 2333 42 48 1 0
1875 1284 15 20 1 0
2023 1324 15 20 1 0
3251 1047 8 13 1 0
7000 1042 9 12 1 0
2390 2302 19 28 1 0
7515 970 14 18 1 0
1015 1914 16 22 1 0
5852 917 9 12 1 0
2232 1520 15 20 1 0
2071 847 8 9 1 0
5429 709 6 7 1 0
3667 1075 8 13 1 0
1659 1328 15 20 1 0
1758 1395 15 20 1 0
157 1910 16 22 1 0
4034 1044 8 13 1 0
2359 1642 15 20 1 0
4891 495 5 7 1 0
3848 1445 8 13 1 0
5818 853 9 12 1 0
1316 1374 15 20 1 0
3766 1032 8 13 1 0
2405 2092 19 28 1 0
7533 872 14 18 1 0
6167 1395 10 12 1 0
6200 1144 9 12 1 0
800 718 5 7 1 0
5067 2320 26 21 1 0
6619 1179 9 12 1 0
3476 767 5 7 1 0
1735 1119 8 9 1 0
5851 977 9 12 1 0
7885 2548 336 418 1 0
6877 1309 20 19 1 0
3854 1404 8 13 1 0
3816 1091 8 13 1 0
7541 1122 31 34 1 0
6529 1226 9 12 1 0
4623 1322 8 13 1 0
2825 329 5 7 1 0
4244 907 8 13 1 0
4806 1124 11 11 1 0
2486 1314 8 13 1 0
6457 1453 9 12 1 0
6247 1584 11 11 1 0
4717 1236 11 11 1 0
3705 514 5 7 1 0
2581 2560 19 28 1 0
6012 759 9 12 1 0
4135 2608 19 24 1 0
3096 536 5 7 1 0
7574 1100 31 34 1 0
6511 1016 9 12 1 0
3204 580 5 7 1 0
3976 2623 19 24 1 0
3464 964 8 13 1 0
6549 1436 9 12 1 0
6895 1360 20 19 1 0
7021 1274 20 19 1 0
4036 1023 8 13 1 0
6056 957 9 12 1 0
6226 1166 9 12 1 0
7180 1261 20 19 1 0
4177 1154 8 13 1 0
6304 925 9 12 1 0
5825 1041 9 12 1 0
840 1578 16 22 1 0
3894 1023 8 13 1 0
1083 1348 15 20 1 0
7379 1213 31 34 2 0
1438 1465 15 20 1 0
6244 1199 9 12 1 0
7928 770 14 18 1 0
5278 2088 27 24 1 0
5867 1208 9 12 1 0
6400 1298 9 12 1 0
677 1058 8 9 1 0
2744 1211 8 13 1 0
586 849 8 9 1 0
4784 338 5 7 1 0
2669 1546 8 13 1 0
2401 1228 8 13 1 0
5643 1172 6 7 1 0
2315 1003 8 9 1 0
3807 1336 8 13 1 0
1782 2329 25 28 1 0
821 2441 109 159 1 0
4263 2584 19 24 1 0
2364 1229 8 12 1 0
5835 967 9 12 1 0
2172 1230 15 20 1 0
2303 1168 8 9 1 0
7946 632 14 18 2 0
748 2266 55 65 1 0
3210 1186 8 13 1 0
2538 1112 8 13 1 0
2316 943 8 9 1 0
1256 1345 15 20 1 0
5298 2445 77 78 1 0
6449 1279 9 12 1 0
3121 2775 53 61 1 0
6871 1342 20 19 1 0
891 1045 8 9 1 0
1336 2004 16 22 1 0
2914 631 5 7 1 0
5750 1073 9 12 1 0
2231 955 8 9 1 0
3754 1307 8 13 1 0
1695 1131 8 9 1 0
869 2008 16 22 1 0
2306 883 8 9 1 0
1977 2332 25 28 1 0
4328 1043 8 13 1 0
3949 926 8 13 1 0
2692 1290 8 13 1 0
6711 957 9 12 1 0
1529 982 8 9 1 0
4608 335 5 7 1 0
5389 2031 33 33 2 0
5947 1197 9 12 1 0
6731 877 9 12 1 0
701 975 8 9 1 0
4972 2836 103 129 1 0
6771 1678 88 83 1 0
6841 965 9 12 1 0
2193 1049 8 9 1 0
5393 714 6 7 1 0
1550 2457 79 113 1 0
5573 1102 6 7 1 0
6676 1150 9 12 1 0
3992 1139 8 13 1 0
7388 1380 45 52 1 0
3389 1343 8 13 1 0
5678 2009 33 33 1 0
2849 2605 19 28 1 0
129 1438 16 22 1 0
2259 946 8 9 1 0
6120 1149 9 12 1 0
6701 895 9 12 1 0
4374 805 5 7 1 0
7030 956 11 15 1 0
1191 2040 16 22 1 0
6961 932 9 12 1 0
4671 1176 8 13 1 0
6683 1551 35 39 1 0
1335 1368 15 20 1 0
2738 844 6 10 1 0
3780 564 5 7 1 0
4191 996 8 13 1 0
4187 1224 8 13 1 0
1740 1253 15 20 1 0
104 1100 8 9 1 0
682 828 7 8 1 0
475 2191 55 65 1 0
4485 506 5 7 1 0
5253 845 6 7 1 0
6147 903 9 12 1 0
5386 892 6 7 1 0
3295 319 5 7 1 0
3519 930 8 13 1 0
1176 1444 15 20 1 0
7434 1097 31 34 1 0
6828 1074 9 12 1 0
6658 974 9 12 1 0
6468 1477 9 12 1 0
6514 1190 9 12 1 0
5666 1031 6 7 1 0
2172 1184 13 17 1 0
1064 1438 15 20 1 0
1467 1415 15 20 1 0
3895 1054 8 13 1 0
6251 1176 9 12 1 0
6282 1103 9 12 1 0
6495 1164 9 12 1 0
4442 1117 8 13 1 0
3618 1279 8 13 1 0
3917 1252 8 13 1 0
5680 970 6 7 1 0
4534 3051 90 105 1 0
2942 1157 8 13 1 0
6409 1493 9 12 1 0
4979 1130 11 11 1 0
6264 783 9 12 1 0
1554 1300 15 20 1 0
5827 1026 9 12 1 0
5963 1788 13 17 1 0
1462 1253 15 20 1 0
5008 2195 26 21 1 0
2869 1125 8 13 1 0
4374 864 7 11 1 0
34 1175 11 14 1 0
6059 1815 14 17 1 0
4217 2660 19 24 1 0
3409 1304 8 13 1 0
1854 886 8 9 1 0
5065 1201 11 11 1 0
2229 1366 15 20 1 0
5741 826 9 12 1 0
7948 640 14 18 2 0
4566 1072 8 13 1 0
4459 2921 103 129 1 0
963 2099 55 65 2 0
6950 929 9 12 1 0
3679 1133 8 13 1 0
4468 335 5 7 1 0
1424 1479 15 20 1 0
1398 513 5 7 1 0
5257 806 6 7 1 0
4914 1208 11 11 1 0
4244 876 7 11 1 0
1251 1222 15 20 1 0
4645 1317 8 13 1 0
6049 1917 14 17 1 0
480 803 8 9 1 0
6313 1265 9 12 1 0
3152 1145 8 13 1 0
5613 1078 6 7 1 0
6557 1090 9 12 1 0
6281 2203 112 110 1 0
5316 830 6 7 1 0
3189 513 5 7 1 0
1838 816 5 7 1 0
6882 1095 9 12 1 0
6526 1494 9 12 1 0
6 1549 16 22 1 0
3132 1375 8 13 1 0
1528 1452 15 20 1 0
4384 914 8 13 1 0
2030 1697 15 20 1 0
1924 829 5 7 1 0
2860 584 5 7 1 0
6493 1399 9 12 1 0
6133 1034 9 12 1 0
2731 1288 8 13 1 0
1363 1759 16 22 1 0
2545 1307 8 13 1 0
2431 1460 8 13 1 0
4173 2820 53 61 1 0
5581 742 6 7 1 0
6639 1031 9 12 1 0
1043 1471 15 20 1 0
721 819 6 8 1 0
3658 1351 8 13 1 0
2739 1106 8 13 1 0
5918 1754 12 17 1 0
976 2048 55 65 2 0
1359 1331 15 20 1 0
4422 1153 8 13 1 0
6370 1570 11 11 1 0
3068 1412 8 13 1 0
1820 833 5 7 1 0
6299 1946 72 80 2 0
6300 1089 9 12 1 0
4379 1193 8 13 1 0
6891 1102 9 12 1 0
508 1988 16 22 1 0
4239 1213 8 13 1 0
1761 1036 8 9 1 0
5613 802 6 7 1 0
4580 2937 103 129 1 0
6322 1068 9 12 1 0
4761 2462 26 21 1 0
1095 923 8 9 1 0
4223 549 5 7 1 0
878 2257 55 65 1 0
1092 1406 15 20 1 0
7995 696 14 18 1 0
4398 955 8 13 1 0
1533 1441 15 20 1 0
5791 1145 9 12 1 0
5182 1128 6 7 1 0
2937 1344 8 13 1 0
4853 2696 102 103 2 0
6645 935 9 12 1 0
268 1689 16 22 2 0
4285 892 8 13 1 0
3410 317 5 7 1 0
1222 1305 15 20 1 0
1094 1979 16 22 1 0
3318 1241 8 13 1 0
6252 1653 35 39 1 0
6251 981 9 12 1 0
159 1191 13 17 1 0
1563 2326 25 28 1 0
6259 940 9 12 1 0
3740 1172 8 13 1 0
3223 524 5 7 1 0
3564 362 5 7 1 0
2374 1053 8 10 1 0
6052 1216 9 12 1 0
6512 1217 9 12 1 0
2998 1303 8 13 1 0
6176 1602 35 39 2 0
4974 2417 26 21 1 0
6543 1424 9 12 1 0
5809 954 9 12 1 0
6919 927 9 12 1 0
4879 404 5 7 1 0
5413 907 6 7 1 0
4025 2732 19 24 1 0
1559 2683 79 113 1 0
3053 1025 8 13 1 0
7663 833 14 18 2 0
2864 645 5 7 1 0
4374 1255 8 13 1 0
3604 958 8 13 1 0
4668 1305 8 13 1 0
1411 963 8 9 1 0
5653 884 6 7 1 0
6253 1006 9 12 1 0
1755 695 5 7 1 0
7925 677 14 18 1 0
866 1537 15 20 1 0
4218 873 7 11 1 0
2503 1577 8 13 1 0
7693 1989 160 201 1 0
7960 1176 41 52 1 0
2305 973 8 9 1 0
4047 361 5 7 1 0
426 1697 16 22 1 0
1506 1475 15 20 1 0
5984 901 9 12 1 0
3435 1373 8 13 1 0
2013 1410 15 20 1 0
3600 323 5 7 1 0
5889 1190 9 12 1 0
6459 817 9 12 1 0
5821 981 9 12 1 0
524 807 8 9 1 0
1826 576 5 7 1 0
5660 1059 6 7 1 0
4177 738 5 7 1 0
537 1224 15 20 1 0
4413 969 8 13 1 0
5506 907 6 7 1 0
263 1280 15 20 1 0
6529 1473 9 12 1 0
1128 2341 25 28 1 0
500 976 8 9 1 0
4397 865 7 11 2 0
7165 1222 20 19 1 0
7777 706 14 18 1 0
478 1272 15 20 1 0
4449 2579 19 24 1 0
6128 1016 9 12 1 0
3445 568 5 7 1 0
5131 1107 11 11 1 0
2117 941 8 9 1 0
1706 999 8 9 1 0
2632 1181 8 13 1 0
6540 1483 9 12 1 0
4249 1000 8 13 1 0
4090 769 5 7 1 0
4145 1065 8 13 1 0
1955 827 5 7 1 0
5402 2030 33 33 2 0
4595 2746 102 103 1 0
1515 1461 15 20 1 0
2064 1100 8 9 1 0
4057 746 5 7 1 0
766 562 5 7 1 0
2791 850 6 10 1 0
5738 1933 14 17 1 0
6702 1017 9 12 1 0
859 2550 109 159 1 0
2020 911 8 9 1 0
4219 1082 8 13 1 0
4977 344 5 7 1 0
4239 547 5 7 1 0
6042 854 9 12 1 0
6568 949 9 12 1 0
4660 1334 8 13 1 0
3342 1309 8 13 1 0
4684 1209 11 11 1 0
2337 960 8 9 1 0
3285 527 5 7 1 0
6075 1147 9 12 1 0
2882 2731 21 26 1 0
6001 1197 9 12 1 0
2537 1040 8 13 1 0
5427 933 6 7 1 0
4064 2985 53 61 1 0
2376 968 8 10 1 0
1087 876 8 9 1 0
5773 1115 9 12 1 0
6598 903 9 12 1 0
2462 1287 8 13 1 0
2310 1542 15 20 1 0
4263 1311 8 13 1 0
5546 904 6 7 1 0
2724 1399 8 13 1 0
5836 1109 9 12 1 0
7823 798 14 18 1 0
2180 2637 31 54 1 0
5766 1143 9 12 1 0
6579 1003 9 12 1 0
6433 976 9 12 1 0
4456 1083 8 13 1 0
7932 842 14 18 1 0
3504 1404 8 13 1 0
2989 1266 8 13 1 0
4892 1216 11 11 1 0
1934 1551 15 20 1 0
2923 1170 8 13 1 0
5150 2529 77 78 1 0
2521 323 5 7 1 0
1795 1034 8 9 1 0
6129 1106 9 12 1 0
2138 942 8 9 1 0
6435 1548 11 11 1 0
6037 976 9 12 1 0
3244 2746 44 51 1 0
6870 1407 20 19 1 0
1877 578 5 7 1 0
7302 1134 14 18 1 0
3784 1295 8 13 1 0
4621 1124 8 13 1 0
6134 1907 50 55 1 0
4047 393 5 7 1 0
6729 1560 35 39 1 0
3875 1180 8 13 1 0
4155 1130 8 13 1 0
3522 1434 8 13 1 0
2988 369 5 7 1 0
3171 321 5 7 1 0
3918 1120 8 13 1 0
3972 989 8 13 1 0
379 2066 55 65 1 0
7695 912 14 18 1 0
4037 601 5 7 1 0
3178 1401 8 13 1 0
6192 1023 9 12 1 0
4765 504 5 7 1 0
6667 833 9 12 1 0
3506 862 7 11 1 0
1129 1296 15 20 1 0
2815 410 5 7 1 0
3508 1290 8 13 1 0
1996 1211 15 20 1 0
4057 945 8 13 1 0
1137 1631 16 22 1 0
1337 1302 15 20 1 0
4327 2593 19 24 1 0
6742 1087 9 12 1 0
1944 1629 16 22 1 0
5560 1039 6 7 1 0
3901 794 5 7 1 0
1310 1498 15 20 1 0
6891 970 9 12 1 0
864 761 5 7 1 0
6213 1101 9 12 1 0
1411 2138 25 28 1 0
6083 1199 9 12 1 0
1298 2065 16 22 1 0
7619 1069 31 34 1 0
6612 1079 9 12 1 0
1654 1537 15 20 1 0
290 1124 9 11 1 0
6448 1498 9 12 1 0
6716 1414 20 19 1 0
2869 1026 8 13 1 0
5576 1084 6 7 1 0
2520 2522 19 28 1 0
6026 1205 9 12 1 0
5006 1183 11 11 1 0
2141 1148 8 9 1 0
6494 1513 9 12 1 0
4091 1102 8 13 1 0
4610 1248 8 13 1 0
3171 1146 8 13 1 0
6715 1504 35 39 2 0
6440 1157 9 12 1 0
4537 1305 8 13 1 0
7169 1126 14 18 2 0
6283 1617 35 39 1 0
7651 756 14 18 1 0
1148 1909 16 22 1 0
1608 1407 15 20 1 0
6812 932 9 12 2 0
7913 934 14 18 1 0
1537 2051 16 22 1 0
3457 517 5 7 1 0
7951 617 14 18 1 0
2657 378 5 7 1 0
4399 1157 8 13 1 0
7951 684 14 18 1 0
4093 798 5 7 1 0
5661 806 6 7 1 0
7509 956 14 18 1 0
5171 1047 6 7 1 0
880 539 5 7 1 0
975 1548 15 20 1 0
933 803 5 7 1 0
5585 1079 6 7 1 0
4750 2311 26 21 1 0
4909 511 5 7 1 0
6666 1144 9 12 1 0
1828 1065 8 9 1 0
7034 1022 10 13 1 0
192 891 8 9 1 0
6199 1206 9 12 1 0
3109 1084 8 13 1 0
4212 876 7 11 1 0
1181 948 8 9 1 0
1932 1026 8 9 1 0
3156 1289 8 13 1 0
2274 1930 16 22 1 0
2265 1581 15 20 1 0
2211 975 8 9 1 0
1599 1345 15 20 1 0
766 1021 8 9 1 0
7863 753 14 18 1 0
6274 983 9 12 1 0
3050 1343 8 13 1 0
5927 979 9 12 1 0
871 1816 16 22 1 0
1740 2277 25 28 1 0
6834 2142 140 141 1 0
7649 812 14 18 1 0
6671 1501 9 12 1 0
7322 987 14 18 1 0
2103 1602 15 20 1 0
4776 2383 26 21 1 0
6473 1105 9 12 1 0
827 1602 16 22 1 0
2241 1412 15 20 1 0
3932 1179 8 13 1 0
6574 923 9 12 1 0
5645 1019 6 7 1 0
6100 1446 13 13 1 0
306 1244 15 20 1 0
1649 2503 79 113 2 0
3357 786 5 7 1 0
2133 1463 15 20 1 0
4201 936 8 13 2 0
6275 933 9 12 1 0
6539 1017 9 12 1 0
6393 2214 112 110 1 0
1452 1444 15 20 1 0
5628 1047 6 7 1 0
4134 551 5 7 1 0
5076 1113 11 11 1 0
1590 1863 16 22 1 0
7573 810 14 18 1 0
6952 1056 9 12 1 0
7286 1460 45 52 1 0
6842 984 9 12 1 0
4164 1158 8 13 1 0
3013 1333 8 13 1 0
4372 1228 8 13 1 0
3820 2665 19 24 1 0
772 854 8 9 1 0
4390 1095 8 13 1 0
3412 933 8 13 1 0
6166 1213 9 12 1 0
4517 1214 8 13 1 0
1585 1514 15 20 1 0
1977 1070 8 9 1 0
4243 359 5 7 1 0
1696 702 5 7 1 0
4567 1101 8 13 1 0
5395 2843 103 129 1 0
6389 1073 9 12 1 0
5401 924 6 7 1 0
2247 1072 8 9 1 0
3899 1318 8 13 1 0
4490 334 5 7 1 0
6262 1792 50 55 1 0
2704 593 5 7 1 0
6150 924 9 12 1 0
3411 406 5 7 1 0
5507 944 6 7 1 0
5350 1187 6 7 1 0
6360 1612 35 39 1 0
1786 1279 15 20 1 0
4056 950 8 13 1 0
3968 2743 19 24 1 0
5487 2721 102 103 1 0
6084 1757 12 17 1 0
4194 1127 8 13 1 0
7128 1308 20 19 1 0
6104 1708 12 17 1 0
5899 1114 9 12 1 0
927 1576 16 22 1 0
3049 1410 8 13 1 0
3963 1181 8 13 1 0
3383 1125 8 13 1 0
2120 1196 15 20 1 0
7015 1610 88 83 1 0
6031 1020 9 12 1 0
4747 1258 11 11 1 0
3116 1188 8 13 1 0
275 1596 16 22 2 0
1246 1479 15 20 1 0
3834 2917 53 61 1 0
5505 829 6 7 1 0
7423 964 14 18 1 0
1125 2163 25 28 1 0
6484 1025 9 12 1 0
1976 1182 11 14 1 0
1048 875 8 9 1 0
4384 919 8 13 1 0
1250 1354 15 20 1 0
3937 1312 8 13 1 0
6649 1148 9 12 1 0
1310 2038 16 22 1 0
1425 1377 15 20 2 0
3804 400 5 7 1 0
7898 965 14 18 1 0
6501 916 9 12 1 0
5235 906 6 7 1 0
6219 877 9 12 1 0
945 1027 8 9 1 0
5618 842 6 7 1 0
556 1352 15 20 1 0
5131 1023 11 11 1 0
3238 584 5 7 1 0
3558 1052 8 13 1 0
2263 1406 15 20 1 0
7363 914 14 18 1 0
6492 1188 9 12 1 0
1589 970 8 9 1 0
1554 1376 15 20 1 0
2673 2718 21 26 1 0
4742 505 5 7 1 0
2281 2703 31 54 1 0
4988 1190 11 11 1 0
6671 924 9 12 1 0
6988 1038 9 12 1 0
7019 1206 20 19 1 0
1621 2509 79 113 2 0
7620 788 14 18 1 0
1151 2256 25 28 1 0
3632 1047 8 13 1 0
1044 1718 16 22 1 0
7695 738 14 18 1 0
5491 883 6 7 1 0
6557 1426 9 12 1 0
6886 997 9 12 1 0
4398 893 8 13 1 0
6672 1387 20 19 2 0
5853 932 9 12 1 0
3779 1228 8 13 1 0
3515 801 5 7 1 0
3149 1178 8 13 1 0
2293 1625 15 20 1 0
4390 1349 8 13 1 0
4420 1121 8 13 1 0
6231 976 9 12 1 0
956 1691 16 22 1 0
1667 579 5 7 1 0
6127 963 9 12 1 0
1626 1212 15 20 1 0
7446 983 14 18 1 0
1604 1151 8 9 1 0
3233 1278 8 13 1 0
3168 986 8 13 1 0
3666 920 8 13 1 0
3364 1348 8 13 1 0
6948 993 9 12 1 0
6507 1350 9 12 1 0
4048 917 8 13 1 0
5992 1031 9 12 1 0
1264 1936 16 22 1 0
509 1778 16 22 2 0
2722 1037 8 13 1 0
2776 1239 8 13 1 0
4118 917 8 13 1 0
5888 2056 63 57 1 0
6908 1257 20 19 1 0
869 1375 15 20 1 0
2340 2671 31 54 1 0
7413 1340 34 38 1 0
6727 1131 9 12 1 0
4013 2771 53 61 1 0
5722 2650 94 140 1 0
3853 796 5 7 1 0
3928 2790 53 61 1 0
2584 1383 8 13 1 0
2115 967 8 9 1 0
3617 2757 19 24 1 0
6458 927 9 12 1 0
3878 1439 8 13 1 0
4706 1111 11 11 1 0
4971 1163 11 11 1 0
4849 374 5 7 1 0
4210 2585 19 24 1 0
2060 1171 8 9 1 0
6618 2008 72 80 1 0
6133 880 9 12 1 0
6667 1072 9 12 1 0
6775 832 9 12 1 0
3883 1086 8 13 1 0
2270 2761 31 54 1 0
2767 1172 8 13 1 0
5022 1144 11 11 1 0
3862 1083 8 13 1 0
6569 1640 35 39 1 0
6492 1438 9 12 1 0
6304 1105 9 12 1 0
1774 1103 8 9 1 0
4315 1135 8 13 1 0
5743 1137 9 12 1 0
2383 2096 19 28 1 0
4194 874 7 11 1 0
3314 321 5 7 1 0
7207 1587 88 83 1 0
1025 1514 15 20 1 0
2619 1081 8 13 1 0
1790 2780 79 113 1 0
2071 2353 25 28 1 0
6493 1408 9 12 1 0
4853 492 5 7 1 0
6520 1392 9 12 1 0
2901 2727 21 26 1 0
6370 1970 72 80 1 0
5716 978 9 12 1 0
1397 996 8 9 1 0
1912 879 8 9 1 0
597 751 7 8 1 0
6569 1025 9 12 1 0
2654 981 8 13 1 0
2626 1040 8 13 1 0
6095 1691 12 17 1 0
7244 1066 14 18 1 0
3223 1106 8 13 1 0
2780 1197 8 13 1 0
5678 1143 6 7 1 0
4079 1338 8 13 1 0
3001 1539 8 13 1 0
3727 1415 8 13 1 0
2365 1728 15 20 1 0
3046 1083 8 13 1 0
7378 1430 45 52 1 0
1013 1066 8 9 1 0
6286 1570 11 11 1 0
7213 1212 20 19 1 0
6711 1444 18 20 1 0
970 2077 55 65 2 0
1931 1085 8 9 1 0
2145 1343 15 20 1 0
5835 1065 9 12 1 0
120 1516 16 22 2 0
1560 2403 25 28 1 0
1885 1345 15 20 1 0
4047 785 5 7 1 0
5328 693 6 7 1 0
7344 1077 14 18 1 0
6757 1036 9 12 1 0
3343 844 5 7 1 0
3048 323 5 7 1 0
3730 606 5 7 1 0
4968 1221 11 11 1 0
8005 535 14 18 1 0
6475 1502 9 12 1 0
7723 802 14 18 1 0
6813 935 9 12 2 0
3716 947 8 13 1 0
7980 1430 41 52 1 0
4754 1136 11 11 1 0
1737 1358 15 20 1 0
5763 1960 33 33 1 0
2101 2382 25 28 1 0
4015 559 5 7 1 0
556 2177 55 65 1 0
7285 898 14 18 1 0
4530 508 5 7 1 0
4319 1074 8 13 1 0
2271 1634 15 20 1 0
6134 1708 12 17 1 0
2085 967 8 9 1 0
3532 1407 8 13 1 0
5959 1461 13 13 1 0
3277 1429 8 13 1 0
4670 2511 19 24 1 0
6321 899 9 12 1 0
4220 940 8 13 1 0
5383 951 6 7 1 0
6419 1143 9 12 1 0
1403 1675 16 22 1 0
6757 1443 21 22 2 0
3915 3021 53 61 1 0
326 861 8 9 1 0
1745 2347 25 28 1 0
6677 1466 9 12 1 0
2199 1618 15 20 1 0
4235 1316 8 13 1 0
3238 1432 8 13 1 0
6015 849 9 12 1 0
4105 891 6 10 1 0
6135 764 9 12 1 0
2963 891 7 11 1 0
2045 2388 25 28 1 0
5910 1220 9 12 1 0
4024 1177 8 13 1 0
2198 1371 15 20 1 0
5683 934 6 7 1 0
2815 2723 21 26 1 0
6299 1585 11 11 1 0
1440 1452 15 20 1 0
5097 1083 11 11 1 0
1826 2636 79 113 1 0
3041 524 5 7 1 0
3974 1383 8 13 1 0
1278 1324 15 20 1 0
7026 984 10 13 1 0
4068 891 8 13 1 0
552 1664 16 22 2 0
659 1061 8 9 1 0
5105 1230 11 11 1 0
5246 2304 42 48 1 0
2486 1024 8 13 1 0
6938 928 9 12 1 0
5087 2258 26 21 1 0
6785 1010 9 12 1 0
7263 897 14 18 1 0
7652 1235 41 52 2 0
843 2038 55 65 2 0
117 993 8 9 1 0
5963 1148 9 12 1 0
4029 767 5 7 1 0
3980 1432 8 13 1 0
797 2202 55 65 1 0
4025 921 8 13 1 0
894 1736 16 22 1 0
4317 811 5 7 1 0
6005 1822 14 17 1 0
5638 1028 6 7 1 0
2238 1577 15 20 1 0
2856 335 5 7 1 0
1883 833 5 7 1 0
1540 2260 25 28 1 0
6151 874 9 12 1 0
7592 893 14 18 1 0
3434 361 5 7 1 0
4076 331 5 7 1 0
3650 803 5 7 1 0
2203 2436 25 28 1 0
6681 1023 9 12 1 0
3574 572 5 7 1 0
1267 500 5 7 1 0
6262 1554 11 11 1 0
3525 1082 8 13 1 0
1957 2602 31 54 1 0
7319 901 14 18 1 0
5705 828 6 7 1 0
1680 586 5 7 1 0
6821 1448 20 19 1 0
5725 1871 14 17 1 0
5045 1210 11 11 1 0
6845 870 9 12 1 0
4064 507 5 7 1 0
3015 324 5 7 1 0
1959 1263 15 20 1 0
3755 403 5 7 1 0
1755 643 5 7 1 0
2883 1581 8 13 1 0
4074 954 8 13 1 0
3107 833 5 7 1 0
2303 1201 11 14 1 0
745 1027 8 9 1 0
1298 2134 25 28 1 0
6572 1343 9 12 1 0
4713 1203 11 11 1 0
3884 1288 8 13 1 0
3103 1399 8 13 1 0
7512 1660 88 83 1 0
3885 1254 8 13 1 0
3092 1369 8 13 1 0
5105 1131 11 11 1 0
4790 1250 11 11 1 0
1036 524 5 7 1 0
4499 2561 19 24 1 0
2049 1136 8 9 1 0
6152 758 9 12 1 0
1080 536 5 7 1 0
1167 1731 16 22 1 0
6475 1525 35 39 2 0
7554 896 14 18 1 0
7929 952 14 18 1 0
4869 2303 26 21 1 0
7200 1688 88 83 1 0
1549 1139 8 9 1 0
7150 915 14 18 1 0
7246 1105 14 18 1 0
169 992 8 9 1 0
1555 1172 9 11 1 0
5685 817 6 7 1 0
1306 1636 16 22 1 0
3856 606 5 7 1 0
6396 1573 11 11 1 0
1091 1666 16 22 1 0
4121 503 5 7 1 0
4148 549 5 7 1 0
7541 1065 31 34 1 0
3220 1206 8 13 1 0
7194 1012 14 18 1 0
2335 347 5 7 1 0
4984 378 5 7 1 0
464 1926 16 22 1 0
4313 1045 8 13 1 0
3729 1199 8 13 1 0
1970 2208 25 28 1 0
4461 992 8 13 2 0
1932 869 8 9 1 0
3488 611 5 7 1 0
76 1177 11 14 1 0
7407 951 14 18 1 0
7734 780 14 18 1 0
926 539 5 7 1 0
1951 2398 25 28 1 0
1313 1826 16 22 1 0
6763 1364 20 19 1 0
3996 990 8 13 1 0
35 1136 9 11 1 0
747 744 5 7 1 0
6178 1699 12 17 1 0
4135 2676 19 24 1 0
2928 536 5 7 1 0
1091 1683 16 22 1 0
2067 950 8 9 1 0
3710 2811 53 61 1 0
3185 1188 8 13 1 0
1320 2224 25 28 1 0
4868 1247 11 11 1 0
4267 998 8 13 1 0
4003 1273 8 13 1 0
1318 1034 8 9 1 0
4081 1129 8 13 1 0
6356 1044 9 12 1 0
2953 1022 8 13 1 0
3833 1402 8 13 1 0
7854 719 14 18 1 0
7586 764 14 18 1 0
6683 940 9 12 1 0
3854 1120 8 13 1 0
4142 997 8 13 1 0
6215 1690 12 17 1 0
3568 963 8 13 1 0
6354 1098 9 12 1 0
7362 1008 14 18 1 0
866 1945 16 22 1 0
6017 998 9 12 1 0
4271 947 8 13 1 0
4340 2829 53 61 1 0
2417 2456 19 28 1 0
6932 888 9 12 1 0
2101 838 7 8 1 0
6330 968 9 12 1 0
1897 838 5 7 1 0
1410 1663 16 22 1 0
7413 916 14 18 1 0
4220 1124 8 13 1 0
6410 1651 35 39 1 0
6183 1139 9 12 1 0
3331 971 8 13 1 0
4187 1025 8 13 2 0
5941 962 9 12 1 0
881 754 5 7 1 0
2748 1352 8 13 1 0
3128 1341 8 13 1 0
1411 2454 79 113 1 0
7194 1125 14 18 1 0
3254 1275 8 13 1 0
5519 907 6 7 1 0
6307 1543 11 11 1 0
4239 1083 8 13 1 0
3175 948 8 13 1 0
5603 782 6 7 1 0
6448 1396 9 12 1 0
2025 2581 31 54 1 0
5468 1984 33 33 1 0
4042 930 8 13 1 0
6308 1573 11 11 1 0
1646 1564 16 22 1 0
5419 799 6 7 1 0
3099 1534 8 13 1 0
6259 898 9 12 1 0
4747 2638 41 43 1 0
6500 1108 9 12 1 0
6160 1612 35 39 2 0
5852 1015 9 12 1 0
3799 998 8 13 1 0
4240 1284 8 13 1 0
6705 1366 20 19 2 0
1289 1209 15 20 1 0
1546 1041 8 9 1 0
4142 1161 8 13 1 0
1233 1658 16 22 1 0
6336 1301 9 12 1 0
3691 1006 8 13 1 0
6631 1005 9 12 1 0
3027 2730 29 34 1 0
6643 924 9 12 1 0
3963 1142 8 13 1 0
3766 1165 8 13 1 0
3818 2815 53 61 1 0
6370 1557 11 11 1 0
7453 1029 14 18 1 0
6801 959 9 12 1 0
5578 776 6 7 1 0
170 1229 15 20 1 0
2024 1210 15 20 1 0
1737 583 5 7 1 0
2111 1345 15 20 1 0
4532 1206 8 13 1 0
5636 952 6 7 1 0
1052 1859 16 22 1 0
6542 1233 9 12 1 0
6250 835 9 12 1 0
5857 881 9 12 1 0
7939 808 14 18 1 0
3409 1372 8 13 1 0
987 1513 15 20 1 0
6539 1344 9 12 1 0
5713 1159 9 12 1 0
4666 2465 19 24 1 0
902 1626 16 22 1 0
6299 900 9 12 1 0
1752 1109 8 9 1 0
2833 639 5 7 1 0
848 988 8 9 1 0
3262 325 5 7 1 0
1937 2584 31 54 1 0
6444 985 9 12 1 0
2508 1316 8 13 1 0
2518 1116 8 13 1 0
3916 1433 8 13 1 0
3795 1417 8 13 1 0
6528 1344 9 12 1 0
1921 1557 15 20 1 0
6194 1090 9 12 1 0
1247 1274 15 20 1 0
6952 954 9 12 1 0
3330 1384 8 13 1 0
2833 546 5 7 1 0
6389 1168 9 12 1 0
5114 2382 26 21 1 0
5768 813 9 12 1 0
4482 372 5 7 1 0
6245 805 9 12 1 0
6058 1145 9 12 1 0
3441 1228 8 13 1 0
96 1988 16 22 1 0
1772 1381 15 20 1 0
4884 2417 26 21 1 0
6188 1780 12 17 1 0
6220 1195 9 12 1 0
127 1811 16 22 1 0
2291 1028 8 9 1 0
3746 1348 8 13 1 0
425 834 8 9 1 0
7961 587 14 18 1 0
7089 882 14 18 1 0
4958 2345 26 21 1 0
4265 929 8 13 1 0
3309 367 5 7 1 0
7266 1414 45 52 1 0
4351 903 8 13 1 0
1844 1218 15 20 2 0
5916 1188 9 12 1 0
5940 1147 9 12 1 0
6175 1091 9 12 1 0
1858 1526 15 20 1 0
4325 1268 8 13 1 0
5558 921 6 7 1 0
6399 820 9 12 1 0
4244 401 5 7 1 0
3181 883 6 10 1 0
7493 903 14 18 1 0
4250 930 8 13 1 0
5895 889 9 12 1 0
4360 1354 8 13 1 0
116 2109 55 65 1 0
5987 1251 9 12 1 0
6121 806 9 12 1 0
6351 973 9 12 1 0
451 1277 15 20 1 0
2835 618 5 7 1 0
6439 817 9 12 1 0
6447 1105 9 12 1 0
7447 904 14 18 1 0
6231 1004 9 12 1 0
6605 1232 9 12 1 0
7044 961 14 18 1 0
3558 1145 8 13 1 0
2684 1071 8 13 1 0
7939 739 14 18 1 0
6244 1600 35 39 2 0
6229 1249 9 12 1 0
4773 2627 43 42 1 0
4993 344 5 7 1 0
7448 1002 14 18 1 0
2077 1282 15 20 1 0
1900 878 8 9 1 0
4364 1065 8 13 1 0
4902 2715 102 103 2 0
4511 1175 8 13 1 0
6367 1540 11 11 1 0
5170 1122 6 7 1 0
7994 605 14 18 1 0
5097 394 5 7 1 0
2007 1070 8 9 1 0
3465 1410 8 13 1 0
6966 1062 9 12 1 0
2111 1416 15 20 1 0
3146 623 5 7 1 0
6293 837 9 12 1 0
3729 324 5 7 1 0
4195 502 5 7 1 0
6482 921 9 12 1 0
3607 522 5 7 1 0
7820 958 14 18 1 0
7284 932 14 18 1 0
3911 744 5 7 1 0
3832 1094 8 13 1 0
851 765 5 7 1 0
1246 2512 79 113 1 0
3997 1181 8 13 1 0
6322 1538 11 11 1 0
6475 1846 50 55 1 0
5357 2380 42 48 1 0
3612 1077 8 13 1 0
7402 1053 31 34 1 0
6073 1730 12 17 1 0
5719 763 9 12 1 0
1095 1308 15 20 1 0
4018 1046 8 13 1 0
1999 825 5 7 1 0
2729 861 6 10 1 0
6367 1679 12 17 1 0
1804 586 5 7 1 0
2058 1136 8 9 1 0
1984 2559 31 54 1 0
2043 1168 8 9 1 0
1157 1874 16 22 1 0
1423 2098 16 22 1 0
3749 1101 8 13 1 0
2498 1238 8 13 1 0
173 1636 16 22 1 0
4652 1182 8 13 1 0
6697 1139 9 12 1 0
4997 2400 26 21 1 0
6815 876 9 12 1 0
4891 2343 26 21 1 0
2765 1275 8 13 1 0
3460 1263 8 13 1 0
4007 897 8 13 1 0
6108 926 9 12 1 0
3948 1087 8 13 1 0
1087 2011 16 22 1 0
3767 756 5 7 1 0
845 1168 8 9 1 0
7464 1156 41 52 1 0
4632 405 5 7 1 0
3536 1475 8 13 1 0
6914 981 9 12 1 0
3008 1453 8 13 1 0
6010 890 9 12 1 0
4082 1046 8 13 1 0
6158 1677 12 17 1 0
1298 1522 15 20 1 0
3868 1053 8 13 1 0
2972 1452 8 13 1 0
6134 1060 9 12 1 0
4553 335 5 7 1 0
3555 1081 8 13 1 0
6138 1133 9 12 1 0
6379 1283 9 12 1 0
1354 868 8 9 1 0
3592 607 5 7 1 0
4091 1269 8 13 1 0
6145 1014 9 12 1 0
4039 775 5 7 1 0
2740 1175 8 13 1 0
2195 2059 20 28 1 0
1388 1320 15 20 1 0
2322 1694 15 20 1 0
3677 2857 53 61 1 0
2472 2472 19 28 1 0
6866 1286 20 19 1 0
3049 1224 8 13 1 0
3110 587 5 7 1 0
2279 1698 15 20 1 0
4855 1125 11 11 1 0
4287 398 5 7 1 0
4044 1035 8 13 1 0
7309 1046 14 18 1 0
6029 1772 12 17 1 0
4102 756 5 7 1 0
2529 980 8 13 1 0
1325 962 8 9 1 0
1548 2535 79 113 1 0
7123 985 14 18 1 0
4108 1160 8 13 1 0
1305 1040 8 9 1 0
980 1418 15 20 1 0
6035 1112 9 12 1 0
5751 1426 13 13 1 0
1280 2412 25 28 1 0
6519 1468 9 12 1 0
5176 1100 6 7 1 0
5572 2255 47 50 1 0
1472 1555 15 20 1 0
1354 1602 16 22 1 0
3006 321 5 7 1 0
901 1505 15 20 1 0
1511 2100 16 22 1 0
4341 1130 8 13 1 0
5090 1091 11 11 1 0
1931 1674 16 22 1 0
4021 986 8 13 1 0
121 905 8 9 1 0
3016 370 5 7 1 0
3221 408 5 7 1 0
5913 1156 9 12 1 0
3710 1386 8 13 1 0
1882 646 5 7 1 0
1739 987 8 9 1 0
2803 1315 8 13 1 0
3516 2870 53 61 1 0
5716 1869 14 17 1 0
5999 1155 9 12 1 0
6225 826 9 12 1 0
771 1444 15 20 1 0
1780 678 5 7 1 0
6366 1314 9 12 1 0
2696 1224 8 13 1 0
861 965 8 9 1 0
6892 1287 20 19 1 0
5745 1037 9 12 1 0
5320 885 6 7 1 0
3871 314 5 7 1 0
7243 2033 160 201 1 0
3605 1208 8 13 1 0
6348 842 9 12 1 0
3555 930 8 13 1 0
7100 1151 14 18 1 0
6269 1125 9 12 1 0
2887 542 5 7 1 0
4075 921 8 13 1 0
6182 1220 9 12 1 0
6452 1144 9 12 1 0
571 1351 15 20 1 0
2815 968 8 13 1 0
2340 1772 15 20 1 0
6858 1372 20 19 1 0
3454 367 5 7 1 0
7085 1162 15 18 1 0
6623 1305 9 12 1 0
1568 1519 15 20 1 0
797 1031 8 9 1 0
3400 525 5 7 1 0
1514 2343 25 28 1 0
3100 581 5 7 1 0
5287 2783 102 103 1 0
1822 1138 8 9 1 0
1816 910 8 9 1 0
2655 1492 8 13 1 0
3630 1205 8 13 1 0
6153 969 9 12 1 0
6378 797 9 12 1 0
7115 1167 14 18 1 0
6646 959 9 12 1 0
6099 1228 9 12 1 0
6557 1058 9 12 1 0
1381 497 5 7 1 0
2119 1161 8 9 1 0
1635 1140 8 9 1 0
1063 879 8 9 1 0
3192 1121 8 13 1 0
1756 591 5 7 1 0
4917 502 5 7 1 0
3640 2835 53 61 1 0
7881 1227 41 52 1 0
3606 924 8 13 1 0
6504 1427 9 12 1 0
2282 949 8 9 1 0
3156 1320 8 13 1 0
2719 1006 8 13 1 0
79 1116 9 11 1 0
5732 751 9 12 1 0
829 1070 8 9 1 0
6108 1016 9 12 1 0
6090 1260 9 12 1 0
7314 890 14 18 1 0
1530 2079 16 22 1 0
2092 1671 15 20 1 0
1500 1485 15 20 1 0
5625 818 6 7 1 0
6071 958 9 12 1 0
5205 1093 6 7 1 0
713 954 8 9 1 0
5447 2109 33 33 1 0
4079 919 8 13 1 0
6397 1905 72 80 1 0
3615 1144 8 13 1 0
7779 733 14 18 1 0
1836 1220 15 20 2 0
3384 1497 8 13 1 0
7581 842 14 18 1 0
5555 1063 6 7 1 0
1966 1614 16 22 1 0
1007 1507 15 20 1 0
3354 1130 8 13 1 0
6128 924 9 12 1 0
5680 1201 6 7 1 0
6874 1373 20 19 1 0
6504 1568 11 11 1 0
2139 1648 15 20 1 0
2017 1448 15 20 1 0
1855 998 8 9 1 0
2280 1169 8 9 1 0
3835 997 8 13 1 0
6916 953 9 12 1 0
1781 1007 8 9 1 0
5205 2168 30 27 1 0
5154 2252 26 21 1 0
2680 1488 8 13 1 0
2818 828 5 7 1 0
4673 374 5 7 1 0
4066 1309 8 13 1 0
3810 322 5 7 1 0
5498 965 6 7 1 0
2753 1250 8 13 1 0
1358 2248 25 28 1 0
4594 2491 19 24 1 0
4908 2384 26 21 1 0
3542 367 5 7 1 0
1332 1628 16 22 1 0
5084 2426 77 78 1 0
3340 1032 8 13 1 0
5392 945 6 7 1 0
1766 580 5 7 1 0
7632 864 14 18 1 0
6251 1234 9 12 1 0
4372 940 8 13 1 0
5472 1193 6 7 1 0
944 962 8 9 1 0
5756 755 9 12 1 0
3109 1016 8 13 1 0
5664 768 6 7 1 0
3549 1118 8 13 1 0
6324 1110 9 12 1 0
803 1749 16 22 1 0
7617 807 14 18 1 0
6838 852 9 12 1 0
6325 1552 11 11 1 0
4318 1297 8 13 1 0
3393 1264 8 13 1 0
5210 1121 6 7 1 0
5344 2052 33 33 1 0
4415 1023 8 13 1 0
4035 743 5 7 1 0
1240 511 5 7 1 0
6701 1052 9 12 1 0
5766 1096 9 12 1 0
5162 2206 26 21 1 0
2125 1269 15 20 1 0
4254 930 8 13 1 0
6136 2183 112 110 1 0
7335 965 14 18 1 0
2198 2678 31 54 1 0
6523 1545 35 39 1 0
2330 2166 19 28 1 0
6379 1312 9 12 1 0
1353 1282 15 20 1 0
4553 1193 8 13 1 0
5818 945 9 12 1 0
1372 928 8 9 1 0
6100 1749 12 17 1 0
7821 735 14 18 1 0
2208 952 8 9 1 0
3170 2748 44 51 1 0
6302 1009 9 12 1 0
1642 1453 15 20 1 0
198 2225 55 65 1 0
7932 595 14 18 1 0
6080 1007 9 12 1 0
539 585 6 8 1 0
2541 1355 8 13 1 0
2420 1294 8 13 1 0
5296 711 6 7 1 0
6115 984 9 12 1 0
407 1449 15 20 1 0
179 1275 15 20 1 0
1864 810 5 7 1 0
3777 1129 8 13 1 0
6328 1611 35 39 2 0
6644 1386 14 15 1 0
1273 1712 16 22 1 0
2777 2697 21 26 1 0
3727 1108 8 13 1 0
3070 1231 8 13 1 0
2887 414 5 7 1 0
7207 1018 14 18 1 0
6338 1063 9 12 1 0
6089 1464 13 13 1 0
6348 1512 9 12 1 0
1796 1070 8 9 1 0
2828 595 5 7 1 0
2174 1396 15 20 1 0
2421 1505 9 14 1 0
1950 909 8 9 1 0
4057 594 5 7 1 0
5984 1154 9 12 1 0
3923 1085 8 13 1 0
6846 1395 20 19 1 0
5145 2371 26 21 1 0
4378 2578 19 24 1 0
2406 1183 8 13 1 0
4071 738 5 7 1 0
6713 1372 20 19 2 0
5330 721 6 7 1 0
5984 1738 12 17 1 0
6042 1753 12 17 1 0
7249 1025 14 18 1 0
985 1654 16 22 1 0
2592 1013 8 13 1 0
2497 1399 8 13 1 0
6955 1241 20 19 1 0
3831 965 8 13 1 0
5944 1382 13 13 1 0
7679 757 14 18 1 0
1460 915 8 9 1 0
6278 1736 12 17 1 0
2460 984 8 13 1 0
3470 571 5 7 1 0
2314 1349 15 20 1 0
6250 2982 156 206 1 0
957 863 8 9 1 0
2407 1295 8 13 1 0
6404 2633 138 196 1 0
3624 926 8 13 1 0
3039 1054 8 13 1 0
2037 1404 15 20 1 0
1950 1481 15 20 1 0
4824 1278 11 11 1 0
1847 576 5 7 1 0
4797 2384 26 21 1 0
6463 1532 35 39 2 0
4934 2329 26 21 1 0
7308 1010 14 18 1 0
1729 582 5 7 1 0
3006 1084 8 13 1 0
3521 1115 8 13 1 0
3615 1244 8 13 1 0
650 773 6 8 1 0
1495 2201 25 28 1 0
2403 2430 19 28 1 0
5716 1129 9 12 1 0
4240 929 8 13 1 0
1025 1606 16 22 1 0
1532 2391 25 28 1 0
3729 1310 8 13 1 0
3530 1149 8 13 1 0
4165 2727 19 24 1 0
6313 1600 35 39 2 0
6077 1874 14 17 1 0
6753 1415 20 19 1 0
1962 2227 25 28 1 0
7705 846 14 18 1 0
3823 1363 8 13 1 0
5061 1076 11 11 1 0
7401 1263 31 34 1 0
6216 1126 9 12 1 0
6749 1719 88 83 1 0
5631 937 6 7 1 0
1438 1308 15 20 1 0
6456 1470 9 12 1 0
4549 1078 8 13 1 0
5317 917 6 7 1 0
1981 1425 15 20 1 0
339 1929 16 22 1 0
5293 684 6 7 1 0
4167 745 5 7 1 0
8002 1087 31 34 1 0
2972 535 5 7 1 0
6608 1465 9 12 1 0
6501 1548 11 11 1 0
2574 1308 8 13 1 0
5616 761 6 7 1 0
30 1151 11 14 1 0
936 2381 109 159 2 0
5280 1187 6 7 1 0
1901 633 5 7 1 0
572 1687 16 22 1 0
1776 1154 8 9 1 0
5373 800 6 7 1 0
4350 808 5 7 1 0
6975 1176 20 19 1 0
4266 1143 8 13 1 0
6342 1582 11 11 1 0
7887 806 14 18 1 0
4278 762 5 7 1 0
6614 2389 140 141 1 0
2142 1026 8 9 1 0
1181 2629 109 159 1 0
1385 2334 25 28 1 0
1340 969 8 9 1 0
5122 1127 11 11 1 0
5562 1423 13 13 1 0
865 1058 8 9 1 0
2877 328 5 7 1 0
2463 1492 8 13 1 0
1636 587 5 7 1 0
4430 2606 19 24 1 0
1898 802 5 7 1 0
6802 1135 9 12 1 0
6136 1210 9 12 1 0
5576 1053 6 7 1 0
1391 1417 15 20 1 0
4518 368 5 7 1 0
1880 800 5 7 1 0
5336 901 6 7 1 0
5426 832 6 7 1 0
4220 1286 8 13 1 0
5158 1105 11 11 1 0
6116 1238 9 12 1 0
1848 924 8 9 1 0
6447 1254 9 12 1 0
3631 958 8 13 1 0
7351 1007 14 18 1 0
4373 2525 19 24 1 0
5545 1279 6 7 1 0
3087 1027 8 13 1 0
6137 786 9 12 1 0
6726 910 9 12 1 0
2031 1671 15 20 1 0
1024 1069 8 9 1 0
2562 1183 8 13 1 0
1505 2156 25 28 1 0
2715 1318 8 13 1 0
6955 1316 20 19 1 0
1938 1192 15 20 1 0
1714 1469 15 20 1 0
1906 1064 8 9 1 0
7809 985 14 18 1 0
1731 1404 15 20 1 0
5249 730 6 7 1 0
4267 1208 8 13 1 0
4055 1012 8 13 1 0
5523 861 6 7 1 0
3258 528 5 7 1 0
656 1155 8 9 1 0
5860 1043 9 12 1 0
1865 2609 79 113 1 0
1999 2435 25 28 1 0
7973 672 14 18 1 0
3204 1172 8 13 1 0
4914 1151 11 11 1 0
5735 895 9 12 1 0
23 2280 16 22 1 0
6066 857 9 12 1 0
5453 870 6 7 1 0
3850 515 5 7 1 0
664 973 8 9 1 0
6496 1203 9 12 1 0
279 1653 16 22 2 0
5549 1013 6 7 1 0
2392 1153 8 13 1 0
5936 1087 9 12 1 0
4187 1029 8 13 2 0
6250 1746 12 17 1 0
6522 1087 9 12 1 0
7412 1011 14 18 2 0
3715 1132 8 13 1 0
5645 1213 6 7 1 0
5257 1166 6 7 1 0
1634 600 5 7 1 0
3898 504 5 7 1 0
7874 750 14 18 1 0
6556 1458 9 12 1 0
3382 1415 8 13 1 0
5614 2009 33 33 1 0
2541 1148 8 13 1 0
7630 807 14 18 1 0
5544 1990 33 33 1 0
3726 1168 8 13 1 0
1305 508 5 7 1 0
4535 1272 8 13 1 0
4225 905 8 13 1 0
4290 1240 8 13 1 0
4429 1223 8 13 1 0
1379 1038 8 9 1 0
5919 1141 9 12 1 0
5727 1956 33 33 1 0
5731 854 9 12 1 0
1318 1395 15 20 1 0
5470 2049 33 33 1 0
5418 905 6 7 1 0
5860 1337 9 12 1 0
5521 900 6 7 1 0
1507 2314 25 28 1 0
5940 1438 13 13 1 0
4693 2673 81 89 1 0
8009 575 14 18 1 0
4324 2621 19 24 1 0
3078 1089 8 13 1 0
7868 695 14 18 1 0
2393 2655 21 26 1 0
2692 1319 8 13 1 0
7138 1138 14 18 1 0
3739 567 5 7 1 0
395 1410 15 20 1 0
2868 372 5 7 1 0
6741 1004 9 12 1 0
2040 1325 15 20 1 0
907 1024 8 9 1 0
6694 841 9 12 1 0
892 2668 109 159 1 0
5944 1803 14 17 1 0
4510 1273 8 13 1 0
1853 1303 15 20 1 0
3199 1139 8 13 1 0
210 1164 9 11 1 0
1450 1355 15 20 1 0
1401 1386 15 20 1 0
2712 636 5 7 1 0
6996 1219 20 19 1 0
6847 1015 9 12 1 0
1728 643 5 7 1 0
3414 1490 8 13 1 0
4296 1207 8 13 1 0
6194 1625 35 39 2 0
6444 1171 9 12 1 0
2240 1254 15 20 1 0
6062 2120 112 110 1 0
7967 690 14 18 1 0
5673 994 6 7 1 0
4082 824 5 7 1 0
6725 1101 9 12 1 0
4650 2792 102 103 1 0
5135 2712 102 103 1 0
5850 1181 9 12 1 0
1049 2067 55 65 2 0
6647 1494 9 12 1 0
392 920 8 9 1 0
6331 1264 9 12 1 0
4285 879 8 13 1 0
2338 983 8 9 1 0
3283 979 8 13 1 0
2040 1442 15 20 1 0
5558 1048 6 7 1 0
5904 994 9 12 1 0
4632 1280 8 13 1 0
5580 1126 6 7 1 0
4890 1143 11 11 1 0
994 2127 55 65 1 0
2105 1520 15 20 1 0
5977 1230 9 12 1 0
5687 1056 6 7 1 0
6650 1374 9 12 1 0
3688 771 5 7 1 0
1205 1230 15 20 1 0
6323 803 9 12 1 0
4786 379 5 7 1 0
1879 2336 25 28 1 0
4016 960 8 13 1 0
6699 971 9 12 1 0
1069 1838 16 22 1 0
2172 2026 19 26 1 0
6407 1523 35 39 1 0
1960 1406 15 20 1 0
5992 2407 94 140 1 0
1004 830 5 7 1 0
2592 1407 8 13 1 0
473 993 8 9 1 0
2102 1483 15 20 1 0
7871 660 14 18 2 0
4624 2432 19 24 1 0
2145 1511 15 20 1 0
3630 363 5 7 1 0
2003 1142 8 9 1 0
4779 2419 26 21 1 0
7691 824 14 18 1 0
6568 1520 9 12 1 0
6458 1516 9 12 1 0
1964 979 8 9 1 0
1835 1416 15 20 1 0
4257 1082 8 13 1 0
4155 1394 8 13 1 0
6373 1485 9 12 1 0
5909 1950 14 17 1 0
4569 1194 8 13 1 0
1228 1379 15 20 1 0
5664 1096 6 7 1 0
5603 761 6 7 1 0
4820 493 5 7 1 0
4763 1251 11 11 1 0
3520 1333 8 13 1 0
6519 1411 9 12 1 0
1938 798 5 7 1 0
2317 2129 19 28 1 0
6281 1849 50 55 1 0
6243 1683 12 17 1 0
7853 822 14 18 1 0
2243 1600 15 20 1 0
856 2285 55 65 1 0
5548 1048 6 7 1 0
1108 1396 15 20 1 0
3770 800 5 7 1 0
3708 347 5 7 1 0
6311 1300 9 12 1 0
6041 892 9 12 1 0
6903 927 9 12 1 0
7626 891 14 18 1 0
3813 938 8 13 1 0
991 531 5 7 1 0
4164 1061 8 13 1 0
4695 1246 11 11 1 0
3790 516 5 7 1 0
4033 552 5 7 1 0
2480 1287 8 13 1 0
7813 844 14 18 1 0
7786 913 14 18 1 0
759 1223 15 20 1 0
5944 1835 14 17 1 0
3674 955 8 13 1 0
5021 346 5 7 1 0
2599 1081 8 13 1 0
7559 916 14 18 1 0
6479 1474 9 12 1 0
16 1774 16 22 1 0
4294 929 8 13 1 0
1453 1049 8 9 1 0
6380 1511 9 12 1 0
5909 1005 9 12 1 0
5659 1899 14 17 1 0
5953 1226 9 12 1 0
5851 967 9 12 1 0
157 1586 16 22 1 0
1260 1335 15 20 1 0
4792 1184 11 11 1 0
6345 951 9 12 1 0
5631 1115 6 7 1 0
2854 1001 8 13 1 0
4563 2568 19 24 1 0
2572 1339 8 13 1 0
3449 502 5 7 1 0
654 902 8 9 1 0
2798 322 5 7 1 0
1862 966 8 9 1 0
4580 1254 8 13 1 0
4238 1390 8 13 1 0
3871 1324 8 13 1 0
7565 859 14 18 2 0
3190 982 8 13 1 0
2455 1364 8 13 1 0
3838 559 5 7 1 0
2292 1068 8 9 1 0
2960 1409 8 13 1 0
4178 2546 19 24 1 0
5706 1990 33 33 2 0
907 1478 15 20 1 0
6184 907 9 12 1 0
4368 1127 8 13 1 0
6028 1832 14 17 1 0
696 572 5 7 1 0
3314 1347 8 13 1 0
7484 836 14 18 1 0
7725 751 14 18 1 0
1049 1378 15 20 1 0
6027 874 9 12 1 0
4247 3053 53 61 1 0
6367 820 9 12 1 0
3577 2867 53 61 1 0
7911 753 14 18 1 0
6483 820 9 12 1 0
7237 1176 14 18 1 0
6444 1125 9 12 1 0
1942 661 5 7 1 0
6241 1616 35 39 2 0
4413 954 8 13 1 0
1004 1002 8 9 1 0
2584 1239 8 13 1 0
5261 836 6 7 1 0
3163 1451 8 13 1 0
6434 1218 9 12 1 0
6557 1393 9 12 1 0
1098 1537 15 20 1 0
4164 928 8 13 1 0
1079 1332 15 20 1 0
2157 1744 15 20 1 0
1413 1769 16 22 1 0
1775 1247 15 20 1 0
6090 920 9 12 1 0
6470 1057 9 12 1 0
530 1864 16 22 1 0
3437 968 8 13 1 0
6303 1986 72 80 2 0
7164 1030 14 18 1 0
1918 990 8 9 1 0
6457 1624 35 39 1 0
4053 895 8 13 1 0
3310 843 5 7 1 0
4833 495 5 7 1 0
3131 577 5 7 1 0
3667 2799 53 61 1 0
1983 1356 15 20 1 0
1969 824 5 7 1 0
6315 1586 11 11 1 0
3833 1326 8 13 1 0
6244 1144 9 12 1 0
6351 1277 9 12 1 0
3303 1208 8 13 1 0
6765 1450 21 22 2 0
3801 1261 8 13 1 0
6565 1480 9 12 1 0
6677 1383 20 19 2 0
6428 838 9 12 1 0
2952 1162 8 13 1 0
1051 540 5 7 1 0
6238 1028 9 12 1 0
4201 933 8 13 2 0
5027 2342 26 21 1 0
4769 392 5 7 1 0
3084 875 7 11 1 0
7388 1226 31 34 2 0
814 2300 55 65 1 0
6365 1507 9 12 1 0
1691 1236 15 20 1 0
1964 838 5 7 1 0
3689 2915 53 61 1 0
6434 910 9 12 1 0
4042 894 8 13 1 0
3895 1183 8 13 1 0
4355 1232 8 13 1 0
3887 1115 8 13 1 0
3138 1013 8 13 1 0
7205 1044 14 18 1 0
4955 1134 11 11 1 0
4213 907 8 13 1 0
6108 1121 9 12 1 0
7201 1089 14 18 1 0
1313 1656 16 22 1 0
3662 1106 8 13 1 0
5422 2360 42 48 1 0
2443 1657 13 18 1 0
3757 328 5 7 1 0
6984 939 9 12 1 0
1374 1188 15 20 1 0
962 1970 16 22 1 0
6027 1039 9 12 1 0
2009 1286 15 20 1 0
6637 1590 35 39 1 0
947 852 8 9 1 0
3787 1454 8 13 1 0
5371 905 6 7 1 0
2327 1954 17 24 1 0
6607 1405 9 12 1 0
1724 1524 15 20 1 0
4355 879 8 13 1 0
6361 1246 9 12 1 0
3161 1363 8 13 1 0
1677 982 8 9 1 0
5355 824 6 7 1 0
952 1442 15 20 1 0
3684 520 5 7 1 0
6932 2212 140 141 1 0
255 1128 9 11 1 0
865 1666 16 22 1 0
5049 1084 11 11 1 0
6207 1809 50 55 1 0
6882 1070 9 12 1 0
3440 418 5 7 1 0
6112 966 9 12 1 0
6019 1156 9 12 1 0
7551 996 14 18 1 0
16 1205 15 20 1 0
3079 1151 8 13 1 0
3663 785 5 7 1 0
2636 1551 8 13 1 0
6624 965 9 12 1 0
1678 1316 15 20 1 0
178 977 8 9 1 0
3783 399 5 7 1 0
4961 3051 102 116 1 0
5293 734 6 7 1 0
110 1707 16 22 1 0
2211 1078 8 9 1 0
2535 1576 8 13 1 0
5432 2063 33 33 1 0
638 1965 16 22 1 0
5184 1096 6 7 1 0
2689 1006 8 13 1 0
3932 506 5 7 1 0
4636 1104 8 13 1 0
2851 594 5 7 1 0
2394 1264 8 13 1 0
7187 1090 14 18 1 0
2734 1573 8 13 1 0
739 1772 16 22 1 0
3259 943 8 13 1 0
3185 2803 53 61 1 0
3877 1030 8 13 1 0
2948 965 8 13 1 0
6048 876 9 12 1 0
3695 1309 8 13 1 0
2710 1211 8 13 1 0
3309 1170 8 13 1 0
5517 1976 33 33 1 0
7648 1252 41 52 2 0
2317 2063 19 28 1 0
5266 882 6 7 1 0
3183 1245 8 13 1 0
7063 1174 17 18 1 0
2304 1784 15 20 1 0
2162 2644 31 54 1 0
7215 983 14 18 1 0
7678 841 14 18 1 0
4366 1046 8 13 1 0
7804 774 14 18 1 0
4474 1241 8 13 1 0
7107 1207 20 19 1 0
5639 2008 33 33 1 0
1285 2158 25 28 1 0
3402 355 5 7 1 0
4086 2672 19 24 1 0
5315 713 6 7 1 0
6413 843 9 12 1 0
2195 1491 15 20 1 0
5799 2625 94 140 1 0
7657 827 14 18 2 0
6323 941 9 12 1 0
6340 1714 12 17 1 0
6655 1074 9 12 1 0
5883 952 9 12 1 0
1586 1357 15 20 1 0
4822 2324 26 21 2 0
4292 1138 8 13 1 0
606 1006 8 9 1 0
2689 1216 8 13 1 0
3031 1305 8 13 1 0
1680 1103 8 9 1 0
3606 1465 8 13 1 0
6590 1514 9 12 1 0
88 1006 8 9 1 0
1216 2178 25 28 1 0
2980 1089 8 13 1 0
6925 1337 20 19 1 0
5835 2851 103 129 1 0
6548 1871 72 80 1 0
6512 1498 9 12 1 0
1744 2114 25 28 1 0
6160 1719 12 17 1 0
5888 1211 9 12 1 0
2698 325 5 7 1 0
4128 403 5 7 1 0
4486 2497 19 24 1 0
3585 1175 8 13 1 0
2476 1240 8 13 1 0
1561 1264 15 20 1 0
5395 961 6 7 1 0
1661 1384 15 20 1 0
2201 1226 15 20 1 0
2088 1543 15 20 1 0
6269 834 9 12 1 0
5876 967 9 12 1 0
3581 986 8 13 1 0
1377 1442 15 20 1 0
7868 666 14 18 2 0
5783 1218 9 12 1 0
1582 1256 15 20 1 0
1028 1045 8 9 1 0
1447 1583 16 22 1 0
905 1134 8 9 1 0
5614 1189 6 7 1 0
372 922 8 9 1 0
4102 361 5 7 1 0
6469 1206 9 12 1 0
7258 1061 14 18 1 0
1874 826 5 7 1 0
6564 1178 9 12 1 0
4013 1246 8 13 1 0
515 1412 15 20 1 0
998 854 8 9 1 0
4900 1158 11 11 1 0
6785 1331 20 19 1 0
4172 2525 19 24 1 0
2681 1178 8 13 1 0
736 2343 55 65 1 0
7291 1058 14 18 1 0
6410 2123 112 110 1 0
1595 1469 15 20 1 0
4501 410 5 7 1 0
1103 539 5 7 1 0
6206 2275 112 110 1 0
1167 958 8 9 1 0
2265 1326 15 20 1 0
4393 938 8 13 1 0
2891 1198 8 13 1 0
5752 2034 33 33 1 0
6698 1123 9 12 1 0
1725 1577 16 22 1 0
1304 1691 16 22 1 0
3918 2631 19 24 1 0
3290 879 5 8 1 0
2625 2751 21 26 1 0
420 910 8 9 1 0
6274 1572 11 11 1 0
6202 1067 9 12 1 0
695 890 8 9 1 0
2244 1045 8 9 1 0
4414 1089 8 13 1 0
2674 1362 8 13 1 0
550 794 8 9 1 0
3199 1081 8 13 1 0
6210 868 9 12 1 0
1375 1567 16 22 1 0
7827 662 14 18 1 0
4898 1116 11 11 1 0
4315 943 8 13 1 0
3149 1399 8 13 1 0
1396 2650 79 113 1 0
2041 1067 8 9 1 0
1668 1226 15 20 1 0
923 1023 8 9 1 0
2352 2621 31 54 1 0
5255 1192 6 7 1 0
4204 2617 19 24 1 0
1208 947 8 9 1 0
5635 1140 6 7 1 0
5333 800 6 7 1 0
1347 1968 16 22 1 0
2032 996 8 9 1 0
45 1198 13 17 1 0
7326 1039 14 18 1 0
3768 910 8 13 1 0
2010 827 5 7 1 0
516 950 8 9 1 0
1738 1077 8 9 1 0
516 1776 16 22 2 0
4028 899 8 13 1 0
574 1207 15 20 1 0
881 1642 16 22 1 0
3822 1029 8 13 1 0
1998 1022 8 9 1 0
3925 741 5 7 1 0
302 869 8 9 1 0
7436 958 14 18 1 0
23 1893 16 22 1 0
1380 512 5 7 1 0
862 547 5 7 1 0
4478 1182 8 13 1 0
4827 1214 11 11 1 0
5590 1163 6 7 1 0
830 1564 16 22 1 0
5442 797 6 7 1 0
2248 1509 15 20 1 0
7138 944 14 18 1 0
3617 1175 8 13 1 0
6733 835 9 12 1 0
3376 406 5 7 1 0
7088 945 14 18 1 0
902 1346 15 20 1 0
5230 2104 29 27 2 0
4284 899 8 13 1 0
1194 1633 16 22 1 0
1925 1285 15 20 1 0
6521 1673 35 39 1 0
5018 1243 11 11 1 0
4342 866 6 10 1 0
6052 1170 9 12 1 0
4777 1218 11 11 1 0
7373 1045 14 18 1 0
3818 1160 8 13 1 0
3116 408 5 7 1 0
6606 969 9 12 1 0
1883 809 5 7 1 0
5736 1979 33 33 1 0
2167 1024 8 9 1 0
1505 2119 25 28 1 0
3845 319 5 7 1 0
6460 1216 9 12 1 0
3423 356 5 7 1 0
7164 953 14 18 1 0
3379 1169 8 13 1 0
5812 1008 9 12 1 0
6167 905 9 12 1 0
1622 1392 15 20 2 0
3718 1008 8 13 1 0
2777 317 5 7 1 0
5706 1972 33 33 2 0
1994 974 8 9 1 0
4213 945 8 13 1 0
6356 998 9 12 1 0
3726 1461 8 13 1 0
2774 1307 8 13 1 0
4725 1143 11 11 1 0
5357 714 6 7 1 0
465 2042 55 65 1 0
5121 2235 26 21 1 0
889 1140 8 9 1 0
916 952 8 9 1 0
3545 1021 8 13 1 0
2217 985 8 9 1 0
4014 1432 8 13 1 0
3123 1437 8 13 1 0
2810 1347 8 13 1 0
2418 1253 8 13 1 0
1923 920 8 9 1 0
5881 937 9 12 1 0
1223 2013 16 22 1 0
3615 564 5 7 1 0
2995 1023 8 13 1 0
6377 1581 11 11 1 0
1642 2826 79 113 1 0
6035 1059 9 12 1 0
5995 1242 9 12 1 0
1734 2158 25 28 1 0
2492 1279 8 13 1 0
1015 524 5 7 1 0
5547 1959 33 33 1 0
1691 1505 15 20 1 0
838 776 5 7 1 0
7376 960 14 18 1 0
4349 1192 8 13 1 0
6807 960 9 12 1 0
1860 855 8 9 1 0
2293 1396 15 20 1 0
6058 1192 9 12 1 0
5649 1976 33 33 1 0
6595 1771 50 55 1 0
4654 1093 8 13 1 0
6337 1528 35 39 1 0
6092 960 9 12 1 0
3276 366 5 7 1 0
4727 1195 11 11 1 0
2673 1105 8 13 1 0
1219 1781 16 22 1 0
1087 935 8 9 1 0
1639 2092 16 22 1 0
4098 891 7 11 1 0
6533 1003 9 12 1 0
6113 1033 9 12 1 0
2590 980 8 13 1 0
5451 957 6 7 1 0
3344 407 5 7 1 0
7545 874 14 18 1 0
7554 1043 14 18 1 0
6754 1113 9 12 1 0
6127 1789 50 55 1 0
1561 2613 79 113 1 0
6615 1406 9 12 1 0
2917 538 5 7 1 0
1467 1350 15 20 1 0
4588 1341 8 13 1 0
3452 1339 8 13 1 0
4094 921 8 13 1 0
2793 1397 8 13 1 0
6525 1424 9 12 1 0
4287 1274 8 13 1 0
5824 1822 14 17 1 0
6418 1591 11 11 1 0
1728 2252 25 28 1 0
4362 1024 8 13 1 0
7981 555 14 18 1 0
5793 1064 9 12 1 0
830 915 8 9 1 0
1429 1627 16 22 1 0
1582 1377 15 20 1 0
1206 2114 25 28 1 0
4334 952 8 13 1 0
4022 2572 19 24 1 0
1065 2067 55 65 2 0
4263 1247 8 13 1 0
4302 946 8 13 1 0
6209 887 9 12 1 0
5190 2226 30 27 1 0
2304 1045 8 9 1 0
1535 1313 15 20 1 0
4404 2697 19 24 1 0
3711 1036 8 13 1 0
2655 1284 8 13 1 0
2306 1612 15 20 1 0
1845 1027 8 9 1 0
2644 2689 21 26 1 0
6562 1251 9 12 1 0
37 2093 16 22 1 0
4406 394 5 7 1 0
5661 825 6 7 1 0
278 1597 16 22 2 0
5904 1018 9 12 1 0
2217 1044 8 9 1 0
3620 323 5 7 1 0
5644 977 6 7 1 0
5440 2295 42 48 1 0
1882 1157 8 9 1 0
6734 1441 21 22 1 0
7335 908 14 18 1 0
2425 345 5 7 1 0
1651 2278 25 28 1 0
1846 2200 25 28 1 0
2082 2621 31 54 2 0
2507 327 5 7 1 0
200 1971 16 22 1 0
4822 1182 11 11 1 0
3286 1038 8 13 1 0
2762 866 6 10 1 0
7944 642 14 18 2 0
121 1553 16 22 1 0
6862 931 9 12 1 0
6270 1013 9 12 1 0
1545 1429 15 20 1 0
3542 961 8 13 1 0
3494 1337 8 13 1 0
1329 518 5 7 1 0
7148 1024 14 18 1 0
5755 909 9 12 1 0
2682 972 8 13 1 0
4081 895 8 13 1 0
2807 541 5 7 1 0
2011 2624 31 54 1 0
6450 1082 9 12 1 0
2633 1071 8 13 1 0
2110 2754 31 54 1 0
6697 1017 9 12 1 0
2174 1339 15 20 1 0
1166 1264 15 20 1 0
3941 954 8 13 1 0
3396 1159 8 13 1 0
1563 1421 15 20 1 0
2161 1192 15 20 1 0
402 834 8 9 1 0
259 1349 15 20 1 0
4363 1004 8 13 1 0
3424 567 5 7 1 0
1358 1584 16 22 1 0
4355 1296 8 13 1 0
6452 1579 11 11 1 0
3344 1239 8 13 1 0
2924 1307 8 13 1 0
6228 1144 9 12 1 0
4249 986 8 13 1 0
2406 1197 8 13 1 0
1829 1001 8 9 1 0
1029 828 5 7 1 0
3558 987 8 13 1 0
4088 2653 19 24 1 0
3353 1066 8 13 1 0
4126 593 5 7 1 0
4634 1087 8 13 1 0
2705 1077 8 13 1 0
7796 739 14 18 1 0
3074 1443 8 13 1 0
6966 1468 20 19 1 0
797 1198 15 20 1 0
3140 1081 8 13 1 0
6077 1222 9 12 1 0
4995 2500 26 21 1 0
6530 1067 9 12 1 0
1836 1261 15 20 1 0
6272 961 9 12 1 0
4242 816 5 7 1 0
4444 2819 103 129 1 0
841 1544 15 20 1 0
272 1324 15 20 1 0
2171 1491 15 20 1 0
2273 1506 15 20 1 0
2075 2645 31 54 2 0
4123 1304 8 13 1 0
170 1483 16 22 1 0
4057 1051 8 13 1 0
274 1651 16 22 2 0
4394 1122 8 13 1 0
1159 2323 25 28 1 0
5920 1021 9 12 1 0
2847 372 5 7 1 0
1890 963 8 9 1 0
3170 366 5 7 1 0
2340 1387 15 20 1 0
7268 1126 14 18 1 0
1160 1889 16 22 1 0
2009 2353 25 28 1 0
4061 765 5 7 1 0
6525 1111 9 12 1 0
7100 1565 88 83 1 0
7138 882 14 18 1 0
2244 1340 15 20 1 0
4086 3055 53 61 1 0
4107 508 5 7 1 0
6110 898 9 12 1 0
3837 1052 8 13 1 0
6437 1479 9 12 1 0
4184 880 6 10 1 0
1943 982 8 9 1 0
2697 375 5 7 1 0
1845 634 5 7 1 0
4661 1271 8 13 1 0
2607 1256 8 13 1 0
5358 1104 6 7 1 0
2391 976 8 12 1 0
2744 631 5 7 1 0
7978 655 14 18 1 0
6228 1605 35 39 2 0
7561 845 14 18 1 0
5911 1839 14 17 1 0
6901 977 9 12 1 0
4218 996 8 13 1 0
5570 1425 13 13 1 0
6478 1174 9 12 1 0
2064 1060 8 9 1 0
1130 1655 16 22 1 0
1369 1280 15 20 1 0
7689 1024 14 18 2 0
2332 936 8 9 1 0
3770 996 8 13 1 0
3380 1232 8 13 1 0
1594 1496 15 20 1 0
6460 1157 9 12 1 0
816 1084 8 9 1 0
1866 1018 8 9 1 0
1254 1460 15 20 1 0
5311 1391 13 13 2 0
8003 620 14 18 1 0
1886 1200 15 20 1 0
5545 994 6 7 1 0
7532 996 14 18 1 0
5256 883 6 7 1 0
7072 1014 14 18 1 0
2711 323 5 7 1 0
3740 1268 8 13 1 0
5577 988 6 7 1 0
5856 1077 9 12 1 0
5822 1537 13 13 1 0
1849 2242 25 28 1 0
1259 1727 16 22 1 0
1116 1501 15 20 1 0
6523 1167 9 12 1 0
354 2361 109 159 1 0
1421 1253 15 20 1 0
3579 1079 8 13 1 0
5054 380 5 7 1 0
7102 980 14 18 1 0
4076 2797 53 61 1 0
1964 1142 8 9 1 0
5646 849 6 7 1 0
1637 2176 25 28 1 0
3606 1114 8 13 1 0
2907 962 8 13 1 0
3306 2775 53 61 1 0
3786 967 8 13 1 0
1659 1525 15 20 1 0
4166 1226 8 13 1 0
6550 1948 72 80 1 0
1851 812 5 7 1 0
2798 2799 21 26 1 0
4791 2474 26 21 1 0
6856 1024 9 12 1 0
6638 937 9 12 1 0
7392 931 14 18 1 0
7162 1130 14 18 2 0
3205 1240 8 13 1 0
3565 2723 19 24 1 0
6550 1474 9 12 1 0
4032 2637 19 24 1 0
6155 1693 12 17 1 0
2734 592 5 7 1 0
4226 2865 53 61 1 0
7426 1036 14 18 2 0
3573 1470 8 13 1 0
3047 1258 8 13 1 0
6164 809 9 12 1 0
4263 876 8 13 1 0
4494 2453 19 24 1 0
3363 1421 8 13 1 0
5946 2165 112 110 1 0
2855 2737 21 26 1 0
7221 1020 14 18 1 0
5735 1088 9 12 1 0
2707 975 8 13 1 0
4881 497 5 7 1 0
1397 1521 15 20 1 0
3094 1157 8 13 1 0
7058 879 14 18 1 0
1997 1602 16 22 1 0
6619 843 9 12 1 0
6208 1621 35 39 2 0
6927 1262 20 19 1 0
7853 685 14 18 1 0
6059 1065 9 12 1 0
4469 500 5 7 1 0
2983 1377 8 13 1 0
3378 1302 8 13 1 0
6370 1323 9 12 1 0
782 555 5 7 1 0
6156 1110 9 12 1 0
1402 1267 15 20 1 0
1173 1246 15 20 1 0
7660 763 14 18 1 0
5746 1167 9 12 1 0
3424 369 5 7 1 0
5246 2469 77 78 1 0
2810 890 6 10 1 0
6629 1487 9 12 1 0
3153 1109 8 13 1 0
1946 2696 31 54 1 0
6376 1027 9 12 1 0
5513 900 6 7 1 0
4756 332 5 7 1 0
4441 1012 8 13 1 0
5242 886 6 7 1 0
4593 406 5 7 1 0
4295 1112 8 13 1 0
7190 967 14 18 1 0
958 1120 8 9 1 0
5706 962 9 12 1 0
3957 2636 19 24 1 0
571 2513 109 159 1 0
557 1020 8 9 1 0
5888 906 9 12 1 0
4433 977 8 13 1 0
4045 981 8 13 1 0
2725 547 5 7 1 0
6197 1008 9 12 1 0
5818 1061 9 12 1 0
5687 1172 6 7 1 0
7022 881 11 15 1 0
3237 327 5 7 1 0
3658 1138 8 13 1 0
1423 2722 79 113 1 0
5846 1231 9 12 1 0
5227 1196 6 7 1 0
3499 1081 8 13 1 0
3920 1050 8 13 1 0
1187 2056 16 22 1 0
4157 732 5 7 1 0
3981 364 5 7 1 0
811 717 5 7 1 0
825 1824 16 22 1 0
2531 2747 21 26 1 0
5268 929 6 7 1 0
3748 1194 8 13 1 0
3544 1175 8 13 1 0
2579 2736 21 26 1 0
2827 829 5 7 1 0
7917 647 14 18 1 0
1174 1687 16 22 1 0
3083 325 5 7 1 0
2005 1418 15 20 1 0
5713 1164 9 12 1 0
1303 1261 15 20 1 0
7746 740 14 18 1 0
2286 1001 8 9 1 0
5146 1043 11 11 1 0
6112 1102 9 12 1 0
1105 1957 16 22 1 0
3191 416 5 7 1 0
6599 1465 9 12 1 0
1563 1032 8 9 1 0
291 958 8 9 1 0
4882 511 5 7 1 0
6766 949 9 12 1 0
6084 1250 9 12 1 0
5689 909 6 7 1 0
6933 952 9 12 1 0
3899 308 5 7 1 0
4341 360 5 7 1 0
2441 1249 8 13 1 0
2724 319 5 7 1 0
1921 1324 15 20 1 0
1086 1435 15 20 1 0
899 554 5 7 1 0
4220 364 5 7 1 0
1668 1506 15 20 1 0
999 1670 16 22 1 0
1610 2158 25 28 1 0
1680 1170 8 9 1 0
717 2003 16 22 1 0
2059 2419 25 28 1 0
4217 908 8 13 1 0
3889 311 5 7 1 0
6885 881 9 12 1 0
6089 779 9 12 1 0
1722 1121 8 9 1 0
2760 547 5 7 1 0
1647 1025 8 9 1 0
2878 962 8 13 1 0
1944 1671 16 22 1 0
6154 1161 9 12 1 0
2644 1065 8 13 1 0
3437 2732 19 24 1 0
1351 876 8 9 1 0
4191 880 6 10 1 0
4115 782 5 7 1 0
2292 1547 15 20 1 0
7173 1180 14 18 1 0
3189 1042 8 13 1 0
2978 1059 8 13 1 0
1356 495 5 7 1 0
2077 1618 15 20 1 0
3265 1139 8 13 1 0
1682 2315 25 28 1 0
1856 2164 25 28 1 0
3537 1054 8 13 1 0
1910 796 5 7 1 0
2761 1965 13 20 1 0
2712 1108 8 13 1 0
542 1818 16 22 1 0
1649 1548 15 20 1 0
2033 1244 15 20 1 0
1940 2355 25 28 1 0
411 1410 15 20 1 0
6602 1616 35 39 1 0
2090 1404 15 20 1 0
5547 739 6 7 1 0
7149 1115 14 18 1 0
6504 1080 9 12 1 0
2015 1587 15 20 1 0
6268 1175 9 12 1 0
4700 1169 11 11 1 0
2693 1535 8 13 1 0
4347 1266 8 13 1 0
1185 1541 15 20 1 0
3686 1203 8 13 1 0
1010 2013 16 22 1 0
2636 1256 8 13 1 0
1034 1037 8 9 1 0
2342 1600 15 20 1 0
492 823 8 9 1 0
6325 1571 11 11 1 0
5983 1678 12 17 1 0
3192 1432 8 13 1 0
6363 1197 9 12 1 0
4263 2655 19 24 1 0
6593 1351 9 12 1 0
3957 939 8 13 1 0
513 1368 15 20 1 0
3672 517 5 7 1 0
4620 2664 19 24 1 0
5763 1159 9 12 1 0
4732 1110 11 11 1 0
935 525 5 7 1 0
6044 1115 9 12 1 0
4920 1118 11 11 1 0
5902 1139 9 12 1 0
5346 885 6 7 1 0
1953 680 5 7 1 0
4182 770 5 7 1 0
489 1390 15 20 1 0
5192 1202 6 7 1 0
4014 515 5 7 1 0
965 846 8 9 1 0
4830 2443 26 21 1 0
3238 1013 8 13 1 0
6428 1417 9 12 1 0
1886 1237 15 20 1 0
6540 977 9 12 1 0
665 2298 55 65 1 0
4250 1027 8 13 1 0
2157 2411 25 28 1 0
3654 1006 8 13 1 0
3479 1424 8 13 1 0
5639 765 6 7 1 0
4111 920 8 13 1 0
3292 409 5 7 1 0
175 2109 55 65 1 0
6058 1737 12 17 1 0
502 1043 8 9 1 0
6184 1167 9 12 1 0
1723 1377 15 20 1 0
6220 1027 9 12 1 0
5679 883 6 7 1 0
4586 1098 8 13 1 0
654 1220 15 20 1 0
6492 1058 9 12 1 0
4879 1119 11 11 1 0
2187 1614 15 20 1 0
1102 1317 15 20 1 0
722 1831 16 22 1 0
3585 1124 8 13 1 0
2281 981 8 9 1 0
7373 1011 14 18 1 0
3471 1216 8 13 1 0
1339 1336 15 20 1 0
2156 1391 15 20 1 0
4198 908 8 13 1 0
5117 1025 11 11 1 0
6271 1206 9 12 1 0
2034 1660 15 20 1 0
5676 952 6 7 1 0
2028 914 8 9 1 0
4825 1244 11 11 1 0
3970 954 8 13 1 0
6472 814 9 12 1 0
2057 1237 15 20 1 0
3083 993 8 13 1 0
3837 1119 8 13 1 0
6124 1732 12 17 1 0
2252 1109 8 9 1 0
4018 762 5 7 1 0
3093 1331 8 13 1 0
4901 2361 26 21 1 0
5076 1103 11 11 1 0
1315 1014 8 9 1 0
1727 1172 9 11 1 0
3332 1198 8 13 1 0
734 1055 8 9 1 0
6686 1798 50 55 1 0
3724 523 5 7 1 0
1364 513 5 7 1 0
3856 1255 8 13 1 0
2254 1727 15 20 1 0
1799 1142 8 9 1 0
4212 995 8 13 1 0
5213 1166 6 7 1 0
4633 2374 26 21 1 0
6464 1485 9 12 1 0
6753 1345 20 19 1 0
6826 1020 9 12 1 0
868 532 5 7 1 0
4137 1096 8 13 1 0
2570 1142 8 13 1 0
4462 993 8 13 2 0
3714 916 8 13 1 0
4539 1165 8 13 1 0
5712 864 9 12 1 0
2402 2130 19 28 1 0
89 928 8 9 1 0
2899 584 5 7 1 0
3848 770 5 7 1 0
2297 1899 15 20 1 0
6006 1130 9 12 1 0
3844 841 5 7 1 0
5988 1128 9 12 1 0
5653 1076 6 7 1 0
2533 1080 8 13 1 0
7393 984 14 18 1 0
5697 851 6 7 1 0
2772 1467 8 13 1 0
6743 1376 20 19 1 0
4887 1241 11 11 1 0
6617 1911 72 80 1 0
2504 1206 8 13 1 0
2783 1351 8 13 1 0
2079 887 8 9 1 0
3273 789 5 7 1 0
4410 2472 19 24 1 0
6292 965 9 12 1 0
1459 2015 16 22 1 0
5518 1184 6 7 1 0
3182 1213 8 13 1 0
1355 1451 15 20 1 0
1856 1246 15 20 1 0
1189 2159 25 28 1 0
1157 1454 15 20 1 0
4400 1189 8 13 1 0
6136 1625 35 39 2 0
3763 1262 8 13 1 0
2829 1003 8 13 1 0
4733 1228 11 11 1 0
1483 2287 25 28 1 0
7487 942 14 18 1 0
6026 1132 9 12 1 0
6597 1094 9 12 1 0
5961 961 9 12 1 0
7319 918 14 18 1 0
2563 1038 8 13 1 0
6541 1150 9 12 1 0
4265 1017 8 13 1 0
6815 837 9 12 1 0
4831 2574 26 21 1 0
2168 1054 8 9 1 0
790 1591 16 22 1 0
3188 1488 8 13 1 0
4061 2554 19 24 1 0
4615 2390 26 21 1 0
3079 1254 8 13 1 0
5139 1132 11 11 1 0
1828 1544 15 20 1 0
7524 902 14 18 1 0
2660 1176 8 13 1 0
5881 1952 18 21 1 0
4301 507 5 7 1 0
2472 2760 21 26 1 0
5987 1235 9 12 1 0
6167 1264 9 12 1 0
6504 1256 9 12 1 0
6556 1237 9 12 1 0
1771 1620 16 22 1 0
6130 1641 35 39 2 0
826 1193 15 20 1 0
2113 1681 15 20 1 0
4043 2875 53 61 1 0
7453 948 14 18 1 0
2613 976 8 13 1 0
2781 2675 21 26 1 0
1295 2188 25 28 1 0
3687 1347 8 13 1 0
3614 362 5 7 1 0
998 1937 16 22 1 0
3510 1047 8 13 1 0
4704 498 5 7 1 0
7356 1117 31 34 1 0
1021 1735 16 22 1 0
3906 1286 8 13 1 0
5618 920 6 7 1 0
4273 780 5 7 1 0
5452 903 6 7 1 0
4618 335 5 7 1 0
6503 2069 72 80 1 0
3557 2756 19 24 1 0
7114 1017 14 18 1 0
2723 1331 8 13 1 0
2242 978 8 9 1 0
4467 3055 78 95 1 0
1020 2313 55 65 1 0
3758 569 5 7 1 0
2659 1107 8 13 1 0
5131 1228 11 11 1 0
6074 1027 9 12 1 0
3065 1053 8 13 1 0
7649 1333 41 52 1 0
291 1769 16 22 1 0
4444 335 5 7 1 0
5218 2248 26 21 1 0
5782 1829 14 17 1 0
3271 1158 8 13 1 0
3601 2807 53 61 1 0
3221 979 8 13 1 0
5834 1169 9 12 1 0
726 1032 8 9 1 0
4363 894 8 13 1 0
4898 414 5 7 1 0
1652 1199 15 20 1 0
2898 372 5 7 1 0
3658 512 5 7 1 0
7029 1193 20 19 1 0
5814 1194 9 12 1 0
2233 1077 8 9 1 0
6584 923 9 12 1 0
7084 1022 14 18 1 0
286 1551 16 22 1 0
3574 1207 8 13 1 0
5379 1107 6 7 1 0
4937 1142 11 11 1 0
3352 1171 8 13 1 0
2467 1644 13 18 1 0
6098 1154 9 12 1 0
4815 2317 26 21 2 0
1379 1737 16 22 1 0
5689 1042 6 7 1 0
6387 1047 9 12 1 0
4598 1247 8 13 1 0
4627 1247 8 13 1 0
3264 1002 8 13 1 0
5482 965 6 7 1 0
7961 574 14 18 1 0
5858 1326 9 12 1 0
6671 944 9 12 1 0
2279 1113 8 9 1 0
273 1690 16 22 2 0
4328 989 8 13 1 0
7407 1005 14 18 2 0
1420 2072 16 22 1 0
3951 1386 8 13 1 0
1937 1648 16 22 1 0
5440 731 6 7 1 0
4265 989 8 13 1 0
1232 1636 16 22 1 0
6159 1642 35 39 1 0
2251 1646 15 20 1 0
6915 1482 20 19 1 0
2081 1160 8 9 1 0
4086 2720 19 24 1 0
5739 765 9 12 1 0
6310 967 9 12 1 0
7332 1013 14 18 1 0
1815 1557 15 20 1 0
1283 2097 16 22 1 0
1133 2501 109 159 1 0
137 2076 55 65 1 0
1974 1531 15 20 1 0
4298 2746 19 24 1 0
4090 1394 8 13 1 0
6747 990 9 12 1 0
2843 820 5 7 1 0
2317 1671 15 20 1 0
3431 320 5 7 1 0
6684 1423 9 12 1 0
7054 968 14 18 1 0
5899 1785 12 17 1 0
1426 1366 15 20 2 0
2443 1182 8 13 1 0
5410 2522 77 78 1 0
6133 1123 9 12 1 0
1466 1201 15 20 1 0
6532 1026 9 12 1 0
1004 1388 15 20 1 0
3825 1264 8 13 1 0
4259 1301 8 13 1 0
5090 1073 11 11 1 0
7020 979 11 15 1 0
6311 1159 9 12 1 0
3477 1298 8 13 1 0
4738 1136 11 11 1 0
5668 803 6 7 1 0
7346 1196 31 34 1 0
1126 2134 25 28 1 0
4257 792 5 7 1 0
3435 1300 8 13 1 0
6592 1576 35 39 1 0
5862 866 9 12 1 0
1986 1102 8 9 1 0
3597 1146 8 13 1 0
1757 1156 8 9 1 0
7911 729 14 18 1 0
1370 2276 25 28 1 0
6161 1084 9 12 1 0
5669 1019 6 7 1 0
3595 378 5 7 1 0
5839 1813 14 17 1 0
3231 946 8 13 1 0
1144 1373 15 20 1 0
4281 1021 8 13 1 0
540 1033 8 9 1 0
5474 1110 6 7 1 0
3750 794 5 7 1 0
3962 1313 8 13 1 0
3764 1416 8 13 1 0
3001 628 5 7 1 0
3220 1040 8 13 1 0
6721 1095 9 12 1 0
3649 1041 8 13 1 0
4067 777 5 7 1 0
5070 1452 13 13 1 0
4803 1289 11 11 1 0
6365 1072 9 12 1 0
7856 622 14 18 1 0
1264 2231 25 28 1 0
3502 780 5 7 1 0
4335 2695 19 24 1 0
965 2445 109 159 2 0
3450 2835 53 61 1 0
3795 1125 8 13 1 0
7587 1037 14 18 1 0
5763 966 9 12 1 0
662 761 7 8 1 0
5736 1056 9 12 1 0
2213 1126 8 9 1 0
3749 1453 8 13 1 0
1928 630 5 7 1 0
6473 1406 9 12 1 0
3550 571 5 7 1 0
1707 582 5 7 1 0
734 740 5 7 1 0
6656 1139 9 12 1 0
125 1507 16 22 2 0
4038 1275 8 13 1 0
3379 530 5 7 1 0
5948 1764 12 17 1 0
3986 895 8 13 1 0
3066 989 8 13 1 0
3173 516 5 7 1 0
6538 1052 9 12 1 0
5137 2891 103 129 1 0
2341 2569 31 54 1 0
4689 1117 11 11 1 0
6633 1449 9 12 1 0
4956 1189 11 11 1 0
1517 1129 8 9 1 0
6537 1504 9 12 1 0
6171 1017 9 12 1 0
3740 1030 8 13 1 0
5322 2061 33 33 1 0
6528 820 9 12 1 0
4225 792 5 7 1 0
4171 916 8 13 1 0
1616 1397 15 20 2 0
6331 1133 9 12 1 0
2671 1573 8 13 1 0
4985 1101 11 11 1 0
6473 1292 9 12 1 0
7184 1043 14 18 1 0
7601 829 14 18 1 0
912 1600 16 22 1 0
4169 1034 8 13 1 0
4236 1147 8 13 1 0
5040 1144 11 11 1 0
7118 1126 14 18 1 0
758 571 5 7 1 0
7485 1004 14 18 1 0
2007 1341 15 20 1 0
2963 965 8 13 1 0
5488 974 6 7 1 0
1180 1550 15 20 1 0
3474 861 6 10 1 0
3425 1190 8 13 1 0
55 1451 16 22 1 0
2005 2284 25 28 1 0
7684 1028 14 18 2 0
6151 994 9 12 1 0
3782 944 8 13 1 0
4372 506 5 7 1 0
5018 1210 11 11 1 0
7587 994 14 18 1 0
3803 598 5 7 1 0
735 804 5 7 1 0
3225 1142 8 13 1 0
7848 859 14 18 1 0
6856 879 9 12 1 0
6991 968 9 12 1 0
4268 358 5 7 1 0
5314 1391 13 13 2 0
6082 861 9 12 1 0
1516 1325 15 20 1 0
3949 1434 8 13 1 0
2030 1127 8 9 1 0
1133 983 8 9 1 0
3645 1078 8 13 1 0
6961 995 9 12 1 0
4237 878 7 11 1 0
346 620 8 9 1 0
782 933 8 9 1 0
6704 900 9 12 1 0
3008 801 5 7 1 0
2235 1547 15 20 1 0
2273 1035 8 9 1 0
7923 1305 41 52 1 0
429 987 8 9 1 0
3471 932 8 13 1 0
4271 1389 8 13 1 0
3202 365 5 7 1 0
2058 1561 15 20 1 0
5328 939 6 7 1 0
2557 1017 8 13 1 0
1725 2548 79 113 1 0
7634 933 14 18 1 0
7594 807 14 18 1 0
7223 1258 20 19 1 0
276 1507 15 21 1 0
3693 1422 8 13 1 0
3113 1250 8 13 1 0
1259 1991 16 22 1 0
3247 524 5 7 1 0
3147 1245 8 13 1 0
3134 1118 8 13 1 0
3445 529 5 7 1 0
7876 698 14 18 1 0
6198 1169 9 12 1 0
271 1262 15 20 1 0
3096 1294 8 13 1 0
1971 957 8 9 1 0
4643 3042 102 122 1 0
1386 1543 15 20 1 0
2746 2729 21 26 1 0
704 829 6 8 1 0
5436 940 6 7 1 0
1602 2361 25 28 1 0
7692 954 14 18 1 0
2665 1213 8 13 1 0
7842 1847 88 83 1 0
6321 1087 9 12 1 0
1124 1923 16 22 1 0
1450 868 8 9 1 0
1397 2399 25 28 1 0
6011 2687 102 103 1 0
4621 2552 19 24 1 0
6291 987 9 12 1 0
5250 2147 31 30 1 0
6841 1407 20 19 1 0
1704 1590 16 22 1 0
1521 2228 25 28 1 0
2066 1490 15 20 1 0
1293 1538 15 20 1 0
4333 1079 8 13 1 0
6906 1000 9 12 1 0
6545 1401 9 12 1 0
3739 402 5 7 1 0
6318 1036 9 12 1 0
2586 1218 8 13 1 0
649 829 8 9 1 0
4846 2366 26 21 1 0
5831 1197 9 12 1 0
4872 1154 11 11 1 0
6772 1084 9 12 1 0
6621 1545 35 39 1 0
7777 804 14 18 1 0
4401 1259 8 13 1 0
4941 1103 11 11 1 0
389 838 8 9 1 0
6912 889 9 12 1 0
4387 1035 8 13 1 0
6092 1773 12 17 1 0
487 2122 55 65 1 0
6050 1642 35 39 1 0
452 1014 8 9 1 0
4019 924 8 13 1 0
2912 977 8 13 1 0
4139 777 5 7 1 0
6467 1423 9 12 1 0
7342 1104 14 18 1 0
3914 603 5 7 1 0
6385 1602 35 39 1 0
4059 1272 8 13 1 0
3627 3042 53 61 1 0
2764 320 5 7 1 0
6850 1322 20 19 1 0
5234 1140 6 7 1 0
5567 1065 6 7 1 0
6277 898 9 12 1 0
6512 1210 9 12 1 0
1182 533 5 7 1 0
7184 1333 20 19 1 0
5212 1143 6 7 1 0
2366 994 8 10 1 0
4148 914 8 13 1 0
1286 1410 15 20 1 0
5641 1151 6 7 1 0
1796 1272 15 20 1 0
3567 1401 8 13 1 0
3238 522 5 7 1 0
2458 1214 8 13 1 0
3659 1203 8 13 1 0
1813 1036 8 9 1 0
2512 1352 8 13 1 0
6063 875 9 12 1 0
940 1453 15 20 1 0
4368 1006 8 13 1 0
3418 2793 53 61 1 0
6818 1315 20 19 1 0
5583 1148 6 7 1 0
5775 878 9 12 1 0
1850 852 8 9 1 0
3463 364 5 7 1 0
5638 2989 103 129 1 0
5953 2552 94 140 1 0
7618 842 14 18 1 0
1410 1405 15 20 1 0
4704 335 5 7 1 0
4083 2761 53 61 1 0
6422 1554 11 11 1 0
1937 959 8 9 1 0
1588 1162 8 9 1 0
3274 1198 8 13 1 0
5802 1026 9 12 1 0
6862 1048 9 12 1 0
957 1001 8 9 1 0
6341 1043 9 12 1 0
1828 2501 79 113 1 0
2735 417 5 7 1 0
6785 1054 9 12 1 0
3312 1104 8 13 1 0
6108 1673 12 17 1 0
1961 695 5 7 1 0
3690 1383 8 13 1 0
5410 721 6 7 1 0
3234 809 5 7 1 0
1491 1212 15 20 1 0
3867 1219 8 13 1 0
3687 1104 8 13 1 0
6560 992 9 12 1 0
2560 1081 8 13 1 0
6836 846 9 12 1 0
1225 524 5 7 1 0
2325 1394 15 20 1 0
6527 1318 9 12 1 0
2184 1691 15 20 2 0
4258 550 5 7 1 0
5688 2199 63 57 1 0
2140 1231 15 20 1 0
6542 1448 9 12 1 0
4216 1220 8 13 1 0
3519 1027 8 13 1 0
4399 1284 8 13 1 0
5991 887 9 12 1 0
5860 1796 14 17 1 0
6224 894 9 12 1 0
3333 1096 8 13 1 0
6578 963 9 12 1 0
3479 1053 8 13 1 0
1905 649 5 7 1 0
5672 1039 6 7 1 0
2629 375 5 7 1 0
6910 1293 20 19 1 0
1080 1541 15 20 1 0
4379 865 7 11 1 0
6647 986 9 12 1 0
2229 1773 15 20 1 0
5875 1019 9 12 1 0
2201 1330 15 20 1 0
2198 1000 8 9 1 0
6661 1211 9 12 1 0
5860 955 9 12 1 0
3740 1381 8 13 1 0
6707 1017 9 12 1 0
5773 1039 9 12 1 0
3846 1154 8 13 1 0
3760 612 5 7 1 0
4190 1091 8 13 1 0
1490 1503 15 20 1 0
7118 887 14 18 1 0
5229 815 6 7 1 0
2527 1432 8 13 1 0
1821 863 8 9 1 0
6450 853 9 12 1 0
3794 2923 53 61 1 0
4555 2401 26 21 1 0
1896 812 5 7 1 0
5081 2178 26 21 1 0
5741 1109 9 12 1 0
3005 1258 8 13 1 0
4420 1251 8 13 1 0
691 1675 16 22 1 0
2445 1289 8 13 1 0
4033 324 5 7 1 0
3434 931 8 13 1 0
2764 1398 8 13 1 0
1326 2540 79 113 1 0
3723 1343 8 13 1 0
6736 1169 9 12 1 0
2239 1007 8 9 1 0
3116 623 5 7 1 0
7572 857 14 18 2 0
4966 1101 11 11 1 0
1200 2134 25 28 1 0
1613 1291 15 20 1 0
2629 1294 8 13 1 0
7652 777 14 18 1 0
6396 1228 9 12 1 0
5593 2462 77 78 1 0
2699 1043 8 13 1 0
2724 1538 8 13 1 0
1200 1669 16 22 1 0
4450 1315 8 13 1 0
4961 497 5 7 1 0
7978 742 14 18 1 0
855 2060 55 65 2 0
3807 964 8 13 1 0
2329 1036 8 9 1 0
3656 826 5 7 1 0
763 935 8 9 1 0
5910 1768 12 17 1 0
518 1035 8 9 1 0
5544 756 6 7 1 0
6573 1150 9 12 1 0
4039 1241 8 13 1 0
1119 2199 55 65 2 0
7667 986 14 18 1 0
453 1660 16 22 1 0
5634 795 6 7 1 0
6098 1201 9 12 1 0
1226 1482 15 20 1 0
1017 850 8 9 1 0
6494 843 9 12 1 0
5441 910 6 7 1 0
5721 933 9 12 1 0
6037 1208 9 12 1 0
6638 1460 9 12 1 0
308 2172 55 65 1 0
5615 1173 6 7 1 0
3388 791 5 7 1 0
7257 987 14 18 1 0
2466 1587 11 16 1 0
3949 895 8 13 1 0
4245 986 8 13 1 0
2920 891 8 13 1 0
7590 971 14 18 1 0
6512 1171 9 12 1 0
2357 1744 15 20 1 0
3489 319 5 7 1 0
1694 1470 15 20 1 0
4699 2378 26 21 1 0
5877 993 9 12 1 0
1135 1470 15 20 1 0
2228 923 8 9 1 0
4406 1027 8 13 1 0
42 904 8 9 1 0
2169 983 8 9 1 0
3661 1241 8 13 1 0
6222 2072 63 57 1 0
7681 795 14 18 1 0
1643 1390 15 20 1 0
3363 1374 8 13 1 0
2628 1013 8 13 1 0
3698 594 5 7 1 0
5876 1183 9 12 1 0
3632 1006 8 13 1 0
7147 992 14 18 1 0
2343 2276 19 28 1 0
552 945 8 9 1 0
6464 1277 9 12 1 0
1716 1226 15 20 1 0
6901 954 9 12 1 0
1980 1310 15 20 1 0
4098 924 8 13 1 0
7527 1411 45 52 1 0
2424 1221 8 13 1 0
1297 1849 16 22 1 0
1130 537 5 7 1 0
4254 947 8 13 1 0
7624 1026 14 18 1 0
7973 616 14 18 1 0
1601 1309 15 20 1 0
761 954 8 9 1 0
2303 1111 8 9 1 0
3812 1186 8 13 1 0
6576 1207 9 12 1 0
4365 891 8 13 1 0
3095 1050 8 13 1 0
2650 1324 8 13 1 0
6117 1210 9 12 1 0
3956 360 5 7 1 0
7484 967 14 18 1 0
6074 985 9 12 1 0
6439 1471 9 12 1 0
5786 1025 9 12 1 0
4130 1137 8 13 1 0
4555 1288 8 13 1 0
3122 1047 8 13 1 0
1430 2591 79 113 1 0
2259 1361 15 20 1 0
4246 765 5 7 1 0
6727 1486 22 25 1 0
3890 1390 8 13 1 0
639 2180 55 65 1 0
7489 927 14 18 1 0
3836 1224 8 13 1 0
683 1151 8 9 1 0
7219 1115 14 18 1 0
5700 899 6 7 1 0
4630 2518 19 24 1 0
5004 2327 26 21 1 0
7146 2365 140 141 1 0
942 2017 55 65 1 0
6997 1311 20 19 1 0
5641 893 6 7 1 0
3323 1531 8 13 1 0
3707 320 5 7 1 0
6822 1664 88 83 1 0
219 886 8 9 1 0
3409 819 5 7 1 0
3185 867 6 10 1 0
5004 1135 11 11 1 0
418 1673 16 22 1 0
5133 1076 11 11 1 0
2141 1389 15 20 1 0
6709 2162 140 141 1 0
5162 2192 26 21 1 0
5923 1114 9 12 1 0
5093 2161 26 21 1 0
894 1925 16 22 1 0
7201 1158 14 18 1 0
6127 903 9 12 1 0
5134 2324 26 21 1 0
1475 2056 16 22 1 0
2297 1352 15 20 1 0
5812 1085 9 12 1 0
1130 1611 16 22 1 0
993 1064 8 9 1 0
856 1161 8 9 1 0
4024 1313 8 13 1 0
5189 1152 6 7 1 0
3710 1232 8 13 1 0
3783 998 8 13 1 0
2580 1442 8 13 1 0
4831 2410 26 21 1 0
5127 1045 11 11 1 0
5795 876 9 12 1 0
1918 1198 15 20 1 0
2963 369 5 7 1 0
4406 1224 8 13 1 0
1657 2570 79 113 1 0
2616 1217 8 13 1 0
4448 1214 8 13 1 0
4234 784 5 7 1 0
3589 1050 8 13 1 0
4573 2533 19 24 1 0
7833 786 14 18 1 0
3034 1152 8 13 1 0
259 2094 55 65 1 0
3634 1120 8 13 1 0
4802 375 5 7 1 0
6545 961 9 12 1 0
4474 2724 19 24 1 0
7736 1154 41 52 1 0
6296 1034 9 12 1 0
5706 808 9 12 1 0
5978 1837 14 17 1 0
4878 1204 11 11 1 0
6006 868 9 12 1 0
1795 1574 16 22 1 0
6096 1004 9 12 1 0
1541 1380 15 20 1 0
6159 1140 9 12 1 0
6051 764 9 12 1 0
2028 1569 15 20 1 0
3619 1198 8 13 1 0
5559 1118 6 7 1 0
3562 614 5 7 1 0
3416 363 5 7 1 0
5689 999 6 7 1 0
5479 784 6 7 1 0
4735 2822 103 129 1 0
4473 1117 8 13 1 0
6798 1386 20 19 1 0
4685 1310 11 11 1 0
3760 517 5 7 1 0
1283 2350 25 28 1 0
2201 1546 15 20 1 0
6339 1237 9 12 1 0
1885 1056 8 9 1 0
6032 846 9 12 1 0
3493 2720 19 24 1 0
4308 959 8 13 1 0
6254 1619 35 39 2 0
966 1438 15 20 1 0
6787 1089 9 12 1 0
1161 974 8 9 1 0
2523 1011 8 13 1 0
5962 1127 9 12 1 0
1207 1310 15 20 1 0
2838 1033 8 13 1 0
2048 875 8 9 1 0
4485 1113 8 13 1 0
5263 727 6 7 1 0
5307 882 6 7 1 0
6491 1601 35 39 1 0
6109 1797 14 17 1 0
7102 869 14 18 1 0
2976 313 5 7 1 0
4458 368 5 7 1 0
1840 2412 25 28 1 0
3129 1215 8 13 1 0
5639 1103 6 7 1 0
5487 1987 33 33 1 0
6056 1022 9 12 1 0
5160 1179 11 11 1 0
6564 1208 9 12 1 0
3767 1375 8 13 1 0
3744 913 8 13 1 0
6445 941 9 12 1 0
1133 908 8 9 1 0
5237 1166 6 7 1 0
1390 1719 16 22 1 0
5135 1157 11 11 1 0
6607 1181 9 12 1 0
4600 1237 8 13 1 0
6484 1164 9 12 1 0
3204 950 8 13 1 0
2411 1685 15 20 1 0
1503 1339 15 20 1 0
6026 1237 9 12 1 0
2998 1056 8 13 1 0
6241 894 9 12 1 0
2881 1548 8 13 1 0
3365 1026 8 13 1 0
6793 853 9 12 1 0
7824 926 14 18 1 0
7714 905 14 18 1 0
2218 1005 8 9 1 0
6370 955 9 12 1 0
2100 1107 8 9 1 0
5969 1099 9 12 1 0
3754 1063 8 13 1 0
2946 996 8 13 1 0
4266 402 5 7 1 0
1141 1584 16 22 1 0
6457 1725 35 39 1 0
7346 982 14 18 1 0
1515 1229 15 20 1 0
7728 972 14 18 1 0
6815 910 9 12 1 0
2604 1340 8 13 1 0
3677 321 5 7 1 0
822 1853 16 22 1 0
1019 1482 15 20 1 0
4113 749 5 7 1 0
4145 1028 8 13 1 0
5810 2106 63 57 1 0
1971 1015 8 9 1 0
7875 639 14 18 1 0
5359 904 6 7 1 0
7608 874 14 18 1 0
6549 1180 9 12 1 0
1279 1418 15 20 1 0
2097 850 8 9 1 0
5441 1175 6 7 1 0
1018 1371 15 20 1 0
3847 790 5 7 1 0
3768 2839 53 61 1 0
6091 1098 9 12 1 0
2134 1197 15 20 1 0
5875 1846 14 17 1 0
591 2311 55 65 1 0
1818 1264 15 20 1 0
4194 820 5 7 1 0
6755 1081 9 12 1 0
1810 1231 15 20 1 0
1486 1193 15 20 1 0
6595 951 9 12 1 0
3736 1129 8 13 1 0
3820 783 5 7 1 0
2135 965 8 9 1 0
