1228 551 74 100 1 0
245 92 62 71 1 0
157 67 62 71 1 0
1514 671 86 114 1 0
1805 36 62 71 1 0
1400 624 74 100 1 0
406 263 62 71 1 0
792 216 62 71 1 0
467 746 86 114 1 0
1450 535 74 100 1 0
1180 524 74 100 1 0
931 900 86 114 1 0
943 785 86 114 1 0
1128 388 74 100 1 0
1175 239 62 71 1 0
1646 267 62 71 1 0
262 220 62 71 1 0
114 256 62 71 1 0
373 693 86 114 1 0
364 330 74 100 1 0
51 939 86 114 1 0
675 511 74 100 1 0
918 312 74 100 1 0
83 230 68 85 1 0
1071 1075 86 114 1 0
159 4 62 71 1 0
1208 191 62 71 1 0
1522 30 62 71 1 0
1766 543 74 100 1 0
1917 449 74 100 1 0
183 293 74 100 1 0
1838 189 62 71 1 0
299 416 74 100 1 0
414 45 62 71 1 0
430 441 74 100 1 0
550 268 62 71 1 0
1216 22 62 71 1 0
163 146 62 71 1 0
1886 921 86 114 1 0
315 85 62 71 1 0
13 53 62 71 1 0
182 426 74 100 1 0
1662 190 62 71 1 0
83 546 74 100 1 0
320 50 62 71 1 0
188 224 62 71 1 0
790 552 74 100 1 0
1553 64 62 71 1 0
1378 28 62 71 1 0
1706 1049 86 114 1 0
1385 239 62 71 1 0
1541 1010 86 114 1 0
157 570 74 100 1 0
549 566 74 100 1 0
953 336 74 100 1 0
932 562 74 100 1 0
1254 1056 86 114 1 0
1506 363 74 100 1 0
487 473 74 100 1 0
911 631 74 100 1 0
422 345 74 100 1 0
525 434 74 100 1 0
1172 150 62 71 1 0
694 820 86 114 1 0
1037 993 86 114 1 0
284 257 62 71 1 0
842 719 86 114 1 0
541 197 62 71 1 0
13 444 74 100 1 0
1904 992 86 114 1 0
1727 568 74 100 1 0
639 803 86 114 1 0
1681 415 74 100 1 0
1688 953 86 114 1 0
1762 128 62 71 1 0
1111 302 74 100 1 0
1362 138 62 71 1 0
817 206 62 71 1 0
103 355 74 100 1 0
1774 152 62 71 1 0
528 1044 86 114 1 0
245 1028 86 114 1 0
1016 723 86 114 1 0
198 356 74 100 1 0
962 1076 86 114 1 0
1274 555 74 100 1 0
440 167 62 71 1 0
1517 112 62 71 1 0
1875 86 62 71 1 0
1895 589 74 100 1 0
139 207 62 71 1 0
270 80 62 71 1 0
734 511 74 100 1 0
914 61 62 71 1 0
17 381 74 100 1 0
264 568 74 100 1 0
1634 487 74 100 1 0
1824 989 86 114 1 0
1358 949 86 114 1 0
1762 201 62 71 1 0
982 26 62 71 1 0
484 343 74 100 1 0
1344 1073 86 114 1 0
566 230 62 71 1 0
1821 488 74 100 1 0
69 710 86 114 1 0
670 339 74 100 1 0
775 616 74 100 1 0
1414 457 74 100 1 0
677 896 86 114 1 0
631 698 86 114 1 0
1792 370 74 100 1 0
310 300 74 100 1 0
822 113 62 71 1 0
1784 611 74 100 1 0
186 104 62 71 1 0
164 386 74 100 1 0
1534 450 74 100 1 0
1278 681 86 114 1 0
143 448 74 100 1 0
1220 458 74 100 1 0
485 834 86 114 1 0
438 280 62 71 1 0
1568 414 74 100 1 0
1158 25 62 71 1 0
911 344 74 100 1 0
4 800 80 107 1 0
673 406 74 100 1 0
778 328 74 100 1 0
545 44 62 71 1 0
1136 511 74 100 1 0
1916 312 68 85 1 0
1822 122 62 71 1 0
775 368 74 100 1 0
1904 687 77 103 1 0
870 23 62 71 1 0
926 224 62 71 1 0
906 834 86 114 1 0
1788 264 65 78 1 0
1764 27 62 71 1 0
454 245 62 71 1 0
1238 337 74 100 1 0
1306 581 74 100 1 0
1859 241 65 78 1 0
1535 374 74 100 1 0
27 444 74 100 1 0
263 29 62 71 1 0
1428 178 62 71 1 0
1236 915 86 114 1 0
590 58 62 71 1 0
1403 360 74 100 1 0
295 756 86 114 1 0
1017 126 62 71 1 0
1060 646 74 100 1 0
51 85 62 71 1 0
110 298 74 100 1 0
945 386 74 100 1 0
1260 378 74 100 1 0
1881 140 62 71 1 0
1612 44 62 71 1 0
293 696 86 114 1 0
1594 485 74 100 1 0
1283 112 62 71 1 0
1180 58 62 71 1 0
1059 72 62 71 1 0
1764 435 74 100 1 0
875 659 86 114 1 0
1408 91 62 71 1 0
609 404 74 100 1 0
742 35 62 71 1 0
439 106 62 71 1 0
1472 54 62 71 1 0
1206 324 74 100 1 0
1399 271 62 71 1 0
1042 132 62 71 1 0
407 562 74 100 1 0
397 186 62 71 1 0
363 615 74 100 1 0
855 303 74 100 1 0
1348 505 74 100 1 0
168 707 86 114 1 0
766 190 62 71 1 0
1048 538 74 100 1 0
924 125 62 71 1 0
398 979 86 114 1 0
1121 565 74 100 1 0
1496 238 62 71 1 0
756 421 74 100 1 0
241 148 62 71 1 0
579 138 62 71 1 0
1030 94 62 71 1 0
552 324 74 100 1 0
964 990 86 114 1 0
1204 705 86 114 1 0
1706 243 62 71 1 0
700 584 74 100 1 0
281 14 62 71 1 0
988 86 62 71 1 0
867 166 62 71 1 0
620 270 62 71 1 0
421 11 62 71 1 0
508 357 74 100 1 0
15 122 62 71 1 0
200 188 62 71 1 0
1474 283 62 71 1 0
723 80 62 71 1 0
1364 1017 86 114 1 0
1354 254 62 71 1 0
1451 342 74 100 1 0
72 433 74 100 1 0
1074 474 74 100 1 0
1202 361 74 100 1 0
1437 244 62 71 1 0
51 171 65 78 1 0
444 32 62 71 1 0
1878 631 74 100 1 0
1530 210 62 71 1 0
1398 978 86 114 1 0
577 103 62 71 1 0
388 80 62 71 1 0
1375 187 62 71 1 0
1670 375 74 100 1 0
1399 118 62 71 1 0
1342 374 74 100 1 0
314 224 62 71 1 0
306 1051 86 114 1 0
1534 333 74 100 1 0
788 64 62 71 1 0
908 14 62 71 1 0
632 164 62 71 1 0
1143 646 74 100 1 0
3 166 65 78 1 0
1849 667 86 114 1 0
1317 65 62 71 1 0
1567 554 74 100 1 0
198 1004 86 114 1 0
286 192 62 71 1 0
1459 307 74 100 1 0
216 790 86 114 1 0
1478 993 86 114 1 0
1121 212 62 71 1 0
299 34 62 71 1 0
1379 770 86 114 1 0
47 133 62 71 1 0
1287 40 62 71 1 0
1752 287 62 71 1 0
803 406 74 100 1 0
1709 736 86 114 1 0
146 314 74 100 1 0
859 434 74 100 1 0
577 183 62 71 1 0
244 40 62 71 1 0
1075 416 74 100 1 0
1417 216 62 71 1 0
806 261 62 71 1 0
1652 220 62 71 1 0
1298 264 62 71 1 0
