471 506 51 60 1 0
759 104 9 8 1 0
532 81 9 8 1 0
268 19 5 7 1 0
555 68 9 8 1 0
537 235 23 21 1 0
853 334 23 21 1 0
624 111 9 8 1 0
700 111 9 8 1 0
165 228 23 21 1 0
446 26 9 8 1 0
922 361 23 21 1 0
675 102 9 8 1 0
900 156 9 8 1 0
31 227 23 21 1 0
263 357 41 32 1 0
455 57 9 8 1 0
849 104 9 8 1 0
114 23 5 7 1 0
922 160 9 8 1 0
952 161 9 8 1 0
671 460 118 86 1 0
791 123 9 8 1 0
783 226 23 21 1 0
702 432 23 21 1 0
536 104 9 8 1 0
585 104 9 8 1 0
612 453 43 48 1 0
176 20 5 7 1 0
830 138 9 8 1 0
208 13 5 7 1 0
160 279 23 21 1 0
533 69 9 8 1 0
720 83 9 8 1 0
619 143 9 8 1 0
456 78 9 8 1 0
656 121 9 8 1 0
896 138 9 8 1 0
263 275 23 21 1 0
318 409 23 21 1 0
879 89 9 8 1 0
123 350 50 42 1 0
