3783 1464 53 66 1 0
1902 1233 33 37 1 0
1644 1319 25 28 1 0
2932 1364 25 28 1 0
1101 1535 53 66 1 0
1820 1229 13 21 1 0
2401 1394 25 28 1 0
1986 1295 33 37 1 0
3250 1153 33 37 1 0
3331 1269 33 37 1 0
2357 1361 25 28 1 0
2492 1329 25 28 1 0
3381 1493 53 66 1 0
1612 1224 13 21 1 0
3964 1101 62 86 2 0
1401 1231 13 21 1 0
1284 1267 13 21 1 0
3037 1217 33 37 1 0
2280 1412 32 37 1 0
2311 1409 25 28 1 0
1916 1538 53 66 1 0
3489 1497 53 66 1 0
1383 1565 73 94 1 0
1126 1425 53 66 1 0
1711 1390 25 28 1 0
1960 1373 25 28 1 0
2630 1619 73 94 1 0
611 1920 176 174 1 0
2748 1156 33 37 1 0
2698 1223 33 37 1 0
2856 1209 33 37 1 0
2054 1364 25 28 1 0
2714 1537 53 66 1 0
657 1276 13 21 1 0
958 1536 53 66 1 0
2891 1180 33 37 1 0
2751 1223 33 37 1 0
2951 1411 39 47 1 0
241 2115 176 174 1 0
1498 1236 13 21 1 0
1969 1403 32 37 1 0
938 1430 53 66 2 0
952 1408 53 66 2 0
2471 1508 53 66 1 0
863 1707 73 94 1 0
2213 1196 33 37 1 0
2872 1407 25 28 1 0
3459 1039 54 73 1 0
2072 1269 33 37 1 0
613 1415 53 66 2 0
1629 1462 53 66 2 0
1874 1361 25 28 1 0
958 1266 13 21 1 0
1698 1703 73 94 1 0
3293 1722 73 94 1 0
1848 1396 25 28 1 0
652 1402 53 66 1 0
3236 1346 25 28 1 0
2539 1208 33 37 1 0
3526 1074 62 86 2 0
2225 1272 33 37 1 0
2622 1764 176 174 1 0
385 1707 73 94 1 0
1582 1221 13 21 1 0
2237 1296 29 32 1 0
3004 1321 25 28 1 0
2724 1214 33 37 1 0
902 1255 13 21 1 0
2887 1309 25 28 1 0
2541 1265 33 37 1 0
1090 1449 53 66 1 0
3859 1538 53 66 1 0
1249 1754 176 174 1 0
1775 1429 53 66 2 0
1751 1327 25 28 1 0
1862 2118 229 274 1 0
587 1475 53 66 1 0
540 1413 53 66 1 0
1950 1515 53 66 2 0
637 1472 53 66 2 0
3287 1104 33 37 1 0
546 1713 73 94 1 0
2268 1473 53 66 1 0
3728 1930 176 174 1 0
1369 1482 53 66 1 0
1577 1325 25 28 1 0
2866 1156 33 37 1 0
1093 1248 13 21 1 0
2155 1385 25 28 1 0
1677 1450 53 66 1 0
3765 2872 258 239 1 0
586 1408 53 66 2 0
2011 1222 33 37 1 0
905 1431 53 66 1 0
1907 1369 25 28 1 0
1698 1352 25 28 1 0
3286 1341 25 28 1 0
651 1561 73 94 1 0
1468 1500 53 66 1 0
1339 1619 73 94 1 0
660 1458 53 66 2 0
2485 1251 33 37 1 0
1339 1442 53 66 1 0
659 1289 19 24 1 0
817 1435 53 66 1 0
2001 1447 53 66 1 0
597 1262 13 21 1 0
1639 1215 13 21 1 0
822 1630 73 94 1 0
994 1551 53 66 1 0
843 1385 25 28 1 0
3647 1486 53 66 1 0
3341 1147 33 37 1 0
2698 1345 25 28 1 0
3995 1305 57 76 1 0
544 1819 176 174 1 0
2235 1325 25 28 1 0
2532 1309 25 28 1 0
1218 1420 46 56 1 0
1420 1484 53 66 1 0
763 1427 53 66 1 0
522 1597 73 94 1 0
3650 1389 25 28 1 0
1557 1483 53 66 1 0
1077 1618 73 94 1 0
3410 2097 231 285 1 0
2147 1421 53 66 1 0
2096 1505 53 66 2 0
1655 1358 25 28 1 0
1585 1420 39 47 1 0
1022 1430 53 66 1 0
1760 1203 13 21 1 0
992 1287 16 22 1 0
1126 1244 13 21 1 0
474 1245 13 21 1 0
1514 1349 25 28 1 0
3190 1500 53 66 1 0
3494 1451 53 66 1 0
1784 1197 13 21 1 0
1827 1334 25 28 1 0
2937 1313 25 28 1 0
2760 1660 73 94 1 0
1777 1372 25 28 1 0
2828 1377 25 28 1 0
2515 1438 53 66 1 0
2239 2021 176 174 1 0
2448 1453 53 66 1 0
332 1648 73 94 1 0
2259 1377 25 28 1 0
1460 1453 53 66 1 0
2483 2093 176 174 1 0
703 1303 25 28 1 0
2165 1301 25 28 1 0
2456 1198 33 37 1 0
2703 1154 33 37 1 0
136 1420 53 68 1 0
2382 1341 25 28 1 0
1938 1391 25 28 1 0
1553 1585 73 94 2 0
1533 1258 13 21 1 0
2939 1156 33 37 1 0
1429 1226 13 21 1 0
3301 1486 53 66 1 0
2413 1345 25 28 1 0
1607 1458 53 66 2 0
908 1546 53 66 1 0
1360 1417 46 56 1 0
2374 1410 39 47 1 0
2458 1715 73 94 1 0
3025 1432 53 66 1 0
2053 1535 53 66 1 0
751 1728 73 94 1 0
342 2030 176 174 1 0
1463 1255 13 21 1 0
2317 1285 33 37 1 0
3847 1085 62 86 1 0
1817 1369 25 28 1 0
1250 1476 53 66 1 0
3100 1477 53 66 1 0
2100 1433 53 66 1 0
2456 1327 25 28 1 0
3180 1086 33 37 1 0
4017 1274 59 81 1 0
1178 1361 25 28 1 0
1629 1490 53 66 2 0
2401 1449 53 66 1 0
3378 1296 27 30 1 0
2807 1756 176 174 1 0
1009 1245 13 21 1 0
1014 1697 73 94 1 0
2796 1187 33 37 1 0
2835 1496 53 66 1 0
3586 1348 25 28 1 0
2379 1186 33 37 1 0
1803 1432 53 66 2 0
2365 2721 258 239 1 0
3114 1285 33 37 1 0
3000 1280 33 37 1 0
1182 1543 53 66 1 0
681 1273 13 21 1 0
3810 1102 62 86 1 0
498 1436 53 66 1 0
1259 1264 13 21 1 0
3351 1364 25 28 1 0
2798 1389 25 28 1 0
1158 1684 73 94 1 0
492 1541 53 66 1 0
2452 1413 39 47 1 0
3577 1137 62 86 2 0
2727 1361 25 28 1 0
2339 1373 25 28 1 0
1974 1211 33 37 1 0
1160 1273 13 21 1 0
3392 1333 25 28 1 0
1494 1535 53 66 1 0
763 1509 53 66 1 0
1450 1353 25 28 1 0
905 1625 73 94 1 0
618 1254 13 21 1 0
1369 1714 73 94 1 0
377 1267 13 21 1 0
3069 1361 25 28 1 0
846 1270 13 21 1 0
1844 1472 53 66 1 0
3124 1356 25 28 1 0
1763 1500 53 66 1 0
2029 1407 32 37 1 0
3702 1610 73 94 1 0
3393 2665 258 239 1 0
1698 1244 13 21 1 0
3258 1251 33 37 1 0
1232 1266 13 21 1 0
3035 1774 176 174 1 0
1892 1387 25 28 1 0
338 1544 53 66 1 0
3545 1070 62 86 2 0
1025 1390 25 28 1 0
3598 1126 62 86 2 0
2666 1134 33 37 1 0
1299 1575 73 94 1 0
2978 1160 33 37 1 0
1022 1327 25 28 1 0
1920 1433 53 66 1 0
2573 1365 25 28 1 0
1586 1562 73 94 2 0
2298 1197 33 37 1 0
1848 1192 23 29 1 0
64 1646 98 114 1 0
2547 1353 25 28 1 0
2558 1889 176 174 1 0
259 2327 258 239 1 0
1190 1265 13 21 1 0
1343 1345 25 28 1 0
2824 1129 33 37 1 0
3937 1121 62 86 2 0
445 1776 176 174 1 0
3951 2915 258 239 1 0
1306 1234 13 21 1 0
438 1279 23 32 1 0
1438 1401 46 56 1 0
2168 1253 33 37 1 0
419 1535 53 66 1 0
1127 1399 25 28 1 0
1332 1526 53 66 1 0
987 1245 13 21 1 0
1527 1907 229 274 1 0
110 1307 43 54 1 0
2061 1922 176 174 1 0
542 1280 16 22 1 0
1386 1238 13 21 1 0
1310 1367 25 28 1 0
2785 1589 73 94 1 0
2595 1417 25 28 1 0
2058 1406 32 37 1 0
2704 1421 53 66 1 0
3144 1728 73 94 1 0
558 1273 13 21 1 0
1631 1330 25 28 1 0
1721 1442 53 66 1 0
2122 1241 33 37 1 0
1956 1493 53 66 2 0
1085 1317 25 28 1 0
1661 1384 25 28 1 0
3145 1285 33 37 1 0
638 1279 16 22 1 0
1309 1494 53 66 1 0
1492 1411 46 56 1 0
2285 1364 25 28 1 0
1039 1535 53 66 1 0
2768 1354 25 28 1 0
1054 1265 13 21 1 0
2097 1532 53 66 2 0
812 1309 25 28 1 0
2116 1393 25 28 1 0
2141 1501 53 66 1 0
2229 1411 25 28 1 0
2584 1207 33 37 1 0
2959 1170 33 37 1 0
2335 1468 53 66 1 0
207 1743 73 94 1 0
1065 1260 13 21 1 0
1887 1446 53 66 1 0
3212 1111 33 37 1 0
935 1269 13 21 1 0
3650 1072 62 86 1 0
767 1282 16 22 1 0
3172 1172 33 37 1 0
2204 1542 53 66 1 0
2070 1376 25 28 1 0
2600 1351 25 28 1 0
3708 1075 62 86 1 0
1187 1479 53 66 1 0
1488 1588 73 94 1 0
1325 1260 13 21 1 0
2195 1388 25 28 1 0
723 1287 19 24 1 0
1582 1373 25 28 1 0
3371 1404 39 47 1 0
648 1303 25 28 1 0
3128 1162 33 37 1 0
102 1833 176 174 1 0
21 1749 73 94 1 0
1537 1432 53 66 1 0
1687 1402 32 37 1 0
1178 1418 32 37 1 0
1744 1367 25 28 1 0
831 1499 53 66 1 0
2133 1365 25 28 1 0
2629 2416 258 239 1 0
823 1274 13 21 1 0
1912 1204 33 37 1 0
2897 1555 68 87 1 0
4019 1042 62 86 1 0
3064 1188 33 37 1 0
1111 1351 25 28 1 0
