301 165 2 1 1 0
190 187 2 1 1 0
148 206 2 1 1 0
195 202 2 1 1 0
203 216 2 1 1 0
349 186 2 1 1 0
305 163 2 1 1 0
278 189 2 1 1 0
308 175 2 1 1 0
204 185 2 1 1 0
343 209 2 1 1 0
263 197 2 1 1 0
355 171 2 1 1 0
311 167 2 1 1 0
407 195 2 1 1 0
321 162 2 1 1 0
387 162 2 1 1 0
247 226 2 1 1 0
215 202 2 1 1 0
229 255 2 1 1 0
253 227 2 1 1 0
298 219 2 1 1 0
381 208 2 1 1 0
371 200 2 1 1 0
323 214 2 1 1 0
415 194 2 1 1 0
366 194 2 1 1 0
337 210 2 1 1 0
354 190 2 1 1 0
236 233 2 1 1 0
306 160 2 1 1 0
427 169 2 1 1 0
421 167 2 1 1 0
303 240 2 1 1 0
331 209 2 1 1 0
361 173 2 1 1 0
381 164 2 1 1 0
357 228 2 1 1 0
353 242 2 1 1 0
342 170 2 1 1 0
362 201 2 1 1 0
257 189 2 1 1 0
276 218 2 1 1 0
320 175 2 1 1 0
375 219 2 1 1 0
396 178 2 1 1 0
392 169 2 1 1 0
277 185 2 1 1 0
223 231 2 1 1 0
225 185 2 1 1 0
17 249 2 1 1 0
368 221 2 1 1 0
215 251 2 1 1 0
379 231 2 1 1 0
405 209 2 1 1 0
343 160 2 1 1 0
271 178 2 1 1 0
386 191 2 1 1 0
219 195 2 1 1 0
403 176 2 1 1 0
249 199 2 1 1 0
305 187 2 1 1 0
200 236 2 1 1 0
285 218 2 1 1 0
172 202 2 1 1 0
23 237 2 1 1 0
392 209 2 1 1 0
264 185 2 1 1 0
255 180 2 1 1 0
385 172 2 1 1 0
325 177 2 1 1 0
208 200 2 1 1 0
244 195 2 1 1 0
346 227 2 1 1 0
381 190 2 1 1 0
435 170 2 1 1 0
