453 229 20 23 1 0
125 97 16 17 1 0
140 66 16 17 1 0
341 43 17 18 1 0
285 29 17 18 1 0
209 183 20 23 1 0
163 133 16 17 1 0
194 212 20 23 1 0
242 193 20 23 1 0
65 378 26 27 1 0
404 74 16 17 1 0
83 109 16 17 1 0
292 270 20 23 1 0
277 165 20 23 1 0
150 46 17 18 1 0
127 38 17 18 1 0
396 271 20 23 1 0
37 179 20 23 1 0
327 124 16 17 1 0
210 82 16 17 1 0
169 13 17 18 1 0
319 48 17 18 1 0
303 48 17 18 1 0
396 45 17 18 1 0
416 147 16 17 1 0
522 90 16 17 1 0
70 324 26 27 1 0
27 379 26 27 1 0
40 57 16 17 1 0
343 332 26 27 1 0
324 184 20 23 1 0
171 2 17 18 1 0
551 341 26 27 1 0
329 287 26 27 1 0
403 124 16 17 1 0
537 94 16 17 1 0
150 6 17 18 1 0
345 222 20 23 1 0
78 190 20 23 1 0
513 382 26 27 1 0
467 228 20 23 1 0
461 176 20 23 1 0
422 68 16 17 1 0
475 349 26 27 1 0
49 202 20 23 1 0
40 17 17 18 2 0
23 162 20 23 1 0
319 350 26 27 1 0
349 194 20 23 2 0
410 8 17 18 2 0
299 309 26 27 1 0
88 79 16 17 1 0
165 176 20 23 2 0
91 8 17 18 1 0
179 307 26 27 1 0
187 73 16 17 1 0
215 4 17 18 2 0
359 104 16 17 1 0
389 20 17 18 2 0
337 14 17 18 1 0
65 342 26 27 1 0
104 258 20 23 1 0
269 338 26 27 1 0
523 29 17 18 1 0
274 58 16 17 1 0
363 62 16 17 1 0
40 130 16 17 1 0
524 239 20 23 1 0
133 389 26 27 1 0
412 60 16 17 1 0
181 160 20 23 1 0
59 102 16 17 1 0
31 46 17 18 1 0
526 326 26 27 1 0
246 224 20 23 1 0
367 4 17 18 2 0
239 84 16 17 1 0
440 82 16 17 1 0
465 50 17 18 1 0
35 360 26 27 1 0
110 200 20 23 1 0
76 54 16 17 1 0
158 371 26 27 1 0
2 18 17 18 1 0
48 188 20 23 1 0
385 84 16 17 2 0
395 250 20 23 1 0
43 116 16 17 1 0
555 178 20 23 1 0
481 212 20 23 1 0
71 141 16 17 1 0
356 16 17 18 2 0
265 215 20 23 1 0
12 34 16 17 1 0
531 200 20 23 1 0
345 392 26 27 1 0
295 286 26 27 1 0
165 97 16 17 2 0
249 282 20 23 1 0
428 49 17 18 2 0
480 378 26 27 2 0
353 212 20 23 1 0
481 367 26 27 2 0
339 259 20 23 1 0
377 14 17 18 1 0
186 124 16 17 1 0
81 92 16 17 1 0
398 165 20 23 1 0
208 114 16 17 1 0
491 66 16 17 1 0
269 180 20 23 1 0
217 344 26 27 1 0
53 239 20 23 1 0
223 116 16 17 1 0
430 2 17 18 2 0
380 126 16 17 1 0
218 74 16 17 1 0
70 33 17 18 1 0
552 89 16 17 1 0
86 22 17 18 1 0
16 190 20 23 1 0
80 4 17 18 1 0
435 52 17 18 2 0
502 38 17 18 1 0
143 16 17 18 1 0
175 39 17 18 1 0
551 111 16 17 1 0
443 148 16 17 1 0
438 16 17 18 1 0
301 227 20 23 1 0
119 30 17 18 1 0
391 320 26 27 1 0
502 178 20 23 1 0
264 157 20 23 1 0
65 68 16 17 2 0
439 38 17 18 2 0
68 122 16 17 1 0
157 108 16 17 1 0
358 43 17 18 1 0
409 308 26 27 1 0
117 108 16 17 1 0
208 235 20 23 1 0
415 0 17 18 2 0
373 171 20 23 1 0
533 350 26 27 1 0
498 213 20 23 1 0
157 94 16 17 2 0
238 3 17 18 1 0
225 12 17 18 1 0
440 370 26 27 1 0
419 44 17 18 1 0
257 2 17 18 1 0
310 95 16 17 1 0
167 286 26 27 1 0
281 316 26 27 1 0
157 70 16 17 1 0
453 280 20 23 1 0
386 387 26 27 1 0
174 54 16 17 1 0
503 340 26 27 1 0
403 23 17 18 1 0
493 156 20 23 1 0
447 180 20 23 1 0
452 76 16 17 1 0
265 231 20 23 1 0
361 121 16 17 1 0
334 1 17 18 1 0
281 9 17 18 2 0
287 342 26 27 1 0
529 66 16 17 1 0
298 88 16 17 1 0
13 146 17 18 1 0
379 138 16 17 1 0
401 350 26 27 1 0
476 403 26 27 1 0
473 57 16 17 1 0
82 224 20 23 1 0
306 36 17 18 1 0
513 62 16 17 1 0
134 118 16 17 1 0
540 27 17 18 1 0
174 193 20 23 1 0
513 117 16 17 1 0
159 185 20 23 2 0
257 69 16 17 1 0
1 153 18 20 1 0
237 56 16 17 1 0
45 10 17 18 2 0
96 40 17 18 1 0
195 404 26 27 1 0
491 94 16 17 1 0
8 178 20 23 1 0
121 237 20 23 1 0
277 198 20 23 1 0
447 242 20 23 1 0
190 1 17 18 2 0
351 248 20 23 1 0
242 26 17 18 1 0
221 24 17 18 1 0
128 56 16 17 1 0
27 114 16 17 1 0
239 173 20 23 1 0
308 3 17 18 1 0
69 235 20 23 1 0
429 12 17 18 2 0
87 405 26 27 2 0
427 409 26 27 1 0
39 322 26 27 1 0
349 140 16 17 1 0
371 32 17 18 2 0
523 2 17 18 1 0
538 132 16 17 1 0
155 208 20 23 1 0
515 44 17 18 1 0
434 206 20 23 1 0
141 135 16 17 1 0
541 66 16 17 1 0
293 70 16 17 1 0
384 189 20 23 1 0
553 20 17 18 1 0
86 380 26 27 1 0
142 220 20 23 1 0
227 34 17 18 1 0
56 146 16 17 1 0
255 138 16 17 1 0
173 70 16 17 1 0
9 104 16 17 1 0
335 74 16 17 1 0
74 68 16 17 2 0
390 10 17 18 2 0
87 249 20 23 1 0
264 28 17 18 1 0
367 238 20 23 1 0
271 363 26 27 1 0
505 0 17 18 1 0
451 1 17 18 1 0
499 79 16 17 1 0
539 39 17 18 2 0
276 20 17 18 1 0
137 254 20 23 1 0
288 300 26 27 1 0
371 209 20 23 1 0
467 387 26 27 2 0
367 342 26 27 1 0
195 296 26 27 1 0
473 75 16 17 1 0
58 34 17 18 1 0
130 24 17 18 1 0
197 35 17 18 1 0
445 333 26 27 1 0
51 24 17 18 1 0
416 372 26 27 1 0
454 47 17 18 1 0
75 400 26 27 2 0
251 36 17 18 1 0
62 88 16 17 1 0
125 218 20 23 1 0
533 216 20 23 1 0
315 26 17 18 1 0
427 92 16 17 1 0
311 150 16 17 1 0
448 61 16 17 1 0
31 139 18 20 1 0
123 182 20 23 1 0
422 26 17 18 1 0
240 305 26 27 1 0
341 186 20 23 2 0
100 21 17 18 1 0
22 29 17 18 1 0
481 51 17 18 1 0
224 311 26 27 1 0
146 78 16 17 1 0
123 9 17 18 1 0
333 28 17 18 1 0
110 308 26 27 2 0
491 131 16 17 1 0
95 153 20 23 1 0
190 236 20 23 1 0
339 314 26 27 1 0
85 318 26 27 1 0
351 57 16 17 1 0
424 173 20 23 1 0
441 126 16 17 1 0
537 146 16 17 1 0
110 403 26 27 1 0
418 202 20 23 1 0
29 0 17 18 1 0
273 78 16 17 1 0
135 6 17 18 1 0
365 22 17 18 1 0
189 138 16 17 1 0
128 129 16 17 1 0
381 371 26 27 1 0
136 98 16 17 1 0
56 1 17 18 1 0
189 9 17 18 2 0
489 23 17 18 2 0
489 310 26 27 1 0
541 177 20 23 1 0
545 8 17 18 1 0
58 53 17 18 1 0
140 146 16 17 1 0
206 260 20 23 1 0
34 92 16 17 1 0
514 403 26 27 1 0
89 67 16 17 1 0
461 375 26 27 2 0
213 296 26 27 1 0
290 42 17 18 1 0
243 150 16 17 1 0
553 70 16 17 1 0
290 246 20 23 1 0
335 358 26 27 1 0
141 242 20 23 1 0
318 376 26 27 1 0
361 322 26 27 1 0
479 22 17 18 1 0
448 37 17 18 2 0
114 368 26 27 1 0
17 229 20 23 1 0
393 83 16 17 2 0
535 47 17 18 2 0
127 148 16 17 1 0
343 5 17 18 1 0
333 58 16 17 1 0
487 10 17 18 1 0
201 201 20 23 1 0
105 69 16 17 1 0
97 216 20 23 1 0
111 135 16 17 1 0
510 161 20 23 1 0
51 83 16 17 1 0
280 44 17 18 1 0
497 26 17 18 2 0
117 297 26 27 2 0
383 258 20 23 1 0
17 90 16 17 1 0
42 222 20 23 1 0
277 0 17 18 2 0
239 135 16 17 1 0
196 181 20 23 1 0
473 200 20 23 1 0
211 41 17 18 1 0
553 212 20 23 1 0
79 127 16 17 1 0
108 7 17 18 1 0
331 242 20 23 1 0
155 236 20 23 1 0
97 182 20 23 1 0
34 34 17 18 1 0
337 171 20 23 1 0
229 222 20 23 1 0
285 130 16 17 1 0
21 72 16 17 1 0
141 188 20 23 1 0
75 166 20 23 1 0
385 405 26 27 1 0
143 31 17 18 1 0
389 156 20 23 1 0
380 30 17 18 2 0
213 130 16 17 1 0
349 299 26 27 1 0
7 337 26 27 1 0
259 258 20 23 1 0
212 61 16 17 1 0
206 4 17 18 2 0
507 232 20 23 1 0
264 308 26 27 1 0
312 322 26 27 1 0
113 44 17 18 1 0
145 312 26 27 1 0
485 232 20 23 1 0
131 78 16 17 1 0
359 7 17 18 2 0
375 2 17 18 2 0
175 151 16 17 1 0
315 255 20 23 1 0
178 130 16 17 1 0
238 362 26 27 1 0
139 277 20 23 1 0
283 382 26 27 1 0
393 206 20 23 1 0
250 10 17 18 1 0
423 228 20 23 1 0
305 62 16 17 1 0
42 0 17 18 1 0
56 164 20 23 1 0
193 154 20 23 1 0
469 9 17 18 1 0
262 378 26 27 1 0
197 88 16 17 1 0
