810 147 1 1 1 0
419 132 1 1 1 0
304 155 1 1 1 0
1022 154 1 1 1 0
128 215 7 9 1 0
1132 166 1 1 1 0
1187 189 7 9 1 0
441 195 7 9 1 0
491 168 1 1 1 0
407 166 1 1 1 0
726 145 1 1 1 0
1062 156 1 1 1 0
211 222 7 9 1 0
584 103 1 1 1 0
89 199 7 9 1 0
368 168 1 1 1 0
316 194 7 9 1 0
1021 154 1 1 1 0
308 210 7 9 1 0
299 160 1 1 1 0
983 217 7 9 1 0
1006 90 1 1 1 0
964 260 7 9 1 0
471 164 1 1 1 0
364 184 7 9 1 0
478 189 7 9 1 0
990 197 7 9 1 0
1129 172 2 3 1 0
54 276 7 9 1 0
783 193 7 9 1 0
897 130 1 1 1 0
15 158 1 1 1 0
406 158 1 1 1 0
676 96 1 1 1 0
193 238 7 9 1 0
690 158 1 1 1 0
348 174 5 7 1 0
452 141 1 1 1 0
990 181 7 9 1 0
582 139 1 1 1 0
484 255 7 9 1 0
683 173 2 3 1 0
248 195 7 9 1 0
883 169 1 1 1 0
984 177 2 3 1 0
320 238 7 9 1 0
330 184 7 9 1 0
879 155 1 1 1 0
286 211 7 9 1 0
311 158 1 1 1 0
1165 174 4 5 1 0
43 297 16 31 1 0
320 182 7 9 1 0
1029 148 1 1 1 0
424 114 1 1 1 0
426 166 1 1 1 0
667 121 1 1 1 0
872 139 1 1 1 0
479 111 1 1 1 0
214 187 7 9 1 0
1065 193 7 9 1 0
178 415 39 44 1 0
433 147 1 1 1 0
372 116 1 1 1 0
407 178 5 7 1 0
132 341 16 31 1 0
872 152 1 1 1 0
206 171 2 3 1 0
859 146 1 1 1 0
748 146 1 1 1 0
636 102 1 1 1 0
131 207 7 9 1 0
265 167 1 1 1 0
472 176 5 7 1 0
675 254 7 9 1 0
402 201 7 9 1 0
298 239 7 9 1 0
1171 155 1 1 1 0
1035 165 1 1 1 0
1154 298 16 31 1 0
593 154 1 1 1 0
808 178 4 5 1 0
943 177 2 3 1 0
874 187 7 9 1 0
663 100 1 1 1 0
946 128 1 1 1 0
734 141 1 1 1 0
1118 171 2 3 1 0
201 156 1 1 1 0
277 171 2 3 1 0
661 149 1 1 1 0
1067 170 4 5 1 0
817 258 7 9 1 0
747 96 1 1 1 0
226 211 7 9 1 0
815 173 2 3 1 0
822 207 7 9 1 0
655 143 1 1 1 0
703 94 1 1 1 0
758 93 1 1 1 0
167 190 7 9 1 0
10 220 7 9 1 0
221 184 7 9 1 0
694 139 1 1 1 0
119 132 1 1 1 0
259 241 7 9 1 0
521 409 39 44 1 0
963 151 1 1 1 0
149 305 16 31 1 0
786 176 2 3 1 0
103 181 7 9 1 0
897 174 1 1 1 0
633 163 1 1 1 0
998 86 1 1 1 0
407 278 7 9 1 0
1181 275 9 14 1 0
545 159 1 1 1 0
788 153 1 1 1 0
790 140 1 1 1 0
1087 353 16 31 1 0
719 163 1 1 1 0
1144 155 1 1 1 0
601 230 7 9 1 0
1091 215 7 9 1 0
406 118 1 1 1 0
422 248 7 9 1 0
762 163 1 1 1 0
1019 158 1 1 1 0
420 187 7 9 1 0
205 213 7 9 1 0
791 172 1 1 1 0
244 156 1 1 1 0
201 164 1 1 1 0
570 153 1 1 1 0
1191 217 7 9 1 0
384 114 1 1 1 0
412 175 2 3 1 0
832 191 7 9 1 0
847 135 1 1 1 0
610 135 1 1 1 0
464 115 1 1 1 0
754 295 16 31 1 0
507 152 1 1 1 0
35 135 1 1 1 0
764 131 1 1 1 0
174 349 16 31 1 0
686 122 1 1 1 0
89 387 16 31 1 0
608 248 7 9 1 0
149 184 7 9 1 0
749 208 7 9 1 0
200 128 1 1 1 0
1067 144 1 1 1 0
996 161 1 1 1 0
1007 218 7 9 1 0
267 210 7 9 1 0
812 155 1 1 1 0
208 126 1 1 1 0
931 171 2 3 1 0
607 140 1 1 1 0
740 131 1 1 1 0
736 134 1 1 1 0
283 175 2 3 1 0
227 179 7 9 1 0
993 170 2 3 1 0
1086 174 2 3 1 0
496 159 1 1 1 0
1006 148 1 1 1 0
965 206 7 9 1 0
105 133 1 1 1 0
97 132 1 1 1 0
542 170 2 3 1 0
667 175 2 3 1 0
589 175 2 3 1 0
633 132 1 1 1 0
350 211 7 9 1 0
621 183 7 9 1 0
384 183 7 9 1 0
513 155 1 1 1 0
329 223 7 9 1 0
385 168 1 1 1 0
664 156 1 1 1 0
473 156 1 1 1 0
912 161 1 1 1 0
697 194 7 9 1 0
767 144 1 1 1 0
524 134 1 1 1 0
828 133 1 1 1 0
809 165 1 1 1 0
682 191 7 9 1 0
555 178 5 7 1 0
160 271 7 9 1 0
207 164 1 1 1 0
690 100 1 1 1 0
623 339 16 31 1 0
669 166 1 1 1 0
823 149 1 1 1 0
659 150 1 1 1 0
1020 140 1 1 1 0
254 166 1 1 1 0
1033 248 7 9 1 0
890 254 7 9 1 0
383 348 16 31 1 0
187 128 1 1 1 0
137 184 7 9 1 0
261 162 1 1 1 0
773 134 1 1 1 0
14 241 7 9 1 0
933 166 1 1 1 0
337 180 7 9 1 0
283 225 7 9 1 0
511 172 4 5 1 0
1144 88 1 1 1 0
394 112 1 1 1 0
230 170 4 5 1 0
884 211 7 9 1 0
221 128 1 1 1 0
397 226 7 9 1 0
633 470 39 44 1 0
553 240 7 9 1 0
787 94 1 1 1 0
606 209 7 9 1 0
405 191 7 9 1 0
776 157 1 1 1 0
553 142 1 1 1 0
923 93 1 1 1 0
472 106 1 1 1 0
817 155 1 1 1 0
1190 162 1 1 1 0
1161 158 1 1 1 0
576 169 1 1 1 0
557 159 1 1 1 0
1005 152 1 1 1 0
334 173 5 7 1 0
300 122 1 1 1 0
304 167 1 1 1 0
595 146 1 1 1 0
394 182 7 9 1 0
1105 164 1 1 1 0
277 157 1 1 1 0
870 89 1 1 1 0
1009 169 1 1 1 0
486 185 7 9 1 0
406 410 39 44 1 0
282 157 1 1 1 0
294 180 7 9 1 0
577 163 1 1 1 0
150 128 1 1 1 0
351 188 7 9 1 0
160 177 5 7 1 0
312 314 16 31 1 0
1035 154 1 1 1 0
292 165 1 1 1 0
417 220 7 9 1 0
755 135 1 1 1 0
264 179 4 5 1 0
309 180 7 9 1 0
539 253 7 9 1 0
529 107 1 1 1 0
807 88 1 1 1 0
386 119 1 1 1 0
775 146 1 1 1 0
724 131 1 1 1 0
730 157 1 1 1 0
353 116 1 1 1 0
799 199 7 9 1 0
66 135 1 1 1 0
614 233 7 9 1 0
37 465 39 44 1 0
975 93 1 1 1 0
990 308 16 31 1 0
10 374 16 31 1 0
855 159 1 1 1 0
460 157 1 1 1 0
850 152 1 1 1 0
541 200 7 9 1 0
154 128 1 1 1 0
174 176 5 7 1 0
1013 403 21 34 1 0
1110 263 7 9 1 0
857 172 2 3 1 0
367 121 1 1 1 0
403 146 1 1 1 0
697 155 1 1 1 0
524 179 4 5 1 0
327 254 7 9 1 0
57 136 1 1 1 0
560 148 1 1 1 0
191 154 1 1 1 0
412 113 1 1 1 0
1099 169 1 1 1 0
335 502 39 44 1 0
108 272 7 9 1 0
435 110 1 1 1 0
730 94 1 1 1 0
337 193 7 9 1 0
187 177 5 7 1 0
448 150 1 1 1 0
666 143 1 1 1 0
504 108 1 1 1 0
229 159 1 1 1 0
771 233 7 9 1 0
585 164 1 1 1 0
329 120 1 1 1 0
965 130 1 1 1 0
966 151 1 1 1 0
869 565 33 40 1 0
1116 89 1 1 1 0
906 171 1 1 1 0
145 128 1 1 1 0
236 192 7 9 1 0
938 259 7 9 1 0
563 106 1 1 1 0
238 165 1 1 1 0
890 126 1 1 1 0
304 180 7 9 1 0
141 128 1 1 1 0
472 208 7 9 1 0
459 248 7 9 1 0
652 169 1 1 1 0
244 126 1 1 1 0
1093 153 1 1 1 0
82 132 1 1 1 0
99 188 7 9 1 0
312 206 7 9 1 0
936 88 1 1 1 0
1018 181 7 9 1 0
823 125 1 1 1 0
778 93 1 1 1 0
5 262 7 9 1 0
799 92 1 1 1 0
1177 68 1 1 1 0
543 139 1 1 1 0
1137 206 7 9 1 0
1173 87 1 1 1 0
413 146 1 1 1 0
791 169 1 1 1 0
1010 179 2 3 1 0
1033 186 7 9 1 0
441 160 1 1 1 0
99 236 7 9 1 0
493 177 2 3 1 0
99 199 7 9 1 0
136 173 5 7 1 0
825 183 7 9 1 0
666 255 7 9 1 0
388 207 7 9 1 0
159 165 1 1 1 0
419 159 1 1 1 0
313 171 5 7 1 0
543 189 7 9 1 0
826 94 1 1 1 0
575 104 1 1 1 0
258 192 7 9 1 0
637 145 1 1 1 0
823 154 1 1 1 0
281 198 7 9 1 0
148 230 7 9 1 0
644 96 1 1 1 0
202 192 7 9 1 0
271 124 1 1 1 0
502 167 1 1 1 0
1187 171 2 3 1 0
639 157 1 1 1 0
420 166 1 1 1 0
38 243 7 9 1 0
518 141 1 1 1 0
534 170 2 3 1 0
1039 182 7 9 1 0
239 187 7 9 1 0
456 170 4 5 1 0
93 264 7 9 1 0
252 177 5 7 1 0
965 86 1 1 1 0
567 304 16 31 1 0
423 144 1 1 1 0
29 135 1 1 1 0
649 276 9 14 1 0
477 172 2 3 1 0
350 143 1 1 1 0
778 143 1 1 1 0
896 160 1 1 1 0
513 163 1 1 1 0
551 107 1 1 1 0
368 201 7 9 1 0
867 152 1 1 1 0
705 149 1 1 1 0
121 219 7 9 1 0
321 222 7 9 1 0
380 115 1 1 1 0
426 151 1 1 1 0
508 283 9 14 1 0
261 273 7 9 1 0
124 192 7 9 1 0
518 164 1 1 1 0
492 142 1 1 1 0
680 121 1 1 1 0
783 490 39 44 1 0
9 134 1 1 1 0
257 370 16 31 1 0
458 143 1 1 1 0
1171 201 7 9 1 0
785 165 1 1 1 0
344 240 7 9 1 0
395 160 1 1 1 0
832 163 1 1 1 0
60 195 7 9 1 0
1100 250 7 9 1 0
378 160 1 1 1 0
622 156 1 1 1 0
50 136 1 1 1 0
1123 206 7 9 1 0
505 147 1 1 1 0
709 173 2 3 1 0
823 153 1 1 1 0
123 292 16 31 1 0
721 180 7 9 1 0
505 141 1 1 1 0
261 199 7 9 1 0
653 407 39 44 1 0
911 208 7 9 1 0
652 161 1 1 1 0
800 153 1 1 1 0
1050 145 1 1 1 0
961 502 39 44 1 0
592 130 1 1 1 0
340 206 7 9 1 0
400 112 1 1 1 0
673 199 7 9 1 0
423 156 1 1 1 0
304 171 4 5 1 0
485 153 1 1 1 0
606 314 16 31 1 0
534 141 1 1 1 0
746 162 1 1 1 0
441 272 7 9 1 0
127 131 1 1 1 0
491 149 1 1 1 0
144 179 4 5 1 0
552 167 1 1 1 0
121 135 1 1 1 0
497 154 1 1 1 0
420 137 1 1 1 0
946 90 1 1 1 0
991 152 1 1 1 0
446 110 1 1 1 0
86 214 7 9 1 0
714 154 1 1 1 0
231 239 7 9 1 0
343 268 7 9 1 0
19 135 1 1 1 0
282 186 7 9 1 0
295 267 7 9 1 0
99 134 1 1 1 0
222 155 1 1 1 0
546 134 1 1 1 0
402 265 7 9 1 0
181 195 7 9 1 0
451 158 1 1 1 0
774 333 16 31 1 0
1137 182 7 9 1 0
227 123 1 1 1 0
468 143 1 1 1 0
513 203 7 9 1 0
707 221 7 9 1 0
623 367 16 31 1 0
215 497 39 44 1 0
568 168 1 1 1 0
452 111 1 1 1 0
935 151 1 1 1 0
464 165 1 1 1 0
569 148 1 1 1 0
673 229 7 9 1 0
1002 137 1 1 1 0
104 166 1 1 1 0
942 164 1 1 1 0
510 195 7 9 1 0
553 146 1 1 1 0
1050 89 1 1 1 0
1095 145 1 1 1 0
182 213 7 9 1 0
720 97 1 1 1 0
352 182 7 9 1 0
237 180 7 9 1 0
612 99 1 1 1 0
903 159 1 1 1 0
446 173 4 5 1 0
661 194 7 9 1 0
755 172 1 1 1 0
786 158 1 1 1 0
882 133 1 1 1 0
518 156 1 1 1 0
287 119 1 1 1 0
102 211 7 9 1 0
217 229 7 9 1 0
921 142 1 1 1 0
753 169 1 1 1 0
446 183 7 9 1 0
537 146 1 1 1 0
21 273 9 14 1 0
730 173 1 1 1 0
176 187 7 9 1 0
673 181 7 9 1 0
498 183 7 9 1 0
919 217 7 9 1 0
439 149 1 1 1 0
583 154 1 1 1 0
76 256 7 9 1 0
602 144 1 1 1 0
162 133 1 1 1 0
638 144 1 1 1 0
152 206 7 9 1 0
144 167 1 1 1 0
550 192 7 9 1 0
134 130 1 1 1 0
497 142 1 1 1 0
251 159 1 1 1 0
649 180 7 9 1 0
1027 85 1 1 1 0
553 150 1 1 1 0
321 166 1 1 1 0
717 353 16 31 1 0
306 194 7 9 1 0
965 168 1 1 1 0
214 155 1 1 1 0
940 435 39 44 1 0
355 239 7 9 1 0
489 162 1 1 1 0
1103 169 1 1 1 0
191 172 2 3 1 0
1086 84 1 1 1 0
161 205 7 9 1 0
1168 167 1 1 1 0
772 191 7 9 1 0
915 165 1 1 1 0
830 369 16 31 1 0
521 172 2 3 1 0
376 232 7 9 1 0
43 281 7 9 1 0
462 184 7 9 1 0
175 128 1 1 1 0
158 171 5 7 1 0
518 185 7 9 1 0
685 142 1 1 1 0
710 191 7 9 1 0
899 126 1 1 1 0
544 330 16 31 1 0
951 327 16 31 1 0
673 311 16 31 1 0
496 215 7 9 1 0
350 152 1 1 1 0
744 417 39 44 1 0
235 159 1 1 1 0
771 165 1 1 1 0
897 87 1 1 1 0
119 209 7 9 1 0
544 151 1 1 1 0
292 170 2 3 1 0
223 224 7 9 1 0
712 130 1 1 1 0
72 284 9 14 1 0
484 224 7 9 1 0
196 197 7 9 1 0
621 146 1 1 1 0
839 218 7 9 1 0
918 184 7 9 1 0
578 180 7 9 1 0
238 126 1 1 1 0
1066 88 1 1 1 0
217 266 7 9 1 0
415 198 7 9 1 0
498 520 39 44 1 0
1116 467 39 44 1 0
165 171 5 7 1 0
860 132 1 1 1 0
157 128 1 1 1 0
885 180 7 9 1 0
1064 231 7 9 1 0
173 240 7 9 1 0
625 98 1 1 1 0
880 161 1 1 1 0
754 135 1 1 1 0
528 229 7 9 1 0
888 332 16 31 1 0
904 154 1 1 1 0
152 213 7 9 1 0
111 181 7 9 1 0
419 178 1 1 1 0
929 132 1 1 1 0
245 175 2 3 1 0
370 211 7 9 1 0
121 176 7 9 1 0
297 194 7 9 1 0
429 179 2 3 1 0
390 198 7 9 1 0
549 209 7 9 1 0
577 145 1 1 1 0
357 155 1 1 1 0
128 175 5 7 1 0
529 140 1 1 1 0
769 172 1 1 1 0
348 223 7 9 1 0
527 140 1 1 1 0
913 130 1 1 1 0
1199 154 2 3 1 0
768 212 7 9 1 0
1043 172 4 5 1 0
754 273 9 14 1 0
983 134 1 1 1 0
225 191 7 9 1 0
750 168 1 1 1 0
607 265 7 9 1 0
626 146 1 1 1 0
540 364 16 31 1 0
669 138 1 1 1 0
600 274 9 14 1 0
1035 88 1 1 1 0
253 155 1 1 1 0
642 151 1 1 1 0
625 134 1 1 1 0
147 173 5 7 1 0
323 227 7 9 1 0
206 183 7 9 1 0
599 126 1 1 1 0
101 317 16 31 1 0
833 92 1 1 1 0
361 167 1 1 1 0
412 152 1 1 1 0
253 218 7 9 1 0
280 406 39 44 1 0
866 164 1 1 1 0
292 158 1 1 1 0
417 169 1 1 1 0
166 128 1 1 1 0
107 133 1 1 1 0
368 176 5 7 1 0
740 94 1 1 1 0
701 126 1 1 1 0
113 192 7 9 1 0
605 169 1 1 1 0
882 97 1 1 1 0
253 173 1 1 1 0
652 130 1 1 1 0
113 133 1 1 1 0
567 185 7 9 1 0
713 92 1 1 1 0
673 148 1 1 1 0
160 128 1 1 1 0
1022 170 1 1 1 0
768 92 1 1 1 0
1098 83 1 1 1 0
398 171 2 3 1 0
94 256 7 9 1 0
1182 253 7 9 1 0
323 207 7 9 1 0
455 180 7 9 1 0
