168 471 101 109 1 0
633 8 45 54 1 0
969 3 32 32 1 0
325 213 83 118 1 0
432 14 45 54 1 0
294 50 83 118 1 0
414 516 97 105 1 0
67 63 61 50 1 0
404 168 76 101 1 0
298 477 97 105 1 0
822 44 74 86 1 0
731 44 74 86 1 0
1008 329 74 86 1 0
590 385 76 101 1 0
497 159 76 101 1 0
454 33 45 54 1 0
613 521 76 101 1 0
171 321 101 109 1 0
49 463 97 105 1 0
461 307 76 101 1 0
532 376 76 101 1 0
578 64 45 54 2 0
668 185 76 101 1 0
604 62 45 54 2 0
895 116 74 86 1 0
165 156 104 137 1 0
1011 534 197 93 1 0
792 211 74 86 1 0
525 18 45 54 1 0
1062 56 32 32 1 0
