2836 496 16 16 1 0
2889 394 12 11 1 0
1583 794 35 37 1 0
1038 1045 51 53 1 0
2952 349 6 6 1 0
2113 1443 66 86 1 0
3140 544 16 16 1 0
3151 836 35 37 1 0
2927 471 16 16 1 0
2625 492 16 16 1 0
2980 428 12 11 1 0
1776 600 35 37 1 0
2956 593 35 37 2 0
3056 745 35 37 1 0
3199 358 6 6 1 0
3226 290 6 6 1 0
2926 525 16 16 1 0
2337 1529 66 86 1 0
1944 678 35 37 2 0
2219 726 35 37 1 0
2373 431 12 11 1 0
3214 345 6 6 1 0
2674 574 20 21 2 0
2526 651 35 37 1 0
2241 394 12 11 1 0
3404 1065 51 53 1 0
111 1353 66 86 1 0
2676 418 12 11 1 0
2660 456 16 16 1 0
2580 462 16 16 1 0
1971 600 35 37 1 0
995 1286 51 53 1 0
2509 333 9 8 1 0
2976 492 16 16 1 0
2296 569 25 26 2 0
2618 479 16 16 1 0
401 1703 66 86 1 0
3035 587 35 37 1 0
3111 639 35 37 2 0
2720 684 35 37 1 0
2374 490 16 16 1 0
2946 410 12 11 1 0
3073 375 12 11 1 0
1349 792 35 37 1 0
1677 1162 51 53 1 0
3064 640 35 37 2 0
2255 407 12 11 1 0
3177 454 16 16 2 0
2830 399 12 11 1 0
266 1312 51 53 1 0
3082 546 16 16 1 0
3058 576 20 21 2 0
946 736 35 37 1 0
3483 1176 51 53 1 0
2927 348 6 6 1 0
771 2151 104 117 1 0
700 913 47 49 1 0
3010 294 6 6 1 0
2741 508 16 16 1 0
3370 1109 51 53 1 0
2654 526 16 16 1 0
1142 743 35 37 1 0
3470 1208 51 53 1 0
3073 387 12 11 1 0
3107 391 12 11 1 0
849 1050 51 53 1 0
1887 1058 51 53 1 0
2934 445 12 11 1 0
2888 655 35 37 2 0
3277 433 12 11 1 0
2169 2297 104 117 1 0
1490 1178 51 53 1 0
3330 671 35 37 2 0
2941 513 16 16 1 0
3422 624 30 35 1 0
2425 347 12 11 1 0
2378 541 16 16 1 0
2879 378 12 11 1 0
3186 324 6 6 1 0
2843 572 20 21 1 0
2722 404 12 11 1 0
3131 525 16 16 1 0
3194 331 6 6 1 0
2743 326 6 6 1 0
2286 1057 51 53 1 0
2978 416 12 11 1 0
3204 700 35 37 1 0
1671 1847 66 86 1 0
1119 829 35 37 1 0
3068 581 35 37 2 0
3435 655 25 33 1 0
2955 500 16 16 1 0
2909 405 12 11 1 0
1731 1153 51 53 2 0
2763 353 6 6 1 0
3401 805 25 33 1 0
2750 325 6 6 1 0
2656 290 6 6 1 0
1822 629 35 37 1 0
2879 363 10 9 1 0
2723 365 10 9 1 0
2735 771 35 37 1 0
3438 600 27 34 2 0
2743 392 12 11 1 0
2244 512 16 16 1 0
2973 454 16 16 1 0
3127 441 12 11 1 0
3056 295 6 6 1 0
2700 514 16 16 1 0
3407 672 25 33 1 0
3072 346 6 6 1 0
2727 416 12 11 1 0
3387 888 31 38 1 0
1929 643 35 37 1 0
2612 294 6 6 1 0
1831 747 35 37 1 0
2991 573 25 26 1 0
2578 443 12 11 1 0
3094 1144 51 53 1 0
495 870 35 37 1 0
3452 859 25 33 2 0
3142 411 12 11 1 0
1888 859 35 37 1 0
3212 374 12 11 1 0
2843 429 12 11 1 0
940 1058 51 53 1 0
2494 736 35 37 1 0
443 1070 51 53 1 0
1263 827 35 37 1 0
3093 607 35 37 1 0
2113 655 35 37 1 0
3110 401 12 11 1 0
3049 381 12 11 1 0
2841 386 12 11 1 0
1873 670 35 37 2 0
3079 359 6 6 1 0
2877 451 12 11 1 0
3413 784 25 33 1 0
2720 569 25 26 1 0
3271 359 6 6 1 0
3028 287 6 6 1 0
1523 1747 66 86 1 0
3186 587 35 37 1 0
1003 948 51 53 1 0
2713 406 12 11 1 0
3043 506 16 16 1 0
2768 703 35 37 1 0
1060 736 35 37 1 0
385 784 35 37 1 0
2404 520 16 16 1 0
2279 546 16 16 1 0
3090 365 9 8 1 0
3038 624 35 37 1 0
881 1104 51 53 1 0
2993 478 16 16 1 0
3098 381 12 11 1 0
3243 320 6 6 1 0
3126 340 6 6 1 0
1969 921 51 53 1 0
2732 348 6 6 1 0
3042 491 16 16 1 0
1563 682 35 37 1 0
2541 476 16 16 1 0
3116 585 35 37 2 0
3032 418 12 11 1 0
2862 418 12 11 1 0
2789 332 6 6 1 0
2041 652 35 37 1 0
1043 910 43 45 1 0
874 607 35 37 1 0
2281 888 35 37 1 0
3074 294 6 6 1 0
3282 460 16 16 2 0
2413 558 16 16 1 0
2949 799 35 37 1 0
574 1400 66 86 1 0
3026 1319 51 53 1 0
2721 610 35 37 2 0
3273 459 16 16 2 0
3132 676 35 37 1 0
1199 994 51 53 1 0
2323 699 35 37 2 0
2698 465 16 16 1 0
2891 404 12 11 1 0
3494 1013 51 53 1 0
2600 546 16 16 2 0
2953 1833 66 86 1 0
2692 802 35 37 1 0
2752 546 16 16 1 0
864 996 51 53 1 0
2174 890 35 37 1 0
3058 389 12 11 1 0
2863 349 6 6 1 0
2915 350 6 6 1 0
3450 606 27 34 2 0
2889 664 35 37 2 0
1641 829 35 37 1 0
3110 470 16 16 1 0
2859 456 16 16 1 0
943 946 51 53 1 0
2635 626 35 37 1 0
2502 451 12 11 1 0
1256 778 35 37 1 0
2584 501 16 16 1 0
3381 770 25 33 2 0
3140 308 6 6 1 0
2765 583 35 37 1 0
2232 559 30 31 1 0
2492 486 16 16 1 0
1344 689 35 37 1 0
3118 330 6 6 1 0
2816 540 16 16 1 0
2831 517 16 16 1 0
3384 936 51 53 1 0
3185 456 16 16 2 0
2844 448 12 11 1 0
3019 905 47 49 1 0
1514 491 16 16 1 0
1350 1966 104 117 1 0
2218 544 16 16 1 0
578 749 35 37 1 0
1263 541 35 37 1 0
510 689 35 37 1 0
2990 529 16 16 2 0
2650 538 16 16 1 0
2548 618 35 37 2 0
2600 521 16 16 1 0
3187 372 12 11 1 0
3150 514 16 16 1 0
3260 416 12 11 1 0
2362 713 35 37 1 0
2823 360 6 6 1 0
1411 763 35 37 1 0
3167 611 35 37 1 0
1894 675 35 37 1 0
2883 424 12 11 1 0
1625 717 35 37 1 0
2919 398 12 11 1 0
987 1541 66 86 1 0
2800 537 16 16 1 0
2344 1448 66 86 1 0
2704 887 35 37 1 0
2634 470 16 16 1 0
2715 288 6 6 1 0
2813 370 9 8 1 0
2153 795 35 37 1 0
2290 407 12 11 1 0
2449 507 16 16 1 0
1298 636 35 37 1 0
2603 430 12 11 1 0
3202 289 6 6 1 0
2864 620 35 37 1 0
377 2000 104 117 1 0
2943 440 12 11 2 0
2370 449 12 11 1 0
1458 518 16 16 1 0
3166 354 6 6 1 0
2031 959 51 53 1 0
3158 317 6 6 1 0
2945 290 6 6 1 0
2799 429 12 11 1 0
3105 320 6 6 1 0
434 756 35 37 1 0
2548 742 35 37 1 0
2908 437 12 11 1 0
2360 519 16 16 1 0
3181 350 6 6 1 0
2439 624 35 37 1 0
3208 302 6 6 1 0
2911 369 9 8 1 0
1524 510 16 16 1 0
2876 1256 51 53 1 0
3007 354 6 6 1 0
3213 332 6 6 1 0
3044 2216 104 117 1 0
2870 316 6 6 1 0
12 1820 85 101 1 0
2984 457 16 16 2 0
2918 444 12 11 1 0
3391 777 25 33 2 0
2353 908 39 41 1 0
1702 779 35 37 2 0
1523 776 35 37 1 0
3065 343 6 6 1 0
3473 635 25 33 1 0
3113 415 12 11 1 0
2880 489 16 16 1 0
2239 1085 51 53 1 0
2289 689 35 37 1 0
2852 395 12 11 1 0
2387 377 12 11 1 0
3167 383 12 11 1 0
226 995 51 53 1 0
3038 292 6 6 1 0
2864 429 12 11 1 0
3014 483 16 16 1 0
1101 1201 51 53 1 0
3055 417 12 11 1 0
3255 397 12 11 1 0
2394 349 12 11 1 0
2517 445 12 11 1 0
2400 1012 51 53 1 0
2858 441 12 11 1 0
1815 759 35 37 1 0
2918 786 35 37 1 0
3516 1140 51 53 1 0
1371 751 35 37 1 0
2999 998 51 53 1 0
2965 392 12 11 1 0
3159 381 12 11 1 0
3521 1251 51 53 1 0
2670 636 35 37 1 0
2139 920 39 41 1 0
3040 362 6 6 1 0
3042 306 6 6 1 0
3235 297 6 6 1 0
2759 500 16 16 1 0
3269 393 12 11 1 0
3201 379 12 11 1 0
3065 378 12 11 1 0
1029 1202 51 53 1 0
2282 562 20 21 1 0
3203 372 12 11 1 0
2740 434 12 11 1 0
3513 770 25 33 1 0
2568 823 35 37 1 0
2091 1706 66 86 1 0
1193 684 35 37 1 0
3024 313 6 6 1 0
3010 860 35 37 1 0
1549 520 16 16 1 0
358 777 35 37 1 0
764 999 51 53 1 0
2884 643 35 37 2 0
2884 499 16 16 1 0
1804 678 35 37 1 0
2957 417 12 11 1 0
1316 1008 51 53 1 0
3027 339 6 6 1 0
2780 446 12 11 1 0
557 1327 66 86 1 0
1302 906 43 45 2 0
2874 421 12 11 1 0
2001 1076 51 53 2 0
2403 1378 66 86 1 0
3137 340 6 6 1 0
3328 654 35 37 2 0
2561 317 6 6 1 0
2791 350 6 6 1 0
2860 525 16 16 1 0
2458 630 35 37 1 0
2646 292 6 6 1 0
2842 664 35 37 1 0
2991 345 6 6 1 0
553 1495 66 86 1 0
3011 365 12 11 1 0
2988 310 6 6 1 0
1475 1278 51 53 1 0
2401 343 12 11 1 0
2537 547 16 16 1 0
2928 429 12 11 1 0
2483 475 16 16 1 0
2495 440 12 11 1 0
2853 536 16 16 1 0
2928 317 6 6 1 0
2402 367 12 11 1 0
3034 370 9 8 1 0
2574 634 35 37 2 0
3283 314 6 6 1 0
2366 619 35 37 1 0
2899 396 12 11 1 0
2892 362 6 6 1 0
591 1192 51 53 1 0
1501 804 35 37 1 0
3090 376 12 11 1 0
2317 480 16 16 1 0
797 606 35 37 1 0
2957 671 35 37 1 0
3183 314 6 6 1 0
3046 335 6 6 1 0
2431 702 35 37 1 0
2658 673 35 37 1 0
3189 305 6 6 1 0
2927 636 35 37 1 0
3041 417 12 11 1 0
1733 1264 51 53 1 0
2820 481 16 16 1 0
3528 1081 51 53 1 0
1576 618 35 37 1 0
2549 499 16 16 1 0
2910 356 6 6 1 0
1924 874 35 37 1 0
928 583 35 37 1 0
3400 1005 51 53 1 0
3117 803 35 37 1 0
2515 538 16 16 2 0
752 621 35 37 1 0
1985 1497 66 86 1 0
2635 401 12 11 1 0
2921 478 16 16 1 0
2501 1940 104 117 1 0
2859 760 35 37 1 0
3016 376 12 11 2 0
2853 383 12 11 1 0
2936 374 12 11 1 0
1851 727 35 37 1 0
3405 878 25 33 1 0
2911 335 6 6 1 0
2972 389 12 11 1 0
2401 356 12 11 1 0
2405 870 35 37 1 0
2514 343 9 8 1 0
3064 330 6 6 1 0
2409 495 16 16 1 0
3535 670 25 33 1 0
2978 640 35 37 1 0
3450 1018 51 53 1 0
2777 338 6 6 1 0
1779 427 30 31 2 0
720 881 35 37 1 0
2554 529 16 16 1 0
1775 903 47 49 1 0
2494 330 10 9 1 0
2870 1074 51 53 1 0
3180 289 6 6 1 0
19 1721 66 86 1 0
1585 759 35 37 1 0
3048 1560 66 86 1 0
3464 694 25 33 1 0
2582 424 12 11 1 0
3082 294 6 6 1 0
3534 757 25 33 1 0
1975 694 35 37 1 0
2572 433 12 11 1 0
3100 325 6 6 1 0
3178 478 16 16 1 0
2539 680 35 37 2 0
1886 720 35 37 1 0
2646 830 35 37 1 0
776 631 35 37 1 0
2454 522 16 16 1 0
716 992 51 53 1 0
2979 346 6 6 1 0
3018 450 12 11 1 0
2513 847 35 37 1 0
2790 439 12 11 1 0
2635 718 35 37 1 0
2706 479 16 16 1 0
2832 348 6 6 1 0
2293 444 12 11 1 0
2706 646 35 37 1 0
3091 288 6 6 1 0
2216 868 35 37 1 0
481 1097 51 53 1 0
3109 1494 66 86 1 0
1872 741 35 37 1 0
1003 713 35 37 1 0
3107 311 6 6 1 0
959 863 35 37 1 0
3287 343 6 6 1 0
3289 419 12 11 1 0
2854 339 6 6 1 0
3059 1007 51 53 1 0
917 1745 66 86 1 0
3123 396 12 11 1 0
3538 1386 51 53 1 0
2881 517 16 16 1 0
3014 398 12 11 1 0
445 1212 51 53 1 0
2750 491 16 16 1 0
2465 367 12 11 1 0
3102 648 35 37 2 0
2667 1824 66 86 1 0
3077 401 12 11 1 0
2986 293 6 6 1 0
2049 615 35 37 1 0
2650 412 12 11 1 0
1000 556 35 37 1 0
2714 470 16 16 1 0
3017 297 6 6 1 0
3145 438 12 11 1 0
3035 304 6 6 1 0
3063 418 12 11 1 0
2328 356 12 11 1 0
3518 636 25 33 1 0
2978 515 16 16 1 0
2905 421 12 11 1 0
18 1247 51 53 1 0
2741 533 16 16 1 0
2608 564 20 21 1 0
1170 1098 51 53 1 0
2561 958 51 53 1 0
3233 1138 51 53 1 0
2880 712 35 37 2 0
3100 518 16 16 1 0
2729 372 12 11 1 0
3008 403 12 11 1 0
3184 336 6 6 1 0
3500 1436 51 53 1 0
1607 1409 66 86 1 0
2634 409 12 11 1 0
1788 736 35 37 1 0
2614 493 16 16 1 0
1651 799 35 37 1 0
1719 786 35 37 2 0
2938 387 12 11 1 0
2732 400 12 11 1 0
2344 601 35 37 1 0
2544 533 16 16 1 0
2793 498 16 16 1 0
1491 836 35 37 1 0
2233 530 16 16 1 0
1960 1341 66 86 1 0
3201 318 6 6 1 0
3161 290 6 6 1 0
3051 479 16 16 1 0
656 1047 51 53 1 0
3062 292 6 6 1 0
2053 849 35 37 1 0
2293 629 35 37 2 0
3536 824 25 33 1 0
154 719 35 37 1 0
3044 352 6 6 1 0
2782 952 51 53 1 0
1315 827 35 37 1 0
3078 475 16 16 1 0
2786 529 16 16 1 0
2855 408 12 11 1 0
3370 665 25 33 1 0
1120 765 35 37 1 0
3076 425 12 11 1 0
2485 593 35 37 1 0
2713 282 6 6 1 0
2703 548 16 16 1 0
2810 381 12 11 1 0
2933 408 12 11 1 0
2391 666 35 37 1 0
775 962 51 53 1 0
2917 421 12 11 1 0
2608 537 16 16 1 0
3047 362 6 6 1 0
54 728 39 41 1 0
1658 907 39 41 1 0
2473 346 12 11 1 0
3172 555 16 16 1 0
2778 348 6 6 1 0
2896 499 16 16 1 0
3090 482 16 16 1 0
523 1200 51 53 1 0
2841 419 12 11 1 0
3107 376 12 11 1 0
2716 555 16 16 1 0
2942 397 12 11 1 0
3068 405 12 11 1 0
1315 215 20 21 1 0
2818 404 12 11 1 0
2144 830 35 37 1 0
2469 574 25 26 1 0
2721 452 12 11 1 0
3115 428 12 11 1 0
2682 479 16 16 1 0
3157 337 6 6 1 0
3062 558 16 16 1 0
3122 574 30 31 2 0
2953 334 6 6 1 0
2726 587 35 37 2 0
3155 417 12 11 1 0
2228 657 35 37 1 0
2979 470 16 16 1 0
2684 509 16 16 1 0
2875 441 12 11 1 0
297 1266 51 53 1 0
2868 658 35 37 1 0
3179 434 12 11 1 0
3124 314 6 6 1 0
3347 672 35 37 2 0
3135 509 16 16 1 0
2810 615 35 37 1 0
1197 867 35 37 1 0
2887 906 43 45 1 0
2935 416 12 11 1 0
3383 724 25 33 1 0
2686 940 51 53 1 0
2786 655 35 37 1 0
2079 621 35 37 2 0
3010 434 12 11 1 0
2814 444 12 11 1 0
3110 342 6 6 1 0
3216 317 6 6 1 0
3278 540 16 16 1 0
1648 753 35 37 1 0
3171 302 6 6 1 0
3136 618 35 37 1 0
3178 1013 51 53 1 0
3147 330 6 6 1 0
2831 391 12 11 1 0
1796 616 35 37 1 0
2833 435 12 11 1 0
3388 688 25 33 1 0
3051 312 6 6 1 0
1851 1400 66 86 1 0
2966 303 6 6 1 0
3062 321 6 6 1 0
2416 774 35 37 1 0
2880 478 16 16 1 0
2820 419 12 11 1 0
1843 1608 66 86 1 0
3025 609 35 37 1 0
2650 423 12 11 1 0
1196 743 35 37 1 0
3011 310 6 6 1 0
2738 377 12 11 1 0
1537 808 35 37 1 0
1321 912 43 45 2 0
2119 744 35 37 1 0
2977 437 12 11 1 0
993 584 35 37 1 0
2560 470 16 16 2 0
3518 729 25 33 1 0
350 1231 51 53 1 0
2988 428 12 11 1 0
2725 438 12 11 1 0
3169 400 12 11 1 0
2588 714 35 37 2 0
3022 418 12 11 1 0
2892 618 35 37 1 0
2983 357 6 6 1 0
2545 580 35 37 1 0
3117 603 35 37 2 0
3413 654 27 34 1 0
2907 541 16 16 1 0
3241 608 35 37 1 0
2624 512 16 16 1 0
2695 483 16 16 1 0
3405 736 25 33 1 0
2503 547 16 16 1 0
2988 452 12 11 2 0
2989 415 12 11 1 0
3041 394 12 11 1 0
3541 1329 51 53 1 0
2588 609 35 37 1 0
3280 345 6 6 1 0
1748 857 35 37 1 0
1943 657 35 37 2 0
2802 419 12 11 1 0
3129 494 16 16 1 0
1966 624 35 37 1 0
2341 512 16 16 1 0
2780 551 16 16 1 0
2988 352 6 6 1 0
2696 296 6 6 1 0
3249 300 6 6 1 0
2421 647 35 37 1 0
2668 1456 66 86 1 0
3387 840 25 33 2 0
2999 433 12 11 1 0
2959 399 12 11 1 0
2967 365 7 7 1 0
2677 1060 51 53 1 0
2661 554 16 16 1 0
3062 532 16 16 1 0
2971 334 6 6 1 0
3171 525 16 16 1 0
2479 521 16 16 1 0
2920 1395 66 86 1 0
2861 471 16 16 1 0
913 1009 51 53 1 0
2033 780 35 37 1 0
2957 409 12 11 1 0
3093 503 16 16 1 0
2367 386 12 11 1 0
2491 462 16 16 1 0
3006 450 12 11 1 0
3378 851 25 33 2 0
1866 773 35 37 1 0
2631 522 16 16 1 0
2738 312 6 6 1 0
2937 464 16 16 1 0
2838 406 12 11 1 0
2936 426 12 11 1 0
3442 726 25 33 1 0
2275 745 35 37 1 0
2928 361 6 6 1 0
1437 885 35 37 1 0
1545 900 43 45 1 0
2975 352 6 6 1 0
1592 715 35 37 1 0
3098 811 35 37 1 0
2619 577 35 37 1 0
2637 485 16 16 1 0
2983 730 35 37 1 0
773 1107 51 53 1 0
2706 290 6 6 1 0
2519 464 16 16 1 0
2649 557 16 16 1 0
1357 879 35 37 1 0
3031 355 6 6 1 0
3046 429 12 11 1 0
2383 477 16 16 1 0
3141 451 12 11 1 0
3476 751 25 33 1 0
3093 407 12 11 1 0
1250 1638 66 86 1 0
3057 408 12 11 1 0
1227 974 51 53 1 0
3210 390 12 11 1 0
2920 381 12 11 1 0
3190 812 35 37 1 0
3148 481 16 16 1 0
1885 626 35 37 1 0
2170 673 35 37 1 0
2959 438 12 11 1 0
3032 380 12 11 1 0
2777 414 12 11 1 0
2926 458 16 16 1 0
3187 432 12 11 1 0
3167 316 6 6 1 0
2094 1174 51 53 1 0
3271 382 12 11 1 0
3060 431 12 11 1 0
2790 852 35 37 1 0
3087 402 12 11 1 0
3141 353 6 6 1 0
3199 334 6 6 1 0
2743 285 6 6 1 0
3175 311 6 6 1 0
3205 441 12 11 1 0
2181 970 51 53 1 0
3199 527 16 16 1 0
3209 354 6 6 1 0
3018 806 35 37 1 0
2992 383 12 11 1 0
3038 442 12 11 1 0
2487 557 16 16 1 0
2218 1032 51 53 1 0
3132 479 16 16 1 0
2289 526 16 16 1 0
3285 301 6 6 1 0
2524 511 16 16 1 0
3051 319 6 6 1 0
1142 930 51 53 1 0
3016 318 6 6 1 0
3133 457 16 16 1 0
3033 518 16 16 1 0
2682 458 16 16 1 0
2011 850 35 37 1 0
2212 588 35 37 1 0
3078 412 12 11 1 0
531 2350 94 109 1 0
1775 649 35 37 1 0
2952 387 12 11 1 0
2419 593 35 37 1 0
2991 445 12 11 1 0
1782 708 35 37 1 0
3232 315 6 6 1 0
3015 505 16 16 1 0
2974 289 6 6 1 0
2764 457 16 16 1 0
1855 1341 66 86 1 0
3050 542 16 16 1 0
3266 305 6 6 1 0
3464 1342 51 53 2 0
2734 391 12 11 1 0
2862 587 35 37 1 0
2519 564 20 21 1 0
1499 705 35 37 1 0
2972 310 6 6 1 0
3382 822 25 33 1 0
2610 649 35 37 1 0
2164 635 35 37 1 0
3503 707 25 33 1 0
2307 706 35 37 2 0
3110 456 16 16 1 0
2698 439 12 11 1 0
3350 700 35 37 1 0
3025 368 9 8 1 0
3080 464 16 16 1 0
2943 536 16 16 1 0
2889 589 35 37 1 0
2941 499 16 16 1 0
2265 395 12 11 1 0
3070 320 6 6 1 0
2253 722 35 37 1 0
1589 1095 51 53 1 0
1051 2317 104 117 1 0
2791 376 12 11 1 0
1 1270 51 53 1 0
2999 368 10 9 1 0
2482 411 12 11 1 0
2968 604 35 37 2 0
1863 932 51 53 1 0
2369 526 16 16 2 0
3277 473 16 16 1 0
2707 462 16 16 1 0
444 1450 66 86 1 0
3286 357 6 6 1 0
3225 504 16 16 1 0
2997 622 35 37 1 0
3193 351 6 6 1 0
2517 359 12 11 1 0
2716 393 12 11 1 0
3026 331 6 6 1 0
3161 332 6 6 1 0
2864 884 35 37 1 0
3079 453 15 14 1 0
2448 542 16 16 1 0
3032 479 16 16 1 0
3087 386 12 11 1 0
3147 348 6 6 1 0
2945 371 12 11 1 0
2676 1019 51 53 1 0
3495 670 25 33 1 0
2268 589 35 37 1 0
2886 381 12 11 2 0
2869 324 6 6 1 0
901 969 51 53 1 0
3021 326 6 6 1 0
897 794 35 37 1 0
1711 703 35 37 1 0
1904 632 35 37 1 0
2846 461 16 16 1 0
3072 635 35 37 2 0
3082 392 12 11 1 0
2946 300 6 6 1 0
2673 607 35 37 1 0
2874 428 12 11 1 0
2812 415 12 11 1 0
3159 349 6 6 1 0
2951 310 6 6 1 0
2987 328 6 6 1 0
2718 426 12 11 1 0
1353 913 43 45 1 0
3510 1558 54 61 1 0
2896 565 20 21 1 0
2598 444 12 11 1 0
2583 575 20 21 1 0
3145 1178 51 53 1 0
3285 497 16 16 1 0
1778 944 51 53 1 0
3435 1152 51 53 1 0
2093 1855 66 86 1 0
2530 474 16 16 1 0
2976 379 12 11 1 0
2520 793 35 37 1 0
3169 440 12 11 1 0
3138 767 35 37 1 0
1108 1053 51 53 1 0
3369 624 35 37 2 0
2782 726 35 37 1 0
3071 450 12 11 1 0
3524 1662 54 61 1 0
3118 840 35 37 1 0
2800 460 16 16 1 0
1825 940 51 53 1 0
3531 962 38 43 1 0
2814 428 12 11 1 0
2556 688 35 37 2 0
1395 742 35 37 1 0
2024 688 35 37 1 0
2108 1296 51 53 1 0
2877 1178 51 53 1 0
2821 456 16 16 1 0
3154 329 6 6 1 0
2883 410 12 11 1 0
664 1139 51 53 1 0
1749 1100 51 53 2 0
1790 431 25 26 2 0
3057 365 9 8 1 0
1709 732 35 37 1 0
2069 609 35 37 2 0
2979 399 12 11 1 0
1843 649 35 37 1 0
2555 474 16 16 2 0
3512 749 25 33 1 0
2757 394 12 11 1 0
2306 629 35 37 2 0
3287 399 12 11 1 0
466 963 51 53 1 0
3224 299 6 6 1 0
2869 395 12 11 1 0
2974 297 6 6 1 0
2752 527 16 16 1 0
2803 402 12 11 1 0
3366 770 35 37 2 0
2063 633 35 37 1 0
2893 382 12 11 2 0
1419 666 35 37 1 0
2332 527 16 16 1 0
2475 646 35 37 1 0
2999 391 12 11 1 0
2829 419 12 11 1 0
827 1348 66 86 1 0
3157 449 12 11 1 0
3018 381 12 11 2 0
2979 443 12 11 1 0
3271 609 35 37 1 0
2908 395 12 11 1 0
2921 320 6 6 1 0
2586 549 16 16 1 0
3454 864 25 33 2 0
2773 566 20 21 1 0
3039 466 16 16 1 0
1536 843 35 37 1 0
1497 1343 66 86 1 0
3080 497 16 16 1 0
1483 758 35 37 1 0
2051 1048 51 53 1 0
2157 615 35 37 1 0
2481 888 35 37 1 0
2297 358 12 11 1 0
1305 723 35 37 1 0
2951 524 16 16 1 0
2133 691 35 37 1 0
2503 414 12 11 1 0
2740 479 16 16 1 0
2775 478 16 16 1 0
3185 421 12 11 1 0
3232 405 12 11 1 0
3192 394 12 11 1 0
2675 404 12 11 1 0
2921 409 12 11 1 0
329 1538 66 86 1 0
2650 310 6 6 1 0
3254 316 6 6 1 0
2871 383 12 11 1 0
2899 370 10 9 1 0
3001 412 12 11 1 0
1829 443 30 31 1 0
3020 465 16 16 1 0
1428 717 35 37 1 0
2869 331 6 6 1 0
1358 1015 51 53 1 0
2731 455 16 16 1 0
3370 638 32 36 2 0
3096 929 51 53 1 0
2725 488 16 16 2 0
2374 521 16 16 2 0
2472 677 35 37 1 0
2821 436 12 11 1 0
2600 295 6 6 1 0
1287 593 35 37 1 0
1461 706 35 37 1 0
3158 538 16 16 1 0
2891 437 12 11 1 0
2377 516 16 16 2 0
2887 337 6 6 1 0
2245 410 12 11 1 0
1603 527 16 16 1 0
3073 338 6 6 1 0
105 2143 104 117 1 0
2323 393 12 11 1 0
2928 395 12 11 1 0
1202 818 35 37 1 0
1657 609 35 37 1 0
1913 699 35 37 1 0
2469 499 16 16 1 0
2966 474 16 16 1 0
3221 328 6 6 1 0
3049 391 12 11 1 0
2812 726 35 37 1 0
2253 681 35 37 1 0
2746 470 16 16 1 0
3503 1299 51 53 1 0
3193 365 10 9 1 0
1467 827 35 37 1 0
2845 354 6 6 1 0
3098 362 6 6 1 0
2774 394 12 11 1 0
2309 918 35 37 1 0
3454 776 25 33 1 0
3173 916 39 41 1 0
2974 369 9 8 1 0
2602 304 6 6 1 0
1366 714 35 37 1 0
2686 691 35 37 1 0
3206 564 16 16 1 0
3057 400 12 11 1 0
2342 1171 51 53 1 0
2394 475 16 16 1 0
3194 295 6 6 1 0
3167 344 6 6 1 0
2314 527 16 16 1 0
311 1162 51 53 1 0
2997 378 12 11 1 0
929 904 47 49 1 0
2767 422 12 11 1 0
273 997 51 53 1 0
2134 773 35 37 1 0
2782 1047 51 53 1 0
2556 556 16 16 1 0
2304 844 35 37 1 0
2501 1242 51 53 1 0
3478 1111 51 53 1 0
2855 423 12 11 1 0
3279 446 12 11 1 0
245 1184 51 53 1 0
2885 542 16 16 1 0
3160 297 6 6 1 0
1706 999 51 53 1 0
2796 571 30 31 1 0
2839 475 16 16 1 0
2746 304 6 6 1 0
2879 730 35 37 2 0
1247 1206 51 53 1 0
2354 682 35 37 1 0
2318 399 12 11 1 0
2656 474 16 16 1 0
2407 346 12 11 1 0
2387 494 16 16 1 0
3161 303 6 6 1 0
2503 404 12 11 1 0
370 1767 66 86 1 0
3107 366 10 9 1 0
2837 545 16 16 1 0
2771 311 6 6 1 0
3118 356 6 6 1 0
1665 556 16 16 1 0
3124 288 6 6 1 0
2666 709 35 37 1 0
3203 326 6 6 1 0
2468 801 35 37 1 0
3349 616 35 37 2 0
2937 478 16 16 1 0
2437 742 35 37 1 0
2390 623 35 37 1 0
3094 459 16 16 1 0
447 1116 51 53 1 0
3094 393 12 11 1 0
2781 433 12 11 1 0
351 693 35 37 1 0
3132 424 12 11 1 0
2754 478 16 16 1 0
17 1556 58 69 1 0
3396 704 25 33 1 0
1892 939 51 53 1 0
2992 401 12 11 1 0
3012 386 12 11 1 0
363 665 35 37 1 0
2698 287 6 6 1 0
3092 469 16 16 1 0
3084 327 6 6 1 0
2893 684 35 37 2 0
582 1017 51 53 1 0
3472 1358 51 53 2 0
2477 482 16 16 1 0
2974 1057 51 53 1 0
311 972 51 53 1 0
955 1006 51 53 1 0
3156 704 35 37 1 0
141 1761 66 86 1 0
3514 2064 62 77 1 0
951 1104 51 53 1 0
2661 520 16 16 1 0
841 581 35 37 1 0
2641 433 12 11 1 0
2434 508 16 16 1 0
2946 741 35 37 1 0
1852 2034 104 117 1 0
2810 557 16 16 1 0
2273 1262 51 53 1 0
2897 475 16 16 1 0
2727 509 16 16 1 0
2950 441 12 11 2 0
1453 765 35 37 1 0
3536 998 51 53 1 0
2226 601 35 37 1 0
2960 340 6 6 1 0
1221 1264 51 53 1 0
2518 330 9 8 1 0
678 1310 51 53 1 0
2933 284 6 6 1 0
2990 703 35 37 1 0
1899 1258 51 53 1 0
3196 511 16 16 1 0
3058 465 16 16 1 0
3195 415 12 11 1 0
3253 307 6 6 1 0
2538 1128 51 53 1 0
1729 1181 51 53 2 0
2799 518 16 16 1 0
3428 715 25 33 1 0
3522 857 25 33 1 0
1166 716 35 37 1 0
2487 621 35 37 1 0
3180 380 12 11 1 0
2981 363 9 8 1 0
1660 717 35 37 1 0
2860 1013 51 53 1 0
3080 692 35 37 1 0
2274 657 35 37 1 0
1080 962 51 53 1 0
2672 532 16 16 1 0
2704 563 20 21 1 0
3146 336 6 6 1 0
2026 886 35 37 1 0
2564 441 12 11 1 0
247 1067 51 53 1 0
2595 1350 66 86 1 0
3428 752 25 33 1 0
2958 572 25 26 1 0
1512 864 35 37 1 0
2221 752 35 37 1 0
2325 609 35 37 1 0
2746 449 12 11 1 0
3234 380 12 11 1 0
3126 379 12 11 1 0
2736 300 6 6 1 0
2867 406 12 11 1 0
2607 917 43 45 1 0
3062 354 6 6 1 0
2861 400 12 11 1 0
2942 352 6 6 1 0
1257 710 35 37 1 0
912 1565 66 86 1 0
3442 890 31 38 1 0
1154 495 35 37 1 0
3002 328 6 6 1 0
3188 293 6 6 1 0
3199 346 6 6 1 0
2964 523 16 16 1 0
3102 443 12 11 1 0
1615 932 51 53 1 0
2955 548 16 16 1 0
2916 510 16 16 1 0
3119 407 12 11 1 0
2992 762 35 37 1 0
3025 504 16 16 1 0
3069 434 12 11 1 0
1187 916 43 45 1 0
2602 554 16 16 2 0
2460 916 43 45 1 0
2010 638 35 37 1 0
2773 365 7 7 1 0
2669 468 16 16 1 0
2762 813 35 37 1 0
2820 592 35 37 1 0
2596 530 16 16 1 0
2692 454 16 16 1 0
2093 758 35 37 2 0
2713 448 12 11 1 0
2613 601 35 37 1 0
2810 500 16 16 1 0
2910 469 16 16 1 0
3204 314 6 6 1 0
265 956 51 53 1 0
2784 372 12 11 1 0
2904 384 12 11 1 0
3167 326 6 6 1 0
3408 835 25 33 1 0
2389 362 12 11 1 0
2700 1160 51 53 1 0
3048 454 16 16 1 0
3173 364 10 9 1 0
2565 624 35 37 2 0
2836 530 16 16 1 0
2988 374 12 11 1 0
1003 221 35 37 1 0
1458 733 35 37 1 0
2973 578 35 37 1 0
2622 670 35 37 1 0
3019 528 16 16 1 0
1429 826 35 37 1 0
1097 994 51 53 1 0
2826 468 16 16 1 0
3050 441 12 11 1 0
516 1060 51 53 1 0
2480 714 35 37 1 0
155 1312 51 53 1 0
2315 800 35 37 1 0
2494 344 12 11 1 0
3175 320 6 6 1 0
3441 1052 51 53 1 0
3412 964 51 53 1 0
2719 489 16 16 2 0
2870 435 12 11 1 0
3076 286 6 6 1 0
2798 598 35 37 1 0
1878 651 35 37 2 0
2776 530 16 16 1 0
1608 1004 51 53 1 0
3218 338 6 6 1 0
2599 494 16 16 1 0
3252 374 12 11 1 0
3000 678 35 37 1 0
2380 735 35 37 1 0
3216 307 6 6 1 0
1885 1146 51 53 1 0
2962 379 12 11 1 0
2587 481 16 16 1 0
2628 421 12 11 1 0
1479 2185 104 117 1 0
3150 565 25 26 1 0
2865 840 35 37 1 0
2303 573 25 26 2 0
3154 282 6 6 1 0
2454 347 12 11 1 0
3236 320 6 6 1 0
3161 320 6 6 1 0
3000 529 16 16 2 0
3224 309 6 6 1 0
1228 1131 51 53 1 0
2477 777 35 37 1 0
3346 622 35 37 2 0
2602 712 35 37 2 0
2266 366 12 11 1 0
3008 414 12 11 1 0
804 1123 51 53 1 0
2512 938 51 53 1 0
1499 1091 51 53 1 0
2956 369 10 9 1 0
1109 871 35 37 1 0
2619 763 35 37 1 0
3137 335 6 6 1 0
3108 676 35 37 1 0
3237 309 6 6 1 0
2556 515 16 16 1 0
3272 366 9 8 1 0
797 1016 51 53 1 0
1771 1102 51 53 2 0
2232 386 12 11 1 0
2847 489 16 16 1 0
3059 338 6 6 1 0
2492 574 25 26 1 0
2663 582 35 37 2 0
3288 351 6 6 1 0
3201 1100 51 53 1 0
1950 694 35 37 2 0
2747 1173 51 53 1 0
1937 811 35 37 1 0
2523 540 16 16 2 0
3169 284 6 6 1 0
778 1755 66 86 1 0
2097 740 35 37 2 0
73 1309 51 53 1 0
1243 729 35 37 1 0
2362 1115 51 53 1 0
3350 650 35 37 1 0
3206 345 6 6 1 0
822 889 35 37 1 0
1500 957 51 53 1 0
1983 1091 51 53 2 0
2733 604 35 37 2 0
2520 673 35 37 1 0
2585 528 16 16 1 0
1388 1447 66 86 1 0
3505 1209 51 53 1 0
614 731 35 37 1 0
2790 475 16 16 1 0
3049 400 12 11 1 0
2758 643 35 37 1 0
992 1763 66 86 1 0
3095 346 6 6 1 0
2340 638 35 37 1 0
3190 382 12 11 1 0
2830 641 35 37 1 0
3282 338 6 6 1 0
3396 651 30 35 1 0
2853 481 16 16 1 0
2560 1062 51 53 1 0
3265 426 12 11 1 0
3474 846 25 33 1 0
2349 729 35 37 1 0
2467 607 35 37 1 0
