803 414 14 18 1 0
232 356 15 20 1 0
81 343 10 12 1 1
664 390 14 18 1 0
683 370 9 12 1 0
881 363 9 12 1 1
899 409 14 18 1 0
926 408 14 18 1 0
130 336 10 12 1 1
258 400 15 20 1 0
137 346 10 12 1 1
111 342 10 12 1 1
498 390 21 26 1 0
786 396 14 18 1 0
921 379 14 18 1 0
249 348 10 12 1 1
783 374 9 12 1 0
893 378 9 12 1 0
223 409 25 29 1 0
450 406 25 29 1 0
665 444 18 26 1 0
155 328 10 12 1 1
272 397 15 20 1 0
213 360 15 20 1 0
661 412 14 18 1 0
170 389 15 20 1 0
183 353 10 12 1 1
697 418 18 26 1 0
145 353 10 12 1 1
803 474 25 35 1 0
836 424 18 26 1 0
918 368 9 12 1 0
817 378 9 12 1 0
866 403 14 18 1 0
484 413 17 21 1 0
364 218 48 68 1 0
230 378 15 20 1 0
946 377 9 12 1 0
180 409 25 29 1 0
88 404 11 14 1 0
431 397 21 25 1 0
278 340 10 12 1 1
650 448 18 26 1 0
71 355 10 12 1 0
923 362 9 12 1 1
246 376 15 20 1 0
295 411 25 29 1 0
292 352 10 12 1 1
248 335 10 12 1 1
516 378 20 24 1 1
913 411 14 18 1 0
247 425 25 29 1 0
723 390 14 18 1 0
867 422 18 26 1 0
210 380 15 20 1 0
795 387 14 18 1 0
494 376 20 24 1 1
956 406 14 18 1 0
146 339 10 12 1 1
763 394 14 18 1 0
164 341 10 12 1 1
182 328 10 12 1 1
273 384 15 20 1 0
194 367 15 20 1 0
810 390 14 18 1 0
733 455 18 26 1 0
502 360 28 36 1 1
488 350 28 36 1 1
714 382 14 18 1 0
235 335 10 12 1 1
679 356 9 12 1 1
854 383 14 18 1 0
91 333 10 12 1 1
878 380 14 18 1 0
773 436 18 26 1 0
779 413 14 18 1 0
34 352 10 12 1 1
825 390 14 18 1 0
885 436 18 26 1 0
214 341 10 12 1 1
159 352 10 12 1 1
857 361 9 12 1 1
454 421 25 29 3 0
711 427 18 26 1 0
803 383 14 18 1 0
202 391 15 20 1 0
503 410 17 21 1 0
854 445 18 26 1 0
932 368 9 12 1 0
933 365 9 12 1 1
763 449 18 26 1 0
250 357 15 20 1 0
949 421 18 26 1 0
813 446 18 26 1 0
682 440 18 26 1 0
909 423 18 26 1 0
203 346 10 12 1 1
681 407 14 18 1 0
746 398 14 18 1 0
726 421 18 26 1 0
291 439 25 29 1 0
54 315 10 12 1 1
783 420 18 26 1 0
678 394 14 18 1 0
852 371 9 12 1 0
181 341 10 12 1 1
940 364 9 12 1 1
67 324 10 12 1 1
42 324 10 12 1 1
715 360 9 12 1 1
68 340 10 12 1 1
38 336 10 12 1 1
105 352 10 12 1 1
694 487 25 35 1 0
872 363 9 12 1 1
722 372 9 12 1 0
587 230 48 68 1 0
171 362 15 20 1 0
700 378 9 12 1 0
89 321 10 12 1 1
279 361 15 20 1 0
38 315 10 12 1 1
203 327 10 12 1 1
888 403 14 18 1 0
943 403 14 18 1 0
710 401 14 18 1 0
241 361 15 20 1 0
828 434 18 26 1 0
122 357 15 20 1 0
273 329 10 12 1 1
697 354 9 12 1 1
850 473 25 35 1 0
931 383 14 18 1 0
859 390 14 18 1 0
907 357 9 12 1 1
841 390 14 18 1 0
886 392 14 18 1 0
