92 356 4 4 1 0
102 359 5 5 1 0
81 355 4 4 1 0
259 357 4 4 1 0
146 359 5 5 1 0
490 355 4 4 1 0
123 360 5 5 1 0
371 358 4 4 1 0
71 363 5 5 1 0
224 364 4 4 1 0
363 355 4 4 1 0
385 360 4 4 1 0
394 355 4 4 1 0
225 355 4 4 1 0
465 355 4 4 1 0
137 362 5 5 1 0
573 355 4 4 1 0
470 358 4 4 1 0
633 356 4 4 1 0
115 369 5 5 1 0
233 356 4 4 1 0
455 355 4 4 1 0
199 360 4 4 1 0
248 355 4 4 1 0
173 357 4 4 1 0
120 357 4 4 1 0
648 359 4 4 1 0
180 356 4 4 1 0
525 358 4 4 1 0
180 361 4 4 1 0
335 358 4 4 1 0
71 355 4 4 1 0
482 356 4 4 1 0
327 357 4 4 1 0
188 354 4 4 1 0
247 361 4 4 1 0
695 358 4 4 1 0
531 357 4 4 1 0
544 355 4 4 1 0
61 363 4 4 1 0
77 364 5 5 1 0
161 360 5 5 1 0
308 356 8 6 1 0
502 354 4 4 1 0
166 356 4 4 1 0
663 356 4 4 1 0
218 358 4 4 1 0
4 360 4 4 1 0
153 356 4 4 1 0
345 358 4 4 1 0
413 358 4 4 1 0
213 358 4 4 1 0
140 354 4 4 1 0
11 356 4 4 1 0
616 356 4 4 1 0
48 357 4 4 1 0
557 358 4 4 1 0
419 357 4 4 1 0
580 356 4 4 1 0
18 358 4 4 1 0
389 357 4 4 1 0
603 357 4 4 1 0
441 357 4 4 1 0
242 355 4 4 1 0
203 353 4 4 1 0
29 359 4 4 1 0
143 378 5 5 1 0
88 363 5 5 1 0
190 360 4 4 1 0
153 369 5 5 1 0
552 358 4 4 1 0
216 373 4 4 1 0
100 369 5 5 1 0
55 356 4 4 1 0
509 356 4 4 1 0
23 371 4 4 1 0
140 360 5 5 1 0
35 354 4 4 1 0
91 370 5 5 1 0
624 362 4 4 1 0
436 367 8 10 1 0
519 358 4 4 1 0
41 356 4 4 1 0
674 359 4 4 1 0
432 357 4 4 1 0
680 357 4 4 1 0
127 355 4 4 1 0
97 357 4 4 1 0
145 355 4 4 1 0
603 369 4 4 1 0
593 357 4 4 1 0
