694 5 52 47 1 0
684 33 34 31 1 0
470 33 53 53 1 0
835 175 62 61 1 0
1089 66 32 39 1 0
912 451 182 217 1 0
1184 46 32 39 1 0
1265 219 72 82 1 0
642 1 43 39 1 0
984 86 47 47 1 0
747 10 34 31 1 0
1168 119 51 53 1 0
244 214 97 80 1 0
45 357 110 104 1 0
1153 271 72 82 1 0
864 55 47 47 1 0
1214 465 90 102 1 0
1255 146 51 53 1 0
614 25 34 31 1 0
900 269 72 82 1 0
939 115 62 61 1 0
665 262 76 73 1 0
660 74 71 63 1 0
1225 130 51 53 1 0
1057 189 51 53 1 0
371 331 137 120 1 0
960 195 62 61 1 0
302 81 78 63 1 0
900 548 182 217 3 0
1026 47 47 47 1 0
1118 244 72 82 1 0
190 606 110 104 1 0
814 87 47 47 1 0
661 45 34 31 1 0
546 87 57 54 1 0
492 208 97 80 1 0
445 127 53 53 1 0
1046 42 47 47 1 0
1023 161 62 61 1 0
185 24 37 39 1 0
584 43 34 31 1 0
121 41 82 69 1 0
1108 14 32 39 1 0
392 36 37 39 1 0
954 20 47 47 1 0
599 88 57 54 1 0
319 24 37 39 1 0
965 253 72 82 1 0
1164 24 32 39 1 0
1100 424 90 102 1 0
1142 90 32 39 1 0
932 36 47 47 1 0
1035 1 39 43 1 0
311 122 78 63 1 0
157 92 82 69 1 0
788 31 47 47 1 0
637 388 76 73 1 0
697 70 71 63 1 0
