271 1340 35 41 1 0
723 1288 23 29 1 0
949 1301 8 11 1 0
963 1296 8 11 1 0
915 1298 15 15 1 0
855 1300 21 21 1 0
45 1338 35 41 1 0
894 1300 15 15 1 0
474 1317 14 15 1 0
657 1301 14 18 1 0
578 1298 11 12 1 0
740 1308 23 29 1 0
822 1302 21 21 1 0
1057 1321 17 19 1 0
895 1373 24 29 1 0
933 1313 15 15 1 0
971 1306 8 11 1 0
698 1246 21 21 2 0
785 1356 27 31 1 0
785 1289 21 21 1 0
1014 1316 38 42 1 0
381 1338 28 35 1 0
653 1376 53 57 1 0
765 1300 23 29 1 0
490 1379 33 43 1 0
687 1297 14 18 1 0
794 1302 21 21 1 0
705 1248 21 21 2 0
455 1298 14 15 1 0
876 1340 20 26 1 0
524 1300 14 15 1 0
602 1308 18 25 1 0
881 1300 15 15 1 0
560 1301 11 12 1 0
685 1269 21 21 1 0
166 1328 35 41 1 0
