596 246 16 19 1 1
92 246 16 19 1 1
246 392 31 40 1 0
42 273 21 30 1 1
66 261 16 19 1 1
479 260 16 19 1 1
92 215 16 19 1 1
17 264 20 22 1 1
147 243 16 19 1 1
167 352 30 51 1 0
578 371 93 104 1 0
529 375 18 25 1 0
280 272 21 30 1 1
578 261 16 19 1 1
180 240 16 19 1 1
482 405 51 49 1 0
444 241 16 19 1 1
417 238 16 19 1 1
447 267 25 30 1 1
194 456 111 71 1 0
387 358 31 40 1 0
112 272 21 30 1 1
336 273 25 30 1 1
9 455 23 107 1 0
381 280 25 30 1 1
621 357 18 25 1 0
458 300 25 30 1 1
226 226 66 61 1 1
499 240 16 19 1 1
466 230 16 19 1 1
308 255 16 19 1 1
290 386 31 40 1 0
415 293 25 30 1 1
17 353 30 51 1 0
419 333 44 48 1 0
51 223 16 19 1 1
314 234 16 19 1 1
374 245 16 19 1 1
173 295 21 30 1 0
523 302 18 25 1 1
