783 581 25 34 1 0
626 787 25 34 1 0
980 352 18 21 1 0
917 378 18 21 1 0
1383 104 20 17 1 0
1161 462 25 34 1 0
1044 676 25 34 1 0
1099 221 18 21 1 0
856 368 18 21 1 0
1387 637 25 34 1 0
1075 287 18 21 1 0
1196 1036 25 34 1 0
601 55 20 17 1 0
997 548 25 34 1 0
1033 717 25 34 1 0
170 745 25 34 1 0
21 126 20 17 1 0
211 604 25 34 1 0
1154 310 18 21 1 0
286 604 25 34 1 0
1357 276 18 21 1 0
1398 360 18 21 1 0
1270 356 18 21 1 0
1591 1002 25 34 1 0
274 807 25 34 1 0
791 744 25 34 1 0
195 818 25 34 1 0
255 104 20 17 1 0
713 803 25 34 1 0
507 722 25 34 2 0
690 113 20 17 1 0
1018 62 20 17 1 0
1369 129 20 17 1 0
257 745 25 34 1 0
1520 863 25 34 1 0
1123 721 25 34 1 0
1592 628 25 34 1 0
182 55 20 17 1 0
553 341 18 21 1 0
1342 712 25 34 1 0
592 728 25 34 1 0
613 164 18 21 1 0
1237 435 25 34 1 0
713 744 25 34 1 0
496 168 18 21 1 0
1149 362 18 21 1 0
968 993 25 34 1 0
1454 382 18 21 1 0
639 101 20 17 1 0
1574 392 18 21 1 0
407 201 18 21 1 0
1179 546 25 34 1 0
676 138 20 17 1 0
1341 155 20 17 1 0
238 548 25 34 1 0
684 9 20 17 1 0
415 54 20 17 1 0
351 252 18 21 1 0
1483 93 20 17 1 0
463 95 20 17 1 0
910 578 25 34 1 0
251 43 20 17 1 0
676 689 25 34 1 0
1011 432 25 34 1 0
634 17 20 17 1 0
1512 809 25 34 1 0
186 515 25 34 1 0
84 381 18 21 1 0
1553 215 18 21 1 0
622 694 25 34 1 0
1178 30 20 17 1 0
726 975 25 34 1 0
820 1029 25 34 1 0
705 88 20 17 1 0
1077 586 25 34 1 0
1345 330 18 21 1 0
1491 725 25 34 1 0
509 737 25 34 2 0
434 437 25 34 1 0
463 522 25 34 1 0
441 663 25 34 1 0
575 96 20 17 1 0
1090 775 25 34 1 0
844 245 18 21 1 0
913 740 25 34 1 0
1489 997 25 34 1 0
971 556 25 34 1 0
748 1028 25 34 1 0
256 139 20 17 1 0
1059 994 25 34 1 0
107 447 25 34 1 0
456 10 20 17 1 0
942 11 20 17 1 0
1457 352 18 21 1 0
1182 764 25 34 1 0
994 234 18 21 1 0
498 147 20 17 1 0
729 548 25 34 1 0
969 198 18 21 1 0
423 732 25 34 1 0
294 992 25 34 1 0
568 556 25 34 1 0
604 790 25 34 1 0
904 716 25 34 1 0
1314 281 18 21 1 0
337 312 18 21 1 0
277 346 18 21 1 0
1555 146 20 17 1 0
1253 822 25 34 1 0
1149 965 25 34 1 0
1042 837 25 34 1 0
1440 239 18 21 1 0
674 191 18 21 1 0
1120 638 25 34 1 0
888 25 20 17 1 0
218 678 25 34 1 0
216 95 20 17 1 0
154 73 20 17 1 0
1415 679 25 34 1 0
1262 258 18 21 1 0
1397 431 18 21 1 0
439 227 18 21 1 0
847 774 25 34 1 0
311 564 25 34 1 0
1156 435 25 34 1 0
1397 402 18 21 1 0
976 670 25 34 1 0
223 203 18 21 1 0
1242 977 25 34 1 0
1166 987 25 34 1 0
294 53 20 17 1 0
230 8 20 17 1 0
435 166 18 21 1 0
822 637 25 34 1 0
726 171 18 21 1 0
120 513 25 34 1 0
20 261 18 21 1 0
1367 799 25 34 1 0
783 791 25 34 1 0
695 307 18 21 1 0
632 334 18 21 1 0
596 220 18 21 1 0
43 425 18 21 1 0
896 409 18 21 1 0
769 66 20 17 1 0
385 572 25 34 1 0
1587 809 25 34 1 0
530 58 20 17 1 0
856 390 18 21 1 0
1302 863 25 34 1 0
13 373 18 21 1 0
345 86 20 17 1 0
476 696 25 34 1 0
1036 141 20 17 1 0
975 443 25 34 1 0
742 33 20 17 1 0
59 88 20 17 1 0
164 196 18 21 1 0
166 22 20 17 1 0
1367 532 25 34 1 0
1551 1054 25 34 1 0
464 989 25 34 1 0
490 322 18 21 1 0
612 342 18 21 1 0
595 137 20 17 1 0
401 848 25 34 1 0
686 268 18 21 1 0
1274 394 18 21 1 0
595 396 18 21 1 0
215 483 25 34 1 0
365 706 25 34 1 0
955 61 20 17 1 0
112 85 20 17 1 0
795 143 20 17 1 0
1274 687 25 34 1 0
42 879 25 34 1 0
1000 825 25 34 1 0
18 456 21 27 1 0
119 169 18 21 1 0
79 125 20 17 1 0
342 727 25 34 1 0
920 275 18 21 1 0
724 239 18 21 1 0
600 513 25 34 1 0
1440 100 20 17 1 0
893 670 25 34 1 0
892 980 25 34 1 0
137 288 18 21 1 0
1312 1006 25 34 1 0
80 476 25 34 1 0
1212 682 25 34 1 0
1135 1043 25 34 1 0
1518 390 18 21 1 0
595 964 25 34 1 0
131 235 18 21 1 0
1081 812 25 34 1 0
465 841 25 34 1 0
293 684 25 34 1 0
142 122 20 17 1 0
140 625 25 34 1 0
1318 32 20 17 1 0
1554 709 25 34 1 0
956 723 25 34 1 0
240 525 25 34 1 0
1419 741 25 34 1 0
990 515 25 34 1 0
349 219 18 21 1 0
1266 317 18 21 1 0
682 531 25 34 1 0
934 304 18 21 1 0
1562 526 25 34 1 0
852 214 18 21 1 0
622 255 18 21 1 0
1505 178 18 21 1 0
1279 768 25 34 1 0
790 396 18 21 1 0
1016 107 20 17 1 0
808 915 25 34 1 0
678 991 25 34 1 0
900 630 25 34 1 0
651 79 20 17 1 0
548 974 25 34 1 0
549 1025 25 34 1 0
360 460 25 34 1 0
803 289 18 21 1 0
582 458 25 34 1 0
1574 687 25 34 1 0
1595 866 25 34 1 0
1389 858 25 34 1 0
853 707 25 34 1 0
524 273 18 21 1 0
1057 454 25 34 1 0
1007 17 20 17 1 0
1264 498 25 34 1 0
1524 357 18 21 1 0
818 109 20 17 1 0
1305 534 25 34 1 0
1547 252 18 21 1 0
1474 642 25 34 1 0
1249 709 25 34 1 0
71 174 18 21 1 0
74 259 18 21 1 0
807 622 25 34 1 0
626 1023 25 34 1 0
1187 801 25 34 1 0
1554 607 25 34 1 0
691 580 25 34 1 0
788 178 18 21 1 0
435 363 18 21 1 0
195 308 18 21 1 0
87 796 25 34 1 0
1563 584 25 34 1 0
921 953 25 34 1 0
746 98 20 17 1 0
1369 487 25 34 1 0
1314 822 25 34 1 0
764 270 18 21 1 0
324 387 18 21 1 0
137 338 18 21 1 0
405 1044 25 34 1 0
294 26 20 17 1 0
1418 217 18 21 1 0
1325 431 18 21 1 0
1424 709 25 34 1 0
143 700 25 34 1 0
920 554 25 34 1 0
718 324 18 21 1 0
914 226 18 21 1 0
756 420 18 21 1 0
284 484 25 34 1 0
1208 723 25 34 1 0
830 432 25 34 1 0
1450 1060 25 34 1 0
131 383 18 21 1 0
114 22 20 17 1 0
366 979 25 34 1 0
499 558 25 34 1 0
1045 234 18 21 1 0
1262 275 18 21 1 0
1594 339 18 21 1 0
1209 525 25 34 1 0
1417 641 25 34 1 0
232 346 18 21 1 0
1134 407 18 21 1 0
1402 1000 25 34 1 0
1031 760 25 34 1 0
14 48 20 17 1 0
1431 533 25 34 1 0
1469 809 25 34 1 0
348 349 18 21 1 0
917 132 20 17 1 0
88 568 25 34 1 0
1456 858 25 34 1 0
109 326 18 21 1 0
1456 146 20 17 1 0
1492 524 25 34 1 0
469 41 20 17 1 0
1153 564 25 34 1 0
46 234 18 21 1 0
967 309 18 21 1 0
878 555 25 34 1 0
360 132 20 17 1 0
206 256 18 21 1 0
813 690 25 34 1 0
365 31 20 17 1 0
538 284 18 21 1 0
1342 628 25 34 1 0
690 433 25 34 1 0
13 347 18 21 1 0
768 591 25 34 1 0
1467 266 18 21 1 0
448 132 20 17 1 0
753 356 18 21 1 0
1111 34 20 17 1 0
552 180 18 21 1 0
183 424 18 21 1 0
996 324 18 21 1 0
107 56 20 17 1 0
931 787 25 34 1 0
277 300 18 21 1 0
655 230 18 21 1 0
1475 130 20 17 1 0
1037 1048 25 34 1 0
1508 648 25 34 1 0
546 691 25 34 1 0
622 460 25 34 1 0
830 63 20 17 1 0
150 482 25 34 1 0
1208 40 20 17 1 0
784 205 18 21 1 0
1 292 18 21 1 0
550 146 20 17 1 0
327 9 20 17 1 0
1163 382 18 21 1 0
410 259 18 21 1 0
716 140 20 17 1 0
1133 609 25 34 1 0
230 407 18 21 1 0
23 957 25 34 1 0
488 236 18 21 1 0
891 71 20 17 1 0
878 291 18 21 1 0
374 178 18 21 1 0
1049 341 18 21 1 0
982 1058 25 34 1 0
50 54 20 17 1 0
511 98 20 17 1 0
320 843 25 34 1 0
194 384 18 21 1 0
393 370 18 21 1 0
1565 759 25 34 1 0
254 181 18 21 1 0
1006 975 25 34 1 0
62 288 18 21 1 0
427 345 18 21 1 0
809 973 25 34 1 0
755 338 18 21 1 0
842 559 25 34 1 0
1473 320 18 21 1 0
407 103 20 17 1 0
1552 317 18 21 1 0
554 17 20 17 1 0
1046 252 18 21 1 0
255 389 18 21 1 0
1195 417 18 21 1 0
839 515 25 34 1 0
1414 67 20 17 1 0
1062 621 25 34 1 0
349 774 25 34 1 0
937 1039 25 34 1 0
914 174 18 21 1 0
858 141 20 17 1 0
58 683 25 34 1 0
965 616 25 34 1 0
909 249 18 21 1 0
521 13 20 17 1 0
402 519 25 34 1 0
1554 443 25 34 1 0
198 171 18 21 1 0
398 1 20 17 1 0
1357 773 25 34 1 0
1440 488 25 34 1 0
158 621 25 34 1 0
1367 1052 25 34 1 0
349 693 25 34 1 0
654 413 18 21 1 0
1474 433 25 34 1 0
1472 772 25 34 1 0
421 777 25 34 1 0
203 126 20 17 1 0
1218 840 25 34 1 0
1559 185 18 21 1 0
1054 312 18 21 1 0
534 533 25 34 1 0
1051 415 18 21 1 0
306 415 18 21 1 0
498 470 25 34 1 0
852 847 25 34 1 0
288 214 18 21 1 0
529 212 18 21 1 0
935 90 20 17 1 0
466 200 18 21 1 0
1425 202 18 21 1 0
189 564 25 34 1 0
1301 1051 25 34 1 0
474 1036 25 34 1 0
888 424 18 21 1 0
1352 667 25 34 1 0
