4164 1084 16 21 1 0
848 486 11 13 1 0
2487 607 11 13 1 0
975 33 11 13 1 0
1838 103 11 13 1 0
674 1886 23 40 1 0
867 27 11 13 1 0
1520 611 11 13 1 0
4694 1580 23 40 1 0
1340 8 11 13 1 0
4333 397 11 13 1 0
2652 1330 23 40 1 0
72 2214 45 55 1 0
4076 578 11 13 1 0
2417 51 11 13 1 0
1688 229 11 13 1 0
1213 1695 23 40 1 0
282 654 11 13 1 0
2017 2624 45 55 1 0
4082 279 11 13 1 0
1921 2862 45 55 1 0
3153 2279 45 55 1 0
1205 1848 23 40 1 0
3961 293 11 13 1 0
1578 29 11 13 1 0
2129 1231 23 40 1 0
1579 685 11 13 1 0
4548 246 11 13 1 0
4446 260 11 13 1 0
1704 398 11 13 1 0
3687 1853 23 40 1 0
1470 1328 23 40 1 0
3043 2544 45 55 1 0
4019 2618 45 55 1 0
288 1476 23 40 1 0
2265 2540 45 55 1 0
4310 692 11 13 1 0
2403 1419 23 40 1 0
1533 1489 23 40 1 0
2573 1179 16 21 1 0
4128 1136 16 21 1 0
4258 61 11 13 1 0
4248 17 11 13 1 0
2819 530 16 21 1 0
4750 20 11 13 1 0
4903 27 11 13 1 0
1365 340 11 13 1 0
2331 718 16 21 1 0
1380 693 13 17 1 0
4809 742 16 21 1 0
269 2245 45 55 1 0
3142 211 13 17 1 0
3536 2398 45 55 1 0
1391 2412 45 55 1 0
3258 1767 23 40 1 0
4870 1043 16 21 1 0
4758 515 11 13 1 0
1994 2666 45 55 1 0
4312 284 11 13 1 0
1195 1197 19 30 1 0
424 187 11 13 1 0
4547 2273 45 55 1 0
1673 1317 23 40 1 0
60 1811 23 40 1 0
4158 902 16 21 1 0
29 37 11 13 1 0
253 1745 23 40 1 0
1845 847 16 21 1 0
3595 43 11 13 1 0
1245 2142 45 55 1 0
3353 1549 23 40 1 0
1507 1827 23 40 1 0
4660 674 11 13 1 0
1192 980 16 21 1 0
4074 1340 23 40 1 0
4453 2645 45 55 1 0
1958 493 11 13 1 0
457 437 11 13 1 0
849 532 11 13 1 0
4631 2318 45 55 1 0
2017 324 11 13 1 0
3625 661 14 19 1 0
3845 269 11 13 1 0
3216 124 11 13 1 0
4105 141 11 13 1 0
3276 171 11 13 1 0
5 1810 23 40 1 0
2354 636 11 13 1 0
168 1884 23 40 1 0
1116 33 11 13 1 0
4074 841 16 21 1 0
4812 1444 23 40 1 0
4535 763 16 21 1 0
4005 276 11 13 1 0
1410 2075 45 55 1 0
2599 738 16 21 1 0
2146 491 11 13 1 0
2964 271 12 15 1 0
1514 101 11 13 1 0
4872 668 11 13 1 0
3346 228 11 13 1 0
1845 2024 39 51 1 0
1072 394 11 13 1 0
1009 15 11 13 1 0
3016 1798 23 40 1 0
4903 1472 23 40 1 0
1714 2026 45 55 1 0
2284 2207 45 55 1 0
2072 308 11 13 1 0
2947 681 16 21 1 0
856 757 16 21 1 0
3564 2323 45 55 1 0
645 2186 45 55 1 0
4649 2016 34 47 1 0
3314 825 16 21 1 0
1923 312 11 13 1 0
3665 2484 45 55 1 0
2705 1499 23 40 1 0
2045 730 16 21 1 0
1097 2465 45 55 1 0
4088 905 16 21 1 0
3113 1365 23 40 1 0
3982 231 11 13 1 0
3115 422 16 21 1 0
2217 74 11 13 1 0
3286 479 14 19 1 0
3579 1805 23 40 1 0
2953 2221 45 55 1 0
38 127 11 13 1 0
3998 144 11 13 1 0
952 14 11 13 1 0
1840 1262 23 40 1 0
3559 870 16 21 1 0
2174 75 11 13 1 0
407 137 11 13 1 0
2186 901 16 21 1 0
1343 603 11 13 1 0
3487 117 11 13 1 0
4167 945 16 21 1 0
2290 1895 23 40 1 0
2664 1896 23 40 1 0
4241 2251 45 55 1 0
2079 1532 23 40 1 0
911 1402 23 40 1 0
620 1332 23 40 1 0
3545 406 11 13 1 0
3987 69 11 13 1 0
3652 1015 16 21 1 0
3212 426 16 21 1 0
2653 2232 45 55 1 0
1375 1312 23 40 1 0
2383 239 11 13 1 0
1987 1024 16 21 1 0
2947 1149 16 21 1 0
3842 2199 45 55 1 0
3400 318 11 13 1 0
263 630 11 13 1 0
4482 2403 45 55 1 0
3081 2462 45 55 1 0
1152 2907 45 55 1 0
1069 136 11 13 1 0
1315 332 11 13 1 0
1116 287 11 13 1 0
3874 344 11 13 1 0
1543 4 11 13 1 0
3694 179 11 13 1 0
1494 110 11 13 1 0
4058 538 11 13 1 0
238 2259 45 55 1 0
2115 1125 16 21 1 0
1021 2096 45 55 1 0
1514 55 11 13 1 0
2323 457 11 13 1 0
1986 1499 23 40 1 0
1625 1060 16 21 1 0
3615 40 11 13 1 0
2672 473 11 13 1 0
4089 2763 45 55 1 0
164 1128 16 21 1 0
20 1853 23 40 1 0
606 56 11 13 1 0
801 1295 23 40 1 0
2273 2480 45 55 1 0
1550 192 11 13 1 0
1417 2749 45 55 1 0
1399 1508 23 40 1 0
4346 54 11 13 1 0
617 792 16 21 1 0
981 802 16 21 1 0
529 2189 45 55 1 0
4727 5 11 13 1 0
208 323 11 13 1 0
741 141 11 13 1 0
2236 346 11 13 1 0
2024 1237 23 40 1 0
3615 97 11 13 1 0
4199 768 16 21 1 0
1629 27 11 13 1 0
3990 557 11 13 1 0
179 1073 16 21 1 0
2378 1267 23 40 1 0
3752 2360 45 55 1 0
1221 2630 45 55 1 0
4212 968 16 21 1 0
2632 1524 23 40 1 0
4421 2182 45 55 1 0
4821 144 11 13 1 0
3314 2468 45 55 1 0
234 308 11 13 1 0
94 1097 16 21 1 0
1806 879 16 21 1 0
2940 40 11 13 1 0
338 616 11 13 1 0
2699 97 11 13 1 0
1507 1317 23 40 1 0
4545 141 11 13 1 0
2457 1955 23 40 1 0
2506 2552 45 55 1 0
4228 1047 16 21 1 0
4121 554 11 13 1 0
4828 2177 45 55 1 0
2030 1087 16 21 1 0
1363 733 16 21 1 0
1484 782 16 21 1 0
1471 236 11 13 1 0
1883 212 11 13 1 0
862 1554 23 40 1 0
403 686 11 13 1 0
2883 1915 23 40 1 0
1525 1343 23 40 1 0
1113 1836 23 40 1 0
1127 913 16 21 1 0
4619 2155 45 55 1 0
3330 399 11 13 1 0
1669 6 11 13 1 0
3922 174 11 13 1 0
3527 2513 45 55 1 0
799 250 11 13 1 0
3697 45 11 13 1 0
712 984 16 21 1 0
1677 23 11 13 1 0
4847 18 11 13 1 0
1008 267 11 13 1 0
1940 72 11 13 1 0
620 475 11 13 1 0
3739 298 11 13 1 0
1539 1283 23 40 1 0
2291 447 11 13 1 0
1034 430 11 13 1 0
4169 1017 16 21 1 0
784 913 16 21 1 0
4233 1956 23 40 1 0
1825 534 11 13 1 0
901 424 11 13 1 0
359 1865 23 40 1 0
915 921 16 21 1 0
2526 1340 23 40 1 0
1789 1270 23 40 1 0
2027 1282 23 40 1 0
2145 15 11 13 1 0
628 2463 45 55 1 0
4066 48 11 13 1 0
174 175 11 13 1 0
72 862 16 21 1 0
1860 256 11 13 1 0
2046 65 11 13 1 0
1256 2208 45 55 1 0
4179 138 11 13 1 0
1595 1292 23 40 1 0
2117 582 11 13 1 0
1273 24 11 13 1 0
2262 533 11 13 1 0
3744 964 16 21 1 0
2719 258 11 13 1 0
4157 28 11 13 1 0
2934 714 16 21 1 0
477 1267 23 40 1 0
113 350 11 13 1 0
4394 2340 45 55 1 0
592 359 11 13 1 0
217 1820 23 40 1 0
4139 2287 45 55 1 0
4199 299 11 13 1 0
2885 2738 45 55 1 0
2635 268 11 13 1 0
651 1787 23 40 1 0
2330 509 11 13 1 0
1563 711 16 21 1 0
1836 401 11 13 1 0
452 1148 16 21 1 0
1907 485 11 13 1 0
67 282 11 13 1 0
1463 307 11 13 1 0
2395 960 16 21 1 0
537 295 11 13 1 0
1477 324 11 13 1 0
4884 85 11 13 1 0
1883 2097 45 55 1 0
522 1561 23 40 1 0
2213 139 11 13 1 0
4794 2807 45 55 1 0
3424 322 11 13 1 0
1671 458 11 13 1 0
960 1153 16 21 1 0
2458 837 16 21 1 0
1895 2026 45 55 1 0
1673 1274 23 40 1 0
4 365 11 13 1 0
293 367 11 13 1 0
4467 397 11 13 1 0
531 1265 23 40 1 0
4412 23 11 13 1 0
2285 47 11 13 1 0
3700 2058 45 55 1 0
4372 214 11 13 1 0
4541 984 16 21 1 0
359 738 16 21 1 0
3023 2331 45 55 1 0
1812 14 11 13 1 0
2855 1773 23 40 1 0
4499 2025 45 55 1 0
4182 534 11 13 1 0
398 902 16 21 1 0
2844 1362 23 40 1 0
2588 479 11 13 1 0
1931 2158 45 55 1 0
776 120 11 13 1 0
300 849 16 21 1 0
1362 29 11 13 1 0
1308 942 16 21 1 0
233 1539 23 40 1 0
4486 185 11 13 1 0
2339 470 11 13 1 0
1711 2075 45 55 1 0
396 1849 23 40 1 0
2679 877 16 21 1 0
3017 20 11 13 1 0
226 1192 17 25 1 0
10 1394 23 40 1 0
1432 426 11 13 1 0
1635 169 11 13 1 0
834 2809 45 55 1 0
1758 2075 45 55 1 0
3923 1472 23 40 1 0
3269 325 11 13 1 0
1104 349 11 13 1 0
918 187 11 13 1 0
1664 1364 23 40 1 0
2438 834 16 21 1 0
4129 131 11 13 1 0
4223 1347 23 40 1 0
4297 992 16 21 1 0
2025 892 16 21 1 0
4682 1498 23 40 1 0
589 105 11 13 1 0
1817 750 16 21 1 0
1690 722 16 21 1 0
577 2861 45 55 1 0
171 2612 45 55 1 0
2023 170 11 13 1 0
3775 1419 23 40 1 0
2436 165 11 13 1 0
1867 170 11 13 1 0
4810 2282 45 55 1 0
3111 46 11 13 1 0
2410 2400 45 55 1 0
1882 2499 45 55 1 0
801 1069 16 21 1 0
2874 1178 16 21 1 0
1802 2036 45 55 1 0
1900 361 11 13 1 0
364 51 11 13 1 0
4349 2191 45 55 1 0
3331 1058 16 21 1 0
4025 64 11 13 1 0
3467 43 11 13 1 0
3398 1118 16 21 1 0
3820 1825 23 40 1 0
4856 96 11 13 1 0
327 2377 45 55 1 0
2543 1383 23 40 1 0
853 1245 23 40 1 0
2385 287 11 13 1 0
3755 110 11 13 1 0
3434 16 11 13 1 0
2762 1877 23 40 1 0
3308 2026 34 47 1 0
256 891 16 21 1 0
3966 892 16 21 1 0
2976 1498 23 40 1 0
4207 876 16 21 1 0
4286 1036 16 21 1 0
2302 866 16 21 1 0
1923 340 11 13 1 0
1396 43 11 13 1 0
2840 1538 23 40 1 0
2208 1991 34 47 1 0
2616 951 16 21 1 0
2333 899 16 21 1 0
1483 88 11 13 1 0
731 242 11 13 1 0
4400 285 11 13 1 0
3050 1030 16 21 1 0
906 168 11 13 1 0
3281 2503 45 55 1 0
2934 684 16 21 1 0
2257 1044 16 21 1 0
2672 2004 23 40 1 0
4129 1090 16 21 1 0
4520 338 11 13 1 0
3370 580 14 19 1 0
4341 2528 45 55 1 0
3373 362 11 13 1 0
4695 711 16 21 1 0
629 257 11 13 1 0
6 1520 23 40 1 0
1823 161 11 13 1 0
418 340 11 13 1 0
3758 979 16 21 1 0
1553 65 11 13 1 0
2615 637 13 17 1 0
4242 2891 45 55 1 0
1509 76 11 13 1 0
579 556 11 13 1 0
1091 1608 23 40 1 0
143 782 16 21 1 0
2336 2003 23 40 1 0
245 1234 23 40 1 0
2127 267 11 13 1 0
722 490 11 13 1 0
4546 1450 23 40 1 0
2305 692 11 13 1 0
4899 103 11 13 1 0
4865 136 11 13 1 0
2403 675 11 13 1 0
263 1211 21 35 1 0
3903 2242 45 55 1 0
1764 680 11 13 1 0
2124 110 11 13 1 0
2838 943 16 21 1 0
968 189 11 13 1 0
1317 118 11 13 1 0
1066 600 11 13 1 0
3248 893 16 21 1 0
706 442 11 13 1 0
3390 2576 45 55 1 0
893 2172 45 55 1 0
1458 583 11 13 1 0
4217 204 11 13 1 0
2215 249 11 13 1 0
3189 124 11 13 1 0
1880 502 11 13 1 0
604 1269 23 40 1 0
1245 17 11 13 1 0
3223 990 16 21 1 0
1364 739 16 21 1 0
4701 316 11 13 1 0
3789 163 11 13 1 0
3328 1376 23 40 1 0
829 296 11 13 1 0
2447 486 11 13 1 0
901 1298 23 40 1 0
3588 23 11 13 1 0
826 1011 16 21 1 0
2412 1623 23 40 1 0
4277 392 11 13 1 0
3625 1554 23 40 1 0
2273 495 11 13 1 0
152 1922 23 40 1 0
2313 2123 45 55 1 0
1233 2093 45 55 1 0
288 1017 16 21 1 0
3071 40 11 13 1 0
2340 1734 23 40 1 0
2336 817 16 21 1 0
3189 379 16 21 1 0
2294 2739 45 55 1 0
2873 1833 23 40 1 0
1685 290 11 13 1 0
3132 1012 16 21 1 0
4652 233 11 13 1 0
440 1888 23 40 1 0
3266 359 12 15 1 0
3739 522 11 13 1 0
1127 234 11 13 1 0
4729 853 16 21 1 0
3468 2029 45 55 1 0
3996 1778 23 40 1 0
1625 1812 23 40 1 0
4798 994 16 21 1 0
386 2307 45 55 1 0
2084 2529 45 55 1 0
2002 522 11 13 1 0
2742 2539 45 55 1 0
257 383 11 13 1 0
1073 414 11 13 1 0
1028 1018 16 21 1 0
4323 151 11 13 1 0
3156 2163 45 55 1 0
3052 2261 45 55 1 0
960 1679 23 40 1 0
2977 87 11 13 1 0
5 1915 23 40 1 0
1583 472 11 13 1 0
2221 2075 45 55 1 0
2363 1980 23 40 1 0
2779 241 11 13 1 0
4091 101 11 13 1 0
2015 1744 23 40 1 0
4271 31 11 13 1 0
1382 25 11 13 1 0
4182 88 11 13 1 0
1332 354 11 13 1 0
3802 2610 45 55 1 0
3611 1308 23 40 1 0
292 187 11 13 1 0
1816 780 16 21 1 0
1098 34 11 13 1 0
4776 673 11 13 1 0
3674 1603 23 40 1 0
3306 23 11 13 1 0
4711 36 11 13 1 0
1406 2329 45 55 1 0
54 2680 45 55 1 0
3004 26 11 13 1 0
1096 742 16 21 1 0
2265 2401 45 55 1 0
3853 351 11 13 1 0
3285 1198 19 30 1 0
1638 62 11 13 1 0
3202 30 11 13 1 0
3764 1487 23 40 1 0
2772 345 11 13 1 0
3199 124 11 13 1 0
1804 1745 23 40 1 0
808 344 11 13 1 0
3858 227 11 13 1 0
1005 2891 45 55 1 0
4049 982 16 21 1 0
1630 1137 16 21 1 0
809 394 11 13 1 0
2970 2715 45 55 1 0
3160 1746 23 40 1 0
130 1215 17 25 1 0
1156 590 11 13 1 0
326 404 11 13 1 0
4045 120 11 13 1 0
4037 47 11 13 1 0
61 2512 45 55 1 0
4127 246 11 13 1 0
4203 59 11 13 1 0
2077 1988 39 51 1 0
2926 2472 45 55 1 0
3081 161 13 17 1 0
2355 1878 23 40 1 0
758 1306 23 40 1 0
3390 40 11 13 1 0
4133 440 11 13 1 0
3138 396 16 21 1 0
1848 178 11 13 1 0
1232 39 11 13 1 0
2414 297 11 13 1 0
3369 2413 45 55 1 0
3615 422 11 13 1 0
254 358 11 13 1 0
2725 2301 45 55 1 0
3184 1951 23 40 1 0
573 739 16 21 1 0
623 903 16 21 1 0
3852 1110 16 21 1 0
2475 2732 45 55 1 0
3004 70 11 13 1 0
1310 1584 23 40 1 0
2006 282 11 13 1 0
1996 1191 21 35 1 0
2836 355 12 15 1 0
4325 966 16 21 1 0
1423 49 11 13 1 0
168 42 11 13 1 0
1683 807 16 21 1 0
4147 13 11 13 1 0
2977 2115 45 55 1 0
2974 345 14 19 1 0
2066 157 11 13 1 0
3440 2106 45 55 1 0
1267 1143 16 21 1 0
1666 100 11 13 1 0
2793 345 11 13 1 0
2422 27 11 13 1 0
1330 264 11 13 1 0
1837 2654 45 55 1 0
3354 1606 23 40 1 0
1331 1775 23 40 1 0
954 1583 23 40 1 0
378 1815 23 40 1 0
2065 1194 19 30 1 0
3469 2502 45 55 1 0
1906 2226 45 55 1 0
3741 214 11 13 1 0
2945 1956 23 40 1 0
264 2560 45 55 1 0
4788 649 11 13 1 0
2741 819 16 21 1 0
1962 719 16 21 1 0
2024 1982 23 40 1 0
4656 777 16 21 1 0
84 1134 16 21 1 0
304 317 11 13 1 0
3841 1060 16 21 1 0
2039 1130 16 21 1 0
2404 537 11 13 1 0
3811 304 11 13 1 0
453 2593 45 55 1 0
3128 2484 45 55 1 0
4476 4 11 13 1 0
4329 209 11 13 1 0
1348 1391 23 40 1 0
1181 405 11 13 1 0
3247 2137 45 55 1 0
255 1588 23 40 1 0
1082 89 11 13 1 0
4873 2227 45 55 1 0
790 1808 23 40 1 0
3803 227 11 13 1 0
489 1125 16 21 1 0
479 1314 23 40 1 0
1143 2075 45 55 1 0
4737 125 11 13 1 0
2027 802 16 21 1 0
4167 181 11 13 1 0
4730 92 11 13 1 0
1683 1220 21 35 1 0
1043 161 11 13 1 0
2628 436 11 13 1 0
4298 1580 23 40 1 0
3592 332 11 13 1 0
1988 2302 45 55 1 0
614 1856 23 40 1 0
4787 1960 23 40 1 0
1505 20 11 13 1 0
1865 626 11 13 1 0
2132 1461 23 40 1 0
79 1144 16 21 1 0
1691 72 11 13 1 0
1791 116 11 13 1 0
1833 220 11 13 1 0
3007 231 12 15 1 0
756 2661 45 55 1 0
2753 2127 45 55 1 0
1176 2143 45 55 1 0
2082 979 16 21 1 0
881 877 16 21 1 0
4077 229 11 13 1 0
2262 174 11 13 1 0
1284 33 11 13 1 0
4505 751 16 21 1 0
1605 2737 45 55 1 0
3163 1201 17 25 1 0
2538 965 16 21 1 0
4378 2473 45 55 1 0
2320 2560 45 55 1 0
2668 1081 16 21 1 0
4883 1554 23 40 1 0
3085 560 16 21 1 0
3914 2899 45 55 1 0
4727 1660 23 40 1 0
4019 34 11 13 1 0
1001 774 16 21 1 0
2544 479 11 13 1 0
3420 463 12 15 1 0
3477 181 11 13 1 0
1133 36 11 13 1 0
1810 1484 23 40 1 0
3608 2643 45 55 1 0
4516 145 11 13 1 0
4352 2141 45 55 1 0
3481 389 11 13 1 0
3555 1005 16 21 1 0
3156 2311 45 55 1 0
3332 1733 23 40 1 0
1895 310 11 13 1 0
2463 739 16 21 1 0
3916 1590 23 40 1 0
3659 77 11 13 1 0
2961 2560 45 55 1 0
4684 437 11 13 1 0
4378 2431 45 55 1 0
4289 1744 23 40 1 0
1471 1721 23 40 1 0
3124 1227 21 35 1 0
424 621 11 13 1 0
1196 2446 45 55 1 0
3141 1506 23 40 1 0
1634 653 11 13 1 0
2786 661 16 21 1 0
374 2228 45 55 1 0
4165 261 11 13 1 0
2296 731 16 21 1 0
1381 1540 23 40 1 0
1072 537 11 13 1 0
3122 396 16 21 1 0
222 1168 16 21 1 0
2442 1958 23 40 1 0
1811 2463 45 55 1 0
2598 714 16 21 1 0
1915 2279 45 55 1 0
505 2280 45 55 1 0
1637 431 11 13 1 0
1744 837 16 21 1 0
1158 851 16 21 1 0
4574 1057 16 21 1 0
4487 165 11 13 1 0
1064 1380 23 40 1 0
2397 384 11 13 1 0
4823 459 11 13 1 0
1375 1131 16 21 1 0
4473 2230 45 55 1 0
2806 20 11 13 1 0
2977 171 11 13 1 0
1712 331 11 13 1 0
1034 36 11 13 1 0
3214 2226 45 55 1 0
4429 1001 16 21 1 0
404 601 11 13 1 0
4489 2713 45 55 1 0
1295 663 11 13 1 0
2296 735 16 21 1 0
3917 918 16 21 1 0
1351 1940 23 40 1 0
1589 1499 23 40 1 0
2435 282 11 13 1 0
4470 1210 19 30 1 0
4575 170 11 13 1 0
4883 46 11 13 1 0
2266 1277 23 40 1 0
3155 1431 23 40 1 0
2040 705 14 19 1 0
4513 1725 23 40 1 0
3739 347 11 13 1 0
4626 2394 45 55 1 0
1214 752 16 21 1 0
1919 1767 23 40 1 0
2736 2722 45 55 1 0
1443 285 11 13 1 0
2964 130 11 13 1 0
1214 1776 23 40 1 0
891 2637 45 55 1 0
4070 2506 45 55 1 0
22 312 11 13 1 0
707 2773 45 55 1 0
1359 1849 23 40 1 0
2083 746 16 21 1 0
4085 15 11 13 1 0
2559 1850 23 40 1 0
1493 37 11 13 1 0
3486 2631 45 55 1 0
4171 61 11 13 1 0
4593 2017 34 47 1 0
4664 878 16 21 1 0
3387 221 11 13 1 0
2111 15 11 13 1 0
4112 59 11 13 1 0
316 50 11 13 1 0
4048 601 11 13 1 0
1176 24 11 13 1 0
758 1982 23 40 1 0
1003 286 11 13 1 0
4146 128 11 13 1 0
157 335 11 13 1 0
457 2629 45 55 1 0
4398 227 11 13 1 0
1504 591 11 13 1 0
4605 339 11 13 1 0
4265 126 11 13 1 0
112 949 16 21 1 0
3624 992 16 21 1 0
2621 1162 16 21 1 0
8 1107 16 21 1 0
4638 79 11 13 1 0
2155 56 11 13 1 0
1088 516 11 13 1 0
129 16 11 13 1 0
3754 1253 23 40 1 0
26 137 11 13 1 0
1981 359 11 13 1 0
4138 831 16 21 1 0
4003 671 11 13 1 0
1425 834 16 21 1 0
4849 759 16 21 1 0
512 2539 45 55 1 0
377 1286 23 40 1 0
4733 2474 45 55 1 0
752 1324 23 40 1 0
4037 263 11 13 1 0
2309 1582 23 40 1 0
1450 23 11 13 1 0
3511 409 11 13 1 0
2668 228 11 13 1 0
1498 1175 16 21 1 0
4881 4 11 13 1 0
238 2738 45 55 1 0
2253 2644 45 55 1 0
1910 843 16 21 1 0
180 1501 23 40 1 0
25 1422 23 40 1 0
4744 177 11 13 1 0
201 117 11 13 1 0
3206 1268 23 40 1 0
4888 825 16 21 1 0
697 2193 45 55 1 0
4816 1059 16 21 1 0
233 1534 23 40 1 0
2883 355 12 15 1 0
98 769 16 21 1 0
3142 1620 23 40 1 0
4030 313 11 13 1 0
4009 812 16 21 1 0
2212 2758 45 55 1 0
1418 2114 45 55 1 0
3592 550 12 15 1 0
3532 2277 45 55 1 0
2137 1633 23 40 1 0
2057 995 16 21 1 0
2099 1448 23 40 1 0
856 1338 23 40 1 0
2459 1205 17 25 1 0
1737 347 11 13 1 0
4375 37 11 13 1 0
2477 275 11 13 1 0
3908 1409 23 40 1 0
3041 503 16 21 1 0
2659 1306 23 40 1 0
2384 24 11 13 1 0
1229 457 11 13 1 0
4010 2750 45 55 1 0
1608 2592 45 55 1 0
3564 1583 23 40 1 0
466 1793 23 40 1 0
4616 286 11 13 1 0
1069 105 11 13 1 0
1311 1824 23 40 1 0
449 1549 23 40 1 0
797 2411 45 55 1 0
4546 541 11 13 1 0
4646 175 11 13 1 0
1776 316 11 13 1 0
2458 916 16 21 1 0
1373 90 11 13 1 0
2376 219 11 13 1 0
1932 1928 23 40 1 0
4326 949 16 21 1 0
770 2448 45 55 1 0
4768 2101 45 55 1 0
3685 1629 23 40 1 0
3654 2138 45 55 1 0
2242 279 11 13 1 0
2207 71 11 13 1 0
3367 1828 23 40 1 0
2171 791 16 21 1 0
782 2799 45 55 1 0
854 1387 23 40 1 0
4009 1579 23 40 1 0
3753 280 11 13 1 0
2091 1109 16 21 1 0
912 2265 45 55 1 0
471 1867 23 40 1 0
4440 756 16 21 1 0
1180 2653 45 55 1 0
3893 337 11 13 1 0
4617 2059 45 55 1 0
379 1251 23 40 1 0
905 10 11 13 1 0
161 881 16 21 1 0
4418 1253 23 40 1 0
1956 2628 45 55 1 0
4122 109 11 13 1 0
4090 2343 45 55 1 0
71 497 11 13 1 0
1140 770 16 21 1 0
1342 52 11 13 1 0
4563 2208 45 55 1 0
1134 141 11 13 1 0
2816 1214 19 30 1 0
3824 2538 45 55 1 0
3945 324 11 13 1 0
4497 2346 45 55 1 0
4433 174 11 13 1 0
241 750 16 21 1 0
1922 425 11 13 1 0
3952 2275 45 55 1 0
4242 1200 21 35 1 0
4057 269 11 13 1 0
2201 49 11 13 1 0
378 2038 45 55 1 0
3669 985 16 21 1 0
3936 1096 16 21 1 0
1229 145 11 13 1 0
3568 114 11 13 1 0
4194 1294 23 40 1 0
4140 59 11 13 1 0
1972 2240 45 55 1 0
386 1570 23 40 1 0
297 2708 45 55 1 0
4486 2135 45 55 1 0
3902 121 11 13 1 0
59 1077 16 21 1 0
2082 857 16 21 1 0
4090 319 11 13 1 0
2127 65 11 13 1 0
3542 1510 23 40 1 0
2134 439 11 13 1 0
3590 2934 45 55 1 0
4706 453 11 13 1 0
684 202 11 13 1 0
4621 1158 16 21 1 0
4488 342 11 13 1 0
3398 2179 45 55 1 0
1190 1360 23 40 1 0
1994 2045 45 55 1 0
2050 1485 23 40 1 0
4202 18 11 13 1 0
1256 669 11 13 1 0
2084 517 11 13 1 0
4186 278 11 13 1 0
4643 990 16 21 1 0
4588 881 16 21 1 0
4584 2440 45 55 1 0
3839 1668 23 40 1 0
3236 375 13 17 1 0
4018 293 11 13 1 0
1543 1646 23 40 1 0
2007 2543 45 55 1 0
1789 1534 23 40 1 0
2618 1604 23 40 1 0
2179 625 11 13 1 0
609 2180 45 55 1 0
2147 2809 45 55 1 0
571 94 11 13 1 0
3377 1922 23 40 1 0
4872 606 11 13 1 0
786 640 11 13 1 0
946 588 11 13 1 0
4772 151 11 13 1 0
2553 1928 23 40 1 0
2239 846 16 21 1 0
4858 226 11 13 1 0
4578 2376 45 55 1 0
3340 355 11 13 1 0
4031 1143 16 21 1 0
3313 466 13 17 1 0
1338 1338 23 40 1 0
4849 1129 16 21 1 0
1995 56 11 13 1 0
972 465 11 13 1 0
139 35 11 13 1 0
3279 449 14 19 1 0
1045 1301 23 40 1 0
1728 2470 45 55 1 0
4080 297 11 13 1 0
899 129 11 13 1 0
3095 2146 45 55 1 0
46 2412 45 55 1 0
1413 5 11 13 1 0
3544 1185 16 21 1 0
3684 1442 23 40 1 0
2236 1450 23 40 1 0
1517 710 16 21 1 0
2344 2901 45 55 1 0
4000 175 11 13 1 0
1038 235 11 13 1 0
526 1607 23 40 1 0
4273 243 11 13 1 0
2515 929 16 21 1 0
1141 411 11 13 1 0
464 190 11 13 1 0
4535 863 16 21 1 0
4856 1946 23 40 1 0
1749 240 11 13 1 0
101 482 11 13 1 0
29 1114 16 21 1 0
333 309 11 13 1 0
4239 298 11 13 1 0
576 1292 23 40 1 0
2083 643 11 13 1 0
4562 39 11 13 1 0
2793 560 16 21 1 0
3196 2453 45 55 1 0
1151 2207 45 55 1 0
2096 253 11 13 1 0
2248 2513 45 55 1 0
4475 215 11 13 1 0
1095 1086 16 21 1 0
3571 1033 16 21 1 0
4285 2104 45 55 1 0
1937 838 16 21 1 0
1219 1536 23 40 1 0
3685 152 11 13 1 0
2641 651 16 21 1 0
3902 1428 23 40 1 0
1399 2710 45 55 1 0
4780 1345 23 40 1 0
1884 1275 23 40 1 0
1828 1301 23 40 1 0
1063 1829 23 40 1 0
793 173 11 13 1 0
1138 449 11 13 1 0
974 102 11 13 1 0
87 1002 16 21 1 0
3588 194 11 13 1 0
2181 2746 45 55 1 0
1589 1741 23 40 1 0
1940 633 11 13 1 0
2119 632 11 13 1 0
4848 916 16 21 1 0
3353 2285 45 55 1 0
756 2165 45 55 1 0
2940 977 16 21 1 0
899 272 11 13 1 0
4818 853 16 21 1 0
1699 924 16 21 1 0
1704 1032 16 21 1 0
1751 184 11 13 1 0
4122 220 11 13 1 0
4725 235 11 13 1 0
2746 1197 19 30 1 0
770 1620 23 40 1 0
2493 2503 45 55 1 0
3522 1324 23 40 1 0
1437 1320 23 40 1 0
869 1880 23 40 1 0
134 333 11 13 1 0
2137 124 11 13 1 0
691 1286 23 40 1 0
2003 1694 23 40 1 0
4082 171 11 13 1 0
4610 399 11 13 1 0
2584 523 11 13 1 0
534 621 11 13 1 0
1628 1286 23 40 1 0
1347 1311 23 40 1 0
1872 1214 21 35 1 0
1712 1127 16 21 1 0
1605 91 11 13 1 0
3695 2538 45 55 1 0
4549 706 16 21 1 0
3011 90 11 13 1 0
4296 47 11 13 1 0
1227 756 16 21 1 0
2991 637 16 21 1 0
2964 20 11 13 1 0
4507 2147 45 55 1 0
3360 16 11 13 1 0
327 2220 45 55 1 0
2374 2554 45 55 1 0
668 295 11 13 1 0
416 239 11 13 1 0
4880 130 11 13 1 0
2329 2680 45 55 1 0
219 193 11 13 1 0
211 701 11 13 1 0
3916 246 11 13 1 0
1364 524 11 13 1 0
4874 166 11 13 1 0
2188 176 11 13 1 0
40 33 11 13 1 0
2056 1906 23 40 1 0
4841 286 11 13 1 0
3408 1978 23 40 1 0
122 176 11 13 1 0
3309 1311 23 40 1 0
797 143 11 13 1 0
3206 1117 16 21 1 0
721 80 11 13 1 0
2411 1644 23 40 1 0
2102 269 11 13 1 0
3552 2068 45 55 1 0
791 585 11 13 1 0
3287 1137 16 21 1 0
765 1890 23 40 1 0
1092 137 11 13 1 0
2371 1108 16 21 1 0
2240 2807 45 55 1 0
85 1580 23 40 1 0
612 1297 23 40 1 0
169 2482 45 55 1 0
2699 379 11 13 1 0
575 2143 45 55 1 0
1151 704 14 19 1 0
14 410 11 13 1 0
2393 1964 23 40 1 0
414 370 11 13 1 0
843 1607 23 40 1 0
1862 1204 19 30 1 0
3628 362 11 13 1 0
2186 1927 23 40 1 0
1150 1338 23 40 1 0
45 363 11 13 1 0
140 1176 16 21 1 0
420 1183 16 21 1 0
2570 855 16 21 1 0
3783 709 16 21 1 0
2105 1873 23 40 1 0
4767 795 16 21 1 0
3850 2013 39 51 1 0
3889 1183 16 21 1 0
1059 44 11 13 1 0
2214 1227 19 30 1 0
4676 45 11 13 1 0
3249 429 16 21 1 0
3498 93 11 13 1 0
4234 56 11 13 1 0
1245 889 16 21 1 0
1017 291 11 13 1 0
599 2494 45 55 1 0
2718 1910 23 40 1 0
1818 685 11 13 1 0
762 121 11 13 1 0
1791 2386 45 55 1 0
4757 1991 28 43 1 0
3216 500 16 21 1 0
3957 237 11 13 1 0
4171 2720 45 55 1 0
3293 392 13 17 1 0
1613 2071 45 55 1 0
2147 1671 23 40 1 0
3298 2872 45 55 1 0
4165 14 11 13 1 0
4155 104 11 13 1 0
4260 791 16 21 1 0
3791 1814 23 40 1 0
724 1564 23 40 1 0
4281 2300 45 55 1 0
2772 1462 23 40 1 0
1252 578 11 13 1 0
517 202 11 13 1 0
3638 1259 23 40 1 0
4606 2547 45 55 1 0
2470 503 11 13 1 0
4037 498 11 13 1 0
619 404 11 13 1 0
1835 1712 23 40 1 0
1014 489 11 13 1 0
4136 1353 23 40 1 0
2447 2534 45 55 1 0
1673 2091 45 55 1 0
4721 330 11 13 1 0
2438 1118 16 21 1 0
356 1556 23 40 1 0
4029 73 11 13 1 0
765 575 11 13 1 0
1311 255 11 13 1 0
4176 878 16 21 1 0
4610 650 11 13 1 0
4743 2173 45 55 1 0
4709 818 16 21 1 0
4267 98 11 13 1 0
160 1692 23 40 1 0
502 410 11 13 1 0
3830 27 11 13 1 0
38 474 11 13 1 0
1980 383 11 13 1 0
4730 471 11 13 1 0
1324 40 11 13 1 0
1177 464 11 13 1 0
176 1797 23 40 1 0
4181 1 11 13 1 0
1802 2264 45 55 1 0
4225 858 16 21 1 0
4133 303 11 13 1 0
226 367 11 13 1 0
2626 2812 45 55 1 0
4480 2063 45 55 1 0
2614 1110 16 21 1 0
1526 91 11 13 1 0
2853 281 11 13 1 0
81 2242 45 55 1 0
1485 2271 45 55 1 0
4665 1123 16 21 1 0
3659 2436 45 55 1 0
463 1277 23 40 1 0
4228 2043 45 55 1 0
3320 70 11 13 1 0
598 405 11 13 1 0
1090 1799 23 40 1 0
4038 1057 16 21 1 0
4440 223 11 13 1 0
309 519 11 13 1 0
1218 2103 45 55 1 0
701 184 11 13 1 0
4551 76 11 13 1 0
4793 140 11 13 1 0
1109 482 11 13 1 0
4461 458 11 13 1 0
895 2830 45 55 1 0
39 238 11 13 1 0
1162 27 11 13 1 0
3975 1272 23 40 1 0
3262 751 16 21 1 0
4487 1389 23 40 1 0
1493 1577 23 40 1 0
2005 1571 23 40 1 0
1762 655 11 13 1 0
1992 131 11 13 1 0
1600 488 11 13 1 0
4634 178 11 13 1 0
1698 32 11 13 1 0
3041 248 13 17 1 0
3863 297 11 13 1 0
4411 218 11 13 1 0
683 1558 23 40 1 0
3695 621 11 13 1 0
1483 1770 23 40 1 0
856 2489 45 55 1 0
1602 187 11 13 1 0
505 2767 45 55 1 0
368 172 11 13 1 0
833 240 11 13 1 0
3279 93 11 13 1 0
2668 688 16 21 1 0
3279 1020 16 21 1 0
2897 349 12 15 1 0
3759 429 11 13 1 0
3705 2160 45 55 1 0
387 2540 45 55 1 0
1695 411 11 13 1 0
248 620 11 13 1 0
658 2199 45 55 1 0
275 292 11 13 1 0
824 2153 45 55 1 0
1406 1013 16 21 1 0
2638 234 11 13 1 0
1902 166 11 13 1 0
957 75 11 13 1 0
1764 665 11 13 1 0
4741 1841 23 40 1 0
2967 372 16 21 1 0
1552 1782 23 40 1 0
1144 252 11 13 1 0
2000 81 11 13 1 0
1259 31 11 13 1 0
686 366 11 13 1 0
1947 16 11 13 1 0
2549 1553 23 40 1 0
2446 977 16 21 1 0
2118 2913 45 55 1 0
4562 536 11 13 1 0
4359 213 11 13 1 0
452 285 11 13 1 0
2823 2624 45 55 1 0
966 55 11 13 1 0
1473 24 11 13 1 0
2574 443 11 13 1 0
2273 2259 45 55 1 0
4718 79 11 13 1 0
4196 255 11 13 1 0
1903 557 11 13 1 0
1345 1334 23 40 1 0
1459 2103 45 55 1 0
3022 1304 23 40 1 0
1606 32 11 13 1 0
58 1233 23 40 1 0
3565 271 11 13 1 0
1301 174 11 13 1 0
4412 894 16 21 1 0
2171 2006 28 43 1 0
1862 579 11 13 1 0
2732 510 12 15 1 0
4705 654 11 13 1 0
960 1834 23 40 1 0
304 1854 23 40 1 0
2433 39 11 13 1 0
3033 754 16 21 1 0
314 1799 23 40 1 0
2974 550 16 21 1 0
148 1085 16 21 1 0
903 1146 16 21 1 0
1987 1799 23 40 1 0
4400 810 16 21 1 0
4232 822 16 21 1 0
1452 2388 45 55 1 0
1455 63 11 13 1 0
4520 216 11 13 1 0
1088 64 11 13 1 0
2553 2469 45 55 1 0
252 1883 23 40 1 0
1996 176 11 13 1 0
35 783 16 21 1 0
1192 151 11 13 1 0
3963 2180 45 55 1 0
408 1044 16 21 1 0
3154 1026 16 21 1 0
616 810 16 21 1 0
4394 1 11 13 1 0
2239 158 11 13 1 0
555 1258 23 40 1 0
2138 766 16 21 1 0
2175 2234 45 55 1 0
3916 1071 16 21 1 0
1449 1999 39 51 1 0
4584 112 11 13 1 0
4178 104 11 13 1 0
4815 242 11 13 1 0
3838 208 11 13 1 0
2015 2210 45 55 1 0
2033 2111 45 55 1 0
1230 1540 23 40 1 0
2463 1388 23 40 1 0
1958 297 11 13 1 0
2379 348 11 13 1 0
861 1823 23 40 1 0
12 1148 16 21 1 0
4480 249 11 13 1 0
2522 2659 45 55 1 0
2179 112 11 13 1 0
4218 49 11 13 1 0
990 1083 16 21 1 0
904 2757 45 55 1 0
1742 104 11 13 1 0
3565 590 12 15 1 0
949 1353 23 40 1 0
2118 2706 45 55 1 0
3344 1046 16 21 1 0
1279 323 11 13 1 0
1555 2120 45 55 1 0
1028 2144 45 55 1 0
1417 588 11 13 1 0
4333 130 11 13 1 0
4343 29 11 13 1 0
2447 337 11 13 1 0
4695 2098 45 55 1 0
2833 1128 16 21 1 0
1685 767 16 21 1 0
128 467 11 13 1 0
1905 1034 16 21 1 0
4338 2205 45 55 1 0
3922 223 11 13 1 0
1520 394 11 13 1 0
1038 322 11 13 1 0
1237 714 16 21 1 0
2509 1925 23 40 1 0
1326 247 11 13 1 0
4396 1994 39 51 1 0
3111 520 16 21 1 0
2760 1352 23 40 1 0
1059 2173 45 55 1 0
4400 1042 16 21 1 0
3470 1295 23 40 1 0
4301 1808 23 40 1 0
3511 422 11 13 1 0
1731 611 11 13 1 0
4522 237 11 13 1 0
4145 29 11 13 1 0
1043 1563 23 40 1 0
1784 528 11 13 1 0
4045 1123 16 21 1 0
189 1282 23 40 1 0
1563 1546 23 40 1 0
1962 444 11 13 1 0
4652 660 11 13 1 0
8 1059 16 21 1 0
1917 698 12 15 1 0
4139 114 11 13 1 0
1214 108 11 13 1 0
6 1169 17 25 1 0
3071 402 16 21 1 0
3567 1145 16 21 1 0
4674 178 11 13 1 0
2022 789 16 21 1 0
4886 982 16 21 1 0
4431 2102 45 55 1 0
1883 1239 23 40 1 0
1521 2672 45 55 1 0
1752 304 11 13 1 0
3012 1999 28 43 1 0
4384 961 16 21 1 0
2304 1969 23 40 1 0
969 2784 45 55 1 0
75 1534 23 40 1 0
1215 1608 23 40 1 0
1923 2038 45 55 1 0
1704 1756 23 40 1 0
4377 120 11 13 1 0
4244 1489 23 40 1 0
2833 1934 23 40 1 0
3985 11 11 13 1 0
2521 2787 45 55 1 0
336 2004 28 43 1 0
533 1817 23 40 1 0
2918 1142 16 21 1 0
973 576 11 13 1 0
1161 1302 23 40 1 0
3628 194 11 13 1 0
878 1318 23 40 1 0
4611 124 11 13 1 0
4386 35 11 13 1 0
532 940 16 21 1 0
1579 971 16 21 1 0
2085 535 11 13 1 0
202 1706 23 40 1 0
4701 137 11 13 1 0
1005 1639 23 40 1 0
1995 777 16 21 1 0
3706 1100 16 21 1 0
6 911 16 21 1 0
2778 2851 45 55 1 0
4877 1827 23 40 1 0
1287 268 11 13 1 0
817 1332 23 40 1 0
4664 201 11 13 1 0
4830 118 11 13 1 0
1371 115 11 13 1 0
4248 921 16 21 1 0
1519 7 11 13 1 0
1012 1323 23 40 1 0
1732 2296 45 55 1 0
2131 2602 45 55 1 0
3919 940 16 21 1 0
4438 657 11 13 1 0
4317 1939 23 40 1 0
3370 1373 23 40 1 0
1245 130 11 13 1 0
628 514 11 13 1 0
4339 2316 45 55 1 0
356 1362 23 40 1 0
154 2187 45 55 1 0
735 2562 45 55 1 0
1882 2063 45 55 1 0
1700 2732 45 55 1 0
3849 1231 23 40 1 0
4875 1104 16 21 1 0
3098 258 13 17 1 0
104 1082 16 21 1 0
3642 73 11 13 1 0
1960 584 11 13 1 0
2640 1953 23 40 1 0
56 1888 23 40 1 0
604 2313 45 55 1 0
1444 998 16 21 1 0
2593 2137 45 55 1 0
3041 171 12 15 1 0
259 1065 16 21 1 0
3202 80 11 13 1 0
173 193 11 13 1 0
3802 945 16 21 1 0
1983 1257 23 40 1 0
60 1118 16 21 1 0
2923 610 16 21 1 0
3986 333 11 13 1 0
875 169 11 13 1 0
3182 3 11 13 1 0
3095 2383 45 55 1 0
4275 646 11 13 1 0
3057 2042 45 55 1 0
2448 308 11 13 1 0
806 526 11 13 1 0
1723 708 16 21 1 0
1793 1193 23 40 1 0
4750 626 11 13 1 0
4214 409 11 13 1 0
2180 2689 45 55 1 0
1537 260 11 13 1 0
737 260 11 13 1 0
3082 1576 23 40 1 0
526 582 11 13 1 0
529 1300 23 40 1 0
2474 812 16 21 1 0
273 1566 23 40 1 0
3303 513 14 19 1 0
4265 563 11 13 1 0
1548 564 11 13 1 0
2903 848 16 21 1 0
2836 1171 16 21 1 0
1465 10 11 13 1 0
1108 327 11 13 1 0
1234 606 11 13 1 0
4898 233 11 13 1 0
4862 639 11 13 1 0
763 1586 23 40 1 0
4757 231 11 13 1 0
2047 2572 45 55 1 0
943 682 11 13 1 0
2841 2391 45 55 1 0
619 997 16 21 1 0
4089 147 11 13 1 0
1488 1898 23 40 1 0
3979 42 11 13 1 0
3877 195 11 13 1 0
163 2207 45 55 1 0
2592 1673 23 40 1 0
1604 995 16 21 1 0
2291 1174 16 21 1 0
2412 328 11 13 1 0
948 1770 23 40 1 0
3645 275 11 13 1 0
2135 2380 45 55 1 0
4754 931 16 21 1 0
711 1829 23 40 1 0
2749 587 16 21 1 0
3035 2730 45 55 1 0
928 155 11 13 1 0
2333 1014 16 21 1 0
3051 516 16 21 1 0
2678 523 11 13 1 0
4534 2561 45 55 1 0
2184 148 11 13 1 0
2712 2861 45 55 1 0
3094 1939 23 40 1 0
1071 2124 45 55 1 0
4687 386 11 13 1 0
2045 1228 23 40 1 0
4376 624 11 13 1 0
4486 729 16 21 1 0
4673 248 11 13 1 0
1090 1164 16 21 1 0
3048 604 16 21 1 0
4242 173 11 13 1 0
3759 246 11 13 1 0
4477 2482 45 55 1 0
145 2575 45 55 1 0
4422 1547 23 40 1 0
3824 2434 45 55 1 0
8 2278 45 55 1 0
4148 805 16 21 1 0
471 1388 23 40 1 0
1635 2170 45 55 1 0
1541 1000 16 21 1 0
1324 764 16 21 1 0
81 1032 16 21 1 0
2134 2289 45 55 1 0
4157 146 11 13 1 0
2392 1365 23 40 1 0
4404 266 11 13 1 0
2655 409 11 13 1 0
992 34 11 13 1 0
1759 508 11 13 1 0
1817 1951 23 40 1 0
108 1839 23 40 1 0
3558 1400 23 40 1 0
2495 788 16 21 1 0
2035 835 16 21 1 0
4219 1222 21 35 1 0
1052 810 16 21 1 0
4727 401 11 13 1 0
2547 790 16 21 1 0
3490 918 16 21 1 0
3981 2576 45 55 1 0
2190 2158 45 55 1 0
717 2191 45 55 1 0
4816 97 11 13 1 0
2766 547 14 19 1 0
627 541 11 13 1 0
14 1079 16 21 1 0
4016 343 11 13 1 0
262 284 11 13 1 0
2305 2583 45 55 1 0
1002 1379 23 40 1 0
2246 2324 45 55 1 0
4796 43 11 13 1 0
1129 1428 23 40 1 0
3807 2151 45 55 1 0
973 1439 23 40 1 0
1893 1751 23 40 1 0
3111 120 11 13 1 0
3709 1006 16 21 1 0
4016 18 11 13 1 0
1300 1545 23 40 1 0
986 1172 16 21 1 0
4459 100 11 13 1 0
854 339 11 13 1 0
3953 35 11 13 1 0
3390 416 12 15 1 0
1023 434 11 13 1 0
4841 2055 45 55 1 0
3972 58 11 13 1 0
87 1889 23 40 1 0
3373 261 11 13 1 0
3699 1530 23 40 1 0
4726 2627 45 55 1 0
2093 721 16 21 1 0
4646 713 16 21 1 0
338 1575 23 40 1 0
4882 2308 45 55 1 0
4007 1855 23 40 1 0
404 1607 23 40 1 0
2504 345 11 13 1 0
3898 83 11 13 1 0
2421 2832 45 55 1 0
3965 115 11 13 1 0
4416 510 11 13 1 0
4199 2598 45 55 1 0
3798 69 11 13 1 0
143 565 11 13 1 0
3318 2778 45 55 1 0
4198 2213 45 55 1 0
554 1903 23 40 1 0
4495 861 16 21 1 0
3159 1868 23 40 1 0
3212 597 16 21 1 0
181 928 16 21 1 0
3595 114 11 13 1 0
4007 1397 23 40 1 0
4267 223 11 13 1 0
322 1236 23 40 1 0
2967 1215 21 35 1 0
143 1041 16 21 1 0
2177 403 11 13 1 0
1261 202 11 13 1 0
3890 2347 45 55 1 0
1571 1307 23 40 1 0
1952 611 11 13 1 0
3644 925 16 21 1 0
4687 99 11 13 1 0
837 167 11 13 1 0
590 1252 23 40 1 0
3036 1349 23 40 1 0
438 2408 45 55 1 0
1106 2855 45 55 1 0
1931 59 11 13 1 0
2403 1582 23 40 1 0
3545 295 11 13 1 0
1730 1247 23 40 1 0
2331 573 11 13 1 0
2883 506 16 21 1 0
4323 901 16 21 1 0
2897 224 11 13 1 0
4311 227 11 13 1 0
3836 976 16 21 1 0
2656 1810 23 40 1 0
1056 2548 45 55 1 0
1306 142 11 13 1 0
2534 338 11 13 1 0
2865 2319 45 55 1 0
571 1304 23 40 1 0
1407 1305 23 40 1 0
120 292 11 13 1 0
1442 679 11 13 1 0
774 582 11 13 1 0
878 680 11 13 1 0
1370 2241 45 55 1 0
372 2626 45 55 1 0
3675 305 11 13 1 0
2777 2060 45 55 1 0
2211 91 11 13 1 0
4786 1908 23 40 1 0
4534 911 16 21 1 0
4511 55 11 13 1 0
4778 1029 16 21 1 0
4834 581 11 13 1 0
4163 1549 23 40 1 0
2172 990 16 21 1 0
4827 2336 45 55 1 0
148 1522 23 40 1 0
2725 100 11 13 1 0
4239 86 11 13 1 0
1472 2525 45 55 1 0
4714 2279 45 55 1 0
1615 723 16 21 1 0
2483 1050 16 21 1 0
1397 1582 23 40 1 0
3791 357 11 13 1 0
1493 8 11 13 1 0
4115 985 16 21 1 0
1347 223 11 13 1 0
214 238 11 13 1 0
3748 1080 16 21 1 0
2431 366 11 13 1 0
1880 87 11 13 1 0
1227 2624 45 55 1 0
4640 544 11 13 1 0
2026 2845 45 55 1 0
384 159 11 13 1 0
756 437 11 13 1 0
3188 1591 23 40 1 0
127 768 16 21 1 0
1943 389 11 13 1 0
2301 467 11 13 1 0
113 1130 16 21 1 0
2575 2599 45 55 1 0
3977 159 11 13 1 0
4001 1012 16 21 1 0
4072 261 11 13 1 0
1221 456 11 13 1 0
1217 41 11 13 1 0
171 370 11 13 1 0
4846 1977 23 40 1 0
4647 142 11 13 1 0
673 1315 23 40 1 0
290 1926 23 40 1 0
4349 2340 45 55 1 0
853 37 11 13 1 0
3585 1909 23 40 1 0
284 1274 23 40 1 0
1297 1311 23 40 1 0
2480 117 11 13 1 0
955 1811 23 40 1 0
1924 1300 23 40 1 0
3896 178 11 13 1 0
2445 1343 23 40 1 0
2443 590 11 13 1 0
3585 389 11 13 1 0
343 901 16 21 1 0
1529 26 11 13 1 0
4185 18 11 13 1 0
297 454 11 13 1 0
1724 257 11 13 1 0
4621 263 11 13 1 0
1029 86 11 13 1 0
3518 221 11 13 1 0
1545 227 11 13 1 0
3034 1244 23 40 1 0
4781 1731 23 40 1 0
2044 1417 23 40 1 0
332 1254 23 40 1 0
544 1876 23 40 1 0
593 535 11 13 1 0
792 1309 23 40 1 0
2169 1646 23 40 1 0
1773 433 11 13 1 0
4212 89 11 13 1 0
937 34 11 13 1 0
2853 318 11 13 1 0
228 534 11 13 1 0
420 1280 23 40 1 0
1950 568 11 13 1 0
4247 207 11 13 1 0
3681 2466 45 55 1 0
4587 78 11 13 1 0
869 117 11 13 1 0
349 308 11 13 1 0
3826 351 11 13 1 0
966 602 11 13 1 0
3360 194 11 13 1 0
257 157 11 13 1 0
2802 2203 45 55 1 0
2473 2332 45 55 1 0
1550 953 16 21 1 0
2887 26 11 13 1 0
4827 20 11 13 1 0
3697 249 11 13 1 0
1369 312 11 13 1 0
4677 1042 16 21 1 0
1849 315 11 13 1 0
2036 2038 45 55 1 0
4348 770 16 21 1 0
2041 151 11 13 1 0
3489 983 16 21 1 0
1383 384 11 13 1 0
4893 265 11 13 1 0
1898 14 11 13 1 0
2853 305 11 13 1 0
1745 1269 23 40 1 0
4161 2808 45 55 1 0
3487 271 11 13 1 0
4694 187 11 13 1 0
1838 15 11 13 1 0
2077 1155 16 21 1 0
4609 686 11 13 1 0
4127 80 11 13 1 0
2212 1946 23 40 1 0
4704 105 11 13 1 0
765 2327 45 55 1 0
2072 58 11 13 1 0
1875 110 11 13 1 0
4177 239 11 13 1 0
3813 2803 45 55 1 0
3948 1140 16 21 1 0
2621 375 11 13 1 0
316 290 11 13 1 0
1018 84 11 13 1 0
1107 1046 16 21 1 0
514 524 11 13 1 0
353 425 11 13 1 0
288 65 11 13 1 0
2531 379 11 13 1 0
1335 818 16 21 1 0
787 1860 23 40 1 0
4395 580 11 13 1 0
3424 2326 45 55 1 0
405 937 16 21 1 0
1627 2430 45 55 1 0
497 2822 45 55 1 0
3577 2217 45 55 1 0
2413 1071 16 21 1 0
2519 1058 16 21 1 0
1398 192 11 13 1 0
754 2221 45 55 1 0
2141 395 11 13 1 0
4242 120 11 13 1 0
4739 2221 45 55 1 0
3387 483 12 15 1 0
656 432 11 13 1 0
4049 337 11 13 1 0
1970 2594 45 55 1 0
776 807 16 21 1 0
5 877 16 21 1 0
3779 86 11 13 1 0
4126 766 16 21 1 0
1754 2140 45 55 1 0
746 1762 23 40 1 0
984 1980 23 40 1 0
229 1212 17 25 1 0
3287 1517 23 40 1 0
4441 0 11 13 1 0
4868 113 11 13 1 0
120 1575 23 40 1 0
3088 1163 16 21 1 0
4694 205 11 13 1 0
570 1387 23 40 1 0
386 1887 23 40 1 0
2408 630 11 13 1 0
2397 305 11 13 1 0
3124 2834 45 55 1 0
3846 65 11 13 1 0
1943 1459 23 40 1 0
1739 865 16 21 1 0
2551 365 11 13 1 0
4231 1176 16 21 1 0
2484 2162 45 55 1 0
890 1630 23 40 1 0
785 1332 23 40 1 0
3144 1795 23 40 1 0
4594 257 11 13 1 0
2217 210 11 13 1 0
3226 43 11 13 1 0
246 1352 23 40 1 0
4069 1369 23 40 1 0
741 414 11 13 1 0
6 493 11 13 1 0
4219 161 11 13 1 0
3284 2586 45 55 1 0
2994 463 16 21 1 0
3711 378 11 13 1 0
3265 1689 23 40 1 0
4569 827 16 21 1 0
3895 2135 45 55 1 0
2830 1289 23 40 1 0
1773 2755 45 55 1 0
4266 78 11 13 1 0
4874 19 11 13 1 0
4903 683 13 17 1 0
152 73 11 13 1 0
2755 1142 16 21 1 0
4532 126 11 13 1 0
4531 1671 23 40 1 0
4242 2140 45 55 1 0
2013 1478 23 40 1 0
1354 406 11 13 1 0
1682 2444 45 55 1 0
4256 1312 23 40 1 0
3509 2795 45 55 1 0
802 201 11 13 1 0
1680 1539 23 40 1 0
4065 300 11 13 1 0
3867 1936 23 40 1 0
1328 1978 23 40 1 0
40 1327 23 40 1 0
4780 224 11 13 1 0
1157 1070 16 21 1 0
1660 630 11 13 1 0
629 1257 23 40 1 0
1746 2219 45 55 1 0
1119 2712 45 55 1 0
4138 239 11 13 1 0
358 2122 45 55 1 0
4770 2364 45 55 1 0
1799 18 11 13 1 0
1400 59 11 13 1 0
1349 577 11 13 1 0
2743 1295 23 40 1 0
4774 96 11 13 1 0
4865 2681 45 55 1 0
3672 20 11 13 1 0
1544 1076 16 21 1 0
1043 462 11 13 1 0
2409 2471 45 55 1 0
3098 1113 16 21 1 0
3208 2166 45 55 1 0
1251 36 11 13 1 0
2960 2620 45 55 1 0
977 1306 23 40 1 0
183 1161 16 21 1 0
2196 626 11 13 1 0
3242 661 16 21 1 0
611 264 11 13 1 0
3674 2533 45 55 1 0
1208 1326 23 40 1 0
2913 510 16 21 1 0
1493 987 16 21 1 0
4768 9 11 13 1 0
4350 156 11 13 1 0
712 53 11 13 1 0
4132 2172 45 55 1 0
2571 550 11 13 1 0
639 616 11 13 1 0
1396 939 16 21 1 0
3187 955 16 21 1 0
2154 105 11 13 1 0
1077 1217 19 30 1 0
50 1102 16 21 1 0
4745 151 11 13 1 0
2544 617 13 17 1 0
2149 1002 16 21 1 0
1304 2134 45 55 1 0
4212 260 11 13 1 0
1419 37 11 13 1 0
141 260 11 13 1 0
4372 349 11 13 1 0
980 177 11 13 1 0
1897 1507 23 40 1 0
544 124 11 13 1 0
1705 16 11 13 1 0
4407 1187 16 21 1 0
3165 389 16 21 1 0
1141 2107 45 55 1 0
3927 340 11 13 1 0
4485 780 16 21 1 0
4150 189 11 13 1 0
818 505 11 13 1 0
3885 124 11 13 1 0
3642 53 11 13 1 0
1278 1475 23 40 1 0
708 1324 23 40 1 0
347 170 11 13 1 0
3169 530 16 21 1 0
753 726 16 21 1 0
167 2901 45 55 1 0
2062 84 11 13 1 0
3412 2846 45 55 1 0
4627 877 16 21 1 0
1917 1267 23 40 1 0
1739 41 11 13 1 0
1878 1142 16 21 1 0
1347 1029 16 21 1 0
2068 381 11 13 1 0
1002 516 11 13 1 0
935 2174 45 55 1 0
4486 86 11 13 1 0
4216 28 11 13 1 0
2154 2066 45 55 1 0
3082 2694 45 55 1 0
2637 2465 45 55 1 0
3983 1341 23 40 1 0
1492 222 11 13 1 0
1328 10 11 13 1 0
298 342 11 13 1 0
4621 820 16 21 1 0
2462 2585 45 55 1 0
1043 1357 23 40 1 0
4122 2471 45 55 1 0
2387 780 16 21 1 0
598 452 11 13 1 0
2699 2672 45 55 1 0
1168 1558 23 40 1 0
4384 916 16 21 1 0
3699 6 11 13 1 0
3983 1709 23 40 1 0
4507 2295 45 55 1 0
4418 101 11 13 1 0
2958 1389 23 40 1 0
1244 653 11 13 1 0
4484 39 11 13 1 0
3655 671 14 19 1 0
3628 1139 16 21 1 0
2203 932 16 21 1 0
3440 1610 23 40 1 0
3162 198 11 13 1 0
1751 2050 45 55 1 0
1925 1677 23 40 1 0
1915 1052 16 21 1 0
1896 186 11 13 1 0
1669 324 11 13 1 0
3670 1300 23 40 1 0
595 1591 23 40 1 0
3081 865 16 21 1 0
3802 315 11 13 1 0
921 1331 23 40 1 0
1651 70 11 13 1 0
991 401 11 13 1 0
527 1851 23 40 1 0
3074 1470 23 40 1 0
1703 2004 45 55 1 0
3252 1247 23 40 1 0
3289 114 11 13 1 0
140 1395 23 40 1 0
2234 1591 23 40 1 0
2089 157 11 13 1 0
1108 1327 23 40 1 0
798 2150 45 55 1 0
4321 786 16 21 1 0
4230 1008 16 21 1 0
4556 2097 45 55 1 0
2951 2171 45 55 1 0
75 838 16 21 1 0
4744 191 11 13 1 0
2564 2293 45 55 1 0
4857 31 11 13 1 0
3177 2052 45 55 1 0
1794 616 11 13 1 0
2964 291 12 15 1 0
527 2211 45 55 1 0
2338 1579 23 40 1 0
2381 373 11 13 1 0
2500 406 11 13 1 0
3960 137 11 13 1 0
4235 603 11 13 1 0
4707 1957 23 40 1 0
1132 1591 23 40 1 0
3808 1135 16 21 1 0
2819 1312 23 40 1 0
826 611 11 13 1 0
2037 2364 45 55 1 0
1849 123 11 13 1 0
130 48 11 13 1 0
3464 67 11 13 1 0
1949 1259 23 40 1 0
4688 2066 45 55 1 0
3839 298 11 13 1 0
4146 1027 16 21 1 0
2253 1011 16 21 1 0
1505 2749 45 55 1 0
753 1848 23 40 1 0
142 935 16 21 1 0
2700 2612 45 55 1 0
4276 1380 23 40 1 0
133 2537 45 55 1 0
3204 1355 23 40 1 0
1192 119 11 13 1 0
4581 2045 45 55 1 0
1654 832 16 21 1 0
2525 1980 23 40 1 0
1873 280 11 13 1 0
709 152 11 13 1 0
2884 2424 45 55 1 0
3081 154 12 15 1 0
1081 1371 23 40 1 0
3837 106 11 13 1 0
4805 15 11 13 1 0
1331 2105 45 55 1 0
3014 483 16 21 1 0
1926 290 11 13 1 0
2153 872 16 21 1 0
1562 1932 23 40 1 0
1006 422 11 13 1 0
1772 371 11 13 1 0
981 1547 23 40 1 0
234 1041 16 21 1 0
372 1585 23 40 1 0
4417 204 11 13 1 0
1889 595 11 13 1 0
203 1605 23 40 1 0
3161 2003 34 47 1 0
2655 50 11 13 1 0
1255 2246 45 55 1 0
1136 219 11 13 1 0
3342 1563 23 40 1 0
3238 1007 16 21 1 0
110 158 11 13 1 0
299 242 11 13 1 0
170 1332 23 40 1 0
3265 1070 16 21 1 0
326 2821 45 55 1 0
1834 160 11 13 1 0
4597 214 11 13 1 0
1325 2210 45 55 1 0
2006 165 11 13 1 0
3172 1830 23 40 1 0
1535 1298 23 40 1 0
663 1339 23 40 1 0
3711 117 11 13 1 0
23 618 11 13 1 0
4817 183 11 13 1 0
4299 99 11 13 1 0
3608 157 11 13 1 0
1927 915 16 21 1 0
3986 2004 28 43 1 0
4389 894 16 21 1 0
4868 1209 17 25 1 0
2321 593 11 13 1 0
543 464 11 13 1 0
4665 65 11 13 1 0
3504 1094 16 21 1 0
1411 728 16 21 1 0
983 125 11 13 1 0
419 1443 23 40 1 0
3813 1441 23 40 1 0
1582 528 11 13 1 0
2944 432 16 21 1 0
3424 389 11 13 1 0
80 115 11 13 1 0
315 1589 23 40 1 0
3941 214 11 13 1 0
1255 1593 23 40 1 0
3907 415 11 13 1 0
2816 1862 23 40 1 0
1098 645 11 13 1 0
4620 61 11 13 1 0
3212 335 13 17 1 0
2524 157 11 13 1 0
2003 1369 23 40 1 0
232 165 11 13 1 0
1610 1394 23 40 1 0
3383 399 11 13 1 0
1640 892 16 21 1 0
34 2112 45 55 1 0
4159 284 11 13 1 0
4037 2279 45 55 1 0
1245 323 11 13 1 0
971 499 11 13 1 0
2918 754 16 21 1 0
4313 1648 23 40 1 0
4124 23 11 13 1 0
1771 2616 45 55 1 0
3248 2279 45 55 1 0
2987 1927 23 40 1 0
4779 1416 23 40 1 0
206 172 11 13 1 0
3484 157 11 13 1 0
2132 2452 45 55 1 0
3403 1312 23 40 1 0
2419 2687 45 55 1 0
2662 1365 23 40 1 0
3779 39 11 13 1 0
4317 392 11 13 1 0
4530 183 11 13 1 0
4519 127 11 13 1 0
4743 252 11 13 1 0
4605 959 16 21 1 0
3306 194 11 13 1 0
1503 302 11 13 1 0
4290 547 11 13 1 0
780 659 11 13 1 0
1561 2095 45 55 1 0
1189 1641 23 40 1 0
246 77 11 13 1 0
2571 120 11 13 1 0
1725 1724 23 40 1 0
4540 85 11 13 1 0
4802 2571 45 55 1 0
1250 1833 23 40 1 0
3726 1507 23 40 1 0
240 2432 45 55 1 0
1420 1810 23 40 1 0
2917 1328 23 40 1 0
145 910 16 21 1 0
2860 422 14 19 1 0
956 154 11 13 1 0
2996 1263 23 40 1 0
4229 895 16 21 1 0
3458 1047 16 21 1 0
767 139 11 13 1 0
495 974 16 21 1 0
2487 359 11 13 1 0
939 419 11 13 1 0
854 386 11 13 1 0
314 1293 23 40 1 0
401 1076 16 21 1 0
1690 1137 16 21 1 0
1129 1559 23 40 1 0
3439 1503 23 40 1 0
2125 1097 16 21 1 0
2113 1222 19 30 1 0
4728 47 11 13 1 0
750 1004 16 21 1 0
526 851 16 21 1 0
4127 2083 45 55 1 0
4692 33 11 13 1 0
4001 929 16 21 1 0
728 1317 23 40 1 0
4282 296 11 13 1 0
74 1391 23 40 1 0
3377 1233 23 40 1 0
3269 2164 45 55 1 0
72 413 11 13 1 0
3216 2789 45 55 1 0
1666 777 16 21 1 0
4634 41 11 13 1 0
4323 444 11 13 1 0
2291 505 11 13 1 0
3360 73 11 13 1 0
2833 221 11 13 1 0
1035 2764 45 55 1 0
1617 443 11 13 1 0
4057 915 16 21 1 0
2671 1282 23 40 1 0
4656 105 11 13 1 0
2 434 11 13 1 0
4762 2704 45 55 1 0
3676 1859 23 40 1 0
327 1441 23 40 1 0
1604 2037 45 55 1 0
3352 2724 45 55 1 0
4306 131 11 13 1 0
2201 218 11 13 1 0
872 560 11 13 1 0
784 858 16 21 1 0
2186 58 11 13 1 0
3980 96 11 13 1 0
3323 322 11 13 1 0
2110 1056 16 21 1 0
1015 752 16 21 1 0
4062 308 11 13 1 0
2203 759 16 21 1 0
2049 175 11 13 1 0
2115 2649 45 55 1 0
112 645 11 13 1 0
1535 2088 45 55 1 0
2226 975 16 21 1 0
3031 285 16 21 1 0
859 200 11 13 1 0
2538 889 16 21 1 0
1619 626 11 13 1 0
4603 1140 16 21 1 0
3178 2366 45 55 1 0
3371 1654 23 40 1 0
1426 227 11 13 1 0
2293 71 11 13 1 0
1 1695 23 40 1 0
4232 273 11 13 1 0
1804 1217 23 40 1 0
1397 1759 23 40 1 0
3465 1564 23 40 1 0
778 2084 45 55 1 0
3598 127 11 13 1 0
4486 499 11 13 1 0
607 2261 45 55 1 0
4677 77 11 13 1 0
3821 88 11 13 1 0
2660 1932 23 40 1 0
2935 1060 16 21 1 0
4638 493 11 13 1 0
235 1906 23 40 1 0
3983 2875 45 55 1 0
1907 2321 45 55 1 0
622 215 11 13 1 0
762 1543 23 40 1 0
1626 47 11 13 1 0
3471 399 11 13 1 0
2210 877 16 21 1 0
1448 418 11 13 1 0
4298 1297 23 40 1 0
4668 2603 45 55 1 0
927 1558 23 40 1 0
2746 80 11 13 1 0
1885 456 11 13 1 0
4211 2692 45 55 1 0
223 2165 45 55 1 0
956 179 11 13 1 0
1042 300 11 13 1 0
2139 328 11 13 1 0
4763 682 11 13 1 0
1754 1204 19 30 1 0
4603 2280 45 55 1 0
4791 881 16 21 1 0
1381 256 11 13 1 0
3137 2179 45 55 1 0
2261 1960 23 40 1 0
4662 2241 45 55 1 0
577 185 11 13 1 0
1932 2393 45 55 1 0
2789 422 12 15 1 0
4062 18 11 13 1 0
1970 566 11 13 1 0
382 757 16 21 1 0
2912 1734 23 40 1 0
2196 2584 45 55 1 0
2902 2608 45 55 1 0
656 590 11 13 1 0
695 1622 23 40 1 0
199 1432 23 40 1 0
2919 1283 23 40 1 0
1812 1262 23 40 1 0
3769 320 11 13 1 0
4894 165 11 13 1 0
2730 1947 23 40 1 0
1039 442 11 13 1 0
1355 196 11 13 1 0
411 1127 16 21 1 0
935 2132 45 55 1 0
1910 2354 45 55 1 0
2041 553 11 13 1 0
2099 2026 39 51 1 0
4024 2093 45 55 1 0
3748 1191 17 25 1 0
834 202 11 13 1 0
4620 218 11 13 1 0
3912 67 11 13 1 0
4551 112 11 13 1 0
2742 204 11 13 1 0
1984 1991 39 51 1 0
4445 670 11 13 1 0
570 1579 23 40 1 0
4866 2023 28 43 1 0
627 167 11 13 1 0
4015 313 11 13 1 0
175 345 11 13 1 0
17 197 11 13 1 0
614 2077 45 55 1 0
2598 359 11 13 1 0
4351 822 16 21 1 0
4779 127 11 13 1 0
969 831 16 21 1 0
2018 2015 39 51 1 0
3353 439 12 15 1 0
4599 1962 23 40 1 0
4560 571 11 13 1 0
4138 1313 23 40 1 0
4491 1164 16 21 1 0
3851 1888 23 40 1 0
282 220 11 13 1 0
4739 2118 45 55 1 0
2100 116 11 13 1 0
492 629 11 13 1 0
1306 26 11 13 1 0
4465 68 11 13 1 0
1879 54 11 13 1 0
4757 2069 45 55 1 0
4133 7 11 13 1 0
2304 1380 23 40 1 0
2141 1184 16 21 1 0
3444 164 11 13 1 0
1863 412 11 13 1 0
1339 452 11 13 1 0
1509 2063 45 55 1 0
855 147 11 13 1 0
1053 25 11 13 1 0
4753 131 11 13 1 0
1182 2557 45 55 1 0
4046 2218 45 55 1 0
4217 1115 16 21 1 0
4295 1232 23 40 1 0
1062 1868 23 40 1 0
4025 904 16 21 1 0
1505 1501 23 40 1 0
1885 1115 16 21 1 0
431 585 11 13 1 0
102 751 16 21 1 0
374 260 11 13 1 0
4035 206 11 13 1 0
2417 441 11 13 1 0
1775 1446 23 40 1 0
1402 208 11 13 1 0
3062 2646 45 55 1 0
2041 199 11 13 1 0
302 630 11 13 1 0
411 1663 23 40 1 0
4187 693 13 17 1 0
646 2401 45 55 1 0
3937 1200 19 30 1 0
1708 1511 23 40 1 0
2989 1178 16 21 1 0
2551 241 11 13 1 0
1832 2106 45 55 1 0
1269 218 11 13 1 0
849 434 11 13 1 0
4513 191 11 13 1 0
2674 2429 45 55 1 0
3259 2325 45 55 1 0
2231 1294 23 40 1 0
4456 327 11 13 1 0
4394 93 11 13 1 0
4726 140 11 13 1 0
4650 28 11 13 1 0
114 1181 16 21 1 0
963 1881 23 40 1 0
1153 124 11 13 1 0
1303 12 11 13 1 0
1641 249 11 13 1 0
588 1817 23 40 1 0
941 1300 23 40 1 0
1038 2626 45 55 1 0
2869 1461 23 40 1 0
70 2196 45 55 1 0
374 865 16 21 1 0
301 1214 21 35 1 0
883 540 11 13 1 0
6 27 11 13 1 0
864 1849 23 40 1 0
1723 195 11 13 1 0
1620 99 11 13 1 0
1088 2281 45 55 1 0
126 208 11 13 1 0
1915 921 16 21 1 0
2912 1032 16 21 1 0
4249 2404 45 55 1 0
2331 933 16 21 1 0
2150 2639 45 55 1 0
3388 998 16 21 1 0
4582 1870 23 40 1 0
4825 229 11 13 1 0
1777 67 11 13 1 0
40 1577 23 40 1 0
810 1579 23 40 1 0
633 1078 16 21 1 0
4439 170 11 13 1 0
1162 151 11 13 1 0
4718 1375 23 40 1 0
4434 1828 23 40 1 0
3431 1227 19 30 1 0
4450 35 11 13 1 0
979 2544 45 55 1 0
850 1310 23 40 1 0
1741 492 11 13 1 0
911 2351 45 55 1 0
1022 882 16 21 1 0
2273 993 16 21 1 0
2324 389 11 13 1 0
2840 248 11 13 1 0
4186 165 11 13 1 0
1699 683 11 13 1 0
2173 552 11 13 1 0
4563 460 11 13 1 0
4011 148 11 13 1 0
4504 1274 23 40 1 0
799 1490 23 40 1 0
1201 100 11 13 1 0
449 2715 45 55 1 0
4646 157 11 13 1 0
4760 167 11 13 1 0
1527 139 11 13 1 0
2563 1295 23 40 1 0
2613 1942 23 40 1 0
3962 2656 45 55 1 0
2737 1780 23 40 1 0
576 2193 45 55 1 0
4112 1959 23 40 1 0
3137 1663 23 40 1 0
2907 2267 45 55 1 0
927 456 11 13 1 0
1806 1174 16 21 1 0
4132 481 11 13 1 0
4478 141 11 13 1 0
3133 933 16 21 1 0
646 1564 23 40 1 0
4349 2771 45 55 1 0
3936 153 11 13 1 0
3152 20 11 13 1 0
542 2164 45 55 1 0
1836 54 11 13 1 0
2608 164 11 13 1 0
2015 954 16 21 1 0
404 175 11 13 1 0
2147 1770 23 40 1 0
1585 1128 16 21 1 0
1324 194 11 13 1 0
2049 1691 23 40 1 0
2507 392 11 13 1 0
721 652 11 13 1 0
3819 910 16 21 1 0
474 1196 19 30 1 0
1776 1110 16 21 1 0
302 2452 45 55 1 0
3997 298 11 13 1 0
622 57 11 13 1 0
2238 328 11 13 1 0
2641 385 11 13 1 0
3216 177 11 13 1 0
1929 518 11 13 1 0
1930 660 11 13 1 0
2113 615 11 13 1 0
867 318 11 13 1 0
703 1856 23 40 1 0
394 1919 23 40 1 0
1078 1112 16 21 1 0
187 329 11 13 1 0
3041 426 16 21 1 0
3907 305 11 13 1 0
4847 109 11 13 1 0
4 1364 23 40 1 0
3679 1631 23 40 1 0
4106 235 11 13 1 0
408 2845 45 55 1 0
4650 65 11 13 1 0
2620 1248 23 40 1 0
1500 150 11 13 1 0
3403 2660 45 55 1 0
1442 2246 45 55 1 0
4350 177 11 13 1 0
4661 858 16 21 1 0
4243 43 11 13 1 0
3102 2098 45 55 1 0
4373 189 11 13 1 0
3892 150 11 13 1 0
2512 744 16 21 1 0
2370 1947 23 40 1 0
3326 2727 45 55 1 0
3319 2325 45 55 1 0
3152 486 16 21 1 0
2618 1334 23 40 1 0
116 2752 45 55 1 0
1287 156 11 13 1 0
4422 365 11 13 1 0
30 370 11 13 1 0
2300 1637 23 40 1 0
2251 919 16 21 1 0
2791 1897 23 40 1 0
1313 2245 45 55 1 0
3551 221 11 13 1 0
3400 1655 23 40 1 0
178 1188 16 21 1 0
2299 2868 45 55 1 0
1378 2079 45 55 1 0
3734 990 16 21 1 0
2359 1004 16 21 1 0
1623 2323 45 55 1 0
78 350 11 13 1 0
2737 1265 23 40 1 0
1187 127 11 13 1 0
4758 50 11 13 1 0
2288 423 11 13 1 0
655 1859 23 40 1 0
2178 295 11 13 1 0
4096 461 11 13 1 0
4149 1502 23 40 1 0
3995 622 11 13 1 0
4558 211 11 13 1 0
4598 40 11 13 1 0
2282 383 11 13 1 0
303 2175 45 55 1 0
1913 2702 45 55 1 0
2503 1157 16 21 1 0
4197 179 11 13 1 0
2912 2117 45 55 1 0
4377 2870 45 55 1 0
3360 46 11 13 1 0
1561 243 11 13 1 0
1816 338 11 13 1 0
1250 1319 23 40 1 0
4285 865 16 21 1 0
1290 1321 23 40 1 0
2473 999 16 21 1 0
2144 940 16 21 1 0
110 1540 23 40 1 0
456 2912 45 55 1 0
2292 1095 16 21 1 0
754 460 11 13 1 0
1680 2303 45 55 1 0
1578 738 16 21 1 0
3377 305 11 13 1 0
4055 1019 16 21 1 0
557 216 11 13 1 0
1069 90 11 13 1 0
2819 714 16 21 1 0
3529 2579 45 55 1 0
1252 393 11 13 1 0
4055 1270 23 40 1 0
2161 82 11 13 1 0
381 1378 23 40 1 0
4029 1173 16 21 1 0
1529 1063 16 21 1 0
3260 1893 23 40 1 0
4325 2618 45 55 1 0
483 2194 45 55 1 0
2729 1234 23 40 1 0
3750 1716 23 40 1 0
1170 962 16 21 1 0
4719 2369 45 55 1 0
1620 112 11 13 1 0
1119 277 11 13 1 0
3970 226 11 13 1 0
206 63 11 13 1 0
1840 1448 23 40 1 0
342 53 11 13 1 0
3518 332 11 13 1 0
1731 308 11 13 1 0
4680 28 11 13 1 0
3139 2544 45 55 1 0
124 159 11 13 1 0
3834 2886 45 55 1 0
4412 953 16 21 1 0
3581 1704 23 40 1 0
913 1981 23 40 1 0
309 271 11 13 1 0
1985 1155 16 21 1 0
4851 845 16 21 1 0
2350 64 11 13 1 0
858 222 11 13 1 0
439 135 11 13 1 0
2427 471 11 13 1 0
1696 1182 16 21 1 0
4379 1194 19 30 1 0
2208 1399 23 40 1 0
1568 619 11 13 1 0
4326 2051 45 55 1 0
1736 1307 23 40 1 0
2890 375 12 15 1 0
2358 765 16 21 1 0
4721 216 11 13 1 0
36 958 16 21 1 0
156 627 11 13 1 0
346 1173 16 21 1 0
1213 149 11 13 1 0
4246 2487 45 55 1 0
2448 1204 17 25 1 0
1265 1234 23 40 1 0
453 132 11 13 1 0
1306 281 11 13 1 0
422 1257 23 40 1 0
4029 854 16 21 1 0
2944 899 16 21 1 0
4342 259 11 13 1 0
2003 1111 16 21 1 0
2650 914 16 21 1 0
608 2688 45 55 1 0
896 112 11 13 1 0
3242 20 11 13 1 0
4531 165 11 13 1 0
3720 246 11 13 1 0
4858 2478 45 55 1 0
1869 339 11 13 1 0
2335 1810 23 40 1 0
1664 275 11 13 1 0
3028 40 11 13 1 0
2168 1128 16 21 1 0
4626 1228 23 40 1 0
179 1552 23 40 1 0
1269 1734 23 40 1 0
1840 142 11 13 1 0
1184 276 11 13 1 0
1679 1489 23 40 1 0
3895 48 11 13 1 0
598 155 11 13 1 0
4243 2536 45 55 1 0
1632 1785 23 40 1 0
4637 1926 23 40 1 0
2374 2621 45 55 1 0
2127 925 16 21 1 0
2447 567 11 13 1 0
748 700 12 15 1 0
454 767 16 21 1 0
4306 1094 16 21 1 0
4518 47 11 13 1 0
1609 1166 16 21 1 0
1334 1262 23 40 1 0
1765 997 16 21 1 0
2325 480 11 13 1 0
1505 1436 23 40 1 0
1950 543 11 13 1 0
3460 2263 45 55 1 0
4167 1410 23 40 1 0
2034 2683 45 55 1 0
4559 1180 16 21 1 0
457 2298 45 55 1 0
984 1602 23 40 1 0
3424 1152 16 21 1 0
1766 963 16 21 1 0
4323 48 11 13 1 0
4108 11 11 13 1 0
608 2818 45 55 1 0
1637 935 16 21 1 0
583 1281 23 40 1 0
89 2059 45 55 1 0
1879 2184 45 55 1 0
2578 1953 23 40 1 0
22 2311 45 55 1 0
1777 1031 16 21 1 0
1194 26 11 13 1 0
1640 1692 23 40 1 0
1581 266 11 13 1 0
1172 81 11 13 1 0
1441 224 11 13 1 0
1159 1769 23 40 1 0
362 281 11 13 1 0
