792 269 7 7 1 1
96 388 32 31 1 0
858 384 20 19 1 0
755 297 7 7 1 1
648 338 9 7 1 1
702 359 9 7 1 0
749 348 9 7 1 0
696 318 7 7 1 1
794 356 9 7 1 0
668 324 9 7 1 1
522 367 20 19 1 0
801 349 9 7 1 0
799 337 9 7 1 1
753 319 7 7 1 1
433 382 17 16 1 0
792 383 20 19 1 0
774 315 7 7 1 1
467 388 20 19 1 0
787 270 7 7 1 1
737 260 7 7 1 1
728 270 7 7 1 1
707 317 7 7 1 1
740 274 7 7 1 1
739 341 9 7 1 1
753 274 7 7 1 1
549 394 20 19 1 0
827 339 9 7 1 1
147 396 14 16 1 0
811 317 7 7 1 1
586 359 20 19 1 0
396 376 17 16 1 0
791 295 7 7 1 1
729 350 9 7 1 0
724 279 7 7 1 1
719 321 7 7 1 1
496 377 20 19 1 0
507 373 20 19 1 0
776 292 7 7 1 1
848 374 20 19 1 0
731 317 7 7 1 1
799 304 7 7 1 1
789 321 7 7 1 1
794 346 9 7 1 0
27 371 32 31 1 0
735 296 7 7 1 1
673 364 9 7 1 0
766 293 7 7 1 1
769 321 7 7 1 1
808 355 9 7 1 0
797 301 7 7 1 1
726 296 7 7 1 1
793 282 7 7 1 1
699 325 9 7 1 1
737 248 7 7 1 1
778 276 7 7 1 1
282 450 53 59 1 0
745 289 7 7 1 1
775 270 7 7 1 1
780 262 7 7 1 1
685 346 9 7 1 0
750 266 7 7 1 1
721 372 20 19 1 0
832 353 9 7 1 0
718 339 9 7 1 1
764 262 7 7 1 1
787 289 7 7 1 1
728 313 7 7 1 1
658 362 9 7 1 0
783 300 7 7 1 1
748 256 7 7 1 1
753 284 7 7 1 1
607 356 9 7 1 0
775 344 9 7 1 1
710 339 9 7 1 1
747 306 7 7 1 1
352 367 17 16 1 0
219 428 53 59 1 0
328 386 17 16 1 0
649 352 9 7 1 0
737 285 7 7 1 1
653 344 9 7 1 1
759 357 9 7 1 0
739 264 7 7 1 1
777 337 9 7 1 1
764 268 7 7 1 1
568 355 20 19 1 0
836 332 9 7 1 1
688 338 9 7 1 1
454 383 20 19 1 0
777 358 9 7 1 0
794 320 7 7 1 1
805 274 7 7 1 1
763 250 7 7 1 1
599 359 9 7 1 0
716 324 9 7 1 1
671 365 9 7 1 0
794 305 7 7 1 1
773 296 7 7 1 1
787 282 7 7 1 1
758 314 7 7 1 1
759 284 7 7 1 1
286 387 17 16 1 0
691 325 9 7 1 1
501 394 20 19 1 0
699 304 7 7 1 1
757 332 9 7 1 1
757 243 7 7 1 1
687 306 7 7 1 1
368 385 17 16 1 0
767 276 7 7 1 1
551 371 20 19 1 0
616 364 9 7 1 0
768 284 7 7 1 1
800 365 9 7 1 0
625 358 9 7 1 0
505 383 20 19 1 0
952 485 75 79 1 0
590 370 20 19 1 0
775 258 7 7 1 1
759 302 7 7 1 1
759 258 7 7 1 1
820 330 9 7 1 1
662 320 9 7 1 1
818 292 7 7 1 1
414 413 17 16 1 0
736 321 7 7 1 1
560 379 20 19 1 0
802 317 7 7 1 1
745 245 7 7 1 1
712 305 7 7 1 1
187 400 14 16 1 0
260 394 17 16 1 0
209 395 53 59 1 0
480 375 20 19 1 0
733 386 20 19 1 0
636 373 20 19 1 0
