360 1062 143 158 2 0
2785 1616 273 348 1 0
830 1428 241 243 1 0
940 1282 241 243 1 0
2161 822 75 69 1 0
884 1136 143 158 1 0
2742 996 143 158 1 0
1850 971 116 130 2 0
1353 699 132 143 1 0
2460 1561 241 243 2 0
2760 1408 241 243 2 0
283 957 143 158 2 0
1938 1115 143 158 2 0
2117 1461 241 243 2 0
2439 1175 143 158 1 0
1975 1174 143 158 2 0
1454 1784 273 348 1 0
1964 956 75 69 1 0
2748 770 45 47 1 0
2895 842 75 69 1 0
1040 1007 143 158 2 0
1105 1354 241 243 2 0
2347 1007 143 158 2 0
2832 976 75 69 1 0
57 1786 273 348 2 0
1892 1034 143 158 1 0
2785 855 75 69 2 0
1038 1054 143 158 2 0
2101 1046 143 158 2 0
613 1253 241 243 2 0
143 1177 143 158 2 0
1283 1370 241 243 2 0
2814 824 75 69 1 0
753 1152 143 158 1 0
2085 1020 143 158 2 0
784 1039 143 158 1 0
2420 845 75 69 1 0
2276 1155 143 158 1 0
2868 804 45 47 1 0
2752 1850 273 348 1 0
1032 959 80 100 2 0
557 1579 273 348 1 0
2555 1256 241 243 1 0
664 1232 241 243 2 0
2591 855 75 69 1 0
2526 1533 241 243 2 0
2521 942 75 69 1 0
1677 863 173 227 1 0
2307 1424 241 243 2 0
2322 1024 143 158 2 0
2746 810 75 69 1 0
2924 1191 150 157 1 0
304 1037 143 158 2 0
2340 1303 241 243 2 0
2964 881 75 69 2 0
2077 915 75 69 1 0
2646 866 75 69 1 0
1779 1905 273 348 1 0
1875 918 133 153 2 0
2364 907 75 69 1 0
2448 1396 241 243 2 0
2486 1482 241 243 2 0
265 992 143 158 2 0
2360 956 75 69 1 0
2907 750 45 47 1 0
2648 1067 143 158 1 0
2202 1209 143 158 1 0
1375 1193 143 158 1 0
1951 1487 241 243 1 0
2862 774 45 47 1 0
72 1641 273 348 2 0
2689 939 75 69 1 0
213 1178 143 158 2 0
113 1150 143 158 2 0
1194 1029 143 158 2 0
537 1056 143 158 1 0
2250 776 45 47 1 0
1837 1721 273 348 1 0
1831 1434 241 243 1 0
2275 1620 273 348 1 0
2159 900 75 69 1 0
147 1319 241 243 1 0
2378 868 75 69 1 0
2102 978 75 69 1 0
1206 1095 143 158 2 0
2799 1309 241 243 2 0
1092 1026 143 158 2 0
1102 1096 143 158 2 0
2850 897 75 69 1 0
854 899 80 100 1 0
1064 966 80 100 2 0
2573 969 75 69 1 0
2689 1203 143 158 1 0
2536 1120 143 158 1 0
2904 1467 241 243 1 0
2766 749 45 47 1 0
1143 1233 241 243 2 0
635 1820 273 348 1 0
1364 1432 241 243 2 0
2822 1207 143 158 1 0
2754 864 75 69 2 0
2822 749 45 47 1 0
972 1571 273 348 1 0
311 1195 143 158 1 0
2123 1329 241 243 2 0
56 1185 167 179 2 0
2995 881 75 69 2 0
