265 250 10 12 1 0
490 230 10 12 1 0
613 241 10 12 1 0
615 464 27 31 1 0
628 247 10 12 1 0
156 412 27 31 1 0
675 272 15 20 1 0
115 406 19 23 1 0
262 390 19 23 1 0
472 424 27 31 1 0
343 440 27 31 1 0
512 416 27 31 1 0
644 265 15 20 1 0
613 183 7 8 1 1
677 260 15 20 1 0
173 245 10 12 1 0
471 385 19 23 1 0
263 463 27 31 1 0
434 413 27 31 1 0
508 458 27 31 1 0
309 274 15 20 2 0
576 234 10 12 1 0
716 405 19 23 1 0
571 245 10 12 1 0
248 336 19 23 1 0
347 253 10 12 1 0
42 257 15 20 1 0
559 231 10 12 1 0
217 375 19 23 1 0
127 369 19 23 1 0
535 401 19 23 1 0
647 286 15 20 1 0
274 409 27 31 1 0
184 300 17 20 1 0
301 294 17 20 1 0
64 399 19 23 1 0
637 247 10 12 1 0
511 245 10 12 1 0
748 248 11 14 1 0
405 204 7 8 1 1
501 366 19 23 1 0
198 346 19 23 1 0
235 391 19 23 1 0
584 437 27 31 1 0
127 422 27 31 1 0
376 318 17 20 1 0
711 228 10 12 1 0
319 277 15 20 1 0
259 308 17 20 1 0
496 390 19 23 1 0
340 466 27 31 1 0
699 271 15 20 1 0
604 217 7 8 1 1
285 286 15 20 2 0
148 268 15 20 1 0
654 270 15 20 1 0
42 369 19 23 1 0
735 244 12 16 1 0
656 208 7 8 1 1
319 199 7 8 1 1
177 377 19 23 1 0
720 240 10 12 1 0
345 265 15 20 1 0
668 283 15 20 1 0
280 354 19 23 1 0
163 323 17 20 1 0
633 320 17 20 1 0
214 422 27 31 1 0
284 439 27 31 1 0
170 343 19 23 1 0
271 256 15 20 1 0
547 229 10 12 1 0
728 266 15 20 1 0
186 420 27 31 1 0
9 469 21 25 1 0
134 444 27 31 1 0
153 473 27 31 1 0
93 355 19 23 1 0
628 259 15 20 1 0
302 273 15 20 2 0
457 316 17 20 1 0
262 284 15 20 1 0
586 255 12 16 1 0
276 228 10 12 1 0
31 426 27 31 1 0
476 325 17 20 1 0
710 239 10 12 1 0
452 395 19 23 1 0
372 288 17 20 1 0
349 322 17 20 1 0
570 264 15 20 1 0
374 445 27 31 1 0
63 261 15 20 1 0
518 229 10 12 1 0
532 242 10 12 1 0
698 256 15 20 1 0
619 258 15 20 1 0
475 276 15 20 1 0
646 441 27 31 1 0
211 396 19 23 1 0
437 450 27 31 1 0
288 295 17 20 2 0
199 230 10 12 1 0
712 256 15 20 1 0
233 209 7 8 1 1
639 216 7 8 1 1
118 253 10 12 1 0
77 373 19 23 1 0
413 265 15 20 1 0
32 363 19 23 1 0
467 357 19 23 1 0
594 231 10 12 1 0
178 468 27 31 1 0
566 276 15 20 1 0
208 463 27 31 1 0
225 475 27 31 1 0
355 195 7 8 1 1
298 319 17 20 1 0
111 364 19 23 1 0
187 237 10 12 1 0
366 306 17 20 1 0
285 176 7 8 1 1
169 264 15 20 1 0
755 266 12 16 1 0
512 275 15 20 1 0
695 240 10 12 1 0
290 183 7 8 1 1
440 264 15 20 1 0
580 302 17 20 1 0
324 292 17 20 1 0
373 208 7 8 1 1
63 455 27 31 1 0
748 405 19 23 1 0
508 225 10 12 1 0
399 460 27 31 1 0
527 452 27 31 1 0
435 476 27 31 1 0
358 331 19 23 1 0
169 358 19 23 1 0
475 468 27 31 1 0
40 394 19 23 1 0
