227 635 17 18 1 0
1165 694 17 21 1 0
1075 697 17 21 1 0
1051 580 14 17 1 0
896 237 0 1 1 0
527 652 16 22 1 0
306 59 17 17 1 0
244 549 17 18 1 0
813 467 14 23 1 0
77 537 17 18 1 0
785 461 14 23 1 0
469 137 17 17 1 0
498 645 16 22 1 0
617 427 14 23 1 0
588 615 16 22 1 0
356 450 10 11 1 0
1039 581 14 17 1 0
416 623 16 22 1 0
966 521 14 17 1 0
36 707 16 22 1 0
670 664 16 22 1 0
992 526 14 17 1 0
519 58 17 17 1 0
525 488 14 23 1 0
440 132 17 17 1 0
828 411 7 8 1 0
1058 571 14 17 1 0
549 445 14 23 1 0
1018 528 14 17 1 0
871 638 17 21 1 0
94 540 17 18 1 0
1021 587 14 17 1 0
953 686 17 21 1 0
375 431 10 11 1 0
311 699 29 41 1 0
318 432 10 11 1 0
775 468 14 23 1 0
462 508 14 23 1 0
561 616 16 22 1 0
918 528 14 17 1 0
330 432 10 11 1 0
514 147 17 17 1 0
747 527 14 23 1 0
667 77 17 17 1 0
1059 685 17 21 1 0
1007 531 14 17 1 0
555 73 17 17 1 0
402 716 29 41 1 0
956 575 14 17 1 0
1088 694 17 21 1 0
