73 408 53 53 1 0
662 825 62 73 1 0
925 584 53 53 1 0
208 822 62 73 1 0
875 822 62 73 1 0
602 586 53 53 1 0
934 423 53 53 1 0
619 242 32 37 2 0
1659 314 41 54 1 0
309 1064 65 66 1 0
891 1076 95 58 1 0
1 294 22 22 1 0
888 10 32 37 1 0
482 832 62 73 1 0
798 8 32 37 1 0
940 965 65 66 1 0
364 372 40 47 1 0
691 73 32 37 1 0
676 537 53 53 1 0
763 62 32 37 1 0
372 86 32 37 1 0
1381 688 62 73 1 0
1855 387 41 54 1 0
1102 51 32 37 1 0
155 438 53 53 1 0
594 380 40 47 1 0
1881 500 56 54 1 0
803 591 53 53 1 0
1091 684 62 73 1 0
584 172 32 37 1 0
651 434 53 53 1 0
644 254 40 47 1 0
1009 10 32 37 1 0
1567 320 41 54 1 0
918 180 32 37 1 0
714 236 32 37 1 0
689 350 40 47 1 0
1224 417 53 53 1 0
1048 1066 95 58 1 0
52 154 32 37 1 0
26 958 65 66 1 0
208 107 32 37 1 0
353 936 65 66 1 0
496 739 62 73 1 0
1044 31 32 37 1 0
80 266 40 47 1 0
992 715 62 73 1 0
1911 337 41 54 1 0
1538 37 31 41 1 0
246 298 40 47 1 0
1655 1049 65 66 1 0
705 158 32 37 1 0
839 912 65 66 1 0
529 290 40 47 1 0
1439 1033 65 66 1 0
154 988 65 66 1 0
1162 580 53 53 1 0
1227 71 32 37 1 0
1412 392 41 54 1 0
1892 179 31 41 1 0
527 521 53 53 1 0
63 500 53 53 1 0
979 83 32 37 1 0
1520 400 41 54 1 0
797 481 53 53 1 0
1157 260 40 47 1 0
1364 74 32 37 1 0
195 156 32 37 1 0
912 270 40 47 1 0
450 193 32 37 1 0
606 79 32 37 1 0
1288 313 40 47 1 0
77 138 32 37 1 0
0 461 22 22 1 0
385 15 32 37 1 0
169 254 40 47 1 0
326 1 31 44 1 0
724 50 32 37 1 0
705 6 37 29 1 0
186 66 32 37 1 0
1591 576 56 54 1 0
147 716 55 40 1 0
551 123 32 37 1 0
1036 814 62 73 1 0
1429 556 56 54 1 0
64 5 37 29 1 0
340 58 32 37 1 0
720 23 32 37 1 0
311 791 62 73 1 0
127 103 32 37 1 0
445 602 44 53 1 0
1022 550 53 53 1 0
330 215 32 37 1 0
1134 25 32 37 1 0
1449 63 32 37 1 0
264 0 31 44 1 0
1510 449 56 54 1 0
62 603 44 53 1 0
546 602 44 53 1 0
848 47 32 37 1 0
1040 78 32 37 1 0
928 122 32 37 1 0
554 88 32 37 1 0
513 682 44 53 1 0
857 461 53 53 1 0
954 1073 95 58 1 0
818 686 44 53 1 0
1303 279 40 47 1 0
139 656 44 53 1 0
738 745 62 73 1 0
897 409 53 53 1 0
515 133 32 37 1 0
538 37 32 37 1 0
1299 482 53 53 1 0
367 735 55 40 1 0
1640 25 31 41 1 0
479 74 32 37 1 0
20 544 64 59 1 0
832 100 32 37 1 0
341 418 53 53 1 0
1762 959 65 66 1 0
1212 10 32 37 1 0
19 824 55 44 1 0
237 461 53 53 1 0
12 122 37 29 1 0
273 253 40 47 1 0
233 22 32 37 1 0
587 432 53 53 1 0
1503 122 32 37 1 0
119 540 53 53 1 0
1739 506 56 54 1 0
1309 119 32 37 1 0
825 281 40 47 1 0
904 116 32 37 1 0
1386 263 41 54 1 0
509 14 32 37 1 0
1477 52 32 37 1 0
598 682 44 53 1 0
20 1075 95 58 1 0
637 594 53 53 1 0
531 413 53 53 1 0
1481 297 41 54 1 0
1387 496 53 53 1 0
1059 514 53 53 1 0
1692 134 31 41 1 0
1696 80 31 41 1 0
98 98 32 37 1 0
1671 734 62 73 1 0
539 180 32 37 1 0
1226 686 62 73 1 0
319 558 53 53 1 0
478 42 32 37 1 0
809 1060 65 66 1 0
1006 321 40 47 1 0
1161 416 53 53 1 0
268 109 32 37 1 0
1042 267 40 47 1 0
251 706 44 53 1 0
1804 268 41 54 1 0
270 188 32 37 1 0
301 140 32 37 1 0
59 551 53 53 1 0
174 919 65 66 1 0
1546 592 56 54 1 0
444 19 32 37 1 0
73 323 40 47 1 0
605 243 32 37 2 0
1618 894 65 66 1 0
406 1023 65 66 1 0
733 332 40 47 1 0
18 33 32 37 1 0
861 345 40 47 1 0
300 684 44 53 1 0
444 393 53 53 1 0
790 177 32 37 1 0
435 248 32 37 1 0
35 477 53 53 1 0
1153 877 55 44 1 0
741 15 32 37 1 0
1448 312 41 54 1 0
271 142 32 37 1 0
1915 76 31 41 1 0
1270 826 62 73 1 0
731 442 53 53 1 0
128 391 53 53 1 0
989 133 32 37 1 0
215 48 32 37 1 0
1785 690 62 73 1 0
1214 1071 95 58 1 0
814 324 40 47 1 0
237 535 53 53 1 0
1741 244 41 54 1 0
1639 489 56 54 1 0
1800 60 31 41 1 0
245 932 65 66 1 0
1055 321 40 47 1 0
1069 58 32 37 1 0
391 621 44 53 1 0
410 72 32 37 1 0
136 190 32 37 1 0
637 698 44 53 1 0
1288 69 32 37 1 0
616 945 65 66 1 0
1279 940 65 66 1 0
433 126 32 37 1 0
924 519 53 53 1 0
787 277 40 47 1 0
1562 224 31 41 1 0
38 210 32 37 1 0
1040 412 53 53 1 0
661 650 44 53 1 0
505 926 65 66 1 0
932 723 62 73 1 0
1217 567 53 53 1 0
1183 188 32 37 1 0
1795 128 31 41 1 0
574 10 32 37 1 0
67 741 55 40 1 0
98 843 62 73 1 0
162 324 40 47 1 0
511 385 53 53 1 0
253 86 32 37 1 0
713 282 40 47 1 0
991 46 32 37 1 0
883 218 32 37 1 0
1381 33 32 37 1 0
1130 65 32 37 1 0
1396 113 32 37 1 0
1874 26 31 41 1 0
1087 137 32 37 1 0
331 615 44 53 1 0
424 296 40 47 1 0
1465 0 31 44 1 0
1570 384 41 54 1 0
387 527 53 53 1 0
1344 562 53 53 1 0
736 629 44 53 1 0
1080 209 32 37 1 0
1109 949 65 66 1 0
281 637 44 53 1 0
857 159 32 37 1 0
759 155 32 37 1 0
760 824 62 73 1 0
1179 132 32 37 1 0
944 40 32 37 1 0
1807 470 56 54 1 0
184 196 32 37 1 0
332 315 40 47 1 0
1342 469 53 53 1 0
1780 790 62 73 1 0
1465 231 32 37 1 0
596 534 53 53 1 0
1604 103 31 41 1 0
1725 0 31 44 1 0
995 178 32 37 1 0
1224 830 62 73 1 0
1289 6 37 29 1 0
1178 497 53 53 1 0
34 715 44 53 1 0
1370 183 32 37 1 0
382 207 32 37 1 0
639 176 32 37 1 0
1224 609 64 59 1 0
760 102 32 37 1 0
621 120 32 37 1 0
1169 0 31 44 1 0
91 448 53 53 1 0
347 834 62 73 1 0
1408 1078 95 58 1 0
1863 163 31 41 1 0
632 73 32 37 1 0
1427 897 65 66 1 0
1246 276 40 47 1 0
1815 198 31 41 1 0
1540 731 62 73 1 0
486 236 32 37 1 0
655 5 37 29 1 0
1173 326 40 47 1 0
971 17 32 37 1 0
