572 80 27 28 1 0
1802 574 28 40 1 0
382 141 24 28 1 0
1194 279 20 31 1 0
731 593 33 44 1 0
35 469 1 1 1 0
1464 586 28 40 1 0
1837 439 22 33 1 0
876 669 33 44 1 0
1196 419 20 31 1 0
1659 697 28 40 1 0
593 231 29 40 1 0
142 420 24 28 1 0
882 66 27 28 1 0
171 243 24 28 1 0
318 89 27 28 1 0
1439 1309 32 42 1 0
757 89 27 28 1 0
1851 399 22 33 1 0
1087 352 20 31 1 0
1459 665 28 40 1 0
1032 641 33 44 1 0
582 498 33 44 1 0
1909 460 22 33 1 0
949 343 20 31 1 0
1208 96 23 26 1 0
1381 632 28 40 1 0
1892 118 22 33 1 0
1958 363 22 33 1 0
1174 652 28 40 1 0
278 183 24 28 1 0
1733 89 23 26 1 0
1537 1082 35 47 1 0
375 169 24 28 1 0
721 442 33 44 1 0
1175 206 20 31 1 0
729 392 31 42 1 0
1183 50 23 26 1 0
486 5 27 28 1 0
954 0 24 26 1 0
1342 295 29 35 1 0
1596 478 29 35 1 0
1695 110 23 26 1 0
67 647 1 1 1 0
798 400 30 41 1 0
1077 302 20 31 1 0
37 634 1 1 1 0
1839 1005 35 47 1 0
1481 201 29 35 1 0
1854 223 22 33 1 0
1446 157 29 35 1 0
785 472 33 44 1 0
576 29 27 28 1 0
1756 706 28 40 1 0
1415 1047 32 42 1 0
1009 15 23 26 1 0
1992 483 25 36 1 0
1462 494 28 40 1 0
1574 276 29 35 1 0
582 410 33 44 1 0
335 175 24 28 1 0
244 214 24 28 1 0
710 142 29 40 1 0
537 35 27 28 1 0
1827 232 22 33 1 0
1660 221 29 35 1 0
1759 288 29 35 1 0
1770 129 22 33 1 0
1142 480 20 31 1 0
633 53 27 28 1 0
670 579 33 44 1 0
1475 311 29 35 1 0
1591 66 23 26 1 1
1024 206 20 31 1 0
1599 205 29 35 1 0
118 484 1 1 1 0
1886 821 35 47 1 0
1458 119 23 26 1 0
447 559 33 44 1 0
1874 503 28 40 1 0
1471 274 29 35 1 0
550 275 29 40 1 0
67 461 1 1 1 0
1638 616 28 40 1 0
699 319 29 40 1 0
1092 651 28 40 1 0
1541 451 29 35 1 0
1529 246 29 35 1 0
1713 1004 35 47 1 0
1259 332 20 31 1 0
819 65 27 28 1 0
1750 226 29 35 1 0
469 342 29 40 1 0
392 242 24 28 1 0
1306 276 29 35 1 0
510 601 33 44 1 0
447 284 26 34 1 0
1939 6 22 33 1 0
1270 225 20 31 1 0
876 403 28 39 1 0
884 285 26 37 1 0
790 312 29 40 1 0
1111 18 23 26 1 0
1143 306 20 31 1 0
1942 717 28 40 1 0
631 618 33 44 1 0
1395 508 28 40 1 0
502 501 33 44 1 0
445 9 27 28 1 0
393 422 33 44 1 0
843 145 29 40 1 0
1425 70 23 26 1 0
266 417 24 28 1 0
783 70 27 28 1 0
1606 987 35 47 1 0
1731 508 28 40 1 0
711 503 33 44 1 0
1601 436 29 35 1 0
1353 364 29 35 1 0
874 245 29 40 1 0
1021 860 25 32 1 0
400 329 24 28 1 0
875 149 29 40 1 0
627 415 33 44 1 0
1262 370 20 31 1 0
1534 672 28 40 1 0
545 173 29 40 1 0
836 296 29 40 1 0
1368 8 23 26 1 0
1375 51 23 26 1 0
438 96 27 28 1 0
423 614 33 44 1 0
8 614 1 1 1 0
845 384 29 40 1 0
1472 1076 32 42 1 0
717 53 27 28 1 0
1164 321 20 31 1 0
356 585 1 1 1 0
262 366 24 28 1 0
966 66 23 26 1 0
99 412 24 28 1 0
284 5 27 28 1 1
1144 278 20 31 1 0
1801 90 22 33 1 0
1718 609 28 40 1 0
1238 184 20 31 1 0
102 617 1 1 1 0
130 567 1 1 1 0
481 435 33 44 1 0
633 224 29 40 1 0
1454 468 29 35 1 0
879 360 29 40 1 0
1070 516 25 36 1 0
236 633 1 1 1 0
732 296 29 40 1 0
1800 740 28 40 1 0
1273 1123 32 42 1 0
612 337 29 40 1 0
1552 32 23 26 1 1
1084 182 20 31 1 0
1848 718 28 40 1 0
1037 418 33 44 1 0
543 543 33 44 1 0
1111 204 20 31 1 0
764 149 29 40 1 0
330 398 24 28 1 0
115 265 24 28 1 0
988 306 20 31 1 0
1087 76 23 26 1 0
1730 346 29 35 1 0
4 115 25 28 1 0
1950 463 22 33 1 0
1292 1241 32 42 1 0
1775 942 35 47 1 0
620 589 33 44 1 0
1228 64 23 26 1 0
1357 189 29 35 1 0
1628 18 23 26 1 1
1360 130 23 26 1 0
1177 1226 32 42 1 0
1655 12 23 26 1 1
711 624 33 44 1 0
1300 652 28 40 1 0
62 571 1 1 1 0
115 318 24 28 1 0
146 129 27 28 1 0
958 615 33 44 1 0
186 16 27 28 1 1
1778 510 28 40 1 0
1957 183 22 33 1 0
1983 134 22 33 1 0
1586 617 28 40 1 0
664 384 29 40 1 0
517 255 29 40 1 0
670 74 27 28 1 0
708 376 29 40 1 0
707 107 27 28 1 0
392 48 27 28 1 0
1379 705 28 40 1 0
150 491 1 1 1 0
1180 152 23 26 1 0
305 228 24 28 1 0
1592 177 29 35 1 0
430 420 33 44 1 0
1699 329 29 35 1 0
292 554 1 1 1 0
1901 924 35 47 1 0
376 610 1 1 1 0
970 498 33 44 1 0
539 612 33 44 1 0
1538 160 29 35 1 0
1210 311 20 31 1 0
236 310 24 28 1 0
1525 623 28 40 1 0
863 230 29 40 1 0
880 463 33 44 1 0
142 364 24 28 1 0
1261 122 23 26 1 0
429 347 24 28 1 0
364 353 24 28 1 0
1054 155 21 28 1 0
1208 231 20 31 1 0
753 494 33 44 1 0
1575 639 28 40 1 0
1995 687 28 40 1 0
1149 110 23 26 1 0
1905 190 22 33 1 0
1857 303 22 33 1 0
838 346 29 40 1 0
1920 223 22 33 1 0
1973 391 22 33 1 0
1933 176 22 33 1 0
316 587 1 1 1 0
963 213 20 31 1 0
631 514 33 44 1 0
504 183 29 40 1 0
493 104 27 28 1 0
1314 51 23 26 1 0
534 500 33 44 1 0
610 429 33 44 1 0
1017 73 23 26 1 0
1105 1188 32 42 1 0
1333 1074 32 42 1 0
1874 65 22 33 1 0
826 5 27 28 1 0
1541 217 29 35 1 0
759 24 27 28 1 0
28 684 1 1 1 0
1297 491 28 40 1 0
301 505 1 1 1 0
441 248 26 34 1 0
1579 1037 35 47 1 0
1323 1192 32 42 1 0
1209 1134 32 42 1 0
152 99 27 28 1 0
1458 16 23 26 1 0
828 436 33 44 1 0
174 410 24 28 1 0
527 844 25 32 1 0
561 141 29 40 1 0
1955 546 28 40 1 0
880 508 33 44 1 0
1279 258 22 32 1 0
1807 169 22 33 1 0
1228 371 20 31 1 0
1367 507 28 40 1 0
783 834 25 32 1 0
1515 326 29 35 1 0
1443 333 29 35 1 0
297 295 24 28 1 0
275 260 24 28 1 0
1931 632 28 40 1 0
1940 280 22 33 1 0
36 381 24 28 1 0
684 626 33 44 1 0
495 329 29 40 1 0
1358 320 29 35 1 0
1391 1136 32 42 1 0
480 158 29 40 1 0
326 532 1 1 1 0
1517 131 23 26 1 0
687 447 33 44 1 0
1583 655 28 40 1 0
1988 904 35 47 1 0
1240 326 20 31 1 0
652 462 33 44 1 0
1496 1025 35 47 1 0
1660 1022 35 47 1 0
491 389 29 40 1 0
1986 790 28 40 1 0
1401 421 29 35 1 0
1647 346 29 35 1 0
971 257 20 31 1 0
712 190 29 40 1 0
669 845 25 32 1 0
178 329 24 28 1 0
1014 276 20 31 1 0
1941 577 28 40 1 0
1730 291 29 35 1 0
264 595 1 1 1 0
980 328 20 31 1 0
1825 23 22 33 1 0
1333 131 23 26 1 0
1372 384 29 35 1 0
685 305 29 40 1 0
231 523 1 1 1 0
485 240 29 40 1 0
742 328 29 40 1 0
1265 556 28 40 1 0
823 609 33 44 1 0
873 14 27 28 1 0
1810 464 22 33 1 0
1484 394 29 35 1 0
1687 741 28 40 1 0
310 19 27 28 1 0
1387 105 23 26 1 0
1083 463 20 31 1 0
1409 1118 32 42 1 0
190 365 24 28 1 0
762 220 29 40 1 0
954 475 33 44 1 0
1365 251 29 35 1 0
220 427 24 28 1 0
1552 332 29 35 1 0
560 429 33 44 1 0
943 388 20 31 1 0
1932 838 35 47 1 0
1750 905 35 47 1 0
1163 367 20 31 1 0
576 616 33 44 1 0
1225 654 28 40 1 0
1902 331 22 33 1 0
1865 188 22 33 1 0
1985 256 22 33 1 0
1050 18 23 26 1 0
1685 572 28 40 1 0
808 323 29 40 1 0
1879 626 28 40 1 0
1427 385 29 35 1 0
810 98 27 28 1 0
1326 426 29 35 1 0
46 301 24 28 1 0
1617 538 28 40 1 0
229 385 24 28 1 0
1037 310 20 31 1 0
1636 117 23 26 1 0
1808 279 22 33 1 0
52 520 1 1 1 0
1399 231 29 35 1 0
1841 892 35 47 1 0
1137 419 20 31 1 0
510 533 33 44 1 0
11 410 12 14 1 0
619 361 29 40 1 0
1181 483 20 31 1 0
300 329 24 28 1 0
1510 72 23 26 1 1
909 585 33 44 1 0
1614 129 23 26 1 0
449 512 33 44 1 0
259 75 27 28 1 0
1305 575 28 40 1 0
1718 169 29 35 1 0
1916 20 22 33 1 0
415 533 33 44 1 0
1430 273 29 35 1 0
1657 173 29 35 1 0
1702 263 29 35 1 0
596 162 29 40 1 0
816 525 33 44 1 0
46 3 27 28 1 1
1994 852 35 47 1 0
1681 98 23 26 1 0
182 572 1 1 1 0
166 667 1 1 1 0
1937 55 22 33 1 0
1711 14 23 26 1 0
1480 437 29 35 1 0
1771 9 22 33 1 0
82 522 1 1 1 0
940 111 23 26 1 0
1156 546 28 40 1 0
268 9 27 28 1 1
906 355 20 31 1 0
1051 1196 32 42 1 0
1444 1013 35 47 1 0
200 582 1 1 1 0
196 117 27 28 1 0
1638 277 29 35 1 0
1825 397 22 33 1 0
349 18 27 28 1 0
445 157 27 28 1 0
354 490 1 1 1 0
1095 259 20 31 1 0
1793 350 22 33 1 0
1512 1210 32 43 1 0
1060 444 20 31 1 0
901 205 26 37 1 0
951 322 20 31 1 0
1255 427 20 31 1 0
