501 2561 25 28 1 0
1953 2946 25 28 1 0
1496 1199 19 26 1 0
2800 1396 25 30 1 0
1246 871 19 26 1 0
4184 2917 27 29 1 0
1531 1089 19 26 1 0
2838 881 16 26 1 0
1785 1476 25 30 1 0
3413 932 18 21 1 0
2949 980 16 26 1 0
4329 863 25 20 1 0
2647 968 16 26 1 0
2232 2745 25 28 1 0
1963 1667 25 30 1 0
4643 773 25 20 1 0
2253 2602 25 28 1 0
2469 1363 22 29 1 0
2208 2972 25 28 1 0
2142 1294 16 26 1 0
3578 1399 18 25 1 0
3334 1037 18 21 1 0
2045 1445 25 30 1 0
1637 2882 25 28 1 0
954 1501 18 20 1 0
3049 2631 27 29 1 0
2060 843 16 26 1 0
1910 1292 16 26 1 0
1590 1203 19 26 1 0
4252 974 25 20 1 0
46 2692 25 28 1 0
3703 861 18 21 1 0
2638 1139 16 26 1 0
495 1520 18 20 1 0
3624 918 18 21 1 0
4198 984 25 20 1 0
3570 1093 18 21 1 0
3989 1215 19 23 1 0
3995 1465 19 23 1 0
4164 1202 19 23 1 0
3995 1010 25 20 1 0
2276 925 16 26 1 0
2045 1521 25 30 1 0
4658 2862 27 29 1 0
4667 2982 27 29 1 0
1689 2946 25 28 1 0
2479 1486 25 30 1 0
4127 2605 27 29 1 0
1029 1199 19 26 1 0
1567 1670 18 20 1 0
1304 3112 25 28 1 0
4013 2673 27 29 1 0
787 1562 18 20 1 0
2582 1300 16 26 1 0
4024 1020 25 20 1 0
2410 2912 27 29 1 0
722 1522 18 20 1 0
1725 2654 25 28 1 0
1147 1376 18 20 1 0
1470 1056 19 26 1 0
3704 808 18 21 1 0
1590 2884 25 28 1 0
1240 1473 18 20 1 0
2104 2698 25 28 1 0
1688 1377 18 20 1 0
2511 1406 25 30 1 0
1472 2929 25 28 1 0
3499 854 18 21 1 0
2645 883 16 26 1 0
3962 1058 25 20 1 0
3200 1136 18 21 1 0
2176 2697 25 28 1 0
646 1400 18 20 1 0
2984 866 16 26 1 0
2840 1195 16 26 1 0
3723 829 18 21 1 0
3326 1544 18 25 1 0
4737 671 25 20 1 0
2255 1309 16 26 1 0
1907 3015 25 28 1 0
2117 841 16 26 1 0
1314 2781 25 28 1 0
4516 880 25 20 1 0
2406 2697 27 29 1 0
3450 2574 27 29 1 0
4110 2564 27 29 1 0
4185 2887 27 29 1 0
1876 2641 25 28 1 0
4183 1170 19 23 1 0
2775 1237 16 26 1 0
2570 1441 25 30 1 0
1571 946 19 26 1 0
1253 3112 25 28 1 0
4506 740 25 20 1 0
2533 1476 25 30 1 0
3156 773 16 24 1 0
3874 2606 27 29 1 0
2336 1115 16 26 1 0
1619 961 19 26 1 0
4011 892 25 20 1 0
4508 1409 19 23 1 0
3555 2786 27 29 1 0
1666 1557 18 20 1 0
2233 962 16 26 1 0
1501 1472 18 20 1 0
3134 833 16 26 1 0
2655 1342 18 27 1 0
1297 2634 25 28 1 0
4193 848 25 20 1 0
844 1445 18 20 1 0
4192 700 25 20 1 0
4660 1123 20 22 1 0
1295 2509 25 28 1 0
3134 2614 27 29 1 0
2027 1027 16 26 1 0
1786 1209 16 26 1 0
3179 905 18 21 1 0
1537 2815 25 28 1 0
3096 1234 16 26 1 0
4045 2595 27 29 1 0
3427 2888 27 29 1 0
4185 2611 27 29 1 0
1968 1521 25 30 1 0
3929 1449 18 25 1 0
4133 1114 22 21 1 0
3810 736 21 20 1 0
1692 1302 18 20 1 0
1052 875 19 26 1 0
2009 1656 25 30 1 0
4443 966 25 20 1 0
61 1709 18 20 1 0
3041 942 16 26 1 0
2495 2566 27 29 1 0
2213 1089 16 26 1 0
1541 3029 25 28 1 0
555 1302 18 20 1 0
4644 2646 27 29 1 0
1137 978 19 26 1 0
969 2794 25 28 1 0
1007 996 19 26 1 0
1380 1168 19 26 1 0
2780 1291 16 26 1 0
777 2914 25 28 1 0
1274 883 19 26 1 0
1887 2984 25 28 1 0
2022 992 16 26 1 0
1345 1106 19 26 1 0
4075 747 25 20 1 0
2462 2880 27 29 1 0
3256 2989 27 29 1 0
3611 2713 27 29 1 0
4055 1015 25 20 1 0
1618 3061 25 28 1 0
4119 1014 25 20 1 0
1766 1022 16 26 1 0
2133 2892 25 28 1 0
4042 2956 27 29 1 0
4144 836 25 20 1 0
2604 1182 16 26 1 0
262 2876 25 28 1 0
4130 813 25 20 1 0
4038 843 25 20 1 0
2283 2920 25 28 1 0
2089 930 16 26 1 0
767 1121 19 26 1 0
692 1321 18 20 1 0
500 1665 18 20 1 0
1399 1491 18 20 1 0
2061 1351 20 28 1 0
2129 1661 25 30 1 0
3999 725 25 20 1 0
2369 812 16 26 1 0
4166 1059 25 20 1 0
4707 2594 27 29 1 0
3482 921 18 21 1 0
1637 2921 25 28 1 0
2817 1162 16 26 1 0
174 1551 18 20 1 0
4721 2903 27 29 1 0
3632 2634 27 29 1 0
2082 2770 25 28 1 0
1437 1640 18 20 1 0
373 1495 18 20 1 0
3756 805 18 21 1 0
2338 983 16 26 1 0
2957 1290 16 26 1 0
3903 1518 18 25 1 0
2564 963 16 26 1 0
3681 1345 18 21 1 0
3589 1475 18 25 1 0
2619 1358 20 28 1 0
1610 2645 25 28 1 0
3521 956 18 21 1 0
2148 2629 25 28 1 0
2892 1011 16 26 1 0
3625 2853 27 29 1 0
976 1217 19 26 1 0
1870 2675 25 28 1 0
1511 2743 25 28 1 0
1307 1125 19 26 1 0
2745 966 16 26 1 0
2788 992 16 26 1 0
219 1457 18 20 1 0
3639 832 18 21 1 0
3023 2603 27 29 1 0
1882 2753 25 28 1 0
1931 2981 25 28 1 0
1614 905 19 26 1 0
2450 2638 27 29 1 0
2568 1350 20 28 1 0
2483 1437 25 30 1 0
4391 856 25 20 1 0
1778 2783 25 28 1 0
3502 2981 27 29 1 0
1886 1618 25 30 1 0
1556 1175 19 26 1 0
3264 1035 18 21 1 0
2237 1243 16 26 1 0
754 1560 18 20 1 0
4735 2562 27 29 1 0
249 2703 25 28 1 0
915 1425 18 20 1 0
2544 2624 27 29 1 0
2889 1334 16 26 1 0
4559 923 25 20 1 0
3370 1401 18 25 1 0
2781 1051 16 26 1 0
1629 2565 25 28 1 0
2255 881 16 26 1 0
3954 2550 27 29 1 0
1820 1456 25 30 1 0
1332 1471 18 20 1 0
1630 1023 19 26 1 0
1713 2814 25 28 1 0
3401 979 18 21 1 0
3115 2562 27 29 1 0
857 2893 25 28 1 0
3302 1036 18 21 1 0
1205 2993 25 28 1 0
2277 2651 25 28 1 0
4305 986 25 20 1 0
1784 1668 25 30 1 0
4156 2726 27 29 1 0
4317 2619 27 29 1 0
2137 2814 25 28 1 0
1098 1418 18 20 1 0
2567 828 16 26 1 0
3035 1509 18 25 1 0
3979 924 25 20 1 0
3425 1397 18 25 1 0
912 1147 19 26 1 0
1057 1035 19 26 1 0
2893 1370 20 28 1 0
426 1452 18 20 1 0
178 1496 18 20 1 0
699 1527 18 20 1 0
1089 1287 18 20 1 0
3020 3091 27 29 1 0
3650 2949 27 29 1 0
2307 2980 25 28 1 0
2222 877 16 26 1 0
2165 1119 16 26 1 0
3433 2822 27 29 1 0
1938 1423 25 30 1 0
1371 3058 25 28 1 0
3320 901 18 21 1 0
2688 1652 25 30 1 0
3051 785 16 26 1 0
4307 857 25 20 1 0
3108 1505 18 25 1 0
2740 1401 25 30 1 0
1970 1339 16 26 1 0
1145 1016 19 26 1 0
607 1527 18 20 1 0
4532 1150 19 23 1 0
274 2953 25 28 1 0
1669 1675 18 20 1 0
3573 2554 27 29 1 0
1991 1461 25 30 1 0
3477 881 18 21 1 0
831 1555 18 20 1 0
4257 918 25 20 1 0
3805 1378 18 25 1 0
506 1138 19 26 1 0
872 1491 18 20 1 0
4676 1148 19 23 1 0
779 1470 18 20 1 0
4115 2748 27 29 1 0
1901 2660 25 28 1 0
4225 2774 27 29 1 0
1701 959 19 26 1 0
277 2621 25 28 1 0
3862 1261 19 23 1 0
2265 981 16 26 1 0
1055 1193 19 26 1 0
3455 1012 18 21 1 0
2434 2977 27 29 1 0
2457 2693 27 29 1 0
3355 2877 27 29 1 0
3372 2947 27 29 1 0
3979 1295 19 23 1 0
3390 1535 18 25 1 0
2328 937 16 26 1 0
1665 3057 25 28 1 0
2926 2953 27 29 1 0
2545 2598 27 29 1 0
71 2598 25 28 1 0
709 1107 19 26 1 0
3508 892 18 21 1 0
1231 2719 25 28 1 0
3290 3056 27 29 1 0
501 1472 18 20 1 0
53 1643 18 20 1 0
2013 2653 25 28 1 0
3588 953 18 21 1 0
1587 1389 18 20 1 0
1017 2615 25 28 1 0
2569 1171 16 26 1 0
2874 1250 16 26 1 0
1311 2804 25 28 1 0
1568 1124 19 26 1 0
3420 1487 18 25 1 0
3810 1340 18 21 1 0
3021 1162 16 26 1 0
62 2554 25 28 1 0
4087 1414 19 23 1 0
2997 1552 18 25 1 0
1260 2866 25 28 1 0
4662 1024 25 20 1 0
2082 1659 25 30 1 0
1553 1096 19 26 1 0
1625 1059 19 26 1 0
3337 1511 18 25 1 0
4683 2876 27 29 1 0
4736 2732 27 29 1 0
1653 1112 19 26 1 0
3214 1082 18 21 1 0
1274 2913 25 28 1 0
963 1659 18 20 1 0
2245 1080 16 26 1 0
1477 1464 18 20 1 0
1187 1482 18 20 1 0
1795 949 16 26 1 0
4222 1072 25 20 1 0
2917 2627 27 29 1 0
4081 2561 27 29 1 0
4624 672 25 20 1 0
2907 2556 27 29 1 0
4158 2553 27 29 1 0
2011 2748 25 28 1 0
2696 1435 25 30 1 0
575 1269 18 20 1 0
1139 1458 18 20 1 0
4673 1217 19 23 1 0
3601 2994 27 29 1 0
900 2835 25 28 1 0
616 1288 18 20 1 0
2283 883 16 26 1 0
2586 981 16 26 1 0
4054 1264 19 23 1 0
3073 1261 16 26 1 0
2394 953 16 26 1 0
3986 787 25 20 1 0
2714 920 16 26 1 0
3658 907 18 21 1 0
4609 804 25 20 1 0
3080 1558 18 25 1 0
3092 1052 16 26 1 0
2915 927 16 26 1 0
3215 1406 18 25 1 0
1237 2996 25 28 1 0
2326 1641 25 30 1 0
3547 2604 27 29 1 0
3122 1078 16 26 1 0
283 2551 25 28 1 0
372 1252 18 20 1 0
471 1267 18 20 1 0
3501 1455 18 25 1 0
1393 1094 19 26 1 0
1900 2780 25 28 1 0
2059 1073 16 26 1 0
2584 1068 16 26 1 0
2449 2781 27 29 1 0
3448 2959 27 29 1 0
3289 896 18 21 1 0
1837 1516 25 30 1 0
3038 841 16 26 1 0
2531 1005 16 26 1 0
870 2623 25 28 1 0
4492 1131 19 23 1 0
789 2568 25 28 1 0
793 2915 25 28 1 0
1278 1480 18 20 1 0
2869 1442 25 30 1 0
639 1502 18 20 1 0
2295 1395 25 30 1 0
3781 1344 18 21 1 0
4687 905 25 20 1 0
1890 1143 16 26 1 0
2656 898 16 26 1 0
418 2703 25 28 1 0
2947 1110 16 26 1 0
2152 2882 25 28 1 0
131 1528 18 20 1 0
1706 2786 25 28 1 0
2645 1316 16 26 1 0
3369 1616 18 25 1 0
1131 1218 19 26 1 0
4319 1340 19 23 1 0
4090 1153 19 23 1 0
2391 2623 26 28 1 0
691 2914 25 28 1 0
1853 2813 25 28 1 0
3550 1001 18 21 1 0
2140 2653 25 28 1 0
4077 2836 27 29 1 0
2145 1082 16 26 1 0
3663 3020 27 29 1 0
1856 1367 20 28 1 0
1073 1241 18 24 1 0
1122 1340 18 20 1 0
3892 1040 25 20 1 0
940 2822 25 28 1 0
4029 1137 19 23 1 0
2311 993 16 26 1 0
3336 1622 18 25 1 0
3460 1378 18 25 1 0
3711 959 18 21 1 0
3642 987 18 21 1 0
1797 2851 25 28 1 0
2061 1617 25 30 1 0
664 1439 18 20 1 0
4050 1210 19 23 1 0
3043 1540 18 25 1 0
1653 1349 18 20 1 0
2816 866 16 26 1 0
4695 810 25 20 1 0
859 935 19 26 1 0
1985 1003 16 26 1 0
2894 2593 27 29 1 0
3852 2479 27 29 1 0
3670 1256 18 21 1 0
1073 984 19 26 1 0
1943 2742 25 28 1 0
1466 1225 19 26 1 0
3676 2999 27 29 1 0
2344 2635 25 28 1 0
1447 1467 18 20 1 0
1422 1105 19 26 1 0
3593 986 18 21 1 0
3861 1415 18 25 1 0
4709 1288 19 23 1 0
2730 857 16 26 1 0
4502 1239 19 23 1 0
776 1528 18 20 1 0
799 1630 18 20 1 0
2991 2938 27 29 1 0
2163 912 16 26 1 0
1738 1320 18 20 1 0
1646 2950 25 28 1 0
3470 1574 18 25 1 0
253 2834 25 28 1 0
2275 824 16 26 1 0
4516 1514 19 23 1 0
1061 1147 19 26 1 0
4367 1148 19 23 1 0
3076 864 16 26 1 0
2025 2847 25 28 1 0
425 1135 19 26 1 0
465 1660 18 20 1 0
3814 990 18 21 1 0
2029 897 16 26 1 0
3474 2780 27 29 1 0
216 1507 18 20 1 0
3069 1119 16 26 1 0
1384 2887 25 28 1 0
2678 1522 25 30 1 0
103 1717 18 20 1 0
4407 1012 25 20 1 0
2661 836 16 26 1 0
4269 727 25 20 1 0
2005 2954 25 28 1 0
3503 2628 27 29 1 0
3559 1404 18 25 1 0
3371 2856 27 29 1 0
250 2668 25 28 1 0
1047 1156 19 26 1 0
4565 725 25 20 1 0
3061 2558 27 29 1 0
4521 2455 27 29 1 0
3384 3086 27 29 1 0
1531 2602 25 28 1 0
2522 1135 16 26 1 0
4164 1422 19 23 1 0
890 1230 19 26 1 0
2934 1421 25 30 1 0
3294 1598 18 25 1 0
4359 1404 19 23 1 0
3307 977 18 21 1 0
4142 712 25 20 1 0
2210 1199 16 26 1 0
1958 1258 16 26 1 0
1005 1432 18 20 1 0
2570 1234 16 26 1 0
4422 1147 19 23 1 0
752 1496 18 20 1 0
3452 1609 18 25 1 0
4675 862 25 20 1 0
1221 3029 25 28 1 0
2325 884 16 26 1 0
2952 1186 16 26 1 0
3377 1002 18 21 1 0
3719 1117 18 21 1 0
4065 1370 19 23 1 0
3140 1451 18 25 1 0
3802 1560 18 25 1 0
936 1208 19 26 1 0
4330 2563 27 29 1 0
3583 872 18 21 1 0
3808 795 18 21 1 0
1234 2836 25 28 1 0
1854 1148 16 26 1 0
2191 995 16 26 1 0
467 2650 25 28 1 0
3489 2924 27 29 1 0
666 1250 18 21 1 0
1124 1178 19 26 1 0
1949 3012 25 28 1 0
3520 1043 18 21 1 0
2923 1456 25 30 1 0
1507 2962 25 28 1 0
1555 1429 18 20 1 0
2772 1197 16 26 1 0
1940 1170 16 26 1 0
1952 1628 25 30 1 0
1598 1118 19 26 1 0
1725 1265 18 20 1 0
1118 941 19 26 1 0
1585 2768 25 28 1 0
2085 1023 16 26 1 0
3033 884 16 26 1 0
3251 1487 18 25 1 0
4197 2638 27 29 1 0
3686 934 18 21 1 0
981 1346 18 20 1 0
311 2474 25 28 1 0
3395 884 18 21 1 0
3904 1330 19 23 1 0
2081 2793 25 28 1 0
3446 1414 18 25 1 0
3591 2679 27 29 1 0
3092 838 16 26 1 0
2851 1621 25 30 1 0
4466 2463 27 29 1 0
1640 2818 25 28 1 0
2218 1274 16 26 1 0
1160 1168 19 26 1 0
2451 2586 27 29 1 0
1028 1489 18 20 1 0
2359 893 16 26 1 0
2984 936 16 26 1 0
541 1509 18 20 1 0
4453 1010 25 20 1 0
2083 2954 25 28 1 0
2802 1550 25 30 1 0
60 1730 18 20 1 0
4081 1332 19 23 1 0
1257 955 19 26 1 0
2500 2952 27 29 1 0
2004 1627 25 30 1 0
2194 1636 25 30 1 0
2004 2887 25 28 1 0
1356 896 19 26 1 0
2407 1529 25 30 1 0
1601 1670 18 20 1 0
587 1507 18 20 1 0
3760 722 19 20 1 0
765 1326 18 20 1 0
4254 2665 27 29 1 0
1716 2911 25 28 1 0
346 2551 25 28 1 0
107 1641 18 20 1 0
405 1528 18 20 1 0
1458 2750 25 28 1 0
3448 932 18 21 1 0
555 1149 19 26 1 0
1150 1519 18 20 1 0
1550 2771 25 28 1 0
3939 2749 27 29 1 0
3871 736 25 20 1 0
1951 1037 16 26 1 0
1501 2712 25 28 1 0
2939 858 16 26 1 0
2161 881 16 26 1 0
1395 928 19 26 1 0
1835 2598 25 28 1 0
1683 2562 25 28 1 0
3013 1366 18 25 1 0
2169 2848 25 28 1 0
1828 845 16 26 1 0
1735 844 19 26 1 0
4701 692 25 20 1 0
910 2630 25 28 1 0
3638 3056 27 29 1 0
3867 1366 18 25 1 0
123 1567 18 20 1 0
2526 1459 25 30 1 0
4114 2977 27 29 1 0
4729 2937 27 29 1 0
489 2611 25 28 1 0
1305 1230 19 26 1 0
4521 926 25 20 1 0
3922 2584 27 29 1 0
2705 860 16 26 1 0
2621 832 16 26 1 0
631 2918 25 28 1 0
2673 919 16 26 1 0
76 2576 25 28 1 0
3667 1394 18 25 1 0
3075 1194 16 26 1 0
1838 1627 25 30 1 0
2097 3013 25 28 1 0
1833 2794 25 28 1 0
616 1462 18 20 1 0
4301 1099 25 20 1 0
1873 2724 25 28 1 0
1065 1458 18 20 1 0
2607 923 16 26 1 0
1300 3055 25 28 1 0
1431 1002 19 26 1 0
1230 935 19 26 1 0
2838 1010 16 26 1 0
2864 1298 16 26 1 0
3008 2567 27 29 1 0
2390 2954 26 28 1 0
356 2698 25 28 1 0
4154 2940 27 29 1 0
4051 1316 19 23 1 0
4431 1045 25 20 1 0
1536 2628 25 28 1 0
2264 2961 25 28 1 0
82 2664 25 28 1 0
1187 3105 25 28 1 0
3826 1036 18 21 1 0
2048 2637 25 28 1 0
1881 902 16 26 1 0
3323 1411 18 25 1 0
3841 1296 18 21 1 0
4354 1494 19 23 1 0
3994 855 25 20 1 0
2056 1134 16 26 1 0
1685 2882 25 28 1 0
4178 1092 25 20 1 0
4100 1239 19 23 1 0
4047 721 25 20 1 0
2853 1386 20 28 1 0
1753 2892 25 28 1 0
2183 3126 25 28 1 0
2488 2907 27 29 1 0
2117 1238 16 26 1 0
209 1708 18 20 1 0
2573 887 16 26 1 0
3741 1546 18 25 1 0
3486 2815 27 29 1 0
1096 2895 25 28 1 0
1830 2568 25 28 1 0
3613 1024 18 21 1 0
1882 2948 25 28 1 0
1789 900 16 26 1 0
4150 2769 27 29 1 0
160 1642 18 20 1 0
2671 1253 16 26 1 0
2415 1348 22 29 1 0
4197 1225 19 23 1 0
3300 830 18 21 1 0
4017 1196 19 23 1 0
3178 2593 27 29 1 0
1877 3046 25 28 1 0
3688 1478 18 25 1 0
942 2579 25 28 1 0
2974 1618 18 25 1 0
3013 1257 16 26 1 0
1407 2783 25 28 1 0
1806 1174 16 26 1 0
4409 1362 19 23 1 0
2314 1023 16 26 1 0
4190 1135 19 23 1 0
4313 1167 19 23 1 0
1151 1254 18 20 1 0
3122 1263 16 26 1 0
4267 1118 22 21 1 0
2206 2794 25 28 1 0
1763 2829 25 28 1 0
4573 883 25 20 1 0
2976 1021 16 26 1 0
4000 1264 19 23 1 0
1688 2824 25 28 1 0
1572 3051 25 28 1 0
4576 1150 19 23 1 0
113 2569 25 28 1 0
615 1662 18 20 1 0
4313 1249 19 23 1 0
2979 1424 18 25 1 0
1806 1523 25 30 1 0
1907 1116 16 26 1 0
839 1272 18 20 1 0
2999 1190 16 26 1 0
149 2985 25 28 1 0
1357 2632 25 28 1 0
1768 999 16 26 1 0
2860 1503 25 30 1 0
419 2622 25 28 1 0
1055 1337 18 20 1 0
3152 1482 18 25 1 0
4213 2710 27 29 1 0
597 1412 18 20 1 0
1479 1145 19 26 1 0
2980 1083 16 26 1 0
3536 1444 18 25 1 0
1387 1235 19 26 1 0
2180 1605 25 30 1 0
3889 1105 21 21 1 0
1155 943 19 26 1 0
4016 1332 19 23 1 0
2338 2697 25 28 1 0
3342 1004 18 21 1 0
2482 1007 16 26 1 0
2765 1167 16 26 1 0
4538 839 25 20 1 0
3631 2772 27 29 1 0
4312 917 25 20 1 0
1559 899 19 26 1 0
1232 2950 25 28 1 0
1755 952 19 26 1 0
3248 838 18 21 1 0
3661 1521 18 25 1 0
3254 1387 18 25 1 0
3776 1197 18 21 1 0
798 1361 18 20 1 0
2616 944 16 26 1 0
945 951 19 26 1 0
2296 1062 16 26 1 0
3642 801 18 21 1 0
4396 1117 23 20 1 0
3798 1433 18 25 1 0
4136 1456 19 23 1 0
4239 2543 27 29 1 0
4109 1096 25 20 1 0
3559 1111 18 21 1 0
1549 1234 19 26 1 0
2776 881 16 26 1 0
1402 2719 25 28 1 0
3954 1016 25 20 1 0
2872 1562 25 30 1 0
1419 2717 25 28 1 0
2108 1397 25 30 1 0
4292 2597 27 29 1 0
4239 2607 27 29 1 0
1354 2783 25 28 1 0
1356 1224 19 26 1 0
695 1634 18 20 1 0
1971 2782 25 28 1 0
1099 1388 18 20 1 0
2839 959 16 26 1 0
2044 2693 25 28 1 0
3164 1076 17 23 1 0
4238 879 25 20 1 0
4189 2580 27 29 1 0
4063 1291 19 23 1 0
1815 1141 16 26 1 0
2299 2594 25 28 1 0
1633 894 19 26 1 0
2013 3056 25 28 1 0
3007 968 16 26 1 0
3019 1397 18 25 1 0
1119 1107 19 26 1 0
869 1309 18 20 1 0
1765 1457 18 20 1 0
1072 875 19 26 1 0
2265 2834 25 28 1 0
4005 2610 27 29 1 0
2749 1524 25 30 1 0
2197 2635 25 28 1 0
915 1543 18 20 1 0
232 2558 25 28 1 0
3602 2482 27 29 1 0
4001 1099 25 20 1 0
3092 1305 16 26 1 0
1071 1518 18 20 1 0
4037 1425 19 23 1 0
509 1221 19 26 1 0
537 1458 18 20 1 0
1908 1058 16 26 1 0
1013 1369 18 20 1 0
4127 765 25 20 1 0
2729 1656 25 30 1 0
1572 907 19 26 1 0
2832 983 16 26 1 0
2927 892 16 26 1 0
2821 820 16 26 1 0
816 1239 18 24 1 0
4531 1032 25 20 1 0
3874 984 25 20 1 0
4230 1213 19 23 1 0
1639 1147 19 26 1 0
2441 2937 27 29 1 0
4029 2842 27 29 1 0
3440 896 18 21 1 0
2897 1291 16 26 1 0
2509 1436 25 30 1 0
2562 1200 16 26 1 0
3548 2851 27 29 1 0
1656 913 19 26 1 0
912 1316 18 20 1 0
378 1690 18 20 1 0
2721 992 16 26 1 0
185 2672 25 28 1 0
3359 2914 27 29 1 0
4148 2913 27 29 1 0
576 1452 18 20 1 0
998 1505 18 20 1 0
3953 2608 27 29 1 0
4705 1121 22 21 1 0
3676 2883 27 29 1 0
2466 1537 25 30 1 0
3387 1385 18 25 1 0
1211 1161 19 26 1 0
3313 2982 27 29 1 0
2714 1183 16 26 1 0
224 2870 25 28 1 0
2988 2906 27 29 1 0
3403 2585 27 29 1 0
4542 770 25 20 1 0
4195 2840 27 29 1 0
2084 2873 25 28 1 0
2531 2891 27 29 1 0
2075 3056 25 28 1 0
3994 2775 27 29 1 0
1168 1093 19 26 1 0
1667 1503 18 20 1 0
1381 1030 19 26 1 0
836 1361 18 20 1 0
3531 2547 27 29 1 0
3334 954 18 21 1 0
3962 854 25 20 1 0
4138 909 25 20 1 0
869 1332 18 20 1 0
2395 2885 27 29 1 0
1149 1325 18 20 1 0
4172 2649 27 29 1 0
1499 1637 18 20 1 0
3993 2652 27 29 1 0
1824 2628 25 28 1 0
939 1135 19 26 1 0
3092 939 16 26 1 0
1600 2664 25 28 1 0
2471 1216 16 26 1 0
2223 3013 25 28 1 0
204 2681 25 28 1 0
337 1527 18 20 1 0
990 1545 18 20 1 0
798 2940 25 28 1 0
3796 1074 18 21 1 0
4572 1062 25 20 1 0
3410 1574 18 25 1 0
3633 2694 27 29 1 0
583 2916 25 28 1 0
2473 2813 27 29 1 0
837 2921 25 28 1 0
1615 1360 18 20 1 0
1771 927 16 26 1 0
2211 925 16 26 1 0
150 2664 25 28 1 0
2879 877 16 26 1 0
4158 874 25 20 1 0
2805 1502 25 30 1 0
3090 1474 18 25 1 0
202 2816 25 28 1 0
728 1261 18 20 1 0
4045 1161 19 23 1 0
3659 1481 18 25 1 0
770 2619 25 28 1 0
1530 1157 19 26 1 0
1690 1128 19 26 1 0
1489 1020 19 26 1 0
2156 2940 25 28 1 0
2647 1524 25 30 1 0
2181 2891 25 28 1 0
4205 2660 27 29 1 0
1725 1216 19 26 1 0
2205 1191 16 26 1 0
3415 1051 18 21 1 0
3666 2809 27 29 1 0
4405 2590 27 29 1 0
3373 1139 18 21 1 0
259 1712 18 20 1 0
2305 1237 16 26 1 0
2814 1312 16 26 1 0
320 1710 18 20 1 0
3183 2567 27 29 1 0
984 1301 18 20 1 0
1410 2913 25 28 1 0
3349 903 18 21 1 0
4091 701 25 20 1 0
1417 1014 19 26 1 0
1391 872 19 26 1 0
3310 2939 27 29 1 0
3995 2439 27 29 1 0
204 2553 25 28 1 0
4338 1082 25 20 1 0
2404 2777 27 29 1 0
1196 1250 18 24 1 0
3422 2910 27 29 1 0
3118 1190 16 26 1 0
2056 1384 20 28 1 0
3539 917 18 21 1 0
1440 859 19 26 1 0
1344 2505 25 28 1 0
4101 777 25 20 1 0
2751 1436 25 30 1 0
3548 877 18 21 1 0
1060 946 19 26 1 0
326 1499 18 20 1 0
1924 2599 25 28 1 0
2566 1030 16 26 1 0
4649 1321 19 23 1 0
3998 2577 27 29 1 0
1321 1155 19 26 1 0
3200 1616 18 25 1 0
4098 2591 27 29 1 0
2918 1624 25 30 1 0
732 1343 18 20 1 0
4275 1019 25 20 1 0
3873 1549 18 25 1 0
2012 963 16 26 1 0
720 2916 25 28 1 0
3358 2986 27 29 1 0
1023 1508 18 20 1 0
2150 936 16 26 1 0
4621 987 25 20 1 0
1827 1209 16 26 1 0
3170 1188 18 21 1 0
1716 1332 18 20 1 0
4085 2696 27 29 1 0
4724 2664 27 29 1 0
2034 2763 25 28 1 0
4666 941 25 20 1 0
2042 1250 16 26 1 0
4091 979 25 20 1 0
3623 1573 18 25 1 0
2423 2727 27 29 1 0
4028 2917 27 29 1 0
4375 2562 27 29 1 0
2558 2696 27 29 1 0
4035 2558 27 29 1 0
4146 780 25 20 1 0
138 2925 25 28 1 0
2221 1342 18 27 1 0
4063 1082 25 20 1 0
4106 751 25 20 1 0
1809 2735 25 28 1 0
209 2914 25 28 1 0
2962 2966 27 29 1 0
328 2766 25 28 1 0
3430 3007 27 29 1 0
3368 2838 27 29 1 0
760 939 19 26 1 0
1705 1025 19 26 1 0
2087 1195 16 26 1 0
3121 1123 16 26 1 0
2065 2887 25 28 1 0
1856 962 16 26 1 0
4234 2934 27 29 1 0
2148 1617 25 30 1 0
2641 1031 16 26 1 0
3489 2852 27 29 1 0
3011 1120 16 26 1 0
2928 951 16 26 1 0
4032 915 25 20 1 0
2695 1552 25 30 1 0
2551 2738 27 29 1 0
4478 1090 25 20 1 0
2411 1378 25 30 1 0
3945 1264 19 23 1 0
724 1465 18 20 1 0
2812 1436 25 30 1 0
2156 1369 20 28 1 0
2262 3052 25 28 1 0
3509 1524 18 25 1 0
2080 2568 25 28 1 0
1556 975 19 26 1 0
1717 1675 18 20 1 0
1746 2921 25 28 1 0
3372 945 18 21 1 0
4532 1219 19 23 1 0
1598 2731 25 28 1 0
1687 987 19 26 1 0
2248 1654 25 30 1 0
2954 1343 18 26 1 0
1998 1200 16 26 1 0
2451 3043 27 29 1 0
3101 965 16 26 1 0
2130 1169 16 26 1 0
1845 1661 25 30 1 0
2514 2816 27 29 1 0
2578 1116 16 26 1 0
3193 844 18 21 1 0
4585 706 25 20 1 0
2247 2655 25 28 1 0
1818 1405 25 30 1 0
807 1483 18 20 1 0
3882 925 25 20 1 0
3100 783 16 26 1 0
2938 1251 16 26 1 0
1956 1483 25 30 1 0
3827 1510 18 25 1 0
2873 809 16 26 1 0
4616 722 25 20 1 0
1953 1094 16 26 1 0
3426 3059 27 29 1 0
2686 980 16 26 1 0
1035 1258 18 20 1 0
1338 1208 19 26 1 0
807 1532 18 20 1 0
1599 1465 18 20 1 0
3367 1061 18 21 1 0
3869 2547 27 29 1 0
4365 830 25 20 1 0
2928 1513 25 30 1 0
2793 955 16 26 1 0
1567 2964 25 28 1 0
4111 2665 27 29 1 0
1596 1181 19 26 1 0
1980 2609 25 28 1 0
4535 1101 22 21 1 0
1201 3144 25 28 1 0
476 2556 25 28 1 0
1385 3098 25 28 1 0
1447 2596 25 28 1 0
177 1455 18 20 1 0
4091 818 25 20 1 0
4508 1320 19 23 1 0
3656 950 18 21 1 0
4681 2753 27 29 1 0
2959 1473 21 27 1 0
1000 1094 19 26 1 0
2885 922 16 26 1 0
3871 1446 18 25 1 0
4282 1294 19 23 1 0
4706 1008 25 20 1 0
626 2905 25 28 1 0
2718 902 16 26 1 0
3013 1047 16 26 1 0
849 1195 19 26 1 0
2791 1640 25 30 1 0
148 2693 25 28 1 0
1294 971 19 26 1 0
4040 988 25 20 1 0
2892 1199 16 26 1 0
2580 1009 16 26 1 0
3920 1099 25 20 1 0
3215 1188 18 21 1 0
4697 732 25 20 1 0
1659 3032 25 28 1 0
2171 1380 20 28 1 0
3708 915 18 21 1 0
3196 1479 18 25 1 0
3489 1392 18 25 1 0
3139 990 16 24 1 0
4638 1180 19 23 1 0
3533 855 18 21 1 0
1942 2665 25 28 1 0
2638 1283 16 26 1 0
2776 1468 25 30 1 0
4502 1529 19 23 1 0
746 1626 18 20 1 0
4092 920 25 20 1 0
266 1501 18 20 1 0
1535 1035 19 26 1 0
824 1159 19 26 1 0
188 1673 18 20 1 0
3272 3020 27 29 1 0
2122 2798 25 28 1 0
4427 2585 27 29 1 0
3317 3050 27 29 1 0
1453 2788 25 28 1 0
4552 2569 27 29 1 0
1481 2812 25 28 1 0
4101 2916 27 29 1 0
1299 1485 18 20 1 0
3601 2603 27 29 1 0
1700 1079 19 26 1 0
2154 1027 16 26 1 0
1383 1640 18 20 1 0
2706 1129 16 26 1 0
4181 772 25 20 1 0
4091 854 25 20 1 0
2496 1256 16 26 1 0
3710 2982 27 29 1 0
323 2607 25 28 1 0
3401 1028 18 21 1 0
2145 3038 25 28 1 0
2169 3015 25 28 1 0
2020 2557 25 28 1 0
962 1443 18 20 1 0
2319 865 16 26 1 0
2890 1098 16 26 1 0
2998 792 16 26 1 0
2469 2754 27 29 1 0
624 1452 18 20 1 0
2229 1364 20 28 1 0
569 1209 19 26 1 0
661 1664 18 20 1 0
1825 3112 25 28 1 0
2791 1118 16 26 1 0
3496 3054 27 29 1 0
4070 1477 19 23 1 0
1051 1649 18 20 1 0
3846 1342 18 21 1 0
2131 1449 25 30 1 0
682 1486 18 20 1 0
1258 1150 19 26 1 0
2873 990 16 26 1 0
1627 2749 25 28 1 0
1556 1630 18 20 1 0
1661 2660 25 28 1 0
781 1301 18 20 1 0
3930 1302 19 23 1 0
1688 1517 18 20 1 0
1888 1550 25 30 1 0
443 1702 18 20 1 0
2672 937 16 26 1 0
4344 1027 25 20 1 0
4374 1229 19 23 1 0
2857 1116 16 26 1 0
1323 972 19 26 1 0
742 1423 18 20 1 0
3033 1622 18 25 1 0
1497 3002 25 28 1 0
969 1397 18 20 1 0
2213 3062 25 28 1 0
3907 732 25 20 1 0
520 1324 18 20 1 0
3904 2471 27 29 1 0
1810 2704 25 28 1 0
898 2567 25 28 1 0
2747 1134 16 26 1 0
3958 1139 19 23 1 0
3350 1111 18 21 1 0
2398 946 16 26 1 0
277 1543 18 20 1 0
2915 823 16 26 1 0
3342 1390 18 25 1 0
1910 1502 25 30 1 0
552 1428 18 20 1 0
1193 2829 25 28 1 0
1298 3016 25 28 1 0
1244 1150 19 26 1 0
4186 2748 27 29 1 0
1246 1203 19 26 1 0
2037 1308 16 26 1 0
2842 2571 27 29 1 0
2526 2855 27 29 1 0
2226 1448 25 30 1 0
1815 987 16 26 1 0
1723 891 19 26 1 0
3907 888 25 20 1 0
4040 804 25 20 1 0
2564 924 16 26 1 0
204 2850 25 28 1 0
3417 1137 18 21 1 0
2217 831 16 26 1 0
1858 848 16 26 1 0
4112 2836 27 29 1 0
2230 2687 25 28 1 0
2758 1314 16 26 1 0
4287 2561 27 29 1 0
2823 844 16 26 1 0
3784 1513 18 25 1 0
2940 1077 16 26 1 0
2134 3067 25 28 1 0
4464 1260 19 23 1 0
1329 3087 25 28 1 0
3440 2462 27 29 1 0
4262 2850 27 29 1 0
1111 1466 18 20 1 0
2089 905 16 26 1 0
1767 1180 16 26 1 0
3718 3044 27 29 1 0
1556 2564 25 28 1 0
2891 948 16 26 1 0
2027 2980 25 28 1 0
3456 1531 18 25 1 0
1930 2804 25 28 1 0
1631 2621 25 28 1 0
225 1551 18 20 1 0
4118 2868 27 29 1 0
4280 882 25 20 1 0
