273 222 7 10 1 0
464 183 7 10 1 0
206 143 7 10 1 0
494 113 6 7 1 0
361 67 6 7 1 0
240 187 7 10 1 0
442 173 7 10 1 0
106 119 6 7 1 0
93 192 7 10 1 0
84 85 6 7 1 0
476 211 7 10 1 0
465 200 7 10 1 0
466 59 6 7 1 0
380 107 6 7 1 0
146 164 7 10 1 0
268 13 6 7 1 0
175 8 6 7 1 0
190 207 7 10 1 0
341 165 7 10 1 0
79 152 7 10 1 0
293 141 6 8 1 0
173 210 7 10 1 0
126 161 7 10 1 0
400 3 6 7 1 0
173 21 6 7 1 0
367 207 7 10 1 0
83 15 6 7 1 0
86 230 7 10 1 0
232 216 7 10 1 0
404 99 6 7 1 0
126 181 7 10 1 0
131 241 7 10 1 0
492 23 6 7 1 0
481 176 7 10 1 0
457 260 7 10 1 0
345 5 6 7 1 0
319 166 7 10 1 0
308 87 6 7 1 0
197 102 6 7 1 0
133 226 7 10 1 0
443 43 6 7 1 0
303 155 7 10 1 0
204 270 7 10 1 0
496 243 7 10 1 0
442 57 6 7 1 0
398 216 7 10 1 0
226 148 7 10 1 0
256 109 6 7 1 0
13 262 7 10 1 0
464 75 6 7 1 0
204 91 6 7 1 0
267 147 7 10 1 0
251 39 6 7 1 0
193 72 6 7 1 0
222 100 6 7 1 0
221 203 7 10 1 0
144 93 6 7 1 0
243 250 7 10 1 0
364 3 6 7 1 0
28 99 6 7 1 0
173 276 7 10 1 0
211 164 7 10 1 0
278 29 6 7 1 0
399 282 7 10 1 0
428 21 6 7 1 0
191 188 7 10 1 0
295 151 7 10 1 0
12 286 7 10 1 0
268 136 6 7 1 0
456 99 6 7 1 0
308 7 6 7 1 0
38 193 7 10 1 0
42 4 6 7 1 0
459 109 6 7 1 0
374 148 7 10 1 0
474 24 6 7 1 0
84 97 6 7 1 0
276 58 6 7 1 0
261 49 6 7 1 0
60 190 7 10 1 0
27 180 7 10 1 0
353 150 7 10 1 0
59 49 6 7 1 0
226 132 6 7 1 0
362 100 6 7 1 0
365 268 7 10 1 0
480 145 7 10 1 0
19 196 7 10 1 0
445 133 6 7 1 0
97 57 6 7 1 0
185 140 6 9 1 0
129 98 6 7 1 0
227 228 7 10 1 0
138 195 7 10 1 0
181 196 7 10 1 0
54 41 6 7 1 0
114 109 6 7 1 0
148 77 6 7 1 0
303 50 6 7 1 0
419 282 7 10 1 0
272 118 6 7 1 0
467 157 7 10 1 0
481 48 6 7 1 0
180 184 7 10 1 0
361 123 6 7 1 0
440 264 7 10 1 0
411 160 7 10 1 0
294 104 6 7 1 0
303 250 7 10 1 0
12 167 7 10 1 0
162 142 6 9 1 0
299 211 7 10 1 0
426 160 7 10 1 0
384 65 6 7 1 0
235 84 6 7 1 0
21 248 7 10 1 0
102 94 6 7 1 0
339 145 7 10 1 0
132 12 6 7 1 0
404 191 7 10 1 0
290 223 7 10 1 0
493 256 7 10 1 0
299 60 6 7 1 0
338 49 6 7 1 0
446 23 6 7 1 0
109 156 7 10 1 0
442 250 7 10 1 0
160 189 7 10 1 0
421 291 7 10 1 0
467 193 7 10 1 0
356 85 6 7 1 0
476 113 6 7 1 0
255 9 6 7 1 0
478 105 6 7 1 0
191 243 7 10 1 0
495 44 6 7 1 0
2 23 6 7 1 0
419 48 6 7 1 0
373 73 6 7 1 0
494 277 7 10 1 0
38 48 6 7 1 0
464 39 6 7 1 0
306 132 6 7 1 0
422 127 6 7 1 0
268 206 7 10 1 0
240 291 7 10 1 0
424 80 6 7 1 0
65 5 6 7 1 0
337 180 7 10 1 0
43 243 7 10 1 0
385 246 7 10 1 0
355 25 6 7 1 0
39 276 7 10 1 0
320 198 7 10 1 0
282 187 7 10 1 0
285 256 7 10 1 0
380 225 7 10 1 0
438 135 6 7 1 0
467 166 7 10 1 0
286 89 6 7 1 0
441 123 6 7 1 0
253 160 7 10 1 0
108 209 7 10 1 0
252 65 6 7 1 0
136 276 7 10 1 0
477 238 7 10 1 0
344 247 7 10 1 0
350 147 7 10 1 0
359 183 7 10 1 0
119 30 6 7 1 0
25 27 6 7 1 0
412 139 6 9 1 0
405 172 7 10 1 0
337 130 6 7 1 0
334 26 6 7 1 0
106 61 6 7 1 0
447 156 7 10 1 0
319 124 6 7 1 0
267 251 7 10 1 0
11 99 6 7 1 0
432 227 7 10 1 0
261 65 6 7 1 0
393 180 7 10 1 0
44 219 7 10 1 0
310 109 6 7 1 0
21 87 6 7 1 0
59 258 7 10 1 0
411 148 7 10 2 0
95 269 7 10 1 0
313 71 6 7 1 0
212 10 6 7 1 0
138 170 7 10 1 0
180 173 7 10 1 0
340 55 6 7 1 0
99 6 6 7 1 0
450 14 6 7 1 0
321 243 7 10 1 0
339 201 7 10 1 0
360 115 6 7 1 0
234 161 7 10 1 0
196 178 7 10 1 0
30 199 7 10 1 0
487 164 7 10 1 0
486 195 7 10 1 0
423 101 6 7 1 0
298 99 6 7 1 0
218 120 6 7 1 0
338 122 6 7 1 0
103 272 7 10 1 0
317 24 6 7 1 0
230 111 6 7 1 0
307 33 6 7 1 0
495 218 7 10 1 0
427 180 7 10 1 0
430 13 6 7 1 0
428 50 6 7 1 0
269 270 7 10 1 0
456 137 6 7 1 0
134 38 6 7 1 0
270 79 6 7 1 0
485 56 6 7 1 0
203 150 7 10 1 0
393 156 7 10 1 0
12 89 6 7 1 0
412 182 7 10 1 0
469 54 6 7 1 0
495 144 7 10 1 0
322 57 6 7 1 0
53 175 7 10 1 0
153 12 6 7 1 0
410 149 7 10 2 0
52 208 7 10 1 0
447 205 7 10 1 0
288 7 6 7 1 0
321 41 6 7 1 0
251 260 7 10 1 0
221 255 7 10 1 0
321 97 6 7 1 0
302 285 7 10 1 0
266 126 6 7 1 0
120 10 6 7 1 0
377 116 6 7 1 0
114 181 7 10 1 0
326 138 6 7 1 0
114 23 6 7 1 0
338 190 7 10 1 0
64 100 6 7 1 0
88 150 7 10 1 0
121 277 7 10 1 0
484 90 6 7 1 0
442 96 6 7 1 0
175 228 7 10 1 0
388 139 7 10 1 0
173 245 7 10 1 0
190 12 6 7 1 0
360 134 6 7 1 0
109 195 7 10 1 0
384 50 6 7 1 0
391 261 7 10 1 0
463 132 6 7 1 0
374 152 7 10 1 0
179 105 6 7 1 0
67 261 7 10 1 0
304 40 6 7 1 0
52 53 6 7 1 0
362 245 7 10 1 0
349 11 6 7 1 0
382 58 6 7 1 0
414 9 6 7 1 0
212 212 7 10 1 0
322 224 7 10 1 0
376 162 7 10 1 0
115 264 7 10 1 0
366 21 6 7 1 0
36 158 7 10 1 0
102 0 6 7 1 0
137 234 7 10 1 0
471 144 7 10 1 0
217 56 6 7 1 0
100 70 6 7 1 0
132 200 7 10 1 0
201 195 7 10 1 0
377 190 7 10 1 0
458 29 6 7 1 0
435 273 7 10 1 0
427 147 7 10 1 0
99 220 7 10 1 0
190 225 7 10 1 0
260 89 6 7 1 0
130 115 6 7 1 0
439 220 7 10 1 0
96 244 7 10 1 0
10 15 6 7 1 0
41 265 7 10 1 0
407 144 7 10 1 0
186 253 7 10 1 0
411 204 7 10 1 0
410 44 6 7 1 0
178 90 6 7 1 0
214 22 6 7 1 0
291 24 6 7 1 0
276 278 7 10 1 0
448 48 6 7 1 0
251 124 6 7 1 0
210 37 6 7 1 0
483 67 6 7 1 0
308 187 7 10 1 0
416 111 6 7 1 0
31 165 7 10 1 0
457 230 7 10 1 0
273 68 6 7 1 0
117 189 7 10 1 0
161 167 7 10 1 0
168 87 6 7 1 0
195 60 6 7 1 0
382 258 7 10 1 0
152 23 6 7 1 0
105 151 7 10 1 0
416 230 7 10 1 0
310 258 7 10 1 0
442 281 7 10 1 0
496 131 6 8 1 0
8 32 6 7 1 0
267 155 7 10 1 0
367 65 6 7 1 0
191 21 6 7 1 0
382 99 6 7 1 0
410 33 6 7 1 0
57 114 6 7 1 0
260 34 6 7 1 0
229 261 7 10 1 0
340 222 7 10 1 0
285 166 7 10 1 0
285 45 6 7 1 0
400 257 7 10 1 0
145 50 6 7 1 0
70 167 7 10 1 0
145 266 7 10 1 0
285 126 6 7 1 0
76 281 7 10 1 0
258 23 6 7 1 0
327 208 7 10 1 0
46 18 6 7 1 0
121 143 7 10 1 0
484 184 7 10 1 0
303 193 7 10 1 0
266 39 6 7 1 0
324 11 6 7 1 0
155 34 6 7 1 0
100 81 6 7 1 0
211 189 7 10 1 0
52 160 7 10 1 0
26 17 6 7 1 0
158 104 6 7 1 0
316 55 6 7 1 0
105 170 7 10 1 0
196 160 7 10 1 0
484 258 7 10 1 0
357 159 7 10 1 0
4 50 6 7 1 0
388 12 6 7 1 0
369 38 6 7 1 0
75 119 6 7 1 0
90 157 7 10 1 0
441 111 6 7 1 0
46 102 6 7 1 0
450 79 6 7 1 0
363 59 6 7 1 0
331 15 6 7 1 0
164 290 7 10 1 0
376 21 6 7 1 0
429 237 7 10 1 0
187 290 7 10 1 0
63 139 6 8 1 0
208 285 7 10 1 0
332 75 6 7 1 0
373 291 7 10 1 0
26 223 7 10 1 0
85 56 6 7 1 0
23 7 6 7 1 0
347 283 7 10 1 0
447 178 7 10 1 0
112 247 7 10 1 0
401 60 6 7 1 0
232 43 6 7 1 0
101 15 6 7 1 0
340 101 6 7 1 0
141 62 6 7 1 0
233 22 6 7 1 0
257 147 7 10 1 0
357 220 7 10 1 0
285 275 7 10 1 0
151 248 7 10 1 0
485 17 6 7 1 0
434 121 6 7 1 0
318 158 7 10 1 0
90 204 7 10 1 0
350 50 6 7 1 0
234 178 7 10 1 0
171 60 6 7 1 0
331 57 6 7 1 0
155 236 7 10 1 0
229 286 7 10 1 0
150 112 6 7 1 0
380 8 6 7 1 0
404 75 6 7 1 0
76 202 7 10 1 0
399 102 6 7 1 0
312 143 7 10 1 0
66 218 7 10 1 0
158 280 7 10 1 0
326 287 7 10 1 0
383 278 7 10 1 0
199 123 6 7 1 0
333 3 6 7 1 0
444 145 7 10 1 0
433 64 6 7 1 0
430 201 7 10 1 0
243 140 6 8 1 0
422 252 7 10 1 0
10 221 7 10 1 0
405 13 6 7 1 0
229 236 7 10 1 0
92 121 6 7 1 0
156 150 7 10 1 0
73 243 7 10 1 0
47 89 6 7 1 0
207 227 7 10 1 0
218 85 6 7 1 0
156 225 7 10 1 0
120 68 6 7 1 0
26 58 6 7 1 0
270 167 7 10 1 0
305 227 7 10 1 0
479 291 7 10 1 0
112 76 6 7 1 0
58 153 7 10 1 0
78 31 6 7 1 0
398 236 7 10 1 0
304 169 7 10 1 0
452 144 7 10 1 0
322 189 7 10 1 0
274 193 7 10 1 0
102 139 6 9 1 0
254 182 7 10 1 0
133 27 6 7 1 0
417 59 6 7 1 0
