166 279 45 56 1 0
651 266 11 11 1 0
92 296 16 17 1 0
780 271 16 16 1 0
338 296 35 43 1 0
402 269 19 26 1 0
72 272 16 17 1 0
820 278 10 6 1 0
22 254 33 27 1 0
383 273 5 5 1 0
642 329 30 43 1 0
473 304 26 46 1 0
958 309 26 27 1 0
217 405 49 85 1 0
887 272 10 6 1 0
916 311 34 50 1 0
103 257 27 30 1 0
301 253 17 15 1 0
931 274 10 6 1 0
955 367 55 55 1 0
601 271 11 11 1 0
748 300 20 34 1 0
235 255 33 34 1 0
343 257 17 15 1 0
863 304 34 50 1 0
976 299 7 8 1 0
284 270 17 15 1 0
964 284 7 8 1 0
21 331 64 64 1 0
755 284 14 17 1 0
602 250 11 11 1 0
817 329 42 55 1 0
917 269 10 6 1 0
691 294 74 75 1 0
469 266 13 19 1 0
385 355 58 90 1 0
498 278 20 29 1 0
439 268 28 31 1 0
600 306 30 43 1 0
551 264 46 54 1 0
