744 22 9 7 1 1
855 101 9 7 1 1
854 338 51 47 1 0
319 205 11 10 1 0
708 12 9 7 1 1
187 289 31 27 2 0
7 254 31 27 1 0
493 296 31 27 1 0
598 68 9 7 1 1
695 28 9 7 1 1
422 17 9 7 1 1
503 178 12 16 1 0
294 214 11 10 1 0
658 138 10 16 1 1
141 181 12 16 2 0
311 183 12 16 1 0
514 24 9 7 1 1
780 150 10 16 1 1
126 294 31 27 2 0
53 26 9 7 1 1
536 109 9 7 1 1
454 120 10 16 1 1
310 256 31 27 1 0
161 106 9 7 1 1
814 132 10 16 1 1
226 261 31 27 1 0
505 41 9 7 1 1
425 212 11 10 1 0
557 111 9 7 1 1
730 9 9 7 1 1
161 28 9 7 1 1
146 165 12 16 1 0
510 59 9 7 1 1
613 159 12 16 1 1
14 65 9 7 1 1
804 223 10 11 1 0
737 116 10 16 1 1
673 175 12 16 1 0
37 209 11 10 1 0
17 185 11 10 1 0
604 155 10 16 1 1
210 161 12 16 1 1
475 72 9 7 1 1
559 140 10 16 1 1
132 165 12 16 1 0
254 169 12 16 1 0
444 81 9 7 1 1
132 226 11 10 1 0
474 140 10 16 1 1
686 203 12 16 1 0
611 178 12 16 1 0
324 275 31 27 2 0
158 433 106 125 1 0
561 259 31 27 1 0
367 142 10 16 1 1
488 146 10 16 1 1
787 219 10 11 1 0
660 68 9 7 1 1
774 139 10 16 1 1
574 140 10 16 1 1
523 142 10 16 2 1
591 58 9 7 1 1
283 119 10 16 1 1
586 185 14 18 1 0
707 65 9 7 1 1
650 119 10 16 1 1
119 310 51 47 2 0
92 219 11 10 1 0
752 167 12 16 1 0
61 176 12 16 2 0
518 138 10 16 2 1
808 210 10 11 1 0
659 155 10 16 1 1
735 354 51 47 1 0
434 15 9 7 1 1
784 270 31 27 2 0
751 258 31 27 1 0
825 168 12 16 1 0
18 283 31 27 2 0
757 189 12 16 2 0
441 301 36 32 2 0
121 226 11 10 1 0
358 287 31 27 1 0
279 68 9 7 1 1
295 189 11 10 1 0
97 147 10 16 1 1
295 203 11 10 1 0
499 59 9 7 1 1
359 182 12 16 1 0
7 233 11 10 1 0
699 169 12 16 2 0
733 85 9 7 1 1
582 261 31 27 2 0
860 30 9 7 1 1
176 202 11 10 1 0
780 21 9 7 1 1
526 155 10 16 1 1
651 22 9 7 1 1
590 169 12 16 1 0
690 26 9 7 1 1
322 214 11 10 1 0
720 160 12 16 2 1
51 292 31 27 1 0
398 279 31 27 2 0
847 191 20 17 1 0
465 150 10 16 2 1
652 143 10 16 2 1
178 226 11 10 1 0
607 54 9 7 1 1
329 242 11 10 1 0
800 156 10 16 1 1
29 218 11 10 1 0
719 61 9 7 1 1
350 93 9 7 1 1
445 147 10 16 1 1
197 259 31 27 1 0
709 150 10 16 1 1
749 135 10 16 1 1
102 255 31 27 1 0
618 169 12 16 1 0
56 205 11 10 1 0
812 13 9 7 1 1
318 118 10 16 1 1
634 212 13 16 1 0
144 278 31 27 2 0
55 171 12 16 1 0
256 58 9 7 1 1
362 155 10 16 1 1
731 257 31 27 1 0
584 27 9 7 1 1
371 199 11 10 1 0
390 204 11 10 1 0
256 203 11 10 1 0
399 290 31 27 2 0
719 133 10 16 1 1
140 199 11 10 1 0
348 242 11 10 1 0
133 178 12 16 1 0
132 202 11 10 1 0
484 44 9 7 1 1
335 171 12 16 2 0
384 229 11 10 1 0
372 213 11 10 1 0
826 150 10 16 1 1
751 192 12 16 2 0
493 16 9 7 1 1
186 31 9 7 1 1
506 23 9 7 1 1
537 158 12 16 2 1
39 274 31 27 1 0
620 136 10 16 1 1
314 192 11 10 1 0
582 309 51 47 1 0
82 216 11 10 1 0
550 149 10 16 2 1
266 189 11 10 1 0
445 45 9 7 1 1
700 258 31 27 2 0
511 39 9 7 1 1
803 100 9 7 1 1
259 175 12 16 1 0
813 180 12 16 1 0
621 27 9 7 1 1
555 10 9 7 1 1
49 261 31 27 2 0
20 125 11 13 1 1
622 99 9 7 1 1
484 85 9 7 1 1
448 31 9 7 1 1
733 211 20 19 1 0
170 100 9 7 1 1
699 22 9 7 1 1
26 80 9 7 1 1
305 217 11 10 1 0
394 242 11 10 1 0
10 172 12 16 2 0
190 219 11 10 1 0
486 72 9 7 1 1
208 280 31 27 1 0
495 178 12 16 1 0
531 306 51 47 1 0
111 238 11 10 1 0
415 219 11 10 1 0
646 182 12 16 1 0
557 278 31 27 1 0
512 9 9 7 1 1
566 146 10 16 1 1
755 80 9 7 1 1
119 155 10 16 1 1
527 79 9 7 1 1
632 68 9 7 1 1
606 142 10 16 1 1
340 6 9 7 1 1
571 50 9 7 1 1
535 221 18 18 1 0
575 178 12 16 2 0
865 84 9 7 1 1
770 166 12 16 1 0
684 162 12 16 1 0
296 173 12 16 1 0
181 267 31 27 1 0
19 210 11 10 1 0
829 111 9 7 1 1
599 166 12 16 1 0
188 334 51 47 2 0
147 183 12 16 2 0
826 11 9 7 1 1
478 184 17 21 1 0
84 203 11 10 1 0
71 320 51 47 1 0
82 164 12 16 1 0
678 151 10 16 1 1
411 257 31 27 1 0
107 23 9 7 1 1
401 165 12 16 1 0
808 103 9 7 1 1
399 196 11 10 1 0
178 188 11 10 1 0
470 41 9 7 1 1
526 173 12 16 1 0
91 284 31 27 1 0
32 431 106 125 2 0
159 243 11 10 1 0
798 259 31 27 2 0
194 50 9 7 1 1
472 60 9 7 1 1
426 324 51 47 1 0
251 152 10 16 1 1
775 29 9 7 1 1
673 121 10 16 1 1
512 396 106 125 1 0
4 322 49 51 2 0
680 324 51 47 1 0
707 449 106 125 1 0
91 155 10 16 1 1
163 169 12 16 1 0
106 135 10 16 1 1
65 225 11 10 1 0
259 38 9 7 1 1
688 148 10 16 1 1
763 64 9 7 1 1
204 33 9 7 1 1
624 258 31 27 2 0
346 190 11 10 1 0
349 65 9 7 1 1
662 3 9 7 1 1
484 266 31 27 2 0
645 3 9 7 1 1
453 271 31 27 1 0
794 124 10 16 1 1
241 278 31 27 1 0
245 37 9 7 1 1
657 285 31 27 1 0
832 126 10 16 1 1
168 159 12 16 1 1
578 157 10 16 1 1
545 267 31 27 1 0
312 352 51 47 1 0
457 73 9 7 1 1
597 272 31 27 2 0
276 127 10 16 1 1
729 171 12 16 2 0
399 215 11 10 1 0
342 206 11 10 1 0
108 62 9 7 1 1
755 203 12 16 1 0
137 159 12 16 1 1
396 40 9 7 1 1
484 24 9 7 1 1
470 29 9 7 1 1
325 47 9 7 1 1
292 162 12 16 1 0
136 346 51 47 1 0
559 163 12 16 1 0
114 180 12 16 1 0
863 258 31 27 1 0
755 183 12 16 2 0
597 142 10 16 1 1
615 150 10 16 1 1
685 267 31 27 1 0
819 257 31 27 1 0
78 260 31 27 1 0
8 190 11 10 1 0
865 147 11 16 1 1
582 271 31 27 2 0
527 12 9 7 1 1
516 339 51 47 1 0
111 226 11 10 1 0
433 201 11 10 1 0
349 81 9 7 1 1
813 156 10 16 2 1
269 281 31 27 1 0
239 57 9 7 1 1
62 182 12 16 2 0
286 258 31 27 2 0
466 288 31 27 2 0
548 21 9 7 1 1
839 30 9 7 1 1
175 313 51 47 2 0
539 24 9 7 1 1
463 183 12 16 1 0
682 1 9 7 1 1
72 205 11 10 1 0
117 208 11 10 1 0
80 232 11 10 1 0
463 329 51 47 1 0
337 125 10 16 1 1
624 86 9 7 1 1
187 241 11 10 1 0
150 226 11 10 1 0
784 242 10 11 1 0
805 23 9 7 1 1
74 170 12 16 2 0
626 147 10 16 1 1
703 207 20 19 1 0
661 124 10 16 1 1
243 365 106 125 1 0
186 191 11 10 1 0
463 130 10 16 1 1
676 199 12 16 1 0
695 155 10 16 1 1
19 74 9 7 1 1
700 176 12 16 2 0
650 135 10 16 2 1
507 150 10 16 1 1
461 91 9 7 1 1
597 13 9 7 1 1
807 169 12 16 1 0
747 160 12 16 1 1
575 27 9 7 1 1
466 141 10 16 2 1
433 268 31 27 1 0
764 13 9 7 1 1
638 29 9 7 1 1
833 137 10 16 1 1
44 187 11 10 1 0
306 151 10 16 1 1
304 273 31 27 1 0
818 103 9 7 1 1
449 155 10 16 1 1
420 200 11 10 1 0
414 12 9 7 1 1
212 311 51 47 2 0
465 12 9 7 1 1
404 151 10 16 1 1
478 278 31 27 2 0
509 272 31 27 2 0
323 298 31 27 1 0
789 206 10 11 1 0
91 180 12 16 2 0
377 155 10 16 2 1
682 186 12 16 1 0
154 176 12 16 1 0
196 180 12 16 2 0
537 43 9 7 1 1
201 195 11 10 1 0
249 218 11 10 1 0
108 195 11 10 1 0
264 305 51 47 2 0
814 147 10 16 2 1
571 172 12 16 2 0
761 147 10 16 1 1
145 214 11 10 1 0
426 283 31 27 1 0
365 33 9 7 1 1
761 25 9 7 1 1
444 132 10 16 1 1
372 229 11 10 1 0
25 190 11 10 1 0
543 89 9 7 1 1
153 257 31 27 1 0
493 101 9 7 1 1
530 120 10 16 1 1
250 245 18 18 1 0
717 18 9 7 1 1
68 168 12 16 2 0
284 151 10 16 1 1
594 33 9 7 1 1
352 32 9 7 1 1
218 237 11 10 1 0
180 108 9 7 1 1
757 179 12 16 2 0
373 94 9 7 1 1
369 68 9 7 1 1
624 308 51 47 1 0
286 206 11 10 1 0
661 215 18 18 1 0
709 169 12 16 1 0
800 271 31 27 2 0
378 412 106 125 1 0
243 172 12 16 1 0
621 182 12 16 1 0
110 285 31 27 1 0
128 264 31 27 1 0
256 264 31 27 1 0
453 166 12 16 1 0
575 204 12 16 1 0
741 144 10 16 1 1
412 50 9 7 1 1
336 268 31 27 2 0
42 155 10 16 1 1
274 104 9 7 1 1
235 305 51 47 2 0
33 172 12 16 1 0
120 64 9 7 1 1
214 179 12 16 1 0
485 11 9 7 1 1
728 162 12 16 2 0
274 38 9 7 1 1
795 21 9 7 1 1
649 260 31 27 1 0
55 217 11 10 1 0
381 76 9 7 1 1
616 55 9 7 1 1
835 178 12 16 1 0
360 4 9 7 1 1
518 3 9 7 1 1
222 217 11 10 1 0
573 119 10 16 1 1
494 74 9 7 1 1
372 344 51 47 1 0
306 206 11 10 1 0
102 11 9 7 1 1
639 150 10 16 1 1
386 322 51 47 2 0
25 373 106 125 2 0
552 168 12 16 1 0
779 2 9 7 1 1
792 52 9 7 1 1
862 118 9 11 1 1
348 220 11 10 1 0
670 73 9 7 1 1
289 235 11 10 1 0
23 290 31 27 2 0
564 181 12 16 1 0
192 167 12 16 1 0
813 28 9 7 1 1
211 206 11 10 1 0
18 229 11 10 1 0
797 135 10 16 1 1
329 255 31 27 2 0
515 263 31 27 2 0
352 312 51 47 1 0
701 141 10 16 1 1
333 163 12 16 2 0
723 145 10 16 1 1
459 193 12 16 1 0
774 116 10 16 1 1
194 199 11 10 1 0
441 120 10 16 1 1
559 49 9 7 1 1
291 298 31 27 1 0
537 281 31 27 1 0
534 59 9 7 1 1
560 122 10 16 1 1
10 202 11 10 1 0
553 101 9 7 1 1
73 290 31 27 1 0
669 21 9 7 1 1
713 265 31 27 2 0
393 305 51 47 2 0
272 173 12 16 1 0
2 271 31 27 1 0
161 289 31 27 1 0
855 160 12 16 1 1
620 64 9 7 1 1
710 137 10 16 1 1
529 3 9 7 1 1
205 53 9 7 1 1
91 171 12 16 2 0
9 166 12 16 2 0
220 174 12 16 1 0
451 185 12 16 1 0
767 85 9 7 1 1
17 14 9 7 1 1
864 137 10 16 1 1
719 168 12 16 2 0
550 139 10 16 2 1
272 258 31 27 2 0
355 18 9 7 1 1
808 246 10 11 1 0
783 99 9 7 1 1
551 32 9 7 1 1
135 283 31 27 2 0
625 14 9 7 1 1
523 227 18 18 1 0
765 200 12 16 1 0
705 117 9 13 1 1
295 74 9 7 1 1
544 158 12 16 2 1
377 145 10 16 2 1
658 175 12 16 1 0
86 143 10 16 1 1
647 17 9 7 1 1
765 282 31 27 1 0
426 108 9 7 1 1
35 189 11 10 1 0
193 177 12 16 2 0
385 268 31 27 1 0
843 178 12 16 1 0
502 190 12 16 1 0
41 237 11 10 1 0
490 125 10 16 1 1
699 7 9 7 1 1
733 184 12 16 1 0
713 101 9 7 1 1
421 157 10 16 1 1
672 209 12 16 1 0
580 136 10 16 1 1
595 89 9 7 1 1
471 90 9 7 1 1
228 83 9 7 1 1
352 178 12 16 1 0
739 60 9 7 1 1
637 101 9 7 1 1
249 103 9 7 1 1
203 216 11 10 1 0
541 175 12 16 1 0
760 158 12 16 1 1
242 6 9 7 1 1
788 143 10 16 1 1
161 193 11 10 1 0
566 19 9 7 1 1
646 107 9 7 1 1
196 302 46 42 2 0
377 34 9 7 1 1
804 138 10 16 1 1
631 175 12 16 1 0
796 180 12 16 1 0
821 54 9 7 1 1
817 298 31 27 1 0
270 204 11 10 1 0
747 38 9 7 1 1
108 160 12 16 1 1
653 75 9 7 1 1
119 185 11 10 1 0
850 269 31 27 1 0
456 20 9 7 1 1
62 268 31 27 2 0
733 140 10 16 1 1
513 97 9 7 1 1
480 152 10 16 1 1
27 315 51 47 2 0
726 37 9 7 1 1
574 7 9 7 1 1
732 291 31 27 1 0
526 31 9 7 1 1
866 164 12 16 1 0
672 229 18 18 1 0
450 205 12 16 1 0
638 19 9 7 1 1
300 50 9 7 1 1
92 206 11 10 1 0
803 53 9 7 1 1
626 268 31 27 2 0
677 139 10 16 1 1
321 162 12 16 1 0
638 167 12 16 1 0
841 155 10 16 1 1
339 18 9 7 1 1
534 146 10 16 1 1
511 291 31 27 1 0
466 171 12 16 1 0
422 178 12 16 1 0
361 255 31 27 1 0
738 174 12 16 1 0
237 324 51 47 2 0
54 188 11 10 1 0
241 200 11 10 1 0
303 164 12 16 1 0
609 24 9 7 1 1
340 148 10 16 1 1
861 300 31 27 1 0
867 66 9 7 1 1
449 291 31 27 2 0
780 189 12 16 1 0
716 118 10 16 1 1
549 119 10 16 1 1
76 179 12 16 1 0
613 92 9 7 1 1
712 85 9 7 1 1
