465 100 15 20 1 0
792 470 50 79 1 0
122 24 19 23 1 0
491 341 43 52 1 0
277 30 19 23 1 0
70 212 30 34 1 0
392 168 22 29 1 0
505 61 16 20 1 0
270 278 29 36 1 0
629 351 48 57 1 0
729 28 19 23 1 0
809 199 32 38 1 0
183 435 43 58 1 0
484 126 22 29 1 0
755 17 19 23 1 0
421 64 15 20 1 0
234 239 29 36 1 0
162 270 29 36 1 0
841 135 21 29 1 0
301 162 23 33 1 0
656 64 16 20 1 0
284 134 23 33 1 0
300 34 19 23 2 0
324 120 23 33 1 0
258 44 19 23 1 0
693 86 21 27 1 0
174 7 19 23 1 0
176 299 36 44 1 0
250 147 23 33 1 0
743 39 19 23 1 0
391 24 19 23 1 0
889 187 32 38 1 0
879 495 50 79 1 0
168 18 19 23 1 0
705 99 17 26 1 0
642 62 16 20 1 0
262 162 23 33 1 0
636 155 21 27 1 0
645 33 19 23 1 0
520 36 19 23 1 0
581 124 21 27 1 0
686 7 19 23 1 0
154 7 19 23 2 0
198 304 36 44 1 0
727 73 17 26 1 0
852 322 48 57 1 0
354 62 15 20 1 0
816 267 48 57 1 0
156 19 19 23 2 0
730 305 48 57 1 0
338 37 19 23 1 0
56 350 43 58 1 0
460 191 33 41 1 0
600 68 16 20 1 0
550 42 19 23 1 0
314 21 19 23 1 0
290 112 23 33 1 0
229 87 15 20 1 0
340 339 41 61 1 0
662 142 21 27 1 0
528 113 21 27 1 0
530 167 21 27 1 0
709 10 19 23 1 0
653 5 19 23 1 0
467 44 19 23 1 0
658 19 19 23 1 0
737 4 19 23 1 0
390 49 12 15 1 0
590 202 32 38 1 0
271 231 29 36 1 0
221 12 19 23 1 0
388 131 22 29 1 0
356 107 23 33 1 0
206 197 29 36 1 0
763 34 19 23 1 0
637 101 21 27 1 0
378 120 22 29 1 0
51 41 19 23 1 0
684 27 19 23 1 0
375 64 15 20 1 0
528 83 16 20 1 0
557 319 43 52 1 0
745 162 32 38 1 0
274 65 15 20 1 0
569 15 19 23 1 0
489 290 43 52 1 0
230 28 19 23 1 0
241 33 19 23 1 0
484 76 15 20 1 0
617 188 32 38 1 0
590 49 16 20 1 0
317 81 15 20 1 0
770 127 17 26 1 0
8 222 30 34 1 0
696 115 21 27 1 0
274 96 15 20 1 0
430 136 22 29 1 0
301 46 19 23 2 0
258 74 15 20 1 0
176 173 29 36 1 0
763 5 19 23 1 0
142 344 36 44 1 0
150 189 29 36 1 0
436 74 15 20 1 0
839 82 21 29 1 0
412 38 19 23 1 0
267 120 23 33 1 0
208 9 19 23 1 0
687 263 48 57 1 0
287 265 29 36 1 0
847 105 21 29 1 0
532 269 43 52 1 0
717 124 17 26 1 0
61 22 19 23 1 0
410 262 43 52 1 0
233 44 19 23 1 0
16 147 17 24 1 0
764 84 17 26 1 0
333 197 33 41 1 0
740 125 17 26 1 0
492 157 22 29 1 0
595 132 21 27 1 0
390 62 15 20 1 0
366 81 15 20 1 0
268 19 19 23 1 0
798 116 17 26 1 0
143 27 19 23 1 0
41 279 30 34 1 0
92 14 19 23 1 0
547 91 16 20 1 0
33 403 43 58 1 0
868 371 48 57 1 0
113 214 30 34 1 0
322 155 23 33 1 0
236 6 19 23 1 0
307 386 41 61 1 0
890 113 21 29 1 0
439 203 33 41 1 0
390 101 15 20 1 0
62 245 30 34 1 0
626 267 48 57 1 0
734 443 50 79 1 0
261 93 15 20 1 0
422 109 22 29 1 0
669 8 19 23 1 0
110 19 19 23 1 0
7 314 43 58 1 0
309 123 23 33 1 0
537 141 21 27 1 0
292 65 15 20 1 0
792 16 19 23 1 0
403 140 22 29 1 0
776 98 17 26 1 0
842 13 19 23 1 0
51 8 19 23 1 0
887 407 50 79 1 0
554 14 19 23 1 0
416 440 41 61 1 0
95 27 19 23 1 0
164 198 29 36 1 0
488 107 22 29 1 0
885 238 32 38 1 0
75 9 19 23 1 0
434 52 12 15 1 0
80 241 30 34 1 0
556 73 16 20 1 0
