1010 323 8 11 1 1
1004 153 3 3 1 1
1097 110 3 3 1 1
945 118 3 3 1 1
775 189 5 5 1 1
484 315 8 11 1 1
1167 134 3 3 1 1
864 164 3 3 1 1
939 619 23 24 1 0
146 667 26 31 1 0
752 156 3 3 1 1
549 189 5 5 1 1
732 97 3 3 1 1
407 261 5 5 1 1
760 111 3 3 1 1
443 175 3 3 1 1
965 124 3 3 1 1
417 58 1 2 1 1
717 95 3 3 1 1
441 366 13 15 1 0
154 187 5 5 1 1
879 86 3 3 1 1
527 49 1 2 1 1
447 243 5 5 1 1
1272 767 26 31 1 0
252 71 3 3 1 1
782 116 3 3 1 1
729 78 3 3 1 1
962 102 3 3 1 1
809 62 3 3 1 1
814 221 5 5 1 1
785 110 3 3 1 1
728 56 1 2 1 1
599 59 1 2 1 1
476 26 1 2 1 1
353 73 3 3 1 1
835 61 3 3 1 1
724 108 3 3 1 1
611 69 3 3 1 1
319 43 1 2 1 1
389 109 3 3 1 1
685 65 3 3 1 1
774 144 3 3 1 1
342 426 13 15 1 0
459 337 8 11 1 1
335 486 13 15 1 0
512 371 13 15 1 0
932 296 8 11 1 1
381 467 13 15 1 0
767 98 3 3 1 1
703 69 3 3 1 1
299 579 23 24 1 0
887 54 1 2 1 1
452 150 3 3 1 1
378 602 23 24 1 0
524 101 3 3 1 1
993 86 3 3 1 1
601 104 3 3 1 1
575 54 1 2 1 1
537 184 5 5 1 1
406 67 3 3 1 1
869 312 8 11 1 1
388 361 13 15 1 0
463 267 7 9 1 1
831 73 3 3 1 1
872 71 3 3 1 1
1218 148 3 3 1 1
28 118 3 3 1 1
939 69 3 3 1 1
333 499 13 15 1 0
710 57 1 2 1 1
492 332 8 11 1 1
188 850 26 31 1 0
620 62 3 3 1 1
603 56 1 2 1 1
446 47 1 2 1 1
366 468 13 15 1 0
488 25 1 2 1 1
738 72 3 3 1 1
308 757 26 31 1 0
470 44 1 2 1 1
212 588 23 24 1 0
827 146 3 3 1 1
319 139 3 3 1 1
570 102 3 3 1 1
821 56 1 2 1 1
913 196 5 5 1 1
358 139 3 3 1 1
852 74 3 3 1 1
608 59 1 2 1 1
388 55 1 2 1 1
293 126 3 3 1 1
874 161 3 3 1 1
956 109 3 3 1 1
866 81 3 3 1 1
132 88 3 3 1 1
31 198 5 5 1 1
364 165 3 3 1 1
507 236 5 5 1 1
431 338 8 11 1 1
477 66 3 3 1 1
692 73 3 3 1 1
549 55 1 2 1 1
894 206 5 5 1 1
245 125 3 3 1 1
299 55 1 2 1 1
451 427 13 15 1 0
132 165 3 3 1 1
785 134 3 3 1 1
796 112 3 3 1 1
172 87 3 3 1 1
231 86 3 3 1 1
250 729 26 31 1 0
497 192 5 5 1 1
411 57 1 2 1 1
882 161 3 3 1 1
595 60 3 3 1 1
837 66 3 3 1 1
821 60 3 3 1 1
105 152 3 3 1 1
869 269 8 11 1 1
435 55 1 2 1 1
183 81 3 3 1 1
1234 152 3 3 1 1
405 414 13 15 1 0
394 369 13 15 1 0
1087 104 3 3 1 1
608 289 8 11 1 1
422 358 13 15 1 1
427 80 3 3 1 1
540 217 5 5 1 1
821 161 3 3 1 1
1281 513 23 24 1 0
354 832 26 31 1 0
557 185 5 5 1 1
602 40 1 2 1 1
510 303 8 11 1 1
741 118 3 3 1 1
724 116 3 3 1 1
687 41 1 2 1 1
218 132 3 3 1 1
498 349 8 11 1 1
184 91 3 3 1 1
375 169 3 3 1 1
1011 459 13 15 1 0
1051 399 13 15 1 0
565 55 1 2 1 1
391 423 13 15 1 0
706 116 3 3 1 1
459 35 1 2 1 1
271 260 5 5 1 1
623 97 3 3 1 1
389 62 3 3 1 1
691 64 3 3 1 1
517 49 1 2 1 1
828 176 3 3 1 1
757 147 3 3 1 1
260 265 5 5 1 1
1246 679 26 31 1 0
959 344 8 11 1 1
897 456 13 15 1 0
815 747 26 31 1 0
887 90 3 3 1 1
585 46 1 2 1 1
393 191 5 5 1 1
800 47 1 2 1 1
544 253 5 5 1 1
130 152 3 3 1 1
436 63 3 3 1 1
408 35 1 2 1 1
420 403 13 15 1 0
175 141 3 3 1 1
1183 120 3 3 1 1
922 308 8 11 1 1
1243 578 23 24 1 0
675 64 3 3 1 1
498 276 8 11 1 1
380 347 8 11 1 1
358 96 3 3 1 1
356 38 1 2 1 1
541 86 3 3 1 1
337 442 13 15 1 0
773 104 3 3 1 1
1179 138 3 3 1 1
499 59 1 2 1 1
1207 670 26 31 1 0
517 177 3 3 1 1
508 844 26 31 1 0
146 88 3 3 1 1
123 263 5 5 1 1
415 680 26 31 1 0
541 246 5 5 1 1
551 44 1 2 1 1
756 153 3 3 1 1
1151 174 3 3 1 1
556 39 1 2 1 1
949 109 3 3 1 1
491 34 1 2 1 1
727 85 3 3 1 1
398 276 8 11 1 1
489 131 3 3 1 1
559 58 1 2 1 1
259 124 3 3 1 1
469 280 8 11 1 1
721 131 3 3 1 1
878 207 5 5 1 1
432 64 3 3 1 1
418 62 3 3 1 1
306 100 3 3 1 1
783 103 3 3 1 1
493 229 5 5 1 1
1061 367 13 15 1 0
423 29 1 2 1 1
577 41 1 2 1 1
338 811 26 31 1 0
217 89 3 3 1 1
1073 522 23 24 1 0
484 164 3 3 1 1
146 147 3 3 1 1
435 424 13 15 1 0
164 77 3 3 1 1
679 62 3 3 1 1
1175 211 5 5 1 1
581 97 3 3 1 1
538 70 3 3 1 1
995 149 3 3 1 1
1143 410 13 15 1 0
539 58 1 2 1 1
370 65 3 3 1 1
456 266 5 5 1 1
571 114 3 3 1 1
717 103 3 3 1 1
271 637 23 24 1 0
533 306 8 11 1 1
958 125 3 3 1 1
531 91 3 3 1 1
682 45 1 2 1 1
747 150 3 3 1 1
505 78 3 3 1 1
972 86 3 3 1 1
319 98 3 3 1 1
382 81 3 3 1 1
570 41 1 2 1 1
629 87 3 3 1 1
605 77 3 3 1 1
814 55 1 2 1 1
949 352 13 15 1 1
893 98 3 3 1 1
1025 379 13 15 1 0
709 88 3 3 1 1
455 46 1 2 1 1
434 48 1 2 1 1
43 199 5 5 1 1
90 183 5 5 1 1
1170 193 5 5 1 1
327 461 13 15 1 0
1043 494 13 15 1 0
879 52 1 2 1 1
508 247 5 5 1 1
317 124 3 3 1 1
127 303 8 11 1 1
120 82 3 3 1 1
578 277 8 11 1 1
265 105 3 3 1 1
487 219 5 5 1 1
423 490 13 15 1 0
514 692 26 31 1 0
116 813 26 31 1 0
166 144 3 3 1 1
891 56 1 2 1 1
1102 403 13 15 1 0
348 276 8 11 1 1
704 74 3 3 1 1
1229 646 23 24 1 0
518 240 5 5 1 1
790 118 3 3 1 1
987 279 8 11 1 1
574 255 5 5 1 1
767 82 3 3 1 1
178 84 3 3 1 1
364 36 1 2 1 1
218 143 3 3 1 1
627 85 3 3 1 1
680 52 1 2 1 1
513 32 1 2 1 1
556 387 13 15 1 0
1077 484 13 15 1 0
55 208 5 5 1 1
750 246 5 5 1 1
1155 102 3 3 1 1
904 85 3 3 1 1
443 61 3 3 1 1
806 127 3 3 1 1
368 702 26 31 1 0
427 653 23 24 1 0
718 52 1 2 1 1
250 290 8 11 1 1
334 388 13 15 1 0
515 26 1 2 1 1
477 363 13 15 1 0
925 113 3 3 1 1
95 127 3 3 1 1
347 372 13 15 1 0
994 141 3 3 1 1
1088 111 3 3 1 1
507 285 8 11 1 1
584 58 1 2 1 1
805 108 3 3 1 1
431 131 3 3 1 1
977 120 3 3 1 1
487 265 5 5 1 1
694 77 3 3 1 1
524 31 1 2 1 1
494 40 1 2 1 1
220 57 1 2 1 1
922 106 3 3 1 1
1158 418 13 15 1 0
1160 112 3 3 1 1
339 237 5 5 1 1
569 46 1 2 1 1
836 185 5 5 1 1
1005 88 3 3 1 1
706 89 3 3 1 1
849 66 3 3 1 1
421 540 23 24 1 0
835 159 3 3 1 1
499 69 3 3 1 1
341 615 23 24 1 0
766 129 3 3 1 1
747 86 3 3 1 1
847 73 3 3 1 1
979 253 5 5 1 1
127 89 3 3 1 1
967 116 3 3 1 1
707 81 3 3 1 1
797 56 1 2 1 1
833 191 5 5 1 1
449 42 1 2 1 1
847 146 3 3 1 1
273 39 1 2 1 1
909 302 8 11 1 1
369 429 13 15 1 0
617 82 3 3 1 1
536 108 3 3 1 1
398 72 3 3 1 1
442 457 13 15 1 0
886 214 5 5 1 1
274 131 3 3 1 1
439 348 8 11 1 1
837 144 3 3 1 1
897 99 3 3 1 1
835 170 3 3 1 1
993 390 13 15 1 0
626 61 3 3 1 1
974 317 8 11 1 1
401 584 23 24 1 0
952 107 3 3 1 1
550 68 3 3 1 1
265 667 26 31 1 0
343 37 1 2 1 1
600 49 1 2 1 1
594 95 3 3 1 1
554 178 3 3 1 1
116 733 26 31 1 0
869 155 3 3 1 1
183 157 3 3 1 1
1066 434 13 15 1 0
481 34 1 2 1 1
456 52 1 2 1 1
399 509 23 24 1 0
999 136 3 3 1 1
826 195 5 5 1 1
356 415 13 15 1 0
947 102 3 3 1 1
473 349 8 11 1 1
959 111 3 3 1 1
559 277 8 11 1 1
983 141 3 3 1 1
910 104 3 3 1 1
525 92 3 3 1 1
327 247 5 5 1 1
709 64 3 3 1 1
974 131 3 3 1 1
921 225 5 5 1 1
958 101 3 3 1 1
366 312 8 11 1 1
424 279 8 11 1 1
1042 412 13 15 1 0
168 89 3 3 1 1
613 157 3 3 1 1
312 51 1 2 1 1
518 55 1 2 1 1
293 242 5 5 1 1
827 63 3 3 1 1
983 127 3 3 1 1
980 435 13 15 1 0
844 278 8 11 1 1
718 70 3 3 1 1
953 318 8 11 1 1
920 296 8 11 1 1
533 70 3 3 1 1
578 76 3 3 1 1
110 257 5 5 1 1
958 259 5 5 1 1
933 113 3 3 1 1
797 154 3 3 1 1
870 80 3 3 1 1
910 100 3 3 1 1
457 209 5 5 1 1
367 228 5 5 1 1
520 97 3 3 1 1
789 47 1 2 1 1
591 35 1 2 1 1
529 117 3 3 1 1
477 238 5 5 1 1
267 139 3 3 1 1
442 55 1 2 1 1
802 162 3 3 1 1
836 73 3 3 1 1
280 97 3 3 1 1
864 74 3 3 1 1
159 80 3 3 1 1
346 255 5 5 1 1
1006 132 3 3 1 1
122 92 3 3 1 1
442 50 1 2 1 1
1034 343 8 11 1 1
375 272 8 11 1 1
339 121 3 3 1 1
591 78 3 3 1 1
312 314 8 11 1 1
321 536 23 24 1 0
55 116 3 3 1 1
533 169 3 3 1 1
596 40 1 2 1 1
571 64 3 3 1 1
876 94 3 3 1 1
411 212 5 5 1 1
936 104 3 3 1 1
908 84 3 3 1 1
1034 317 8 11 1 1
889 274 8 11 1 1
459 48 1 2 1 1
355 78 3 3 1 1
402 485 13 15 1 0
541 147 3 3 1 1
492 64 3 3 1 1
564 50 1 2 1 1
401 72 3 3 1 1
1295 0 3 3 1 1
312 39 1 2 1 1
393 101 3 3 1 1
848 76 3 3 1 1
1096 113 3 3 1 1
99 119 3 3 1 1
737 77 3 3 1 1
512 71 3 3 1 1
1073 375 13 15 1 0
137 823 26 31 1 0
538 95 3 3 1 1
1148 116 3 3 1 1
520 29 1 2 1 1
629 160 3 3 1 1
1156 430 13 15 1 0
281 36 1 2 1 1
805 53 1 2 1 1
587 98 3 3 1 1
344 723 26 31 1 0
573 39 1 2 1 1
863 79 3 3 1 1
496 64 3 3 1 1
524 118 3 3 1 1
463 402 13 15 1 0
168 300 8 11 1 1
862 213 5 5 1 1
795 94 3 3 1 1
724 68 3 3 1 1
357 145 3 3 1 1
696 59 1 2 1 1
369 88 3 3 1 1
849 243 5 5 1 1
604 36 1 2 1 1
423 65 3 3 1 1
407 386 13 15 1 0
723 50 1 2 1 1
814 49 1 2 1 1
449 161 3 3 1 1
208 135 3 3 1 1
461 318 8 11 1 1
772 90 3 3 1 1
202 81 3 3 1 1
639 404 13 15 1 0
226 81 3 3 1 1
535 198 5 5 1 1
457 179 5 5 1 1
870 54 1 2 1 1
605 98 3 3 1 1
8 215 5 5 1 1
613 63 3 3 1 1
526 82 3 3 1 1
938 123 3 3 1 1
852 81 3 3 1 1
728 116 3 3 1 1
511 313 8 11 1 1
499 339 8 11 1 1
927 94 3 3 1 1
810 177 3 3 1 1
357 445 13 15 1 0
999 88 3 3 1 1
340 290 8 11 1 1
521 269 8 11 1 1
595 91 3 3 1 1
879 484 13 15 1 0
482 152 3 3 1 1
880 178 3 3 1 1
370 275 8 11 1 1
539 65 3 3 1 1
425 56 1 2 1 1
902 103 3 3 1 1
934 99 3 3 1 1
374 419 13 15 1 0
710 109 3 3 1 1
412 62 3 3 1 1
170 143 3 3 1 1
714 66 3 3 1 1
398 66 3 3 1 1
975 376 13 15 1 0
317 61 3 3 1 1
397 36 1 2 1 1
793 193 5 5 1 1
585 108 3 3 1 1
452 447 13 15 1 0
434 80 3 3 1 1
201 309 8 11 1 1
194 87 3 3 1 1
975 139 3 3 1 1
1192 591 23 24 1 0
203 774 26 31 1 0
471 129 3 3 1 1
490 394 13 15 1 0
212 287 8 11 1 1
546 80 3 3 1 1
572 78 3 3 1 1
521 84 3 3 1 1
520 119 3 3 1 1
553 94 3 3 1 1
374 644 23 24 1 0
559 44 1 2 1 1
171 80 3 3 1 1
770 177 3 3 1 1
734 91 3 3 1 1
722 76 3 3 1 1
867 237 5 5 1 1
450 172 3 3 1 1
51 247 5 5 1 1
378 37 1 2 1 1
721 62 3 3 1 1
609 37 1 2 1 1
801 52 1 2 1 1
1030 443 13 15 1 0
329 98 3 3 1 1
938 309 8 11 1 1
981 271 8 11 1 1
940 112 3 3 1 1
335 73 3 3 1 1
344 105 3 3 1 1
377 97 3 3 1 1
753 99 3 3 1 1
581 34 1 2 1 1
415 66 3 3 1 1
473 246 5 5 1 1
489 41 1 2 1 1
719 91 3 3 1 1
780 42 1 2 1 1
567 36 1 2 1 1
439 59 1 2 1 1
380 88 3 3 1 1
433 388 13 15 1 0
935 221 5 5 1 1
1031 324 8 11 1 1
624 159 3 3 1 1
1225 147 3 3 1 1
817 147 3 3 1 1
509 122 3 3 1 1
389 34 1 2 1 1
407 333 8 11 1 1
272 112 3 3 1 1
887 86 3 3 1 1
183 144 3 3 1 1
1161 136 3 3 1 1
988 290 8 11 1 1
568 60 3 3 1 1
84 276 8 11 1 1
798 117 3 3 1 1
913 336 8 11 1 1
753 85 3 3 1 1
305 50 1 2 1 1
817 57 1 2 1 1
1159 587 23 24 1 0
569 49 1 2 1 1
469 415 13 15 1 0
533 66 3 3 1 1
974 123 3 3 1 1
349 36 1 2 1 1
855 264 5 5 1 1
781 49 1 2 1 1
1130 492 13 15 1 0
422 263 5 5 1 1
420 48 1 2 1 1
858 72 3 3 1 1
932 280 8 11 1 1
874 227 5 5 1 1
720 60 3 3 1 1
556 173 3 3 1 1
715 55 1 2 1 1
375 496 13 15 1 0
510 58 1 2 1 1
596 37 1 2 1 1
886 97 3 3 1 1
87 775 26 31 1 0
122 160 3 3 1 1
81 237 5 5 1 1
93 291 8 11 1 1
867 186 5 5 1 1
336 511 23 24 1 0
863 84 3 3 1 1
1057 342 8 11 1 1
404 73 3 3 1 1
630 273 8 11 1 1
824 132 3 3 1 1
552 106 3 3 1 1
714 78 3 3 1 1
318 260 5 5 1 1
1170 134 3 3 1 1
1044 377 13 15 1 0
1210 130 3 3 1 1
462 43 1 2 1 1
394 56 1 2 1 1
112 162 3 3 1 1
337 382 13 15 1 0
461 253 5 5 1 1
251 310 8 11 1 1
241 593 23 24 1 0
428 53 1 2 1 1
497 145 3 3 1 1
569 85 3 3 1 1
448 53 1 2 1 1
264 797 26 31 1 0
571 59 1 2 1 1
510 172 3 3 1 1
305 105 3 3 1 1
501 166 3 3 1 1
491 171 3 3 1 1
868 194 5 5 1 1
1138 173 3 3 1 1
885 170 3 3 1 1
227 667 26 31 1 0
591 57 1 2 1 1
376 361 13 15 1 0
390 40 1 2 1 1
644 273 8 11 1 1
1022 316 8 11 1 1
822 70 3 3 1 1
967 135 3 3 1 1
1080 415 13 15 1 0
1203 212 5 5 1 1
146 174 3 3 1 1
882 94 3 3 1 1
272 123 3 3 1 1
1211 569 23 24 1 0
619 54 1 2 1 1
403 70 3 3 1 1
775 156 3 3 1 1
794 50 1 2 1 1
529 86 3 3 1 1
1079 103 3 3 1 1
1284 583 23 24 1 0
164 90 3 3 1 1
847 170 3 3 1 1
630 95 3 3 1 1
595 300 8 11 1 1
501 248 5 5 1 1
509 35 1 2 1 1
1114 593 23 24 1 0
763 91 3 3 1 1
287 38 1 2 1 1
445 67 3 3 1 1
392 76 3 3 1 1
375 224 5 5 1 1
331 698 26 31 1 0
901 238 5 5 1 1
809 151 3 3 1 1
696 51 1 2 1 1
609 88 3 3 1 1
33 109 3 3 1 1
590 69 3 3 1 1
541 105 3 3 1 1
713 85 3 3 1 1
779 122 3 3 1 1
357 534 23 24 1 0
307 76 3 3 1 1
430 51 1 2 1 1
156 169 3 3 1 1
767 41 1 2 1 1
448 414 13 15 1 0
87 113 3 3 1 1
544 73 3 3 1 1
481 40 1 2 1 1
236 122 3 3 1 1
239 102 3 3 1 1
377 385 13 15 1 0
559 131 3 3 1 1
463 52 1 2 1 1
531 133 3 3 1 1
837 195 5 5 1 1
981 130 3 3 1 1
1069 382 13 15 1 0
486 33 1 2 1 1
586 33 1 2 1 1
701 56 1 2 1 1
467 33 1 2 1 1
1149 512 23 24 1 0
475 133 3 3 1 1
741 68 3 3 1 1
875 78 3 3 1 1
296 659 23 24 1 0
470 26 1 2 1 1
751 80 3 3 1 1
1215 215 5 5 1 1
146 258 5 5 1 1
95 112 3 3 1 1
965 79 3 3 1 1
1203 221 5 5 1 1
901 82 3 3 1 1
623 84 3 3 1 1
842 63 3 3 1 1
796 130 3 3 1 1
506 30 1 2 1 1
1177 116 3 3 1 1
429 315 8 11 1 1
709 81 3 3 1 1
330 124 3 3 1 1
524 245 5 5 1 1
323 34 1 2 1 1
390 65 3 3 1 1
639 84 3 3 1 1
474 25 1 2 1 1
315 93 3 3 1 1
689 50 1 2 1 1
880 201 5 5 1 1
463 427 13 15 1 0
379 77 3 3 1 1
266 123 3 3 1 1
420 302 8 11 1 1
292 115 3 3 1 1
700 72 3 3 1 1
978 126 3 3 1 1
1273 451 13 15 1 0
382 72 3 3 1 1
1175 529 23 24 1 0
277 110 3 3 1 1
364 95 3 3 1 1
435 74 3 3 1 1
474 376 13 15 1 0
330 80 3 3 1 1
555 50 1 2 1 1
717 107 3 3 1 1
930 103 3 3 1 1
291 61 3 3 1 1
674 52 1 2 1 1
313 103 3 3 1 1
890 88 3 3 1 1
469 228 5 5 1 1
556 57 1 2 1 1
557 60 3 3 1 1
969 267 5 5 1 1
1184 632 23 24 1 0
709 73 3 3 1 1
557 51 1 2 1 1
451 46 1 2 1 1
1145 129 3 3 1 1
862 205 5 5 1 1
197 154 3 3 1 1
349 82 3 3 1 1
501 63 3 3 1 1
402 218 5 5 1 1
422 60 3 3 1 1
1194 132 3 3 1 1
840 153 3 3 1 1
576 45 1 2 1 1
746 78 3 3 1 1
1287 622 23 24 1 0
281 131 3 3 1 1
1018 125 3 3 1 1
1213 404 13 15 1 0
814 170 3 3 1 1
355 87 3 3 1 1
191 149 3 3 1 1
741 103 3 3 1 1
989 372 13 15 1 0
699 42 1 2 1 1
687 57 1 2 1 1
768 112 3 3 1 1
1011 157 3 3 1 1
713 71 3 3 1 1
340 99 3 3 1 1
346 70 3 3 1 1
508 202 5 5 1 1
20 274 8 11 1 1
761 95 3 3 1 1
432 414 13 15 1 0
850 229 5 5 1 1
1033 137 3 3 1 1
254 121 3 3 1 1
462 35 1 2 1 1
1127 175 3 3 1 1
781 112 3 3 1 1
916 102 3 3 1 1
741 224 5 5 1 1
177 163 3 3 1 1
411 66 3 3 1 1
924 219 5 5 1 1
374 550 23 24 1 0
433 252 5 5 1 1
906 87 3 3 1 1
386 457 13 15 1 0
496 402 13 15 1 0
543 163 3 3 1 1
580 39 1 2 1 1
527 374 13 15 1 0
887 194 5 5 1 1
918 98 3 3 1 1
616 56 1 2 1 1
1095 108 3 3 1 1
630 84 3 3 1 1
408 99 3 3 1 1
734 131 3 3 1 1
1112 538 23 24 1 0
234 67 3 3 1 1
1155 657 23 24 1 0
677 47 1 2 1 1
988 349 8 11 1 1
598 100 3 3 1 1
468 163 3 3 1 1
537 156 3 3 1 1
434 59 1 2 1 1
403 199 5 5 1 1
466 222 5 5 1 1
963 106 3 3 1 1
1200 145 3 3 1 1
166 164 3 3 1 1
735 64 3 3 1 1
194 141 3 3 1 1
588 53 1 2 1 1
344 132 3 3 1 1
239 83 3 3 1 1
424 79 3 3 1 1
551 198 5 5 1 1
505 118 3 3 1 1
736 108 3 3 1 1
209 143 3 3 1 1
862 176 3 3 1 1
737 82 3 3 1 1
415 289 8 11 1 1
513 86 3 3 1 1
338 84 3 3 1 1
467 300 8 11 1 1
1184 110 3 3 1 1
546 70 3 3 1 1
331 35 1 2 1 1
450 309 8 11 1 1
335 99 3 3 1 1
588 92 3 3 1 1
234 72 3 3 1 1
447 270 8 11 1 1
138 174 3 3 1 1
828 70 3 3 1 1
785 95 3 3 1 1
898 303 8 11 1 1
637 159 3 3 1 1
1191 425 13 15 1 0
1154 184 5 5 1 1
787 182 5 5 1 1
577 71 3 3 1 1
580 86 3 3 1 1
992 127 3 3 1 1
424 435 13 15 1 0
1160 553 23 24 1 0
486 158 3 3 1 1
810 184 5 5 1 1
427 203 5 5 1 1
779 97 3 3 1 1
500 26 1 2 1 1
701 78 3 3 1 1
309 283 8 11 1 1
391 37 1 2 1 1
750 115 3 3 1 1
309 109 3 3 1 1
773 94 3 3 1 1
499 127 3 3 1 1
755 75 3 3 1 1
996 92 3 3 1 1
1263 544 23 24 1 0
1036 302 8 11 1 1
959 306 8 11 1 1
562 158 3 3 1 1
705 51 1 2 1 1
383 220 5 5 1 1
260 96 3 3 1 1
451 291 8 11 1 1
609 84 3 3 1 1
514 80 3 3 1 1
564 59 1 2 1 1
719 85 3 3 1 1
1135 388 13 15 1 0
547 63 3 3 1 1
568 324 8 11 1 1
1236 726 26 31 1 0
446 498 13 15 1 0
1224 614 23 24 1 0
999 128 3 3 1 1
155 147 3 3 1 1
383 738 26 31 1 0
485 389 13 15 1 0
510 92 3 3 1 1
554 148 3 3 1 1
372 656 23 24 1 0
890 94 3 3 1 1
869 77 3 3 1 1
802 178 3 3 1 1
702 52 1 2 1 1
921 90 3 3 1 1
1288 459 13 15 1 0
414 71 3 3 1 1
543 126 3 3 1 1
504 158 3 3 1 1
799 192 5 5 1 1
516 90 3 3 1 1
76 254 5 5 1 1
426 254 5 5 1 1
40 223 5 5 1 1
720 80 3 3 1 1
279 298 8 11 1 1
717 57 1 2 1 1
406 467 13 15 1 0
997 120 3 3 1 1
810 51 1 2 1 1
197 61 3 3 1 1
530 75 3 3 1 1
505 38 1 2 1 1
1091 390 13 15 1 0
213 132 3 3 1 1
585 41 1 2 1 1
563 40 1 2 1 1
887 81 3 3 1 1
558 198 5 5 1 1
154 300 8 11 1 1
1103 110 3 3 1 1
1110 439 13 15 1 0
372 38 1 2 1 1
1071 329 8 11 1 1
853 184 5 5 1 1
456 57 1 2 1 1
512 274 8 11 1 1
885 324 8 11 1 1
326 257 5 5 1 1
431 235 5 5 1 1
1109 423 13 15 1 0
478 279 8 11 1 1
564 44 1 2 1 1
518 357 13 15 1 1
586 50 1 2 1 1
380 60 3 3 1 1
760 86 3 3 1 1
1007 123 3 3 1 1
481 251 5 5 1 1
614 80 3 3 1 1
441 336 8 11 1 1
40 253 5 5 1 1
812 124 3 3 1 1
798 59 1 2 1 1
935 230 5 5 1 1
519 198 5 5 1 1
230 158 3 3 1 1
601 81 3 3 1 1
1014 130 3 3 1 1
996 313 8 11 1 1
811 699 26 31 1 0
973 81 3 3 1 1
679 40 1 2 1 1
311 116 3 3 1 1
511 26 1 2 1 1
865 170 3 3 1 1
895 83 3 3 1 1
416 638 23 24 1 0
491 70 3 3 1 1
296 356 13 15 1 1
413 346 8 11 1 1
594 44 1 2 1 1
1013 143 3 3 1 1
487 298 8 11 1 1
779 170 3 3 1 1
432 221 5 5 1 1
602 162 3 3 1 1
424 45 1 2 1 1
794 119 3 3 1 1
503 32 1 2 1 1
906 92 3 3 1 1
288 567 23 24 1 0
510 31 1 2 1 1
1064 467 13 15 1 0
283 49 1 2 1 1
1084 371 13 15 1 0
433 68 3 3 1 1
981 108 3 3 1 1
550 52 1 2 1 1
325 109 3 3 1 1
841 73 3 3 1 1
745 93 3 3 1 1
464 348 8 11 1 1
835 152 3 3 1 1
271 320 8 11 1 1
566 75 3 3 1 1
793 168 3 3 1 1
140 162 3 3 1 1
397 60 3 3 1 1
756 133 3 3 1 1
968 247 5 5 1 1
942 102 3 3 1 1
712 115 3 3 1 1
431 270 8 11 1 1
329 296 8 11 1 1
384 393 13 15 1 0
1078 404 13 15 1 0
757 104 3 3 1 1
1024 96 3 3 1 1
119 86 3 3 1 1
301 297 8 11 1 1
582 54 1 2 1 1
1166 113 3 3 1 1
149 82 3 3 1 1
1059 322 8 11 1 1
385 264 5 5 1 1
1174 136 3 3 1 1
711 45 1 2 1 1
434 279 8 11 1 1
689 69 3 3 1 1
1120 410 13 15 1 0
961 288 8 11 1 1
482 121 3 3 1 1
1156 131 3 3 1 1
707 42 1 2 1 1
497 135 3 3 1 1
44 209 5 5 1 1
389 80 3 3 1 1
922 99 3 3 1 1
554 81 3 3 1 1
520 77 3 3 1 1
503 41 1 2 1 1
955 256 5 5 1 1
888 257 5 5 1 1
870 85 3 3 1 1
314 113 3 3 1 1
579 48 1 2 1 1
697 74 3 3 1 1
469 115 3 3 1 1
422 55 1 2 1 1
535 188 5 5 1 1
274 99 3 3 1 1
151 267 7 9 1 1
449 165 3 3 1 1
692 54 1 2 1 1
978 141 3 3 1 1
933 69 3 3 1 1
1238 503 18 19 1 0
504 222 5 5 1 1
214 82 3 3 1 1
573 263 5 5 1 1
289 100 3 3 1 1
224 108 3 3 1 1
115 625 23 24 1 0
726 75 3 3 1 1
521 51 1 2 1 1
750 93 3 3 1 1
729 75 3 3 1 1
1066 387 13 15 1 0
878 172 3 3 1 1
728 96 3 3 1 1
555 163 3 3 1 1
924 273 8 11 1 1
501 206 5 5 1 1
475 35 1 2 1 1
435 402 13 15 1 0
877 251 5 5 1 1
568 68 3 3 1 1
335 259 5 5 1 1
733 73 3 3 1 1
231 303 8 11 1 1
373 71 3 3 1 1
48 123 3 3 1 1
1082 353 13 15 1 1
295 137 3 3 1 1
790 45 1 2 1 1
369 144 3 3 1 1
708 69 3 3 1 1
337 35 1 2 1 1
120 297 8 11 1 1
478 25 1 2 1 1
292 249 5 5 1 1
423 458 13 15 1 0
901 88 3 3 1 1
390 94 3 3 1 1
606 280 8 11 1 1
330 284 8 11 1 1
523 54 1 2 1 1
254 154 3 3 1 1
837 217 5 5 1 1
778 159 3 3 1 1
425 701 26 31 1 0
353 765 26 31 1 0
527 153 3 3 1 1
1025 141 3 3 1 1
488 368 13 15 1 0
111 115 3 3 1 1
575 33 1 2 1 1
918 108 3 3 1 1
552 87 3 3 1 1
385 86 3 3 1 1
276 47 1 2 1 1
259 114 3 3 1 1
224 799 26 31 1 0
787 48 1 2 1 1
366 392 13 15 1 0
579 68 3 3 1 1
545 58 1 2 1 1
412 372 13 15 1 0
733 115 3 3 1 1
331 39 1 2 1 1
975 108 3 3 1 1
567 92 3 3 1 1
850 71 3 3 1 1
471 39 1 2 1 1
848 205 5 5 1 1
287 265 5 5 1 1
572 43 1 2 1 1
363 86 3 3 1 1
858 77 3 3 1 1
487 38 1 2 1 1
885 443 13 15 1 0
259 144 3 3 1 1
547 156 3 3 1 1
433 324 8 11 1 1
71 113 3 3 1 1
823 186 5 5 1 1
503 57 1 2 1 1
922 352 13 15 1 1
831 200 5 5 1 1
552 158 3 3 1 1
337 276 8 11 1 1
600 64 3 3 1 1
519 210 5 5 1 1
356 362 13 15 1 0
687 76 3 3 1 1
448 223 5 5 1 1
697 40 1 2 1 1
384 329 8 11 1 1
251 97 3 3 1 1
285 504 18 19 1 0
8 287 8 11 1 1
727 133 3 3 1 1
847 181 5 5 1 1
1018 306 8 11 1 1
948 368 13 15 1 0
225 68 3 3 1 1
943 234 5 5 1 1
564 174 3 3 1 1
1292 702 26 31 1 0
1005 412 13 15 1 0
825 156 3 3 1 1
883 247 5 5 1 1
587 36 1 2 1 1
516 58 1 2 1 1
1000 94 3 3 1 1
550 185 5 5 1 1
148 307 8 11 1 1
525 75 3 3 1 1
499 117 3 3 1 1
1149 99 3 3 1 1
506 150 3 3 1 1
874 282 8 11 1 1
1140 103 3 3 1 1
478 46 1 2 1 1
718 45 1 2 1 1
792 201 5 5 1 1
502 37 1 2 1 1
558 73 3 3 1 1
390 242 5 5 1 1
873 88 3 3 1 1
61 214 5 5 1 1
791 56 1 2 1 1
1001 282 8 11 1 1
17 234 5 5 1 1
297 60 3 3 1 1
361 78 3 3 1 1
125 81 3 3 1 1
567 114 3 3 1 1
397 397 13 15 1 0
408 243 5 5 1 1
1200 388 13 15 1 0
810 210 5 5 1 1
271 50 1 2 1 1
516 131 3 3 1 1
1207 149 3 3 1 1
326 40 1 2 1 1
385 63 3 3 1 1
759 76 3 3 1 1
460 30 1 2 1 1
498 38 1 2 1 1
716 118 3 3 1 1
519 166 3 3 1 1
910 92 3 3 1 1
560 118 3 3 1 1
419 250 5 5 1 1
555 62 3 3 1 1
295 109 3 3 1 1
103 113 3 3 1 1
1032 464 13 15 1 0
1158 707 26 31 1 0
604 88 3 3 1 1
273 514 23 24 1 0
