871 35 16 16 1 0
469 40 16 16 1 0
257 56 14 13 1 0
720 320 28 30 1 0
227 97 14 13 1 0
497 100 16 16 1 0
365 102 16 16 1 0
290 223 28 33 1 0
759 288 27 30 1 0
130 229 28 33 1 0
373 46 16 16 1 0
477 363 28 30 1 0
633 146 16 16 1 0
291 185 28 33 1 0
536 192 28 26 1 0
383 156 16 16 1 0
366 242 28 26 1 0
656 218 28 26 1 0
830 215 27 30 1 0
967 363 28 30 1 0
397 102 16 16 1 0
597 141 16 16 1 0
913 103 16 16 1 0
385 65 16 16 1 0
232 540 50 51 1 0
334 86 16 16 1 0
405 68 16 16 1 0
874 94 16 16 1 0
267 272 28 33 1 0
985 212 27 30 1 0
497 113 16 16 1 0
561 224 28 26 1 0
239 121 14 13 1 0
477 88 16 16 1 0
696 440 39 43 1 0
395 648 39 43 1 0
559 387 28 30 1 0
492 42 16 16 1 0
882 315 28 30 1 0
902 230 27 30 1 0
966 149 16 16 1 0
242 93 14 13 1 0
871 119 16 16 1 0
865 50 16 16 1 0
907 211 27 30 1 0
546 17 16 16 1 0
293 279 28 33 1 0
938 186 16 16 1 0
696 196 28 26 1 0
958 440 28 30 1 0
937 152 16 16 1 0
869 266 27 30 1 0
235 366 50 51 1 0
558 318 28 30 1 0
438 54 16 16 1 0
62 275 28 33 1 0
683 69 16 16 1 0
866 414 28 30 1 0
528 219 28 26 1 0
34 98 14 13 1 0
784 317 28 30 1 0
505 149 16 16 1 0
586 108 16 16 1 0
651 433 39 43 1 0
969 259 27 30 1 0
844 109 16 16 1 0
465 173 19 18 1 0
402 48 16 16 1 0
95 152 14 13 1 0
515 9 16 16 1 0
265 547 39 43 1 0
165 79 14 13 1 0
466 138 16 16 1 0
82 294 28 33 1 0
422 455 39 43 1 0
847 154 16 16 1 0
336 242 28 26 1 0
860 230 27 30 1 0
877 162 16 16 1 0
959 185 16 16 1 0
273 74 14 13 1 0
583 135 16 16 1 0
833 178 16 16 1 0
410 52 16 16 1 0
501 62 16 16 1 0
117 306 28 33 1 0
655 182 28 26 1 0
734 77 16 16 1 0
275 179 28 33 1 0
532 73 16 16 1 0
316 34 15 14 1 0
664 85 16 16 1 0
385 452 39 43 1 0
948 114 16 16 1 0
966 107 16 16 1 0
193 82 14 13 1 0
453 34 16 16 1 0
658 639 39 43 1 0
814 70 16 16 1 0
581 331 28 30 1 0
367 41 16 16 1 0
179 132 14 13 1 0
613 570 39 43 1 0
465 503 39 43 1 0
863 135 16 16 1 0
727 278 28 26 1 0
287 96 14 13 1 0
132 480 50 51 1 0
759 469 39 43 1 0
27 271 28 33 1 0
363 189 28 26 1 0
538 118 16 16 1 0
565 103 16 16 1 0
668 336 28 30 1 0
133 303 28 33 1 0
196 64 14 13 1 0
519 57 16 16 1 0
868 198 27 30 1 0
220 268 28 33 1 0
627 351 28 30 1 0
771 115 16 16 1 0
245 185 28 33 1 0
421 83 16 16 1 0
590 424 28 30 1 0
470 307 28 30 1 0
796 411 28 30 1 0
917 80 16 16 1 0
813 267 27 30 1 0
421 213 28 26 1 0
713 164 16 16 1 0
358 144 16 16 1 0
551 71 16 16 1 0
953 57 16 16 1 0
204 150 14 13 1 0
347 116 16 16 1 0
148 114 14 13 1 0
908 180 16 16 1 0
755 83 16 16 1 0
180 78 14 13 1 0
245 285 28 33 1 0
423 52 16 16 1 0
649 121 16 16 1 0
145 97 14 13 1 0
504 536 39 43 1 0
408 83 16 16 1 0
439 23 16 16 1 0
420 128 16 16 1 0
396 38 16 16 1 0
691 140 16 16 1 0
886 89 16 16 1 0
727 247 28 26 1 0
610 131 16 16 1 0
483 147 16 16 1 0
758 50 16 16 1 0
466 87 16 16 1 0
371 605 39 43 1 0
777 179 16 16 1 0
823 158 16 16 1 0
717 189 28 26 1 0
615 177 28 26 1 0
258 202 28 33 1 0
272 233 28 33 1 0
75 103 14 13 1 0
181 500 50 51 1 0
219 148 14 13 1 0
89 207 28 33 1 0
136 125 14 13 1 0
646 99 16 16 1 0
641 274 28 26 1 0
120 90 14 13 1 0
210 114 14 13 1 0
549 144 16 16 1 0
527 158 16 16 1 0
442 352 28 30 1 0
192 247 28 33 1 0
392 186 28 26 1 0
575 70 16 16 1 0
318 296 28 30 1 0
420 37 16 16 1 0
10 388 50 51 1 0
158 70 14 13 1 0
283 135 14 13 1 0
495 224 28 26 1 0
365 119 16 16 1 0
3 250 28 33 1 0
356 322 28 30 1 0
498 279 28 26 1 0
945 222 27 30 1 0
141 344 28 33 1 0
166 337 28 33 1 0
409 168 19 18 1 0
3 363 29 35 1 0
389 122 16 16 1 0
324 604 39 43 1 0
628 73 16 16 1 0
87 438 50 51 1 0
398 337 28 30 1 0
422 67 16 16 1 0
903 274 27 30 1 0
45 131 14 13 1 0
315 70 16 16 1 0
467 58 16 16 1 0
992 154 16 16 1 0
672 147 16 16 1 0
167 165 28 33 1 0
801 179 16 16 1 0
677 100 16 16 1 0
801 479 44 51 1 0
501 193 28 26 1 0
180 145 14 13 1 0
450 220 28 26 1 0
142 166 28 33 1 0
611 66 16 16 1 0
408 254 28 26 1 0
820 130 16 16 1 0
386 251 28 26 1 0
328 312 28 30 1 0
590 76 16 16 1 0
543 53 16 16 1 0
8 126 17 18 1 0
441 129 16 16 1 0
324 65 16 16 1 0
409 29 16 16 1 0
277 60 14 13 1 0
429 103 16 16 1 0
340 39 15 15 1 0
181 175 28 33 1 0
329 437 39 43 1 0
867 497 44 51 1 0
439 261 28 26 1 0
204 181 28 33 1 0
643 62 16 16 1 0
744 49 16 16 1 0
931 241 27 30 1 0
751 377 28 30 1 0
612 113 16 16 1 0
478 220 28 26 1 0
772 210 27 30 1 0
195 109 14 13 1 0
215 92 14 13 1 0
920 126 16 16 1 0
461 263 28 26 1 0
5 167 17 18 1 0
745 204 27 30 1 0
817 345 28 30 1 0
783 68 16 16 1 0
687 287 28 26 1 0
925 348 28 30 1 0
992 303 27 30 1 0
403 123 16 16 1 0
626 209 28 26 1 0
25 131 17 18 1 0
233 155 14 13 1 0
80 378 34 41 1 0
742 616 39 43 1 0
313 228 28 31 1 0
84 84 14 13 1 0
150 235 28 33 1 0
297 60 15 14 1 0
753 167 16 16 1 0
525 376 28 30 1 0
700 131 16 16 1 0
538 562 39 43 1 0
945 298 28 30 1 0
901 429 28 30 1 0
551 88 16 16 1 0
995 90 16 16 1 0
523 303 28 30 1 0
974 129 16 16 1 0
568 60 16 16 1 0
822 106 16 16 1 0
200 335 28 33 1 0
162 254 28 33 1 0
780 49 16 16 1 0
276 392 28 30 1 0
928 539 44 51 1 0
988 544 44 51 1 0
58 165 28 33 1 0
220 181 28 33 1 0
214 63 14 13 1 0
560 127 16 16 1 0
696 222 28 26 1 0
775 239 27 30 1 0
678 125 16 16 1 0
257 124 14 13 1 0
492 180 28 26 1 0
