107 154 16 23 1 0
11 235 16 23 1 0
232 142 16 23 1 0
603 51 16 23 1 0
325 27 16 23 1 0
367 350 16 24 1 0
136 31 16 23 1 0
417 211 16 24 1 0
351 10 16 23 1 0
167 214 16 24 1 0
407 362 16 24 1 0
311 24 16 23 1 0
142 269 16 24 1 0
468 345 16 24 1 0
604 315 16 24 1 0
471 282 16 24 1 0
441 249 16 24 1 0
548 308 16 24 1 0
234 205 16 24 1 0
414 157 16 23 1 0
338 284 16 24 1 0
173 216 16 24 1 0
268 78 16 23 1 0
159 288 16 24 1 0
229 124 16 23 1 0
176 270 16 24 1 0
344 20 16 23 1 0
386 213 16 24 1 0
16 264 16 23 1 0
308 314 16 24 1 0
461 59 16 23 1 0
355 157 16 23 1 0
280 12 16 23 1 0
435 37 16 23 1 0
377 364 16 24 1 0
225 60 16 23 1 0
613 161 16 23 1 0
228 221 16 24 1 0
417 310 16 24 1 0
6 102 16 23 1 0
626 81 16 23 1 0
425 12 16 23 1 0
361 117 16 23 1 0
491 152 16 23 1 0
367 318 16 24 1 0
497 211 16 24 1 0
431 230 16 24 1 0
207 256 16 24 1 0
211 64 16 23 1 0
471 122 16 23 1 0
615 250 16 24 1 0
20 138 16 23 1 0
466 82 16 23 1 0
69 158 16 23 1 0
232 3 16 23 1 0
511 127 16 23 1 0
193 183 16 24 1 0
529 277 16 24 1 0
320 8 16 23 1 0
81 7 16 23 1 0
3 192 16 23 1 0
555 124 16 23 1 0
233 85 16 23 1 0
550 217 16 24 1 0
282 90 16 23 1 0
64 86 16 23 1 0
380 151 16 23 1 0
481 18 16 23 1 0
582 58 16 23 1 0
618 22 16 23 1 0
380 242 16 24 1 0
319 291 16 24 1 0
4 127 16 23 1 0
282 283 16 24 1 0
605 106 16 23 1 0
507 255 16 24 1 0
517 156 16 23 1 0
146 201 16 24 1 0
572 305 16 24 1 0
284 235 16 24 1 0
467 150 16 23 1 0
474 248 16 24 1 0
528 98 16 23 1 0
235 71 16 23 1 0
405 261 16 24 1 0
567 155 16 23 1 0
433 139 16 23 1 0
577 167 16 23 1 0
128 354 16 24 1 0
204 161 16 23 1 0
157 157 16 23 1 0
35 42 16 23 1 0
49 137 16 23 1 0
147 1 16 23 1 0
355 34 16 23 1 0
449 143 16 23 1 0
188 218 16 24 1 0
10 43 16 23 1 0
527 7 16 23 1 0
215 80 16 23 1 0
375 121 16 23 1 0
34 201 16 24 1 0
