143 261 15 15 1 0
566 68 12 15 1 0
370 354 15 15 1 0
484 425 15 15 1 0
128 430 15 15 1 0
118 295 15 15 1 0
84 91 12 15 1 0
507 424 15 15 1 0
336 261 15 15 1 0
401 480 15 15 1 0
673 298 15 15 1 0
163 183 12 15 1 0
183 54 12 15 1 0
235 32 12 15 1 0
427 336 15 15 1 0
423 442 15 15 1 0
294 196 12 15 1 0
682 498 15 15 1 0
435 174 12 15 1 0
212 501 15 15 1 0
382 191 12 15 1 0
78 441 15 15 1 0
314 445 15 15 1 0
152 65 12 15 1 0
727 427 15 15 1 0
305 120 12 15 1 0
644 61 12 15 1 0
209 135 12 15 1 0
224 106 12 15 1 0
158 126 12 15 1 0
140 152 12 15 1 0
112 203 12 15 1 0
25 352 15 15 1 0
190 163 12 15 1 0
316 164 12 15 1 0
603 389 15 15 1 0
593 298 15 15 1 0
713 121 12 15 1 0
378 323 15 15 1 0
604 45 12 15 1 0
642 102 12 15 1 0
271 128 12 15 1 0
288 364 15 15 1 0
159 7 12 15 1 0
644 311 15 15 1 0
206 339 15 15 1 0
663 366 15 15 1 0
18 58 12 15 1 0
323 183 12 15 1 0
757 238 12 15 1 0
426 235 12 15 1 0
422 126 12 15 1 0
74 56 12 15 1 0
700 337 15 15 1 0
527 232 12 15 1 0
629 292 15 15 1 0
699 520 15 15 1 0
109 113 12 15 1 0
506 311 15 15 1 0
98 431 15 15 1 0
287 314 15 15 1 0
344 205 12 15 1 0
632 354 15 15 1 0
583 351 15 15 1 0
505 222 12 15 1 0
364 284 15 15 1 0
283 27 12 15 1 0
525 153 12 15 1 0
161 33 12 15 1 0
30 294 15 15 1 0
157 469 15 15 1 0
59 8 12 15 1 0
285 453 15 15 1 0
372 251 15 15 1 0
498 5 12 15 1 0
26 245 13 15 1 0
419 362 15 15 1 0
363 35 12 15 1 0
410 157 12 15 1 0
657 449 15 15 1 0
575 455 15 15 1 0
653 412 15 15 1 0
792 215 12 15 1 0
81 243 12 15 1 0
88 282 15 15 1 0
490 321 15 15 1 0
120 140 12 15 1 0
372 169 12 15 1 0
723 200 12 15 1 0
625 257 15 15 1 0
58 479 15 15 1 0
86 132 12 15 1 0
593 318 15 15 1 0
50 143 12 15 1 0
541 124 12 15 1 0
237 6 12 15 1 0
314 23 12 15 1 0
376 229 12 15 1 0
664 243 12 15 1 0
398 439 15 15 1 0
357 101 12 15 1 0
605 121 12 15 1 0
192 16 12 15 1 0
371 377 15 15 1 0
339 447 15 15 1 0
724 155 12 15 1 0
14 163 12 15 1 0
768 172 12 15 1 0
555 349 15 15 1 0
415 321 15 15 1 0
468 267 15 15 1 0
161 438 15 15 1 0
93 333 15 15 1 0
128 114 12 15 1 0
502 150 12 15 1 0
153 295 15 15 1 0
84 156 12 15 1 0
385 114 12 15 1 0
217 408 15 15 1 0
712 312 15 15 1 0
191 185 12 15 1 0
313 347 15 15 1 0
462 55 12 15 1 0
441 258 15 15 1 0
411 199 12 15 1 0
83 208 12 15 1 0
239 155 12 15 1 0
670 336 15 15 1 0
410 263 15 15 1 0
457 439 15 15 1 0
347 387 15 15 1 0
429 494 15 15 1 0
206 253 15 15 1 0
337 81 12 15 1 0
132 331 15 15 1 0
620 329 15 15 1 0
185 78 12 15 1 0
634 27 12 15 1 0
383 406 15 15 1 0
425 409 15 15 1 0
510 181 12 15 1 0
552 428 15 15 1 0
465 221 12 15 1 0
720 361 15 15 1 0
691 397 15 15 1 0
702 33 12 15 1 0
308 69 12 15 1 0
547 194 12 15 1 0
355 310 15 15 1 0
455 306 15 15 1 0
661 121 12 15 1 0
162 92 12 15 1 0
126 86 12 15 1 0
374 453 15 15 1 0
600 265 15 15 1 0
313 386 15 15 1 0
661 80 12 15 1 0
397 293 15 15 1 0
697 282 15 15 1 0
253 496 15 15 1 0
289 170 12 15 1 0
332 5 12 15 1 0
722 463 15 15 1 0
33 83 12 15 1 0
319 311 15 15 1 0
647 245 12 15 1 0
734 164 12 15 1 0
51 275 15 15 1 0
740 219 12 15 1 0
541 12 12 15 1 0
264 11 12 15 1 0
635 520 15 15 1 0
726 63 12 15 1 0
283 479 15 15 1 0
497 385 15 15 1 0
119 497 15 15 1 0
471 76 12 15 1 0
185 470 15 15 1 0
446 475 15 15 1 0
53 442 15 15 1 0
122 39 12 15 1 0
192 116 12 15 1 0
