216 250 52 59 1 0
310 653 52 59 1 0
496 318 52 59 1 0
1110 162 52 59 1 0
1003 178 52 59 1 0
212 769 52 59 1 0
717 504 52 59 1 0
629 291 52 59 1 0
300 438 52 59 1 0
748 806 52 59 1 0
765 29 52 59 1 0
616 791 52 59 1 0
1023 497 52 59 1 0
562 155 52 59 1 0
490 15 52 59 1 0
445 618 52 59 1 0
910 283 52 59 1 0
441 28 52 59 1 0
697 196 52 59 1 0
908 479 52 59 1 0
3 631 42 41 1 0
42 418 52 59 1 0
967 660 52 59 1 0
244 9 52 59 1 0
101 27 52 59 1 0
183 434 52 59 1 0
1040 318 52 59 1 0
625 10 52 59 1 0
561 25 52 59 1 0
354 23 52 59 1 0
409 286 52 59 1 0
445 159 52 59 1 0
11 592 52 59 1 0
407 449 52 59 1 0
968 67 52 59 1 0
154 622 52 59 1 0
842 176 52 59 1 0
915 84 52 59 1 0
1105 47 52 59 1 0
81 220 52 59 1 0
554 460 52 59 1 0
1053 322 52 59 1 0
348 145 52 59 1 0
887 801 52 59 1 0
774 288 52 59 1 0
