301 123 10 16 1 0
333 68 3 4 1 1
159 120 10 16 1 0
331 65 0 0 1 1
283 80 3 4 1 0
320 138 10 16 1 0
290 82 3 4 1 0
383 98 10 16 1 0
377 75 3 4 1 0
159 97 10 16 1 0
338 66 1 1 1 1
198 85 1 1 1 0
274 77 3 4 1 0
369 70 3 4 1 1
258 62 0 0 1 1
227 104 10 16 1 0
304 64 0 0 1 1
352 77 3 4 1 0
216 86 1 1 1 0
352 129 10 16 1 0
336 81 3 4 1 0
283 65 0 0 1 1
385 70 3 4 1 1
74 104 10 16 1 0
193 64 0 0 1 1
184 88 10 16 1 0
332 76 3 4 1 0
369 80 3 4 1 0
253 62 0 0 1 1
306 70 3 4 1 1
268 91 10 16 1 0
3 172 21 22 1 0
172 131 10 16 1 0
218 76 3 4 1 0
390 186 21 22 1 0
296 70 3 4 1 1
291 66 1 1 1 1
258 66 1 1 1 1
362 66 1 1 1 1
268 60 0 0 1 1
81 97 10 16 1 0
349 73 3 4 1 0
170 99 10 16 1 0
133 259 21 22 1 0
204 165 21 22 1 0
265 62 0 0 1 1
275 70 3 4 1 1
204 91 10 16 1 0
228 83 3 4 1 0
277 82 3 4 1 0
327 65 0 0 1 1
360 80 3 4 1 0
291 68 3 4 1 1
277 124 10 16 1 0
314 68 3 4 1 1
290 100 10 16 1 0
258 102 10 16 1 0
382 80 3 4 1 0
298 76 3 4 1 0
375 70 3 4 1 1
223 118 10 16 1 0
134 176 21 22 1 0
60 265 21 22 1 0
297 67 1 1 1 1
242 90 10 16 1 0
342 67 1 1 1 1
226 70 3 4 1 1
283 73 3 4 1 0
246 128 10 16 1 0
229 66 1 1 1 1
338 73 3 4 1 0
187 114 10 16 1 0
310 62 0 0 1 1
198 119 10 16 1 0
315 61 0 0 1 1
346 93 10 16 1 0
304 95 10 16 1 0
318 95 10 16 1 0
116 265 21 22 1 0
132 119 10 16 1 0
238 122 10 16 1 0
348 68 3 4 1 1
377 90 10 16 1 0
218 93 10 16 1 0
184 94 10 16 1 0
288 71 3 4 1 1
32 172 21 22 1 0
283 98 10 16 1 0
254 144 10 16 1 0
311 80 3 4 1 0
277 72 3 4 1 1
263 65 0 0 1 1
226 73 3 4 1 0
288 73 3 4 1 0
103 154 21 22 1 0
348 110 10 16 1 0
358 71 3 4 1 1
224 62 0 0 1 1
322 85 10 16 1 0
286 112 10 16 1 0
236 259 21 22 1 0
268 66 1 1 1 1
247 66 1 1 1 1
190 255 32 35 1 0
358 93 10 16 1 0
