3812 1406 130 168 1 0
4609 1414 101 101 1 0
3993 1371 130 168 1 0
5404 1384 94 98 1 0
5896 1353 102 113 1 0
4935 1560 129 161 1 0
5089 1337 94 98 1 0
2022 1525 65 79 1 0
3717 1452 130 168 1 0
4766 1392 101 101 1 0
3128 1335 159 176 1 0
5336 1369 94 98 1 0
2720 1369 159 176 1 0
4263 1409 53 57 1 0
5157 1537 129 161 1 0
3463 1365 159 176 2 0
4484 1416 53 57 1 0
5024 1255 101 101 1 0
1792 1531 65 79 1 0
1392 1307 111 178 1 0
3322 1312 159 176 1 0
5269 1511 129 161 1 0
1121 1062 160 219 1 0
5437 1437 94 98 1 0
1592 1425 111 178 1 0
1013 1256 160 219 1 0
3235 3176 151 174 1 0
3533 1407 159 176 2 0
2522 1395 159 176 1 0
4662 1393 101 101 1 0
5671 1410 94 98 1 0
4516 1528 53 57 1 0
1902 1503 65 79 1 0
