464 186 4 2 1 1
49 226 7 5 1 1
166 122 4 2 1 1
868 321 7 5 1 1
231 461 7 10 1 0
405 95 4 2 1 1
635 102 4 2 1 1
648 182 4 2 1 1
312 103 4 2 1 1
675 102 4 2 1 1
78 139 4 2 1 1
750 182 4 2 1 1
110 196 4 2 1 1
670 457 13 12 1 1
204 436 6 7 1 0
277 96 4 2 1 1
875 109 4 2 1 1
786 277 7 5 1 1
4 192 7 5 1 1
209 113 4 2 1 1
443 205 4 2 1 1
807 277 7 5 1 1
800 192 4 2 1 1
824 128 4 2 1 1
482 252 7 5 1 1
456 147 4 2 1 1
331 133 4 2 1 1
624 168 4 2 1 1
8 243 7 5 1 1
353 224 7 5 1 1
726 179 4 2 1 1
820 115 4 2 1 1
809 202 4 2 1 1
219 204 4 2 1 1
778 238 7 5 1 1
844 194 4 2 1 1
322 238 7 5 1 1
579 89 4 2 1 1
370 187 4 2 1 1
544 153 4 2 1 1
375 192 4 2 1 1
312 170 4 2 1 1
578 150 4 2 1 1
194 187 4 2 1 1
821 93 4 2 1 1
695 514 24 26 1 0
481 141 4 2 1 1
528 255 7 5 1 1
87 175 4 2 1 1
836 90 4 2 1 1
205 406 6 7 1 1
427 230 7 5 1 1
441 173 4 2 1 1
177 147 4 2 1 1
855 186 4 2 1 1
419 221 4 2 1 1
46 269 7 5 1 1
339 501 18 21 1 0
81 406 6 7 1 1
226 169 4 2 1 1
281 228 7 5 1 1
72 140 4 2 1 1
456 457 7 10 1 1
746 166 4 2 1 1
330 253 7 5 1 1
253 475 7 10 1 0
562 136 4 2 1 1
329 238 7 5 1 1
276 245 7 5 1 1
482 104 4 2 1 1
383 96 4 2 1 1
421 447 7 10 1 1
792 91 4 2 1 1
36 145 4 2 1 1
127 227 7 5 1 1
178 106 4 2 1 1
347 104 4 2 1 1
236 218 4 2 1 1
747 154 4 2 1 1
436 164 4 2 1 1
175 176 4 2 1 1
289 96 4 2 1 1
455 198 4 2 1 1
295 434 6 7 1 1
804 236 7 5 1 1
535 207 4 2 1 1
381 175 4 2 1 1
573 127 4 2 1 1
856 248 7 5 1 1
890 503 24 26 1 0
806 156 4 2 1 1
242 132 4 2 1 1
610 210 4 2 1 1
178 131 4 2 1 1
214 172 4 2 1 1
378 128 4 2 1 1
78 443 7 10 1 0
216 198 4 2 1 1
64 140 4 2 1 1
875 139 4 2 1 1
57 226 7 5 1 1
608 94 4 2 1 1
685 186 4 2 1 1
15 187 5 3 1 1
590 161 4 2 1 1
815 86 4 2 1 1
652 101 4 2 1 1
479 228 7 5 1 1
382 461 7 10 1 1
417 244 7 5 1 1
469 247 7 5 1 1
624 237 7 5 1 1
629 148 4 2 1 1
628 160 4 2 1 1
796 161 4 2 1 1
410 219 4 2 1 1
681 96 4 2 1 1
708 234 7 5 1 1
389 230 7 5 1 1
420 152 4 2 1 1
295 136 4 2 1 1
131 125 4 2 1 1
870 483 13 12 1 0
358 160 4 2 1 1
641 180 4 2 1 1
843 217 4 2 1 1
235 105 4 2 1 1
644 239 7 5 1 1
594 249 7 5 1 1
347 114 4 2 1 1
237 198 4 2 1 1
812 232 7 5 1 1
736 511 24 26 2 0
269 207 4 2 1 1
278 206 4 2 1 1
786 217 4 2 1 1
52 407 6 7 1 1
613 176 4 2 1 1
248 118 4 2 1 1
817 501 24 26 1 0
271 144 4 2 1 1
287 200 4 2 1 1
199 172 4 2 1 1
626 212 4 2 1 1
257 115 4 2 1 1
176 509 20 25 1 0
29 222 7 5 1 1
64 206 4 2 1 1
812 519 24 26 2 0
60 222 4 2 1 1
706 495 13 12 1 0
576 94 4 2 1 1
487 168 4 2 1 1
728 237 7 5 1 1
257 148 4 2 1 1
673 189 4 2 1 1
309 439 6 7 1 1
67 448 37 47 2 0
54 273 7 5 1 1
379 110 4 2 1 1
327 152 4 2 1 1
811 187 4 2 1 1
407 200 4 2 1 1
199 444 7 10 1 0
812 92 4 2 1 1
122 189 4 2 1 1
68 223 4 2 1 1
40 387 6 7 1 1
852 512 24 26 1 0
64 130 4 2 1 1
693 104 4 2 1 1
475 461 7 10 1 1
275 219 4 2 1 1
104 160 4 2 1 1
606 474 13 12 2 0
654 111 4 2 1 1
167 108 4 2 1 1
600 87 4 2 1 1
375 163 4 2 1 1
139 105 4 2 1 1
410 182 4 2 1 1
178 190 4 2 1 1
840 479 13 12 1 0
760 228 7 5 1 1
444 180 4 2 1 1
428 270 7 5 1 1
774 149 4 2 1 1
173 198 4 2 1 1
164 171 4 2 1 1
605 137 4 2 1 1
185 226 7 5 1 1
58 155 4 2 1 1
600 219 4 2 1 1
503 204 4 2 1 1
281 139 4 2 1 1
37 208 7 5 1 1
592 274 7 5 1 1
193 204 4 2 1 1
552 184 4 2 1 1
366 130 4 2 1 1
135 149 4 2 1 1
642 86 4 2 1 1
282 131 4 2 1 1
399 163 4 2 1 1
198 420 6 7 1 0
319 119 4 2 1 1
595 146 4 2 1 1
444 253 7 5 1 1
252 152 4 2 1 1
852 194 4 2 1 1
332 172 4 2 1 1
760 251 7 5 1 1
836 115 4 2 1 1
371 236 7 5 1 1
659 218 4 2 1 1
618 111 4 2 1 1
743 474 13 12 2 0
472 109 4 2 1 1
500 118 4 2 1 1
157 131 4 2 1 1
388 199 4 2 1 1
625 473 13 12 2 0
585 462 13 12 1 1
110 159 4 2 1 1
776 508 24 26 1 0
69 213 4 2 1 1
710 118 4 2 1 1
766 128 4 2 1 1
57 166 4 2 1 1
359 244 7 5 1 1
731 277 7 5 1 1
247 224 7 5 1 1
49 128 4 2 1 1
858 175 4 2 1 1
303 199 4 2 1 1
354 196 4 2 1 1
162 141 4 2 1 1
827 86 4 2 1 1
45 129 4 2 1 1
119 207 4 2 1 1
496 218 4 2 1 1
891 231 4 2 1 1
441 167 4 2 1 1
540 128 4 2 1 1
294 192 4 2 1 1
9 283 7 5 1 1
198 202 4 2 1 1
71 183 4 2 1 1
338 265 7 5 1 1
323 185 4 2 1 1
294 143 4 2 1 1
735 143 4 2 1 1
343 115 4 2 1 1
713 212 4 2 1 1
635 211 4 2 1 1
366 228 7 5 1 1
725 134 4 2 1 1
527 230 7 5 1 1
189 433 6 7 1 0
514 140 4 2 1 1
421 129 4 2 1 1
96 410 6 7 1 1
202 212 4 2 1 1
444 124 4 2 1 1
19 133 4 2 1 1
793 206 4 2 1 1
533 186 4 2 1 1
717 134 4 2 1 1
268 203 4 2 1 1
646 166 4 2 1 1
718 108 4 2 1 1
87 259 7 5 1 1
330 102 4 2 1 1
57 407 6 7 1 1
26 154 4 2 1 1
880 250 4 2 1 1
165 133 4 2 1 1
642 153 4 2 1 1
248 217 4 2 1 1
307 434 6 7 1 1
202 470 7 10 1 0
43 100 4 2 1 1
224 208 4 2 1 1
664 148 4 2 1 1
199 152 4 2 1 1
145 135 4 2 1 1
23 231 7 5 1 1
628 141 4 2 1 1
121 174 4 2 1 1
464 230 7 5 1 1
774 226 7 5 1 1
357 164 4 2 1 1
703 273 7 5 1 1
305 268 7 5 1 1
141 99 4 2 1 1
163 237 7 5 1 1
116 164 4 2 1 1
332 116 4 2 1 1
273 165 4 2 1 1
174 167 4 2 1 1
724 198 4 2 1 1
759 132 4 2 1 1
858 114 4 2 1 1
769 239 7 5 1 1
234 166 4 2 1 1
398 98 4 2 1 1
888 101 4 2 1 1
126 231 7 5 1 1
722 228 7 5 1 1
342 177 4 2 1 1
274 422 6 7 1 1
234 127 4 2 1 1
73 190 4 2 1 1
472 220 4 2 1 1
548 231 7 5 1 1
731 185 4 2 1 1
96 150 4 2 1 1
105 112 4 2 1 1
251 145 4 2 1 1
511 256 7 5 1 1
406 120 4 2 1 1
294 154 4 2 1 1
533 172 4 2 1 1
721 469 13 12 1 0
331 96 4 2 1 1
385 130 4 2 1 1
533 179 4 2 1 1
708 483 13 12 1 0
660 103 4 2 1 1
464 162 4 2 1 1
573 162 4 2 1 1
479 200 4 2 1 1
73 222 4 2 1 1
55 189 4 2 1 1
550 175 4 2 1 1
387 146 4 2 1 1
277 150 4 2 1 1
663 210 4 2 1 1
481 240 7 5 1 1
532 457 11 11 1 0
831 189 4 2 1 1
231 151 4 2 1 1
523 144 4 2 1 1
131 115 4 2 1 1
827 118 4 2 1 1
275 264 7 5 1 1
295 206 4 2 1 1
89 134 4 2 1 1
119 151 4 2 1 1
456 163 4 2 1 1
742 274 7 5 1 1
564 153 4 2 1 1
770 475 13 12 1 0
161 222 4 2 1 1
749 465 13 12 1 0
350 135 4 2 1 1
329 171 4 2 1 1
436 172 4 2 1 1
486 205 4 2 1 1
602 146 4 2 1 1
528 214 4 2 1 1
801 94 4 2 1 1
890 88 4 2 1 1
855 143 4 2 1 1
44 404 6 7 1 1
621 205 4 2 1 1
848 172 4 2 1 1
175 136 4 2 1 1
596 199 4 2 1 1
41 231 7 5 1 1
45 194 4 2 1 1
407 218 4 2 1 1
158 213 4 2 1 1
176 459 7 10 1 0
62 461 37 47 2 0
361 226 7 5 1 1
341 106 4 2 1 1
501 167 4 2 1 1
138 135 4 2 1 1
94 200 4 2 1 1
301 192 4 2 1 1
351 150 4 2 1 1
94 124 4 2 1 1
139 468 7 10 1 0
367 270 7 5 1 1
523 118 4 2 1 1
752 145 4 2 1 1
107 449 7 10 1 0
529 198 4 2 1 1
87 212 4 2 1 1
334 225 7 5 1 1
624 230 7 5 1 1
84 156 4 2 1 1
436 106 4 2 1 1
360 102 4 2 1 1
601 457 13 12 1 1
387 246 7 5 1 1
218 159 4 2 1 1
886 210 4 2 1 1
528 174 4 2 1 1
527 234 7 5 1 1
844 111 4 2 1 1
328 232 7 5 1 1
602 119 4 2 1 1
749 87 4 2 1 1
242 218 4 2 1 1
247 240 7 5 1 1
55 183 4 2 1 1
118 122 4 2 1 1
759 181 4 2 1 1
356 133 4 2 1 1
106 165 4 2 1 1
31 274 7 5 1 1
197 183 4 2 1 1
188 160 4 2 1 1
687 225 7 5 1 1
69 159 4 2 1 1
346 180 4 2 1 1
246 172 4 2 1 1
490 104 4 2 1 1
400 204 4 2 1 1
8 213 7 5 1 1
93 188 4 2 1 1
464 131 4 2 1 1
849 474 13 12 1 0
83 222 4 2 1 1
100 397 6 7 1 1
842 488 13 12 2 0
552 170 4 2 1 1
752 202 4 2 1 1
464 194 4 2 1 1
277 457 7 10 1 0
42 122 4 2 1 1
547 97 4 2 1 1
846 483 13 12 2 0
752 191 4 2 1 1
644 93 4 2 1 1
521 195 4 2 1 1
324 131 4 2 1 1
99 158 4 2 1 1
292 171 4 2 1 1
665 218 4 2 1 1
6 166 4 2 1 1
151 169 4 2 1 1
652 224 7 5 1 1
756 519 24 26 1 0
524 129 4 2 1 1
678 171 4 2 1 1
394 184 4 2 1 1
9 411 6 7 1 1
418 124 4 2 1 1
466 468 7 10 1 0
890 197 4 2 1 1
707 174 4 2 1 1
358 220 4 2 1 1
156 186 4 2 1 1
422 269 7 5 1 1
879 122 4 2 1 1
473 148 4 2 1 1
742 202 4 2 1 1
31 105 4 2 1 1
168 180 4 2 1 1
40 105 4 2 1 1
13 115 4 2 1 1
231 116 4 2 1 1
155 102 4 2 1 1
674 87 4 2 1 1
410 160 4 2 1 1
106 141 4 2 1 1
612 152 4 2 1 1
116 215 4 2 1 1
129 203 4 2 1 1
138 184 4 2 1 1
213 261 7 5 1 1
764 210 4 2 1 1
27 169 4 2 1 1
392 141 4 2 1 1
817 239 7 5 1 1
216 111 4 2 1 1
544 185 4 2 1 1
644 134 4 2 1 1
612 135 4 2 1 1
694 130 4 2 1 1
628 119 4 2 1 1
702 122 4 2 1 1
201 224 7 5 1 1
17 138 4 2 1 1
311 230 7 5 1 1
387 152 4 2 1 1
580 480 13 12 1 0
672 148 4 2 1 1
15 157 4 2 1 1
38 420 6 7 1 0
332 215 4 2 1 1
619 86 4 2 1 1
893 477 15 15 1 0
94 157 4 2 1 1
429 150 4 2 1 1
711 241 7 5 1 1
243 406 6 7 1 1
310 224 7 5 1 1
584 190 4 2 1 1
606 233 7 5 1 1
394 199 4 2 1 1
557 177 4 2 1 1
42 115 4 2 1 1
419 232 7 5 1 1
307 192 4 2 1 1
455 238 7 5 1 1
700 112 4 2 1 1
657 182 4 2 1 1
763 157 4 2 1 1
284 270 7 5 1 1
593 105 4 2 1 1
644 159 4 2 1 1
48 162 4 2 1 1
2 159 4 2 1 0
668 238 7 5 1 1
130 237 7 5 1 1
166 211 4 2 1 1
416 211 4 2 1 1
554 214 4 2 1 1
319 157 4 2 1 1
574 178 4 2 1 1
705 213 4 2 1 1
553 505 18 23 1 0
219 120 4 2 1 1
241 207 4 2 1 1
682 209 4 2 1 1
126 106 4 2 1 1
680 112 4 2 1 1
24 162 4 2 1 1
626 102 4 2 1 1
244 198 4 2 1 1
537 225 7 5 1 1
456 156 4 2 1 1
889 489 15 15 1 0
304 153 4 2 1 1
350 188 4 2 1 1
2 416 6 7 1 0
865 249 5 3 1 1
749 482 13 12 2 0
811 122 4 2 1 1
367 202 4 2 1 1
63 197 4 2 1 1
292 264 7 5 1 1
262 217 4 2 1 1
193 216 4 2 1 1
252 457 7 10 1 0
126 195 4 2 1 1
241 92 4 2 1 1
608 218 4 2 1 1
330 159 4 2 1 1
132 435 6 7 1 0
358 184 4 2 1 1
743 229 7 5 1 1
59 194 4 2 1 1
644 101 4 2 1 1
137 192 4 2 1 1
380 151 4 2 1 1
162 257 7 5 1 1
604 161 4 2 1 1
401 247 7 5 1 1
445 248 7 5 1 1
147 232 7 5 1 1
688 233 7 5 1 1
308 133 4 2 1 1
367 149 4 2 1 1
330 211 4 2 1 1
106 133 4 2 1 1
535 251 7 5 1 1
407 132 4 2 1 1
511 194 4 2 1 1
85 161 4 2 1 1
374 130 4 2 1 1
143 234 7 5 1 1
94 170 4 2 1 1
20 196 6 4 1 1
434 253 7 5 1 1
350 155 4 2 1 1
306 230 7 5 1 1
104 172 4 2 1 1
284 196 4 2 1 1
466 90 4 2 1 1
772 494 13 12 1 0
511 85 4 2 1 1
800 126 4 2 1 1
332 152 4 2 1 1
394 447 7 10 1 1
647 174 4 2 1 1
105 126 4 2 1 1
599 170 4 2 1 1
518 85 4 2 1 1
52 105 4 2 1 1
341 103 4 2 1 1
105 191 4 2 1 1
370 155 4 2 1 1
608 144 4 2 1 1
461 208 4 2 1 1
89 220 4 2 1 1
791 251 7 5 1 1
360 197 4 2 1 1
316 172 4 2 1 1
816 143 4 2 1 1
188 200 4 2 1 1
53 112 4 2 1 1
324 270 7 5 1 1
76 149 4 2 1 1
167 113 4 2 1 1
457 90 4 2 1 1
619 190 4 2 1 1
151 194 4 2 1 1
187 157 4 2 1 1
575 214 4 2 1 1
597 178 4 2 1 1
251 212 4 2 1 1
482 467 7 10 1 0
558 459 13 12 1 1
517 155 4 2 1 1
720 222 4 2 1 1
837 209 4 2 1 1
28 228 7 5 1 1
484 95 4 2 1 1
425 264 7 5 1 1
296 235 7 5 1 1
471 234 7 5 1 1
669 471 13 12 1 0
560 170 4 2 1 1
242 174 4 2 1 1
380 156 4 2 1 1
842 98 4 2 1 1
227 143 4 2 1 1
697 180 4 2 1 1
105 215 4 2 1 1
60 215 4 2 1 1
73 229 7 5 1 1
234 177 4 2 1 1
706 146 4 2 1 1
734 125 4 2 1 1
79 187 4 2 1 1
636 243 7 5 1 1
643 192 4 2 1 1
77 129 4 2 1 1
793 485 13 12 2 0
548 104 4 2 1 1
302 162 4 2 1 1
454 210 4 2 1 1
806 510 24 26 2 0
654 141 4 2 1 1
126 118 4 2 1 1
471 174 4 2 1 1
562 145 4 2 1 1
153 209 4 2 1 1
589 171 4 2 1 1
700 87 4 2 1 1
73 205 4 2 1 1
211 143 4 2 1 1
742 238 7 5 1 1
702 196 4 2 1 1
481 176 4 2 1 1
180 95 4 2 1 1
100 114 4 2 1 1
782 92 4 2 1 1
233 170 4 2 1 1
664 110 4 2 1 1
516 236 7 5 1 1
838 165 4 2 1 1
603 241 7 5 1 1
600 131 4 2 1 1
405 190 4 2 1 1
71 170 4 2 1 1
290 127 4 2 1 1
529 101 4 2 1 1
861 96 4 2 1 1
38 162 4 2 1 1
47 261 7 5 1 1
73 436 6 7 1 0
96 188 4 2 1 1
63 397 6 7 1 1
198 244 7 5 1 1
859 105 4 2 1 1
628 110 4 2 1 1
182 438 6 7 1 0
647 126 4 2 1 1
188 234 7 5 1 1
685 462 13 12 1 1
776 174 4 2 1 1
187 192 4 2 1 1
874 230 4 2 1 1
784 128 4 2 1 1
133 189 4 2 1 1
305 150 4 2 1 1
192 137 4 2 1 1
625 155 4 2 1 1
884 171 4 2 1 1
78 397 6 7 1 1
513 424 6 7 1 1
480 132 4 2 1 1
391 157 4 2 1 1
159 437 6 7 1 0
664 461 13 12 1 1
716 230 7 5 1 1
566 194 4 2 1 1
645 201 4 2 1 1
10 220 7 5 1 1
490 150 4 2 1 1
95 423 6 7 1 0
524 481 13 12 1 0
104 228 7 5 1 1
41 238 7 5 1 1
99 165 4 2 1 1
24 151 4 2 1 1
317 159 4 2 1 1
492 210 4 2 1 1
151 156 4 2 1 1
359 210 4 2 1 1
351 451 7 10 1 1
310 151 4 2 1 1
476 182 4 2 1 1
158 122 4 2 1 1
392 169 4 2 1 1
269 199 4 2 1 1
401 216 4 2 1 1
353 418 6 7 1 1
445 239 7 5 1 1
728 98 4 2 1 1
277 102 4 2 1 1
568 478 13 12 1 0
801 110 4 2 1 1
65 202 4 2 1 1
180 205 4 2 1 1
592 190 4 2 1 1
592 97 4 2 1 1
655 126 4 2 1 1
388 470 7 10 1 0
277 111 4 2 1 1
256 193 4 2 1 1
288 446 7 10 1 1
206 459 7 10 1 0
85 474 7 10 1 0
741 251 7 5 1 1
126 133 4 2 1 1
516 130 4 2 1 1
856 150 4 2 1 1
216 244 7 5 1 1
847 135 4 2 1 1
110 224 7 5 1 1
29 218 7 5 1 1
873 240 5 3 1 1
832 233 7 5 1 1
90 227 7 5 1 1
722 214 4 2 1 1
2 208 7 5 1 0
573 186 4 2 1 1
131 158 4 2 1 1
256 235 7 5 1 1
596 525 18 23 1 0
121 213 4 2 1 1
394 149 4 2 1 1
235 115 4 2 1 1
353 169 4 2 1 1
285 122 4 2 1 1
377 268 7 5 1 1
554 145 4 2 1 1
697 163 4 2 1 1
237 181 4 2 1 1
182 212 4 2 1 1
492 85 4 2 1 1
262 205 4 2 1 1
388 184 4 2 1 1
798 118 4 2 1 1
227 179 4 2 1 1
392 195 4 2 1 1
853 497 13 12 1 0
572 86 4 2 1 1
494 240 7 5 1 1
311 143 4 2 1 1
17 476 14 17 1 0
318 129 4 2 1 1
364 180 4 2 1 1
869 202 4 2 1 1
744 124 4 2 1 1
716 201 4 2 1 1
90 112 4 2 1 1
888 250 4 2 1 1
113 263 7 5 1 1
472 130 4 2 1 1
682 166 4 2 1 1
688 249 7 5 1 1
296 147 4 2 1 1
97 241 7 5 1 1
227 247 7 5 1 1
209 186 4 2 1 1
22 129 4 2 1 1
488 134 4 2 1 1
221 177 4 2 1 1
30 261 7 5 1 1
606 273 7 5 1 1
819 160 4 2 1 1
405 198 4 2 1 1
377 122 4 2 1 1
489 110 4 2 1 1
20 105 4 2 1 1
444 235 7 5 1 1
712 166 4 2 1 1
137 261 7 5 1 1
255 125 4 2 1 1
199 408 6 7 1 1
791 474 13 12 2 0
267 250 7 5 1 1
493 164 4 2 1 1
876 200 4 2 1 1
440 197 4 2 1 1
477 476 7 10 1 0
675 117 4 2 1 1
114 237 7 5 1 1
360 139 4 2 1 1
833 227 7 5 1 1
116 133 4 2 1 1
7 224 7 5 1 1
394 459 7 10 1 1
341 150 4 2 1 1
203 457 7 10 1 0
220 127 4 2 1 1
123 100 4 2 1 1
737 194 4 2 1 1
321 106 4 2 1 1
767 140 4 2 1 1
546 145 4 2 1 1
549 127 4 2 1 1
253 270 7 5 1 1
81 428 6 7 1 0
890 171 4 2 1 1
16 391 6 7 1 1
315 222 4 2 1 1
665 156 4 2 1 1
401 134 4 2 1 1
486 485 7 10 1 0
604 153 4 2 1 1
795 238 7 5 1 1
323 123 4 2 1 1
632 169 4 2 1 1
17 232 7 5 1 1
28 109 4 2 1 1
516 170 4 2 1 1
247 99 4 2 1 1
456 117 4 2 1 1
372 263 7 5 1 1
725 109 4 2 1 1
725 251 7 5 1 1
41 261 7 5 1 1
77 213 4 2 1 1
173 204 4 2 1 1
338 154 4 2 1 1
456 175 4 2 1 1
808 103 4 2 1 1
564 186 4 2 1 1
1 453 13 17 1 0
701 104 4 2 1 1
756 113 4 2 1 1
259 270 7 5 1 1
443 217 4 2 1 1
630 126 4 2 1 1
747 114 4 2 1 1
265 270 7 5 1 1
217 438 6 7 1 1
99 224 7 5 1 1
525 86 4 2 1 1
595 232 7 5 1 1
394 160 4 2 1 1
598 191 4 2 1 1
222 200 4 2 1 1
322 207 4 2 1 1
592 217 4 2 1 1
414 102 4 2 1 1
744 221 4 2 1 1
667 117 4 2 1 1
192 178 4 2 1 1
876 190 4 2 1 1
30 206 7 5 1 1
829 474 13 12 1 0
316 195 4 2 1 1
339 197 4 2 1 1
312 154 4 2 1 1
737 98 4 2 1 1
244 207 4 2 1 1
720 239 7 5 1 1
119 111 4 2 1 1
34 187 4 2 1 1
231 123 4 2 1 1
576 462 13 12 2 1
658 466 13 12 1 0
446 464 7 10 1 0
180 262 7 5 1 1
72 111 4 2 1 1
778 215 4 2 1 1
162 248 7 5 1 1
380 187 4 2 1 1
743 136 4 2 1 1
772 90 4 2 1 1
431 188 4 2 1 1
342 445 7 10 1 1
632 229 7 5 1 1
318 95 4 2 1 1
500 102 4 2 1 1
586 229 7 5 1 1
763 89 4 2 1 1
678 524 17 18 1 0
389 271 7 5 1 1
299 178 4 2 1 1
418 159 4 2 1 1
794 196 4 2 1 1
373 104 4 2 1 1
154 204 4 2 1 1
627 188 4 2 1 1
676 217 4 2 1 1
890 223 4 2 1 1
562 201 4 2 1 1
24 158 4 2 1 1
484 190 4 2 1 1
84 189 4 2 1 1
612 202 4 2 1 1
421 455 7 10 1 1
293 225 7 5 1 1
94 213 4 2 1 1
710 184 4 2 1 1
656 274 7 5 1 1
48 124 4 2 1 1
126 442 7 10 1 0
835 494 13 12 1 0
551 484 13 12 1 0
346 132 4 2 1 1
587 243 7 5 1 1
288 264 7 5 1 1
334 238 7 5 1 1
617 464 13 12 1 0
219 169 4 2 1 1
353 213 4 2 1 1
661 94 4 2 1 1
574 194 4 2 1 1
174 101 4 2 1 1
330 125 4 2 1 1
52 443 7 10 1 0
475 491 7 10 1 0
200 162 4 2 1 1
149 174 4 2 1 1
310 119 4 2 1 1
805 475 13 12 1 0
589 202 4 2 1 1
509 221 4 2 1 1
732 106 4 2 1 1
482 113 4 2 1 1
526 154 4 2 1 1
501 195 4 2 1 1
114 191 4 2 1 1
106 155 4 2 1 1
87 182 4 2 1 1
354 126 4 2 1 1
107 166 4 2 1 1
826 153 4 2 1 1
824 219 4 2 1 1
87 168 4 2 1 1
158 201 4 2 1 1
315 151 4 2 1 1
745 174 4 2 1 1
507 108 4 2 1 1
285 233 7 5 1 1
47 199 4 2 1 1
637 144 4 2 1 1
125 403 6 7 1 1
455 232 7 5 1 1
479 207 4 2 1 1
396 95 4 2 1 1
565 127 4 2 1 1
695 140 4 2 1 1
230 214 4 2 1 1
872 518 24 26 1 0
237 240 7 5 1 1
27 195 6 4 1 1
186 177 4 2 1 1
689 240 7 5 1 1
422 95 4 2 1 1
171 227 7 5 1 1
318 151 4 2 1 1
636 135 4 2 1 1
137 220 4 2 1 1
663 172 4 2 1 1
315 109 4 2 1 1
675 210 4 2 1 1
225 236 7 5 1 1
351 248 7 5 1 1
256 403 6 7 1 1
264 178 4 2 1 1
622 142 4 2 1 1
346 122 4 2 1 1
223 130 4 2 1 1
529 142 4 2 1 1
599 162 4 2 1 1
510 163 4 2 1 1
580 205 4 2 1 1
722 162 4 2 1 1
397 146 4 2 1 1
123 127 4 2 1 1
732 196 4 2 1 1
510 243 7 5 1 1
664 182 4 2 1 1
504 213 4 2 1 1
308 99 4 2 1 1
160 104 4 2 1 1
572 153 4 2 1 1
528 222 4 2 1 1
796 152 4 2 1 1
175 216 4 2 1 1
183 247 7 5 1 1
568 146 4 2 1 1
380 232 7 5 1 1
146 423 6 7 1 0
211 138 4 2 1 1
654 202 4 2 1 1
119 451 7 10 1 0
648 149 4 2 1 1
228 221 4 2 1 1
529 114 4 2 1 1
139 150 4 2 1 1
205 192 4 2 1 1
388 206 4 2 1 1
638 126 4 2 1 1
154 176 4 2 1 1
14 210 7 5 1 1
84 418 6 7 1 1
816 215 4 2 1 1
71 197 4 2 1 1
379 246 7 5 1 1
4 259 7 5 1 1
488 178 4 2 1 1
471 211 4 2 1 1
521 202 4 2 1 1
794 232 7 5 1 1
411 190 4 2 1 1
196 195 4 2 1 1
361 440 6 7 1 1
668 94 4 2 1 1
279 135 4 2 1 1
26 122 4 2 1 1
604 249 7 5 1 1
865 150 4 2 1 1
881 242 4 2 1 1
743 493 13 12 2 0
732 214 4 2 1 1
834 278 7 5 1 1
441 213 4 2 1 1
480 160 4 2 1 1
437 97 4 2 1 1
408 96 4 2 1 1
754 78 4 2 1 1
540 272 7 5 1 1
202 218 4 2 1 1
681 200 4 2 1 1
660 226 7 5 1 1
666 190 4 2 1 1
28 402 6 7 1 1
608 86 4 2 1 1
751 106 4 2 1 1
445 164 4 2 1 1
475 82 4 2 1 1
648 143 4 2 1 1
429 194 4 2 1 1
840 222 4 2 1 1
875 93 4 2 1 1
205 116 4 2 1 1
369 220 4 2 1 1
55 115 4 2 1 1
188 152 4 2 1 1
324 215 4 2 1 1
2 200 7 5 1 0
19 174 4 2 1 1
603 106 4 2 1 1
108 438 6 7 1 0
444 229 7 5 1 1
96 394 6 7 1 1
370 147 4 2 1 1
431 167 4 2 1 1
216 181 4 2 1 1
564 178 4 2 1 1
97 104 4 2 1 1
851 93 4 2 1 1
521 216 4 2 1 1
256 169 4 2 1 1
791 180 4 2 1 1
527 182 4 2 1 1
12 106 4 2 1 1
304 458 7 10 1 1
112 219 4 2 1 1
824 167 4 2 1 1
712 276 7 5 1 1
317 136 4 2 1 1
751 230 7 5 1 1
831 126 4 2 1 1
223 121 4 2 1 1
385 189 4 2 1 1
864 221 4 2 1 1
531 164 4 2 1 1
648 218 4 2 1 1
445 136 4 2 1 1
728 222 4 2 1 1
488 230 7 5 1 1
337 225 7 5 1 1
387 179 4 2 1 1
544 193 4 2 1 1
169 428 6 7 1 0
252 190 4 2 1 1
4 228 7 5 1 1
441 151 4 2 1 1
211 192 4 2 1 1
371 241 7 5 1 1
598 489 13 12 1 0
126 207 4 2 1 1
156 192 4 2 1 1
724 186 4 2 1 1
424 142 4 2 1 1
528 206 4 2 1 1
659 249 7 5 1 1
241 243 7 5 1 1
161 129 4 2 1 1
306 106 4 2 1 1
478 455 7 10 1 1
850 100 4 2 1 1
99 216 4 2 1 1
230 261 7 5 1 1
746 487 13 12 2 0
511 204 4 2 1 1
512 178 4 2 1 1
313 242 7 5 1 1
427 184 4 2 1 1
636 94 4 2 1 1
845 145 4 2 1 1
477 191 4 2 1 1
352 199 4 2 1 1
170 187 4 2 1 1
376 168 4 2 1 1
626 195 4 2 1 1
803 182 4 2 1 1
852 86 4 2 1 1
708 156 4 2 1 1
25 203 7 5 1 1
447 107 4 2 1 1
381 236 7 5 1 1
352 114 4 2 1 1
67 111 4 2 1 1
298 95 4 2 1 1
437 133 4 2 1 1
344 232 7 5 1 1
798 482 13 12 2 0
140 124 4 2 1 1
786 487 13 12 1 0
255 208 4 2 1 1
833 144 4 2 1 1
117 233 7 5 1 1
18 146 4 2 1 1
540 94 4 2 1 1
17 223 7 5 1 1
426 236 7 5 1 1
340 136 4 2 1 1
330 170 4 2 1 1
523 172 4 2 1 1
609 188 4 2 1 1
242 247 7 5 1 1
636 222 4 2 1 1
372 453 7 10 1 1
568 464 13 12 2 0
252 226 7 5 1 1
802 242 7 5 1 1
622 126 4 2 1 1
563 229 7 5 1 1
413 429 6 7 1 1
437 143 4 2 1 1
872 149 4 2 1 1
670 173 4 2 1 1
341 253 7 5 1 1
698 492 13 12 1 0
190 263 7 5 1 1
138 167 4 2 1 1
345 265 7 5 1 1
552 220 4 2 1 1
584 97 4 2 1 1
734 205 4 2 1 1
207 229 7 5 1 1
658 193 4 2 1 1
391 435 6 7 1 1
708 88 4 2 1 1
432 178 4 2 1 1
608 169 4 2 1 1
548 121 4 2 1 1
465 459 7 10 1 1
832 430 13 12 1 1
222 226 7 5 1 1
283 433 6 7 1 1
563 215 4 2 1 1
456 182 4 2 1 1
129 485 34 41 1 0
392 241 7 5 1 1
472 139 4 2 1 1
374 196 4 2 1 1
241 193 4 2 1 1
244 464 7 10 1 0
713 512 24 26 1 0
304 181 4 2 1 1
869 122 4 2 1 1
323 447 7 10 1 1
494 156 4 2 1 1
290 242 7 5 1 1
66 255 7 5 1 1
520 230 7 5 1 1
517 186 4 2 1 1
545 170 4 2 1 1
838 154 4 2 1 1
369 208 4 2 1 1
172 190 4 2 1 1
671 200 4 2 1 1
368 444 7 10 1 1
470 192 4 2 1 1
537 154 4 2 1 1
23 218 7 5 1 1
344 169 4 2 1 1
566 107 4 2 1 1
423 221 4 2 1 1
197 95 4 2 1 1
883 94 4 2 1 1
502 463 7 10 1 0
578 103 4 2 1 1
170 247 7 5 1 1
186 203 4 2 1 1
415 174 4 2 1 1
331 220 4 2 1 1
479 214 4 2 1 1
606 178 4 2 1 1
228 134 4 2 1 1
758 199 4 2 1 1
485 473 7 10 1 0
318 181 4 2 1 1
22 215 7 5 1 1
584 249 7 5 1 1
808 215 4 2 1 1
631 176 4 2 1 1
47 208 5 3 1 1
253 173 4 2 1 1
144 223 4 2 1 1
235 122 4 2 1 1
425 213 4 2 1 1
697 171 4 2 1 1
272 246 7 5 1 1
436 416 6 7 1 1
193 99 4 2 1 1
599 226 7 5 1 1
561 252 7 5 1 1
429 158 4 2 1 1
520 224 7 5 1 1
16 195 6 4 1 1
73 199 4 2 1 1
714 174 4 2 1 1
350 214 4 2 1 1
198 208 4 2 1 1
673 231 7 5 1 1
50 232 7 5 1 1
194 113 4 2 1 1
327 182 4 2 1 1
198 253 7 5 1 1
693 95 4 2 1 1
150 142 4 2 1 1
866 141 4 2 1 1
842 184 4 2 1 1
292 181 4 2 1 1
493 252 7 5 1 1
321 99 4 2 1 1
712 221 4 2 1 1
706 167 4 2 1 1
269 190 4 2 1 1
134 232 7 5 1 1
23 118 4 2 1 1
157 112 4 2 1 1
546 137 4 2 1 1
775 189 4 2 1 1
532 94 4 2 1 1
569 255 7 5 1 1
182 135 4 2 1 1
543 212 4 2 1 1
375 445 7 10 1 1
303 236 7 5 1 1
711 202 4 2 1 1
239 106 4 2 1 1
128 215 4 2 1 1
2 102 4 2 1 0
365 214 4 2 1 1
231 131 4 2 1 1
857 166 4 2 1 1
153 229 7 5 1 1
441 189 4 2 1 1
436 233 7 5 1 1
358 260 7 5 1 1
582 163 4 2 1 1
360 152 4 2 1 1
693 122 4 2 1 1
380 137 4 2 1 1
245 164 4 2 1 1
387 159 4 2 1 1
90 202 4 2 1 1
508 233 7 5 1 1
730 118 4 2 1 1
791 125 4 2 1 1
273 199 4 2 1 1
507 146 4 2 1 1
68 165 4 2 1 1
487 197 4 2 1 1
767 174 4 2 1 1
168 156 4 2 1 1
33 228 7 5 1 1
586 106 4 2 1 1
164 234 7 5 1 1
357 125 4 2 1 1
564 121 4 2 1 1
23 238 7 5 1 1
687 488 13 12 1 0
123 179 4 2 1 1
178 156 4 2 1 1
332 106 4 2 1 1
6 138 4 2 1 1
334 149 4 2 1 1
831 98 4 2 1 1
425 104 4 2 1 1
311 239 7 5 1 1
225 243 7 5 1 1
70 231 7 5 1 1
105 104 4 2 1 1
518 162 4 2 1 1
529 121 4 2 1 1
732 152 4 2 1 1
464 125 4 2 1 1
299 138 4 2 1 1
318 190 4 2 1 1
643 209 4 2 1 1
559 207 4 2 1 1
165 449 7 10 1 0
881 86 4 2 1 1
338 114 4 2 1 1
502 85 4 2 1 1
733 230 7 5 1 1
62 211 4 2 1 1
38 97 4 2 1 1
656 233 7 5 1 1
879 209 4 2 1 1
740 86 4 2 1 1
503 225 7 5 1 1
670 156 4 2 1 1
499 188 4 2 1 1
292 216 4 2 1 1
148 208 4 2 1 1
693 115 4 2 1 1
472 200 4 2 1 1
299 183 4 2 1 1
888 242 4 2 1 1
608 102 4 2 1 1
521 252 7 5 1 1
539 238 7 5 1 1
496 229 7 5 1 1
754 210 4 2 1 1
736 274 7 5 1 1
21 186 4 2 1 1
321 433 6 7 1 1
435 263 7 5 1 1
67 183 4 2 1 1
269 131 4 2 1 1
310 248 7 5 1 1
318 230 7 5 1 1
47 173 4 2 1 1
221 183 4 2 1 1
560 113 4 2 1 1
543 86 4 2 1 1
752 170 4 2 1 1
734 222 4 2 1 1
429 421 6 7 1 1
515 121 4 2 1 1
348 142 4 2 1 1
80 161 4 2 1 1
70 149 4 2 1 1
867 112 4 2 1 1
724 149 4 2 1 1
323 154 4 2 1 1
149 182 4 2 1 1
348 441 7 10 1 1
30 238 7 5 1 1
515 112 4 2 1 1
52 429 6 7 1 0
205 106 4 2 1 1
63 154 4 2 1 1
456 217 4 2 1 1
464 171 4 2 1 1
273 179 4 2 1 1
15 162 4 2 1 1
696 459 13 12 1 1
756 88 4 2 1 1
209 178 4 2 1 1
213 231 7 5 1 1
24 135 4 2 1 1
280 484 7 10 1 0
245 181 4 2 1 1
652 245 7 5 1 1
707 472 13 12 1 0
251 160 4 2 1 1
141 144 4 2 1 1
583 140 4 2 1 1
544 206 4 2 1 1
223 404 6 7 1 1
486 222 4 2 1 1
722 274 7 5 1 1
760 106 4 2 1 1
372 146 4 2 1 1
586 118 4 2 1 1
615 126 4 2 1 1
165 240 7 5 1 1
556 228 7 5 1 1
874 250 4 2 1 1
175 155 4 2 1 1
225 464 7 10 1 0
456 139 4 2 1 1
119 182 4 2 1 1
352 159 4 2 1 1
408 209 4 2 1 1
131 97 4 2 1 1
357 173 4 2 1 1
767 188 4 2 1 1
144 162 4 2 1 1
356 270 7 5 1 1
565 94 4 2 1 1
800 172 4 2 1 1
258 132 4 2 1 1
317 204 4 2 1 1
86 226 7 5 1 1
124 168 4 2 1 1
276 439 6 7 1 1
196 143 4 2 1 1
271 103 4 2 1 1
379 449 7 10 1 1
296 467 7 10 1 0
826 238 7 5 1 1
134 240 7 5 1 1
532 150 4 2 1 1
242 185 4 2 1 1
570 118 4 2 1 1
407 212 4 2 1 1
367 167 4 2 1 1
211 450 7 10 1 0
94 96 4 2 1 1
301 532 28 28 1 0
464 155 4 2 1 1
540 121 4 2 1 1
494 195 4 2 1 1
113 182 4 2 1 1
398 225 7 5 1 1
298 144 4 2 1 1
567 210 4 2 1 1
2 111 4 2 1 0
289 206 4 2 1 1
633 155 4 2 1 1
188 195 4 2 1 1
289 436 6 7 1 1
147 400 6 7 1 1
204 264 7 5 1 1
612 119 4 2 1 1
668 165 4 2 1 1
312 198 4 2 1 1
121 244 7 5 1 1
98 142 4 2 1 1
653 94 4 2 1 1
590 224 7 5 1 1
81 102 4 2 1 1
548 162 4 2 1 1
463 223 4 2 1 1
426 223 4 2 1 1
662 126 4 2 1 1
175 180 4 2 1 1
270 182 4 2 1 1
752 133 4 2 1 1
601 210 4 2 1 1
9 159 4 2 1 1
555 95 4 2 1 1
172 212 4 2 1 1
226 125 4 2 1 1
868 497 13 12 1 0
383 133 4 2 1 1
187 457 7 10 1 0
799 471 13 12 1 0
83 262 7 5 1 1
6 408 6 7 1 1
414 445 7 10 1 1
335 232 7 5 1 1
768 198 4 2 1 1
464 139 4 2 1 1
198 229 7 5 1 1
322 143 4 2 1 1
483 517 30 37 1 0
60 111 4 2 1 1
120 430 6 7 1 0
341 112 4 2 1 1
539 137 4 2 1 1
283 107 4 2 1 1
650 191 4 2 1 1
750 220 4 2 1 1
281 181 4 2 1 1
595 241 7 5 1 1
724 170 4 2 1 1
352 230 7 5 1 1
144 102 4 2 1 1
541 457 13 12 1 1
428 445 7 10 1 1
105 178 4 2 1 1
312 450 7 10 1 1
415 207 4 2 1 1
760 218 4 2 1 1
235 200 4 2 1 1
93 137 4 2 1 1
193 172 4 2 1 1
565 254 7 5 1 1
294 101 4 2 1 1
266 225 7 5 1 1
415 154 4 2 1 1
514 228 7 5 1 1
114 103 4 2 1 1
489 120 4 2 1 1
126 110 4 2 1 1
415 95 4 2 1 1
38 199 4 2 1 1
879 478 13 12 1 0
871 218 4 2 1 1
250 167 4 2 1 1
29 121 4 2 1 1
402 208 4 2 1 1
381 224 7 5 1 1
835 182 4 2 1 1
169 149 4 2 1 1
581 226 7 5 1 1
472 123 4 2 1 1
424 191 4 2 1 1
467 84 4 2 1 1
197 460 7 10 1 0
783 226 7 5 1 1
12 296 7 5 1 1
555 136 4 2 1 1
171 191 4 2 1 1
431 272 7 5 1 1
232 437 6 7 1 1
508 186 4 2 1 1
223 96 4 2 1 1
544 114 4 2 1 1
213 424 6 7 1 1
367 192 4 2 1 1
618 213 4 2 1 1
551 206 4 2 1 1
772 205 4 2 1 1
429 93 4 2 1 1
357 187 4 2 1 1
880 102 4 2 1 1
78 258 7 5 1 1
376 530 30 37 1 0
256 179 4 2 1 1
397 205 4 2 1 1
154 165 4 2 1 1
349 127 4 2 1 1
832 172 4 2 1 1
810 240 7 5 1 1
828 211 4 2 1 1
76 172 4 2 1 1
709 138 4 2 1 1
356 139 4 2 1 1
198 217 4 2 1 1
1 435 6 7 1 0
487 158 4 2 1 1
15 151 4 2 1 1
390 211 4 2 1 1
816 100 4 2 1 1
249 172 4 2 1 1
367 165 4 2 1 1
407 138 4 2 1 1
191 220 4 2 1 1
807 490 13 12 1 0
170 207 4 2 1 1
198 133 4 2 1 1
406 150 4 2 1 1
504 177 4 2 1 1
368 212 4 2 1 1
620 197 4 2 1 1
38 157 4 2 1 1
402 177 4 2 1 1
301 187 4 2 1 1
482 84 4 2 1 1
587 154 4 2 1 1
589 88 4 2 1 1
358 196 4 2 1 1
335 184 4 2 1 1
763 501 24 26 1 0
35 402 6 7 1 1
528 240 7 5 1 1
475 95 4 2 1 1
108 178 4 2 1 1
728 124 4 2 1 1
315 270 7 5 1 1
493 173 4 2 1 1
255 178 4 2 1 1
522 101 4 2 1 1
303 209 4 2 1 1
271 95 4 2 1 1
223 113 4 2 1 1
30 140 4 2 1 1
401 447 7 10 1 1
520 516 17 20 1 0
239 260 7 5 1 1
595 154 4 2 1 1
96 180 4 2 1 1
232 190 4 2 1 1
629 202 4 2 1 1
738 527 24 26 1 0
423 248 7 5 1 1
327 204 4 2 1 1
130 102 4 2 1 1
189 169 4 2 1 1
74 117 4 2 1 1
812 224 7 5 1 1
61 166 4 2 1 1
498 143 4 2 1 1
538 102 4 2 1 1
433 138 4 2 1 1
625 504 18 23 1 0
338 128 4 2 1 1
37 431 6 7 1 0
476 252 7 5 1 1
284 461 7 10 1 1
137 525 34 41 1 0
115 230 7 5 1 1
494 481 7 10 1 0
484 90 4 2 1 1
760 237 7 5 1 1
142 240 7 5 1 1
800 103 4 2 1 1
457 95 4 2 1 1
161 207 4 2 1 1
557 160 4 2 1 1
60 186 4 2 1 1
795 218 4 2 1 1
863 159 4 2 1 1
709 110 4 2 1 1
574 467 13 12 2 0
746 97 4 2 1 1
292 209 4 2 1 1
33 142 4 2 1 1
107 150 4 2 1 1
352 185 4 2 1 1
326 186 4 2 1 1
845 247 7 5 1 1
701 95 4 2 1 1
109 165 4 2 1 1
672 182 4 2 1 1
413 488 7 10 1 0
140 118 4 2 1 1
537 114 4 2 1 1
611 196 4 2 1 1
364 239 7 5 1 1
464 111 4 2 1 1
383 97 4 2 1 1
768 165 4 2 1 1
14 128 4 2 1 1
636 111 4 2 1 1
556 123 4 2 1 1
637 202 4 2 1 1
254 221 4 2 1 1
765 98 4 2 1 1
752 458 13 12 1 1
615 222 4 2 1 1
106 174 4 2 1 1
13 228 7 5 1 1
668 134 4 2 1 1
730 162 4 2 1 1
799 134 4 2 1 1
376 173 4 2 1 1
731 88 4 2 1 1
692 88 4 2 1 1
594 461 13 12 1 1
87 216 4 2 1 1
71 106 4 2 1 1
632 223 4 2 1 1
552 114 4 2 1 1
877 131 4 2 1 1
677 246 7 5 1 1
574 109 4 2 1 1
514 472 8 10 1 0
455 205 4 2 1 1
293 230 7 5 1 1
206 172 4 2 1 1
760 190 4 2 1 1
139 174 4 2 1 1
456 110 4 2 1 1
760 121 4 2 1 1
652 119 4 2 1 1
342 239 7 5 1 1
61 235 7 5 1 1
239 446 7 10 1 0
604 195 4 2 1 1
815 150 4 2 1 1
174 122 4 2 1 1
240 143 4 2 1 1
336 123 4 2 1 1
271 449 7 10 1 0
262 235 7 5 1 1
464 200 4 2 1 1
218 479 7 10 1 0
464 104 4 2 1 1
474 102 4 2 1 1
65 180 4 2 1 1
273 233 7 5 1 1
893 110 4 2 1 1
43 226 7 5 1 1
700 188 4 2 1 1
464 178 4 2 1 1
326 163 4 2 1 1
390 205 4 2 1 1
80 202 4 2 1 1
705 206 4 2 1 1
301 224 7 5 1 1
721 460 13 12 1 1
600 467 13 12 1 0
408 99 4 2 1 1
262 269 7 5 1 1
500 252 7 5 1 1
179 115 4 2 1 1
849 180 4 2 1 1
140 110 4 2 1 1
81 156 4 2 1 1
844 86 4 2 1 1
668 250 7 5 1 1
863 87 4 2 1 1
332 221 4 2 1 1
727 207 4 2 1 1
588 236 7 5 1 1
592 210 4 2 1 1
762 78 4 2 1 1
81 394 6 7 1 1
871 466 13 12 2 0
494 98 4 2 1 1
392 130 4 2 1 1
571 202 4 2 1 1
572 242 7 5 1 1
53 201 4 2 1 1
138 210 4 2 1 1
557 153 4 2 1 1
327 156 4 2 1 1
790 100 4 2 1 1
594 205 4 2 1 1
87 143 4 2 1 1
313 99 4 2 1 1
46 147 4 2 1 1
394 189 4 2 1 1
872 210 4 2 1 1
382 167 4 2 1 1
263 264 7 5 1 1
559 194 4 2 1 1
198 268 7 5 1 1
11 417 6 7 1 1
472 157 4 2 1 1
6 129 4 2 1 1
597 138 4 2 1 1
781 276 7 5 1 1
31 196 5 3 1 1
493 413 6 7 1 1
655 148 4 2 1 1
579 119 4 2 1 1
674 134 4 2 1 1
297 216 4 2 1 1
492 186 4 2 1 1
155 237 7 5 1 1
268 110 4 2 1 1
343 182 4 2 1 1
432 217 4 2 1 1
116 168 4 2 1 1
812 114 4 2 1 1
404 182 4 2 1 1
7 199 7 5 1 1
534 87 4 2 1 1
551 153 4 2 1 1
437 449 7 10 1 1
155 262 7 5 1 1
44 162 4 2 1 1
68 422 6 7 1 0
93 208 4 2 1 1
179 214 4 2 1 1
318 216 4 2 1 1
297 200 4 2 1 1
620 477 13 12 2 0
202 142 4 2 1 1
377 210 4 2 1 1
163 161 4 2 1 1
48 186 4 2 1 1
216 187 4 2 1 1
133 451 7 10 1 0
285 186 4 2 1 1
11 172 4 2 1 1
207 158 4 2 1 1
419 188 4 2 1 1
117 223 4 2 1 1
76 215 4 2 1 1
622 148 4 2 1 1
885 110 4 2 1 1
398 260 7 5 1 1
572 230 7 5 1 1
372 489 12 16 1 0
569 138 4 2 1 1
322 200 4 2 1 1
179 238 7 5 1 1
38 181 4 2 1 1
237 212 4 2 1 1
824 102 4 2 1 1
100 235 7 5 1 1
447 154 4 2 1 1
884 190 4 2 1 1
271 152 4 2 1 1
681 233 7 5 1 1
256 159 4 2 1 1
323 99 4 2 1 1
302 133 4 2 1 1
240 223 4 2 1 1
144 106 4 2 1 1
308 97 4 2 1 1
237 190 4 2 1 1
524 137 4 2 1 1
122 135 4 2 1 1
404 173 4 2 1 1
804 149 4 2 1 1
720 99 4 2 1 1
464 148 4 2 1 1
346 218 4 2 1 1
162 184 4 2 1 1
214 161 4 2 1 1
717 190 4 2 1 1
791 188 4 2 1 1
83 239 7 5 1 1
188 113 4 2 1 1
173 418 6 7 1 1
306 218 4 2 1 1
216 99 4 2 1 1
276 208 4 2 1 1
381 165 4 2 1 1
257 106 4 2 1 1
556 200 4 2 1 1
88 151 4 2 1 1
238 172 4 2 1 1
812 160 4 2 1 1
25 411 6 7 1 1
668 142 4 2 1 1
299 448 7 10 1 1
803 222 4 2 1 1
428 479 7 10 1 0
793 503 24 26 1 0
530 463 13 12 2 0
50 192 4 2 1 1
787 495 13 12 1 0
331 225 7 5 1 1
165 202 4 2 1 1
886 480 13 12 1 0
733 134 4 2 1 1
722 484 13 12 1 0
229 239 7 5 1 1
322 229 7 5 1 1
53 197 4 2 1 1
422 487 7 10 1 0
652 86 4 2 1 1
306 223 4 2 1 1
614 169 4 2 1 1
808 130 4 2 1 1
193 260 7 5 1 1
207 239 7 5 1 1
300 155 4 2 1 1
214 210 4 2 1 1
357 452 7 10 1 1
340 228 7 5 1 1
666 230 7 5 1 1
335 449 7 10 1 1
541 251 7 5 1 1
375 98 4 2 1 1
660 133 4 2 1 1
718 126 4 2 1 1
635 86 4 2 1 1
232 453 7 10 1 0
104 264 7 5 1 1
680 180 4 2 1 1
397 214 4 2 1 1
620 133 4 2 1 1
547 200 4 2 1 1
297 160 4 2 1 1
318 102 4 2 1 1
455 225 7 5 1 1
459 471 8 11 1 0
584 213 4 2 1 1
858 469 13 12 1 0
427 204 4 2 1 1
188 206 4 2 1 1
211 224 7 5 1 1
334 435 6 7 1 1
794 226 7 5 1 1
674 163 4 2 1 1
424 204 4 2 1 1
127 262 7 5 1 1
185 143 4 2 1 1
34 105 4 2 1 1
249 453 7 10 1 0
819 123 4 2 1 1
883 232 4 2 1 1
249 180 4 2 1 1
283 95 4 2 1 1
437 197 4 2 1 1
303 228 7 5 1 1
848 154 4 2 1 1
151 221 4 2 1 1
174 450 7 10 1 0
209 445 7 10 1 0
326 136 4 2 1 1
853 109 4 2 1 1
662 141 4 2 1 1
3 220 7 5 1 1
697 147 4 2 1 1
539 167 4 2 1 1
332 143 4 2 1 1
306 162 4 2 1 1
375 180 4 2 1 1
190 112 4 2 1 1
308 157 4 2 1 1
877 494 13 12 1 0
59 449 37 47 2 0
405 268 7 5 1 1
642 227 7 5 1 1
872 87 4 2 1 1
539 483 13 12 1 0
278 121 4 2 1 1
604 204 4 2 1 1
768 108 4 2 1 1
770 218 4 2 1 1
71 239 7 5 1 1
64 124 4 2 1 1
710 127 4 2 1 1
259 97 4 2 1 1
675 239 7 5 1 1
545 223 4 2 1 1
570 222 4 2 1 1
141 199 4 2 1 1
457 131 4 2 1 1
740 183 4 2 1 1
709 98 4 2 1 1
13 136 4 2 1 1
649 234 7 5 1 1
310 160 4 2 1 1
191 122 4 2 1 1
744 147 4 2 1 1
608 226 7 5 1 1
668 126 4 2 1 1
555 106 4 2 1 1
225 217 4 2 1 1
817 206 4 2 1 1
245 158 4 2 1 1
759 141 4 2 1 1
457 124 4 2 1 1
126 116 4 2 1 1
716 155 4 2 1 1
92 106 4 2 1 1
281 162 4 2 1 1
179 170 4 2 1 1
226 166 4 2 1 1
56 180 4 2 1 1
677 156 4 2 1 1
400 221 4 2 1 1
373 271 7 5 1 1
514 461 10 11 1 1
279 448 7 10 1 0
217 138 4 2 1 1
174 123 4 2 1 1
893 145 4 2 1 1
34 133 4 2 1 1
600 97 4 2 1 1
472 166 4 2 1 1
291 188 4 2 1 1
684 217 4 2 1 1
549 247 7 5 1 1
421 197 4 2 1 1
121 263 7 5 1 1
622 176 4 2 1 1
728 453 13 12 1 1
118 203 4 2 1 1
664 200 4 2 1 1
428 134 4 2 1 1
147 117 4 2 1 1
676 143 4 2 1 1
425 244 7 5 1 1
259 189 4 2 1 1
763 479 13 12 1 0
36 118 4 2 1 1
817 108 4 2 1 1
349 143 4 2 1 1
820 195 4 2 1 1
540 176 4 2 1 1
738 156 4 2 1 1
148 112 4 2 1 1
151 122 4 2 1 1
516 94 4 2 1 1
619 158 4 2 1 1
614 232 7 5 1 1
310 210 4 2 1 1
398 200 4 2 1 1
193 212 4 2 1 1
820 223 4 2 1 1
168 442 7 10 1 0
349 487 7 10 1 0
322 460 7 10 1 1
88 205 4 2 1 1
636 186 4 2 1 1
627 274 7 5 1 1
393 189 4 2 1 1
318 440 6 7 1 1
820 231 7 5 1 1
218 151 4 2 1 1
584 126 4 2 1 1
526 191 4 2 1 1
609 112 4 2 1 1
254 450 7 10 1 0
692 110 4 2 1 1
434 213 4 2 1 1
223 137 4 2 1 1
659 165 4 2 1 1
671 108 4 2 1 1
473 117 4 2 1 1
260 167 4 2 1 1
888 342 7 5 1 1
207 99 4 2 1 1
346 164 4 2 1 1
617 94 4 2 1 1
9 207 7 5 1 1
294 162 4 2 1 1
565 161 4 2 1 1
828 110 4 2 1 1
615 143 4 2 1 1
114 116 4 2 1 1
825 278 7 5 1 1
457 250 7 5 1 1
885 314 7 5 1 1
849 162 4 2 1 1
864 131 4 2 1 1
237 205 4 2 1 1
522 110 4 2 1 1
714 146 4 2 1 1
463 216 4 2 1 1
744 193 4 2 1 1
374 230 7 5 1 1
31 214 7 5 1 1
502 159 4 2 1 1
580 172 4 2 1 1
234 432 6 7 1 1
398 235 7 5 1 1
148 142 4 2 1 1
855 238 7 5 1 1
111 102 4 2 1 1
128 142 4 2 1 1
445 147 4 2 1 1
444 489 12 16 1 0
89 455 7 10 1 0
813 480 13 12 1 0
182 123 4 2 1 1
85 129 4 2 1 1
252 202 4 2 1 1
206 132 4 2 1 1
366 98 4 2 1 1
235 97 4 2 1 1
725 504 24 26 2 0
492 91 4 2 1 1
390 484 7 10 1 0
322 111 4 2 1 1
276 187 4 2 1 1
197 105 4 2 1 1
498 135 4 2 1 1
510 94 4 2 1 1
717 118 4 2 1 1
499 211 4 2 1 1
362 250 7 5 1 1
267 243 7 5 1 1
115 174 4 2 1 1
110 200 4 2 1 1
622 250 7 5 1 1
178 138 4 2 1 1
892 214 4 2 1 1
326 207 4 2 1 1
524 162 4 2 1 1
412 452 7 10 1 1
237 219 4 2 1 1
484 240 7 5 1 1
211 167 4 2 1 1
425 168 4 2 1 1
500 94 4 2 1 1
591 178 4 2 1 1
825 138 4 2 1 1
411 192 4 2 1 1
645 110 4 2 1 1
682 191 4 2 1 1
137 105 4 2 1 1
152 126 4 2 1 1
813 171 4 2 1 1
214 459 7 10 1 0
627 86 4 2 1 1
66 222 4 2 1 1
640 169 4 2 1 1
792 109 4 2 1 1
301 241 7 5 1 1
358 205 4 2 1 1
225 185 4 2 1 1
319 472 7 10 1 0
737 475 13 12 2 0
421 180 4 2 1 1
586 146 4 2 1 1
41 220 7 5 1 1
416 142 4 2 1 1
457 83 4 2 1 1
500 128 4 2 1 1
216 95 4 2 1 1
252 132 4 2 1 1
6 160 4 2 1 1
159 457 7 10 1 0
248 260 7 5 1 1
508 133 4 2 1 1
740 115 4 2 1 1
50 212 4 2 1 1
702 132 4 2 1 1
836 521 24 26 1 0
470 186 4 2 1 1
849 119 4 2 1 1
819 133 4 2 1 1
225 92 4 2 1 1
162 191 4 2 1 1
435 186 4 2 1 1
552 89 4 2 1 1
386 263 7 5 1 1
2 121 4 2 1 0
403 156 4 2 1 1
212 122 4 2 1 1
251 138 4 2 1 1
489 126 4 2 1 1
456 191 4 2 1 1
539 231 7 5 1 1
220 107 4 2 1 1
785 474 13 12 2 0
37 188 4 2 1 1
780 116 4 2 1 1
620 118 4 2 1 1
74 179 4 2 1 1
148 149 4 2 1 1
650 157 4 2 1 1
889 120 4 2 1 1
666 87 4 2 1 1
188 129 4 2 1 1
120 105 4 2 1 1
474 89 4 2 1 1
35 238 7 5 1 1
29 97 4 2 1 1
202 201 4 2 1 1
172 140 4 2 1 1
80 194 4 2 1 1
584 180 4 2 1 1
172 132 4 2 1 1
286 210 4 2 1 1
166 124 4 2 1 1
56 135 4 2 1 1
658 156 4 2 1 1
847 238 7 5 1 1
90 211 4 2 1 1
66 171 4 2 1 1
287 136 4 2 1 1
600 476 13 12 2 0
73 163 4 2 1 1
582 111 4 2 1 1
500 234 7 5 1 1
48 107 4 2 1 1
84 438 6 7 1 0
349 180 4 2 1 1
562 85 4 2 1 1
356 265 7 5 1 1
27 187 4 2 1 1
752 276 7 5 1 1
201 506 28 28 1 0
732 461 13 12 1 1
824 176 4 2 1 1
117 141 4 2 1 1
841 173 4 2 1 1
81 180 4 2 1 1
370 138 4 2 1 1
520 180 4 2 1 1
155 242 7 5 1 1
99 256 7 5 1 1
370 130 4 2 1 1
193 425 6 7 1 0
186 190 4 2 1 1
868 101 4 2 1 1
391 174 4 2 1 1
339 215 4 2 1 1
858 227 7 5 1 1
90 237 7 5 1 1
110 207 4 2 1 1
480 123 4 2 1 1
738 212 4 2 1 1
37 109 4 2 1 1
566 112 4 2 1 1
361 267 7 5 1 1
626 244 7 5 1 1
313 143 4 2 1 1
254 248 7 5 1 1
119 227 7 5 1 1
864 465 13 12 2 0
77 177 4 2 1 1
595 122 4 2 1 1
216 268 7 5 1 1
280 191 4 2 1 1
82 136 4 2 1 1
493 204 4 2 1 1
244 128 4 2 1 1
747 210 4 2 1 1
651 209 4 2 1 1
421 102 4 2 1 1
636 118 4 2 1 1
45 154 4 2 1 1
808 139 4 2 1 1
251 201 4 2 1 1
148 124 4 2 1 1
849 201 4 2 1 1
65 191 4 2 1 1
415 217 4 2 1 1
248 127 4 2 1 1
615 240 7 5 1 1
230 207 4 2 1 1
848 126 4 2 1 1
381 443 7 10 1 1
660 240 7 5 1 1
757 98 4 2 1 1
882 200 4 2 1 1
407 163 4 2 1 1
146 245 7 5 1 1
379 217 4 2 1 1
68 209 4 2 1 1
341 160 4 2 1 1
229 108 4 2 1 1
2 151 4 2 1 0
62 443 7 10 1 0
437 155 4 2 1 1
313 182 4 2 1 1
227 99 4 2 1 1
158 156 4 2 1 1
634 248 7 5 1 1
354 110 4 2 1 1
259 141 4 2 1 1
128 184 4 2 1 1
243 138 4 2 1 1
175 260 7 5 1 1
611 160 4 2 1 1
57 207 4 2 1 1
736 178 4 2 1 1
33 155 4 2 1 1
14 142 4 2 1 1
118 471 7 10 1 0
752 123 4 2 1 1
192 130 4 2 1 1
264 213 4 2 1 1
751 77 4 2 1 1
888 162 4 2 1 1
889 189 4 2 1 1
334 143 4 2 1 1
696 156 4 2 1 1
201 176 4 2 1 1
185 102 4 2 1 1
217 261 7 5 1 1
625 456 13 12 1 1
1 234 7 5 1 0
19 122 4 2 1 1
796 143 4 2 1 1
590 112 4 2 1 1
523 488 11 11 1 0
800 87 4 2 1 1
234 136 4 2 1 1
136 173 4 2 1 1
60 104 4 2 1 1
384 206 4 2 1 1
260 157 4 2 1 1
507 490 8 10 1 0
128 172 4 2 1 1
490 464 7 10 1 0
774 251 7 5 1 1
679 274 7 5 1 1
539 200 4 2 1 1
138 128 4 2 1 1
225 158 4 2 1 1
865 489 13 12 1 0
103 208 4 2 1 1
790 170 4 2 1 1
79 165 4 2 1 1
373 202 4 2 1 1
166 197 4 2 1 1
172 113 4 2 1 1
420 166 4 2 1 1
119 116 4 2 1 1
788 117 4 2 1 1
241 132 4 2 1 1
811 178 4 2 1 1
231 422 6 7 1 1
838 199 4 2 1 1
533 192 4 2 1 1
318 225 7 5 1 1
306 264 7 5 1 1
564 244 7 5 1 1
193 167 4 2 1 1
751 238 7 5 1 1
66 216 4 2 1 1
638 162 4 2 1 1
508 170 4 2 1 1
214 132 4 2 1 1
410 231 7 5 1 1
680 225 7 5 1 1
241 231 7 5 1 1
381 200 4 2 1 1
682 149 4 2 1 1
20 204 7 5 1 1
579 157 4 2 1 1
400 193 4 2 1 1
446 97 4 2 1 1
229 182 4 2 1 1
710 194 4 2 1 1
566 506 18 23 1 0
508 101 4 2 1 1
412 224 7 5 1 1
194 236 7 5 1 1
161 113 4 2 1 1
598 113 4 2 1 1
657 85 4 2 1 1
84 109 4 2 1 1
247 200 4 2 1 1
857 133 4 2 1 1
464 96 4 2 1 1
509 154 4 2 1 1
114 110 4 2 1 1
521 238 7 5 1 1
109 103 4 2 1 1
464 118 4 2 1 1
32 173 4 2 1 1
351 201 4 2 1 1
342 190 4 2 1 1
742 106 4 2 1 1
653 173 4 2 1 1
184 447 7 10 1 0
82 268 7 5 1 1
652 166 4 2 1 1
401 255 7 5 1 1
131 133 4 2 1 1
317 507 28 28 1 0
25 427 6 7 1 0
787 238 7 5 1 1
308 187 4 2 1 1
835 218 4 2 1 1
500 150 4 2 1 1
101 108 4 2 1 1
479 221 4 2 1 1
515 147 4 2 1 1
5 180 5 3 1 1
15 202 7 5 1 1
584 133 4 2 1 1
341 143 4 2 1 1
363 506 30 37 1 0
736 239 7 5 1 1
536 217 4 2 1 1
123 102 4 2 1 1
880 219 4 2 1 1
420 239 7 5 1 1
23 113 4 2 1 1
500 110 4 2 1 1
864 228 4 2 1 1
354 192 4 2 1 1
642 274 7 5 1 1
255 465 7 10 1 0
668 103 4 2 1 1
150 449 7 10 1 0
295 249 7 5 1 1
656 524 18 23 1 0
371 98 4 2 1 1
570 171 4 2 1 1
370 118 4 2 1 1
836 135 4 2 1 1
311 462 7 10 1 0
24 268 7 5 1 1
720 206 4 2 1 1
290 219 4 2 1 1
63 120 4 2 1 1
621 220 4 2 1 1
3 187 7 5 1 1
759 171 4 2 1 1
723 90 4 2 1 1
168 485 34 41 1 0
17 100 4 2 1 1
606 127 4 2 1 1
532 129 4 2 1 1
497 181 4 2 1 1
674 92 4 2 1 1
245 111 4 2 1 1
775 102 4 2 1 1
888 179 4 2 1 1
532 135 4 2 1 1
480 168 4 2 1 1
864 211 4 2 1 1
165 152 4 2 1 1
614 247 7 5 1 1
260 474 7 10 1 0
330 166 4 2 1 1
207 165 4 2 1 1
352 211 4 2 1 1
556 130 4 2 1 1
482 150 4 2 1 1
490 142 4 2 1 1
261 243 7 5 1 1
333 109 4 2 1 1
99 109 4 2 1 1
432 129 4 2 1 1
35 215 7 5 1 1
212 146 4 2 1 1
470 205 4 2 1 1
135 142 4 2 1 1
247 191 4 2 1 1
524 93 4 2 1 1
249 109 4 2 1 1
415 134 4 2 1 1
576 145 4 2 1 1
192 198 4 2 1 1
144 167 4 2 1 1
167 148 4 2 1 1
181 471 7 10 1 0
398 438 6 7 1 1
723 142 4 2 1 1
39 136 4 2 1 1
278 158 4 2 1 1
263 143 4 2 1 1
635 194 4 2 1 1
180 196 4 2 1 1
491 451 7 10 1 1
432 197 4 2 1 1
303 144 4 2 1 1
838 106 4 2 1 1
233 247 7 5 1 1
312 203 4 2 1 1
767 226 7 5 1 1
154 152 4 2 1 1
148 191 4 2 1 1
506 140 4 2 1 1
147 440 6 7 1 0
84 117 4 2 1 1
80 171 4 2 1 1
894 154 4 2 1 1
168 220 4 2 1 1
209 152 4 2 1 1
632 237 7 5 1 1
483 266 7 5 1 1
10 236 7 5 1 1
136 203 4 2 1 1
767 79 4 2 1 1
633 460 13 12 1 1
355 96 4 2 1 1
860 125 4 2 1 1
62 175 4 2 1 1
788 160 4 2 1 1
515 102 4 2 1 1
283 168 4 2 1 1
203 92 4 2 1 1
282 266 7 5 1 1
126 241 7 5 1 1
532 157 4 2 1 1
694 482 13 12 1 0
141 193 4 2 1 1
840 122 4 2 1 1
28 113 4 2 1 1
174 233 7 5 1 1
376 115 4 2 1 1
327 149 4 2 1 1
42 465 37 47 2 0
652 133 4 2 1 1
238 439 6 7 1 1
512 211 4 2 1 1
822 187 4 2 1 1
304 137 4 2 1 1
517 246 7 5 1 1
254 97 4 2 1 1
114 123 4 2 1 1
322 222 4 2 1 1
803 230 7 5 1 1
540 162 4 2 1 1
457 103 4 2 1 1
734 168 4 2 1 1
638 235 7 5 1 1
716 90 4 2 1 1
416 146 4 2 1 1
320 209 4 2 1 1
868 94 4 2 1 1
628 134 4 2 1 1
486 460 7 10 1 1
90 104 4 2 1 1
71 219 4 2 1 1
172 238 7 5 1 1
864 238 5 3 1 1
345 205 4 2 1 1
201 122 4 2 1 1
30 177 4 2 1 1
538 146 4 2 1 1
386 116 4 2 1 1
43 216 6 4 1 1
561 222 4 2 1 1
705 223 4 2 1 1
552 190 4 2 1 1
626 95 4 2 1 1
158 181 4 2 1 1
301 151 4 2 1 1
660 117 4 2 1 1
589 138 4 2 1 1
520 210 4 2 1 1
672 226 7 5 1 1
844 206 4 2 1 1
644 248 7 5 1 1
804 200 4 2 1 1
438 242 7 5 1 1
592 129 4 2 1 1
582 197 4 2 1 1
101 98 4 2 1 1
157 440 6 7 1 0
248 92 4 2 1 1
160 97 4 2 1 1
611 457 13 12 1 1
72 101 4 2 1 1
488 214 4 2 1 1
38 397 6 7 1 1
509 467 10 11 1 0
168 170 4 2 1 1
228 196 4 2 1 1
756 152 4 2 1 1
753 162 4 2 1 1
783 107 4 2 1 1
209 218 4 2 1 1
826 227 7 5 1 1
578 134 4 2 1 1
787 138 4 2 1 1
676 126 4 2 1 1
763 150 4 2 1 1
808 195 4 2 1 1
202 183 4 2 1 1
788 148 4 2 1 1
644 116 4 2 1 1
806 166 4 2 1 1
170 98 4 2 1 1
759 492 13 12 1 0
390 218 4 2 1 1
25 178 4 2 1 1
880 181 4 2 1 1
508 118 4 2 1 1
505 123 4 2 1 1
340 96 4 2 1 1
892 205 4 2 1 1
829 162 4 2 1 1
802 210 4 2 1 1
145 158 4 2 1 1
398 181 4 2 1 1
415 263 7 5 1 1
13 180 4 2 1 1
321 162 4 2 1 1
482 182 4 2 1 1
435 226 7 5 1 1
830 202 4 2 1 1
265 160 4 2 1 1
8 152 4 2 1 1
713 181 4 2 1 1
175 162 4 2 1 1
114 427 6 7 1 0
49 218 5 3 1 1
18 261 7 5 1 1
529 106 4 2 1 1
683 239 7 5 1 1
111 233 7 5 1 1
472 226 7 5 1 1
693 275 7 5 1 1
256 213 4 2 1 1
618 102 4 2 1 1
415 116 4 2 1 1
115 435 6 7 1 0
432 206 4 2 1 1
234 488 28 28 1 0
259 425 6 7 1 1
771 276 7 5 1 1
816 277 7 5 1 1
242 167 4 2 1 1
