435 148 15 15 1 0
439 39 18 17 1 0
510 13 18 17 1 0
436 208 15 15 1 0
541 315 12 16 1 0
649 270 15 15 1 0
756 58 18 17 1 0
610 250 15 15 1 0
280 121 18 17 1 0
299 338 12 16 1 0
805 359 12 16 1 0
204 21 18 17 1 0
204 192 15 15 1 0
712 169 15 15 1 0
141 374 12 16 1 0
517 238 15 15 1 0
621 351 12 16 1 0
174 333 12 16 1 0
751 348 12 16 1 0
548 17 18 17 1 0
560 350 12 16 1 0
301 206 15 15 1 0
422 211 23 25 1 0
399 42 18 17 1 0
671 266 15 15 1 0
416 19 18 17 1 0
509 348 12 16 1 0
627 223 15 15 1 0
277 319 12 16 1 0
730 20 18 17 1 0
679 37 18 17 1 0
186 44 18 17 1 0
303 323 12 16 1 0
786 352 12 16 1 0
719 104 18 17 1 0
608 57 18 17 1 0
763 210 15 15 1 0
787 159 15 15 1 0
581 363 12 16 1 0
473 354 12 16 1 0
562 46 18 17 1 0
27 92 18 17 1 0
328 221 15 15 1 0
552 148 15 15 1 0
222 12 18 17 1 0
236 307 12 16 1 0
179 247 15 15 1 0
220 333 12 16 1 0
654 167 15 15 1 0
630 30 18 17 1 0
65 63 18 17 1 0
664 103 18 17 1 0
474 202 15 15 1 0
769 1 18 17 1 0
231 217 15 15 1 0
541 348 12 16 1 0
300 284 15 15 1 0
661 219 15 15 1 0
797 202 15 15 1 0
563 164 15 15 1 0
247 169 15 15 1 0
97 2 18 17 1 0
389 111 18 17 1 0
161 96 18 17 1 0
669 86 18 17 1 0
589 346 12 16 1 0
300 36 18 17 1 0
708 62 18 17 1 0
359 187 15 15 1 0
34 377 12 16 1 0
787 334 12 16 1 0
511 84 18 17 1 0
35 13 18 17 1 0
291 7 18 17 1 0
610 118 18 17 1 0
134 1 18 17 1 0
380 302 12 16 1 0
40 286 13 17 1 0
417 340 12 16 1 0
701 380 12 16 1 0
457 134 18 17 1 0
799 374 12 16 1 0
668 189 15 15 1 0
403 63 18 17 1 0
357 72 18 17 1 0
217 60 18 17 1 0
257 3 18 17 1 0
596 57 18 17 1 0
708 266 15 15 1 0
264 46 18 17 1 0
740 147 15 15 1 0
458 107 18 17 1 0
533 367 12 16 1 0
264 136 18 17 1 0
87 12 18 17 1 0
365 326 12 16 1 0
523 205 15 15 1 0
182 293 12 16 1 0
525 71 18 17 1 0
538 41 18 17 1 0
797 34 18 17 1 0
161 179 15 15 1 0
632 186 15 15 1 0
530 165 15 15 1 0
368 99 18 17 1 0
713 190 15 15 1 0
511 257 15 15 1 0
265 279 15 15 1 0
498 331 12 16 1 0
710 31 18 17 1 0
565 287 15 15 1 0
268 248 15 15 1 0
232 117 18 17 1 0
526 143 18 17 1 0
384 371 12 16 1 0
369 375 12 16 1 0
248 212 15 15 1 0
78 261 13 15 1 0
539 328 12 16 1 0
778 159 15 15 1 0
250 327 12 16 1 0
606 176 15 15 1 0
137 273 15 15 1 0
237 359 12 16 1 0
469 38 18 17 1 0
318 150 15 15 1 0
219 374 12 16 1 0
298 125 18 17 1 0
357 252 15 15 1 0
311 13 18 17 1 0
802 274 13 15 1 0
304 159 15 15 1 0
695 255 15 15 1 0
211 105 18 17 1 0
482 210 15 15 1 0
606 386 12 16 1 0
549 78 18 17 1 0
203 280 15 15 1 0
269 378 12 16 1 0
276 192 15 15 1 0
192 368 12 16 1 0
389 136 18 17 1 0
703 197 15 15 1 0
331 345 12 16 1 0
197 350 12 16 1 0
77 281 12 15 1 0
758 166 15 15 1 0
495 212 15 15 1 0
191 248 15 15 1 0
576 265 15 15 1 0
346 93 18 17 1 0
25 303 12 16 1 0
491 33 18 17 1 0
180 174 15 15 1 0
648 67 18 17 1 0
717 364 12 16 1 0
797 108 18 17 1 0
263 359 12 16 1 0
380 24 18 17 1 0
496 139 18 17 1 0
396 200 15 15 1 0
682 244 15 15 1 0
389 259 15 15 1 0
349 164 15 15 1 0
308 52 18 17 1 0
247 71 18 17 1 0
213 165 15 15 1 0
475 295 12 16 1 0
182 132 18 17 1 0
287 303 12 16 1 0
674 356 12 16 1 0
27 60 18 17 1 0
328 151 15 15 1 0
132 297 12 16 1 0
282 363 12 16 1 0
480 345 12 16 1 0
233 244 15 15 1 0
695 75 18 17 1 0
596 231 15 15 1 0
72 20 18 17 1 0
593 336 12 16 1 0
758 13 18 17 1 0
783 311 12 16 1 0
573 146 18 17 1 0
481 139 18 17 1 0
340 40 18 17 1 0
175 387 12 16 1 0
154 351 12 16 1 0
339 109 18 17 1 0
772 80 18 17 1 0
320 374 12 16 1 0
729 57 18 17 1 0
156 277 15 15 1 0
70 243 13 15 1 0
441 225 15 15 1 0
752 365 12 16 1 0
332 286 15 15 1 0
320 111 18 17 1 0
776 374 12 16 1 0
751 30 18 17 1 0
386 355 12 16 1 0
661 377 12 16 1 0
628 105 18 17 1 0
132 80 18 17 1 0
310 236 15 15 1 0
328 361 12 16 1 0
480 270 15 15 1 0
53 341 12 16 1 0
243 285 15 15 1 0
508 373 12 16 1 0
667 42 18 17 1 0
799 76 18 17 1 0
769 99 18 17 1 0
470 20 18 17 1 0
565 385 12 16 1 0
558 252 15 15 1 0
105 271 18 20 1 0
404 140 18 17 1 0
340 191 15 15 1 0
285 353 12 16 1 0
349 7 18 17 1 0
326 322 12 16 1 0
484 80 18 17 1 0
753 203 15 15 1 0
233 377 12 16 1 0
406 121 18 17 1 0
687 204 15 15 1 0
