360 47 16 15 1 0
471 57 15 15 1 0
510 49 15 15 1 0
494 73 25 35 1 0
175 74 23 26 1 0
389 42 16 15 1 0
464 48 15 15 1 0
741 102 41 44 1 0
616 85 17 19 1 0
262 119 28 39 1 0
472 111 25 28 1 0
779 123 41 44 1 0
619 51 17 19 1 0
441 58 15 15 1 0
476 47 15 15 1 0
250 71 15 18 1 0
130 75 23 29 1 0
695 89 35 41 1 0
362 64 16 15 1 0
681 125 35 41 1 0
814 158 41 44 1 0
318 68 15 18 1 0
477 64 25 35 1 0
83 164 41 49 1 0
285 71 15 18 1 0
523 70 25 35 1 0
304 61 15 18 1 0
195 80 23 26 1 0
437 79 25 35 1 0
346 84 16 15 1 0
424 51 15 15 1 0
555 107 25 28 1 0
489 43 15 15 1 0
