578 380 14 17 2 0
237 431 25 30 1 0
583 382 14 17 2 0
900 450 25 23 1 0
1028 577 44 57 1 0
63 375 4 4 1 0
355 460 25 30 1 0
1131 447 25 23 1 0
81 526 44 57 1 0
137 371 4 4 1 0
660 386 4 4 1 0
924 410 10 11 1 0
195 386 4 4 1 0
259 367 4 4 1 0
517 494 25 30 1 0
546 418 25 30 1 0
636 552 44 57 1 0
795 413 10 11 1 0
523 426 25 30 2 0
837 398 10 11 1 0
340 416 25 30 1 0
955 417 10 11 1 0
879 451 25 23 1 0
809 419 10 11 1 0
973 398 10 11 1 0
773 432 25 30 2 0
200 374 4 4 1 0
615 475 25 30 1 0
610 433 25 30 1 0
211 376 4 4 1 0
228 470 25 30 1 0
252 363 4 4 1 0
752 416 25 30 1 0
1194 420 21 20 1 0
1050 423 10 11 1 0
571 440 25 30 2 0
251 418 25 30 1 0
92 423 25 30 1 0
961 393 10 11 1 0
229 371 4 4 1 0
544 474 25 30 2 0
128 363 4 4 1 0
655 392 4 4 1 0
958 440 25 23 1 0
272 370 4 4 1 0
395 416 25 30 1 0
720 386 4 4 1 0
286 371 4 4 1 0
533 435 25 30 2 0
248 460 25 30 1 0
843 425 10 11 1 0
248 373 4 4 1 0
605 387 4 4 1 0
31 501 29 36 1 0
798 625 44 57 1 0
780 412 9 10 1 0
33 368 4 4 1 0
920 425 10 11 1 0
964 398 10 11 1 0
315 462 25 30 1 0
778 391 4 4 1 0
684 404 25 30 1 0
976 443 25 23 1 0
328 433 25 30 1 0
932 395 10 11 1 0
153 378 4 4 1 0
478 462 25 30 1 0
1032 396 10 11 1 0
985 427 10 11 1 0
450 471 25 30 1 0
778 501 21 25 1 0
856 444 25 23 1 0
414 590 44 57 1 0
161 389 4 4 1 0
884 473 25 23 1 0
350 434 25 30 1 0
1079 409 10 11 1 0
106 383 4 4 1 0
35 447 25 30 1 0
279 679 44 57 1 0
849 393 10 11 1 0
678 387 4 4 1 0
211 363 4 4 1 0
307 497 29 36 1 0
7 360 4 4 1 0
103 590 44 57 1 0
75 434 25 30 1 0
93 364 4 4 1 0
422 445 25 30 1 0
221 526 44 57 1 0
906 504 44 57 2 0
562 430 25 30 2 0
529 369 4 4 1 0
177 365 4 4 1 0
84 390 4 4 1 0
1131 470 25 23 1 0
334 385 4 4 1 0
88 496 25 30 1 0
224 377 4 4 1 0
636 510 44 57 1 0
990 390 10 11 1 0
441 506 44 57 1 0
91 380 4 4 1 0
220 365 4 4 1 0
534 379 19 23 2 0
241 368 4 4 1 0
311 391 4 4 1 0
356 385 4 4 1 0
56 424 25 30 1 0
894 400 10 11 1 0
818 388 10 11 1 0
190 384 4 4 1 0
648 403 25 30 1 0
98 373 4 4 1 0
999 419 10 11 1 0
1180 428 10 11 1 0
668 492 25 30 1 0
571 430 25 30 2 0
155 365 4 4 1 0
483 388 4 4 1 0
242 366 4 4 1 0
778 466 17 20 1 0
444 446 25 30 1 0
1059 465 25 23 1 0
614 404 25 30 2 0
16 369 4 4 1 0
935 405 10 11 1 0
906 391 10 11 1 0
750 395 4 4 1 0
603 408 25 30 2 0
187 374 4 4 1 0
172 365 4 4 1 0
1111 528 44 57 1 0
185 364 4 4 1 0
1182 459 25 23 1 0
167 366 4 4 1 0
326 537 44 57 1 0
340 473 25 30 1 0
130 383 4 4 1 0
670 390 4 4 1 0
970 415 10 11 1 0
167 378 4 4 1 0
208 368 4 4 1 0
363 404 25 30 1 0
94 468 25 30 1 0
663 422 25 30 1 0
904 525 44 57 2 0
71 409 25 30 1 0
732 390 4 4 1 0
810 392 10 11 1 0
709 391 4 4 1 0
189 483 25 30 1 0
546 440 25 30 2 0
1196 522 26 28 1 0
44 383 4 4 1 0
184 381 4 4 1 0
867 415 10 11 1 0
683 389 4 4 1 0
143 380 4 4 1 0
585 397 14 17 1 0
553 382 19 23 1 0
858 400 10 11 1 0
784 389 4 4 1 0
917 438 25 23 1 0
884 395 10 11 1 0
285 387 4 4 1 0
112 371 4 4 1 0
229 412 25 30 1 0
758 387 4 4 1 0
100 365 4 4 1 0
308 429 25 30 1 0
46 366 4 4 1 0
502 419 25 30 1 0
804 397 10 11 1 0
43 388 4 4 1 0
379 533 44 57 1 0
724 469 25 30 1 0
302 381 4 4 1 0
377 469 25 30 1 0
19 380 4 4 1 0
259 369 4 4 1 0
440 571 44 57 1 0
557 471 25 30 2 0
376 389 4 4 1 0
623 419 25 30 1 0
1143 411 10 11 1 0
1093 424 10 11 1 0
768 390 4 4 1 0
590 380 19 23 2 0
629 386 4 4 1 0
81 374 4 4 1 0
138 489 25 30 1 0
74 374 4 4 1 0
659 456 25 30 1 0
1105 436 25 23 1 0
119 384 4 4 1 0
233 378 4 4 1 0
1007 396 10 11 1 0
382 437 25 30 1 0
737 411 25 30 1 0
699 411 25 30 1 0
904 405 10 11 1 0
1076 466 25 23 1 0
483 404 25 30 2 0
927 395 10 11 1 0
560 550 44 57 1 0
716 387 4 4 1 0
219 394 4 4 1 0
762 435 25 30 2 0
209 386 4 4 1 0
38 368 4 4 1 0
847 389 10 11 1 0
1088 405 10 11 1 0
877 397 10 11 1 0
196 362 4 4 1 0
480 532 44 57 1 0
575 382 14 17 2 0
595 412 25 30 2 0
199 434 25 30 1 0
46 404 25 30 1 0
1045 396 10 11 1 0
954 457 25 23 1 0
555 382 4 4 1 0
1004 484 25 23 1 0
1154 444 25 23 1 0
610 395 4 4 1 0
644 386 4 4 1 0
29 370 4 4 1 0
59 363 4 4 1 0
1025 396 10 11 1 0
235 368 4 4 1 0
171 381 4 4 1 0
8 417 19 23 1 0
542 379 19 23 2 0
762 531 44 57 1 0
153 442 25 30 1 0
482 419 25 30 2 0
140 415 25 30 1 0
1029 440 25 23 1 0
113 427 25 30 1 0
714 434 25 30 1 0
174 375 4 4 1 0
141 367 4 4 1 0
