1442 303 15 19 1 0
42 146 10 14 1 0
573 395 16 21 1 0
787 212 10 14 1 0
967 37 9 11 1 0
571 461 16 21 1 0
106 12 10 14 1 0
322 457 16 21 1 0
1410 466 15 19 1 0
981 463 15 19 1 0
1062 344 15 19 1 0
828 503 16 21 1 0
1458 52 9 11 1 0
684 680 16 21 1 0
1327 153 9 11 1 0
751 210 10 14 1 0
506 360 16 21 1 0
105 50 10 14 1 0
309 35 10 14 1 0
462 126 10 14 1 0
508 318 16 21 1 0
312 318 16 21 1 0
1240 615 15 19 1 0
1416 93 9 11 1 0
83 507 16 21 1 0
13 345 16 21 1 0
68 99 10 14 1 0
1160 124 9 11 1 0
596 518 16 21 1 0
421 60 10 14 1 0
1192 564 15 19 1 0
1177 573 15 19 1 0
81 58 10 14 1 0
718 642 16 21 1 0
61 90 10 14 1 0
342 3 10 14 1 0
1308 460 15 19 1 0
293 428 16 21 1 0
615 592 16 21 1 0
193 64 10 14 1 0
789 242 10 14 1 0
688 309 11 15 1 0
731 226 10 14 1 0
928 298 15 19 1 0
1448 162 9 11 1 0
707 237 10 14 1 0
373 701 16 21 1 0
34 126 10 14 1 0
1388 445 15 19 1 0
1217 164 9 11 1 0
852 533 16 21 1 0
887 521 15 19 1 0
927 202 9 11 1 0
900 21 9 11 1 0
103 185 10 14 1 0
493 109 10 14 1 0
493 633 16 21 1 0
314 475 16 21 1 0
218 76 10 14 1 0
770 594 16 21 1 0
103 610 16 21 1 0
518 84 10 14 1 0
384 73 10 14 1 0
225 345 16 21 1 0
1254 601 15 19 1 0
420 50 10 14 1 0
2 134 10 14 1 0
1108 349 15 19 1 0
1016 678 15 19 1 0
688 638 16 21 1 0
1043 12 9 11 1 0
1266 284 9 11 1 0
807 330 16 21 1 0
551 594 16 21 1 0
529 215 10 14 1 0
565 493 16 21 1 0
670 299 10 14 1 0
338 557 16 21 1 0
717 60 10 14 1 0
287 358 16 21 1 0
433 15 10 14 1 0
203 89 10 14 1 0
776 299 10 14 1 0
54 28 10 14 1 0
1297 246 9 11 1 0
1446 70 9 11 1 0
173 128 10 14 1 0
1022 429 15 19 1 0
1264 19 9 11 1 0
919 491 15 19 1 0
717 430 16 21 1 0
818 159 10 14 1 0
1208 59 9 11 1 0
536 37 10 14 1 0
584 215 10 14 1 0
1073 410 15 19 1 0
213 573 16 21 1 0
102 654 16 21 1 0
713 256 10 14 1 0
786 128 10 14 1 0
903 621 15 19 1 0
96 2 10 14 1 0
874 543 15 20 1 0
1310 334 15 19 1 0
1299 503 15 19 1 0
1281 559 15 19 1 0
1350 542 15 19 1 0
1021 251 9 11 1 0
547 128 10 14 1 0
1155 189 9 11 1 0
480 21 10 14 1 0
716 455 16 21 1 0
382 478 16 21 1 0
196 427 16 21 1 0
241 251 10 14 1 0
69 559 16 21 1 0
1327 415 15 19 1 0
895 82 9 11 1 0
324 434 16 21 1 0
407 248 10 14 1 0
488 702 16 21 1 0
269 87 10 14 1 0
124 20 10 14 1 0
539 58 10 14 1 0
578 91 10 14 1 0
1033 86 9 11 1 0
795 364 16 21 1 0
685 453 16 21 1 0
915 424 15 19 1 0
1174 171 9 11 1 0
898 246 9 11 1 0
549 484 16 21 1 0
47 376 16 21 1 0
980 535 15 19 1 0
914 213 9 11 1 0
1300 293 9 11 1 0
610 169 10 14 1 0
936 371 15 19 1 0
528 303 10 14 1 0
533 323 16 21 1 0
914 566 15 19 1 0
693 195 10 14 1 0
621 48 10 14 1 0
685 247 10 14 1 0
141 481 16 21 1 0
638 115 10 14 1 0
565 446 16 21 1 0
772 166 10 14 1 0
40 534 16 21 1 0
40 22 10 14 1 0
617 44 10 14 1 0
803 543 16 21 1 0
260 24 10 14 1 0
682 262 10 14 1 0
255 388 16 21 1 0
1440 147 9 11 1 0
1123 69 9 11 1 0
477 32 10 14 1 0
723 604 16 21 1 0
1231 319 15 19 1 0
958 523 15 19 1 0
1074 79 9 11 1 0
270 181 10 14 1 0
177 83 10 14 1 0
425 172 10 14 1 0
972 124 9 11 1 0
811 345 16 21 1 0
862 148 10 14 1 0
1466 86 9 11 1 0
167 219 10 14 1 0
16 211 10 14 1 0
348 119 10 14 1 0
1051 284 9 11 1 0
705 564 16 21 1 0
784 484 16 21 1 0
995 593 15 19 1 0
429 11 10 14 1 0
582 195 10 14 1 0
1192 248 9 11 1 0
1343 75 9 11 1 0
1050 262 9 11 1 0
398 63 10 14 1 0
269 43 10 14 1 0
1265 101 9 11 1 0
1141 40 9 11 1 0
52 509 16 21 1 0
1240 697 15 19 1 0
261 492 16 21 1 0
652 234 10 14 1 0
525 605 16 21 1 0
1214 606 15 19 1 0
1147 427 15 19 1 0
291 472 16 21 1 0
651 283 10 14 1 0
567 209 10 14 1 0
102 529 16 21 1 0
210 614 16 21 1 0
618 218 10 14 1 0
193 392 16 21 1 0
473 401 16 21 1 0
438 109 10 14 1 0
462 30 10 14 1 0
282 663 16 21 1 0
302 60 10 14 1 0
1331 344 15 19 1 0
913 346 15 19 1 0
273 84 10 14 1 0
594 24 10 14 1 0
857 512 16 21 1 0
1046 317 15 19 1 0
148 86 10 14 1 0
1161 513 15 19 1 0
435 702 16 21 1 0
1317 347 15 19 1 0
48 77 10 14 1 0
1177 210 9 11 1 0
227 172 10 14 1 0
603 273 10 14 1 0
734 44 10 14 1 0
825 230 10 14 1 0
1232 113 9 11 1 0
600 188 10 14 1 0
1130 691 15 19 1 0
1340 41 9 11 1 0
247 292 10 14 1 0
912 551 15 19 1 0
61 645 16 21 1 0
1146 205 9 11 1 0
1025 572 15 19 1 0
1449 552 15 19 1 0
324 519 16 21 1 0
121 367 16 21 1 0
972 108 9 11 1 0
1103 76 9 11 1 0
163 30 10 14 1 0
430 331 16 21 1 0
674 398 16 21 1 0
42 205 10 14 1 0
400 107 10 14 1 0
503 671 16 21 1 0
1282 277 9 11 1 0
1411 317 15 19 1 0
361 113 10 14 1 0
1400 694 15 19 1 0
537 89 10 14 1 0
441 233 10 14 1 0
263 0 10 14 1 0
414 153 10 14 1 0
179 303 10 14 1 0
1321 370 15 19 1 0
70 140 10 14 1 0
798 362 16 21 1 0
797 162 10 14 1 0
749 141 10 14 1 0
1283 16 9 11 1 0
908 458 15 19 1 0
458 45 10 14 1 0
129 443 16 21 1 0
105 26 10 14 1 0
645 401 16 21 1 0
678 234 10 14 1 0
583 480 16 21 1 0
1332 208 9 11 1 0
1167 135 9 11 1 0
551 569 16 21 1 0
1202 246 9 11 1 0
960 23 9 11 1 0
342 89 10 14 1 0
1284 482 15 19 1 0
10 114 10 14 1 0
499 36 10 14 1 0
167 79 10 14 1 0
1369 435 15 19 1 0
659 274 10 14 1 0
530 394 16 21 1 0
158 306 10 14 1 0
1275 621 15 19 1 0
556 4 10 14 1 0
149 556 16 21 1 0
320 225 10 14 1 0
33 3 10 14 1 0
313 9 10 14 1 0
42 235 10 14 1 0
461 635 16 21 1 0
365 200 10 14 1 0
761 269 10 14 1 0
1228 426 15 19 1 0
670 347 16 21 1 0
43 136 10 14 1 0
1159 442 15 19 1 0
295 148 10 14 1 0
6 535 16 21 1 0
777 629 16 21 1 0
580 233 10 14 1 0
681 582 16 21 1 0
171 391 16 21 1 0
1054 12 9 11 1 0
172 68 10 14 1 0
97 257 10 14 1 0
332 304 10 14 1 0
251 204 10 14 1 0
350 631 16 21 1 0
739 364 16 21 1 0
664 8 10 14 1 0
1250 497 15 19 1 0
8 284 11 15 1 0
849 48 10 14 1 0
20 244 10 14 1 0
241 59 10 14 1 0
1324 566 15 19 1 0
1320 612 15 19 1 0
491 142 10 14 1 0
386 202 10 14 1 0
557 419 16 21 1 0
343 415 16 21 1 0
1190 5 9 11 1 0
1358 189 9 11 1 0
534 175 10 14 1 0
336 615 16 21 1 0
1094 641 15 19 1 0
298 674 16 21 1 0
671 673 16 21 1 0
936 504 15 19 1 0
765 137 10 14 1 0
488 607 16 21 1 0
652 66 10 14 1 0
822 142 10 14 1 0
699 728 16 21 1 0
251 346 16 21 1 0
714 313 16 21 1 0
614 343 16 21 1 0
264 51 10 14 1 0
1451 299 15 19 1 0
780 279 10 14 1 0
255 182 10 14 1 0
411 237 10 14 1 0
785 610 16 21 1 0
1021 393 15 19 1 0
311 243 10 14 1 0
345 17 10 14 1 0
310 648 16 21 1 0
814 220 10 14 1 0
904 112 9 11 1 0
185 241 10 14 1 0
959 17 9 11 1 0
1443 596 15 19 1 0
335 516 16 21 1 0
627 32 10 14 1 0
412 412 16 21 1 0
382 176 10 14 1 0
1389 20 9 11 1 0
404 120 10 14 1 0
991 92 9 11 1 0
75 78 10 14 1 0
42 671 16 21 1 0
1086 515 15 19 1 0
612 24 10 14 1 0
415 475 16 21 1 0
1023 460 15 19 1 0
912 284 9 11 1 0
1362 339 15 19 1 0
9 35 10 14 1 0
507 220 10 14 1 0
642 47 10 14 1 0
517 642 16 21 1 0
1147 394 15 19 1 0
450 102 10 14 1 0
636 229 10 14 1 0
508 380 16 21 1 0
363 309 11 15 1 0
1389 300 15 19 1 0
587 188 10 14 1 0
71 29 10 14 1 0
226 274 10 14 1 0
949 77 9 11 1 0
357 374 16 21 1 0
1188 117 9 11 1 0
561 548 16 21 1 0
643 335 16 21 1 0
980 517 15 19 1 0
576 600 16 21 1 0
1026 599 15 19 1 0
323 39 10 14 1 0
159 36 10 14 1 0
1050 424 15 19 1 0
1395 623 15 19 1 0
45 223 10 14 1 0
241 4 10 14 1 0
381 254 10 14 1 0
867 68 10 14 1 0
1272 92 9 11 1 0
378 11 10 14 1 0
344 451 16 21 1 0
203 128 10 14 1 0
82 1 10 14 1 0
113 218 10 14 1 0
590 64 10 14 1 0
6 259 10 14 1 0
697 291 10 14 1 0
1163 619 15 19 1 0
910 189 9 11 1 0
99 368 16 21 1 0
536 6 10 14 1 0
1441 529 15 19 1 0
179 507 16 21 1 0
802 479 16 21 1 0
1167 246 9 11 1 0
1097 582 15 19 1 0
832 24 10 14 1 0
486 272 10 14 1 0
866 58 10 14 1 0
583 302 10 14 1 0
626 79 10 14 1 0
866 134 10 14 1 0
940 254 9 11 1 0
1053 376 15 19 1 0
603 603 16 21 1 0
1316 391 15 19 1 0
784 171 10 14 1 0
31 489 16 21 1 0
378 82 10 14 1 0
1386 352 15 19 1 0
371 213 10 14 1 0
464 203 10 14 1 0
349 677 16 21 1 0
969 347 15 19 1 0
1077 393 15 19 1 0
1050 233 9 11 1 0
1452 513 15 19 1 0
639 551 16 21 1 0
1415 48 9 11 1 0
660 382 16 21 1 0
819 299 10 14 1 0
91 424 16 21 1 0
309 162 10 14 1 0
1132 190 9 11 1 0
564 151 10 14 1 0
531 258 10 14 1 0
566 405 16 21 1 0
669 626 16 21 1 0
210 177 10 14 1 0
822 428 16 21 1 0
296 129 10 14 1 0
979 387 15 19 1 0
764 206 10 14 1 0
1402 200 9 11 1 0
96 316 16 21 1 0
244 694 16 21 1 0
314 122 10 14 1 0
1160 75 9 11 1 0
778 505 16 21 1 0
297 217 10 14 1 0
506 560 16 21 1 0
1188 60 9 11 1 0
84 6 10 14 1 0
624 164 10 14 1 0
677 368 16 21 1 0
1194 337 15 19 1 0
1456 434 15 19 1 0
753 155 10 14 1 0
729 72 10 14 1 0
988 149 9 11 1 0
548 239 10 14 1 0
80 540 16 21 1 0
355 1 10 14 1 0
528 237 10 14 1 0
800 385 16 21 1 0
590 568 16 21 1 0
127 92 10 14 1 0
34 638 16 21 1 0
1225 482 15 19 1 0
1353 646 15 19 1 0
734 649 16 21 1 0
871 254 10 14 1 0
1216 389 15 19 1 0
429 350 16 21 1 0
294 228 10 14 1 0
1269 140 9 11 1 0
723 242 10 14 1 0
478 82 10 14 1 0
693 360 16 21 1 0
1008 95 9 11 1 0
726 233 10 14 1 0
1319 133 9 11 1 0
554 183 10 14 1 0
103 247 10 14 1 0
1062 143 9 11 1 0
701 182 10 14 1 0
120 632 16 21 1 0
10 185 10 14 1 0
157 262 10 14 1 0
1049 588 15 19 1 0
951 219 9 11 1 0
318 467 16 21 1 0
1280 525 15 19 1 0
715 216 10 14 1 0
360 76 10 14 1 0
214 294 10 14 1 0
822 664 16 21 1 0
1436 340 15 19 1 0
1144 509 15 19 1 0
443 307 10 14 1 0
485 368 16 21 1 0
894 129 9 11 1 0
273 70 10 14 1 0
690 323 16 21 1 0
123 297 10 14 1 0
837 489 16 21 1 0
576 165 10 14 1 0
733 290 10 14 1 0
987 718 15 19 1 0
1055 151 9 11 1 0
973 425 15 19 1 0
413 112 10 14 1 0
1370 64 9 11 1 0
461 595 16 21 1 0
688 44 10 14 1 0
309 192 10 14 1 0
1290 584 15 19 1 0
324 92 10 14 1 0
292 2 10 14 1 0
452 135 10 14 1 0
1465 585 15 19 1 0
1154 580 15 19 1 0
1302 123 9 11 1 0
849 440 16 21 1 0
1397 290 9 11 1 0
247 17 10 14 1 0
558 384 16 21 1 0
66 430 16 21 1 0
514 6 10 14 1 0
610 159 10 14 1 0
264 274 10 14 1 0
250 27 10 14 1 0
751 237 10 14 1 0
597 96 10 14 1 0
354 286 10 14 1 0
1013 406 15 19 1 0
84 373 16 21 1 0
1210 713 15 19 1 0
26 642 16 21 1 0
1199 131 9 11 1 0
1098 166 9 11 1 0
416 43 10 14 1 0
622 420 16 21 1 0
770 8 10 14 1 0
451 402 16 21 1 0
690 130 10 14 1 0
229 75 10 14 1 0
544 250 10 14 1 0
250 327 16 21 1 0
525 685 16 21 1 0
931 614 15 19 1 0
562 80 10 14 1 0
1145 140 9 11 1 0
584 397 16 21 1 0
285 49 10 14 1 0
355 181 10 14 1 0
1007 24 9 11 1 0
1356 121 9 11 1 0
688 518 16 21 1 0
1195 103 9 11 1 0
47 276 10 14 1 0
1299 445 15 19 1 0
808 680 16 21 1 0
85 339 16 21 1 0
1436 320 15 19 1 0
969 171 9 11 1 0
124 105 10 14 1 0
1473 278 12 15 1 0
550 318 16 21 1 0
1413 169 9 11 1 0
936 24 9 11 1 0
133 384 16 21 1 0
817 729 16 21 1 0
514 488 16 21 1 0
171 560 16 21 1 0
743 119 10 14 1 0
947 701 15 19 1 0
1063 364 15 19 1 0
797 317 16 21 1 0
1068 220 9 11 1 0
1388 88 9 11 1 0
891 279 9 11 1 0
1215 117 9 11 1 0
399 25 10 14 1 0
324 170 10 14 1 0
189 17 10 14 1 0
1099 437 15 19 1 0
841 134 10 14 1 0
117 579 16 21 1 0
1179 69 9 11 1 0
844 550 16 21 1 0
465 102 10 14 1 0
1371 541 15 19 1 0
734 427 16 21 1 0
53 55 10 14 1 0
667 20 10 14 1 0
146 429 16 21 1 0
1101 658 15 19 1 0
490 513 16 21 1 0
249 35 10 14 1 0
301 295 10 14 1 0
235 6 10 14 1 0
318 565 16 21 1 0
180 266 10 14 1 0
658 451 16 21 1 0
415 76 10 14 1 0
53 465 16 21 1 0
867 275 10 14 1 0
189 415 16 21 1 0
401 194 10 14 1 0
653 87 10 14 1 0
798 648 16 21 1 0
804 72 10 14 1 0
132 514 16 21 1 0
1336 605 15 19 1 0
297 23 10 14 1 0
1214 464 15 19 1 0
1254 123 9 11 1 0
1191 651 15 19 1 0
307 541 16 21 1 0
1096 210 9 11 1 0
1011 51 9 11 1 0
1253 197 9 11 1 0
302 373 16 21 1 0
1260 229 9 11 1 0
1064 179 9 11 1 0
373 668 16 21 1 0
546 393 16 21 1 0
1047 62 9 11 1 0
1037 559 15 19 1 0
204 29 10 14 1 0
1257 543 15 19 1 0
939 484 15 19 1 0
1196 478 15 19 1 0
920 639 15 19 1 0
28 176 10 14 1 0
52 5 10 14 1 0
597 659 16 21 1 0
283 162 10 14 1 0
338 29 10 14 1 0
885 21 9 11 1 0
16 14 10 14 1 0
708 517 16 21 1 0
676 316 16 21 1 0
747 343 16 21 1 0
209 270 10 14 1 0
655 104 10 14 1 0
740 676 16 21 1 0
698 592 16 21 1 0
470 44 10 14 1 0
748 456 16 21 1 0
931 354 15 19 1 0
166 521 16 21 1 0
525 32 10 14 1 0
899 491 15 19 1 0
1164 109 9 11 1 0
692 60 10 14 1 0
1078 7 9 11 1 0
1189 386 15 19 1 0
1173 94 9 11 1 0
1366 454 15 19 1 0
1166 153 9 11 1 0
1452 415 15 19 1 0
862 647 16 21 1 0
537 420 16 21 1 0
935 467 15 19 1 0
1078 125 9 11 1 0
1392 596 15 19 1 0
753 106 10 14 1 0
1404 133 9 11 1 0
376 185 10 14 1 0
1070 157 9 11 1 0
226 55 10 14 1 0
1179 539 15 19 1 0
4 47 10 14 1 0
1014 310 15 19 1 0
1143 548 15 19 1 0
551 171 10 14 1 0
1431 36 9 11 1 0
1183 104 9 11 1 0
1231 642 15 19 1 0
507 276 10 14 1 0
644 647 16 21 1 0
1012 615 15 19 1 0
1341 101 9 11 1 0
1068 601 15 19 1 0
1362 677 15 19 1 0
1128 281 9 11 1 0
996 195 9 11 1 0
365 486 16 21 1 0
700 399 16 21 1 0
52 304 10 14 1 0
373 435 16 21 1 0
603 224 10 14 1 0
394 2 10 14 1 0
76 175 10 14 1 0
210 63 10 14 1 0
316 36 10 14 1 0
301 618 16 21 1 0
975 641 15 19 1 0
479 333 16 21 1 0
49 180 10 14 1 0
1369 558 15 19 1 0
306 258 10 14 1 0
1016 359 15 19 1 0
1213 654 15 19 1 0
814 265 10 14 1 0
1004 70 9 11 1 0
761 86 10 14 1 0
1236 534 15 19 1 0
822 207 10 14 1 0
915 373 15 19 1 0
1155 693 15 19 1 0
827 262 10 14 1 0
281 335 16 21 1 0
1393 191 9 11 1 0
1111 107 9 11 1 0
321 168 10 14 1 0
1081 306 15 19 1 0
139 213 10 14 1 0
1029 244 9 11 1 0
617 697 16 21 1 0
280 389 16 21 1 0
520 252 10 14 1 0
1471 501 15 19 1 0
1267 386 15 19 1 0
1101 131 9 11 1 0
151 156 10 14 1 0
1095 488 15 19 1 0
318 529 16 21 1 0
1179 26 9 11 1 0
887 464 15 19 1 0
523 122 10 14 1 0
1280 659 15 19 1 0
546 464 16 21 1 0
406 202 10 14 1 0
1250 113 9 11 1 0
531 274 10 14 1 0
926 376 15 19 1 0
777 262 10 14 1 0
1462 7 9 11 1 0
1305 69 9 11 1 0
3 105 10 14 1 0
830 517 16 21 1 0
1443 32 9 11 1 0
855 22 10 14 1 0
1365 492 15 19 1 0
1127 17 9 11 1 0
1048 46 9 11 1 0
1291 390 15 19 1 0
1191 270 9 11 1 0
1076 580 15 19 1 0
1137 222 9 11 1 0
264 153 10 14 1 0
1375 681 15 19 1 0
500 3 10 14 1 0
118 289 10 14 1 0
1047 470 15 19 1 0
536 375 16 21 1 0
554 92 10 14 1 0
772 117 10 14 1 0
1117 410 15 19 1 0
978 45 9 11 1 0
462 528 16 21 1 0
229 502 16 21 1 0
1064 260 9 11 1 0
281 527 16 21 1 0
345 48 10 14 1 0
264 137 10 14 1 0
1443 118 9 11 1 0
1244 370 15 19 1 0
1306 249 9 11 1 0
342 497 16 21 1 0
221 47 10 14 1 0
1317 592 15 19 1 0
325 100 10 14 1 0
212 343 16 21 1 0
431 51 10 14 1 0
88 75 10 14 1 0
1287 308 15 19 1 0
960 6 9 11 1 0
807 523 16 21 1 0
1306 0 9 11 1 0
695 29 10 14 1 0
193 281 10 14 1 0
908 522 15 19 1 0
781 319 16 21 1 0
733 123 10 14 1 0
1293 368 15 19 1 0
333 112 10 14 1 0
305 440 16 21 1 0
580 428 16 21 1 0
0 14 10 14 1 0
161 236 10 14 1 0
1260 698 15 19 1 0
14 252 10 14 1 0
351 145 10 14 1 0
1160 715 15 19 1 0
586 46 10 14 1 0
909 503 15 19 1 0
1443 54 9 11 1 0
719 126 10 14 1 0
1212 307 15 19 1 0
1157 177 9 11 1 0
584 716 16 21 1 0
504 235 10 14 1 0
704 380 16 21 1 0
138 411 16 21 1 0
69 452 16 21 1 0
791 90 10 14 1 0
64 112 10 14 1 0
358 354 16 21 1 0
400 601 16 21 1 0
983 284 9 11 1 0
474 227 10 14 1 0
862 492 16 21 1 0
400 329 16 21 1 0
283 7 10 14 1 0
326 197 10 14 1 0
577 571 16 21 1 0
295 409 16 21 1 0
1075 646 15 19 1 0
75 237 10 14 1 0
467 6 10 14 1 0
174 477 16 21 1 0
525 229 10 14 1 0
1181 317 15 19 1 0
144 121 10 14 1 0
1353 713 15 19 1 0
233 663 16 21 1 0
1028 227 9 11 1 0
495 286 10 14 1 0
375 296 10 14 1 0
400 8 10 14 1 0
1165 28 9 11 1 0
1375 244 9 11 1 0
891 716 15 20 1 0
1141 597 15 19 1 0
80 690 16 21 1 0
1155 9 9 11 1 0
868 561 16 21 1 0
1351 410 15 19 1 0
272 547 16 21 1 0
528 711 16 21 1 0
1145 317 15 19 1 0
438 99 10 14 1 0
140 326 16 21 1 0
907 135 9 11 1 0
104 112 10 14 1 0
779 661 16 21 1 0
359 26 10 14 1 0
1258 38 9 11 1 0
632 143 10 14 1 0
398 37 10 14 1 0
587 145 10 14 1 0
956 91 9 11 1 0
1419 217 9 11 1 0
575 518 16 21 1 0
600 372 16 21 1 0
770 718 16 21 1 0
501 104 10 14 1 0
996 355 15 19 1 0
989 244 9 11 1 0
284 188 10 14 1 0
1228 227 9 11 1 0
1025 649 15 19 1 0
433 284 10 14 1 0
472 506 16 21 1 0
945 206 9 11 1 0
744 65 10 14 1 0
1008 481 15 19 1 0
317 254 10 14 1 0
889 555 15 19 1 0
751 313 16 21 1 0
1000 38 9 11 1 0
540 528 16 21 1 0
493 193 10 14 1 0
1406 52 9 11 1 0
692 343 16 21 1 0
131 46 10 14 1 0
1422 132 9 11 1 0
598 58 10 14 1 0
172 250 10 14 1 0
882 506 15 19 1 0
701 301 10 14 1 0
30 313 16 21 1 0
75 276 10 14 1 0
782 387 16 21 1 0
985 57 9 11 1 0
590 77 10 14 1 0
914 79 9 11 1 0
266 19 10 14 1 0
1006 33 9 11 1 0
744 279 10 14 1 0
1348 285 9 11 1 0
1331 504 15 19 1 0
457 231 10 14 1 0
823 704 16 21 1 0
1397 241 9 11 1 0
664 222 10 14 1 0
1312 487 15 19 1 0
641 437 16 21 1 0
603 517 16 21 1 0
1105 563 15 19 1 0
24 404 16 21 1 0
973 590 15 19 1 0
1395 36 9 11 1 0
325 212 10 14 1 0
369 411 16 21 1 0
1218 540 15 19 1 0
576 14 10 14 1 0
1081 536 15 19 1 0
868 433 16 21 1 0
505 10 10 14 1 0
525 185 10 14 1 0
607 40 10 14 1 0
1363 180 9 11 1 0
1352 465 15 19 1 0
1021 202 9 11 1 0
934 389 15 19 1 0
361 2 10 14 1 0
29 273 10 14 1 0
315 337 16 21 1 0
1255 291 9 11 1 0
1176 412 15 19 1 0
801 407 16 21 1 0
551 256 10 14 1 0
1437 200 9 11 1 0
1438 256 9 11 1 0
1229 52 9 11 1 0
237 373 16 21 1 0
226 688 16 21 1 0
439 120 10 14 1 0
287 239 10 14 1 0
1141 729 15 19 1 0
107 62 10 14 1 0
1111 70 9 11 1 0
1130 290 9 11 1 0
568 135 10 14 1 0
322 396 16 21 1 0
1432 491 15 19 1 0
1336 139 9 11 1 0
1185 300 15 19 1 0
94 398 16 21 1 0
229 211 10 14 1 0
39 247 10 14 1 0
1087 142 9 11 1 0
921 51 9 11 1 0
292 644 16 21 1 0
272 110 10 14 1 0
732 402 16 21 1 0
1277 318 15 19 1 0
1336 660 15 19 1 0
452 282 10 14 1 0
1196 12 9 11 1 0
798 591 16 21 1 0
1446 370 15 19 1 0
298 167 10 14 1 0
359 128 10 14 1 0
607 302 10 14 1 0
494 97 10 14 1 0
633 467 16 21 1 0
226 631 16 21 1 0
107 350 16 21 1 0
125 28 10 14 1 0
17 43 10 14 1 0
28 460 16 21 1 0
1382 516 15 19 1 0
617 672 16 21 1 0
961 249 9 11 1 0
1284 123 9 11 1 0
346 331 16 21 1 0
1020 344 15 19 1 0
1033 317 15 19 1 0
680 86 10 14 1 0
1235 307 15 19 1 0
101 131 10 14 1 0
456 111 10 14 1 0
872 215 10 14 1 0
1024 134 9 11 1 0
526 140 10 14 1 0
910 173 9 11 1 0
7 621 16 21 1 0
380 232 10 14 1 0
83 251 10 14 1 0
553 56 10 14 1 0
836 109 10 14 1 0
696 565 16 21 1 0
923 700 15 19 1 0
686 610 16 21 1 0
1472 131 9 11 1 0
1466 370 15 19 1 0
1213 71 9 11 1 0
1066 187 9 11 1 0
6 13 10 14 1 0
794 420 16 21 1 0
717 721 16 21 1 0
680 157 10 14 1 0
1165 329 15 19 1 0
1337 51 9 11 1 0
486 345 16 21 1 0
929 405 15 19 1 0
527 64 10 14 1 0
485 51 10 14 1 0
644 92 10 14 1 0
1193 429 15 19 1 0
117 207 10 14 1 0
460 166 10 14 1 0
1441 393 15 19 1 0
1338 9 9 11 1 0
802 125 10 14 1 0
728 32 10 14 1 0
417 675 16 21 1 0
1270 348 15 19 1 0
899 402 15 19 1 0
436 144 10 14 1 0
156 52 10 14 1 0
998 556 15 19 1 0
363 137 10 14 1 0
411 136 10 14 1 0
371 576 16 21 1 0
487 4 10 14 1 0
693 107 10 14 1 0
1180 496 15 19 1 0
713 162 10 14 1 0
1125 539 15 19 1 0
727 178 10 14 1 0
173 117 10 14 1 0
214 159 10 14 1 0
861 284 10 14 1 0
629 529 16 21 1 0
1083 557 15 19 1 0
349 74 10 14 1 0
797 13 10 14 1 0
515 306 10 14 1 0
163 578 16 21 1 0
886 683 15 19 1 0
942 38 9 11 1 0
1468 66 9 11 1 0
452 7 10 14 1 0
224 440 16 21 1 0
626 511 16 21 1 0
24 77 10 14 1 0
239 363 16 21 1 0
788 526 16 21 1 0
483 417 16 21 1 0
1128 56 9 11 1 0
1307 530 15 19 1 0
1004 438 15 19 1 0
181 232 10 14 1 0
924 239 9 11 1 0
732 678 16 21 1 0
846 154 10 14 1 0
974 246 9 11 1 0
112 419 16 21 1 0
604 106 10 14 1 0
411 654 16 21 1 0
720 625 16 21 1 0
580 153 10 14 1 0
952 161 9 11 1 0
345 703 16 21 1 0
1183 449 15 19 1 0
589 209 10 14 1 0
663 190 10 14 1 0
1073 282 9 11 1 0
700 268 10 14 1 0
193 446 16 21 1 0
245 52 10 14 1 0
541 96 10 14 1 0
216 124 10 14 1 0
488 35 10 14 1 0
1283 676 15 19 1 0
1162 532 15 19 1 0
853 356 16 21 1 0
251 165 10 14 1 0
283 377 16 21 1 0
1064 29 9 11 1 0
184 204 10 14 1 0
614 117 10 14 1 0
661 128 10 14 1 0
688 415 16 21 1 0
897 380 15 19 1 0
623 383 16 21 1 0
572 182 10 14 1 0
56 1 10 14 1 0
1111 19 9 11 1 0
468 486 16 21 1 0
680 141 10 14 1 0
92 96 10 14 1 0
377 63 10 14 1 0
755 507 16 21 1 0
640 6 10 14 1 0
1350 688 15 19 1 0
804 39 10 14 1 0
139 149 10 14 1 0
897 29 9 11 1 0
251 116 10 14 1 0
1389 660 15 19 1 0
238 486 16 21 1 0
1159 481 15 19 1 0
102 167 10 14 1 0
572 664 16 21 1 0
400 665 16 21 1 0
1411 454 15 19 1 0
207 152 10 14 1 0
671 504 16 21 1 0
1315 429 15 19 1 0
824 130 10 14 1 0
1247 516 15 19 1 0
854 364 16 21 1 0
454 26 10 14 1 0
375 75 10 14 1 0
861 672 16 21 1 0
851 249 10 14 1 0
36 69 10 14 1 0
606 621 16 21 1 0
575 257 10 14 1 0
1435 649 15 19 1 0
672 364 16 21 1 0
289 175 10 14 1 0
603 555 16 21 1 0
525 73 10 14 1 0
597 3 10 14 1 0
332 159 10 14 1 0
718 276 10 14 1 0
162 56 10 14 1 0
230 64 10 14 1 0
95 489 16 21 1 0
342 474 16 21 1 0
760 50 10 14 1 0
647 494 16 21 1 0
787 149 10 14 1 0
707 22 10 14 1 0
810 119 10 14 1 0
1277 450 15 19 1 0
1325 171 9 11 1 0
548 431 16 21 1 0
328 375 16 21 1 0
765 65 10 14 1 0
880 294 11 15 1 0
74 227 10 14 1 0
713 94 10 14 1 0
535 203 10 14 1 0
81 159 10 14 1 0
308 587 16 21 1 0
59 564 16 21 1 0
185 145 10 14 1 0
977 82 9 11 1 0
462 264 10 14 1 0
1343 236 9 11 1 0
1249 235 9 11 1 0
372 160 10 14 1 0
1261 639 15 19 1 0
1114 490 15 19 1 0
1266 8 9 11 1 0
1430 151 9 11 1 0
994 339 15 19 1 0
1068 522 15 19 1 0
1438 578 15 19 1 0
670 476 16 21 1 0
1189 364 15 19 1 0
507 75 10 14 1 0
1346 150 9 11 1 0
713 495 16 21 1 0
673 535 16 21 1 0
533 340 16 21 1 0
1214 90 9 11 1 0
298 503 16 21 1 0
777 18 10 14 1 0
1362 45 9 11 1 0
1171 119 9 11 1 0
470 612 16 21 1 0
1327 276 9 11 1 0
261 301 10 14 1 0
543 643 16 21 1 0
990 105 9 11 1 0
276 253 10 14 1 0
240 138 10 14 1 0
1165 215 9 11 1 0
26 232 10 14 1 0
1057 640 15 19 1 0
204 685 16 21 1 0
647 611 16 21 1 0
462 430 16 21 1 0
852 481 16 21 1 0
33 218 10 14 1 0
382 455 16 21 1 0
1388 76 9 11 1 0
158 348 16 21 1 0
505 98 10 14 1 0
388 242 10 14 1 0
598 641 16 21 1 0
1169 286 9 11 1 0
907 7 9 11 1 0
98 694 16 21 1 0
79 211 10 14 1 0
1098 720 15 19 1 0
144 62 10 14 1 0
1118 307 15 19 1 0
851 383 16 21 1 0
1289 161 9 11 1 0
1294 19 9 11 1 0
1056 94 9 11 1 0
658 411 16 21 1 0
1083 376 15 19 1 0
695 437 16 21 1 0
99 514 16 21 1 0
536 233 10 14 1 0
622 182 10 14 1 0
727 49 10 14 1 0
113 402 16 21 1 0
1074 480 15 19 1 0
779 571 16 21 1 0
447 173 10 14 1 0
427 110 10 14 1 0
169 2 10 14 1 0
1443 11 9 11 1 0
369 46 10 14 1 0
1322 1 9 11 1 0
419 195 10 14 1 0
210 655 16 21 1 0
858 187 10 14 1 0
374 281 10 14 1 0
424 510 16 21 1 0
1294 631 15 19 1 0
206 230 10 14 1 0
1262 721 15 19 1 0
1353 356 15 19 1 0
658 138 10 14 1 0
1233 588 15 19 1 0
965 266 9 11 1 0
719 362 16 21 1 0
373 117 10 14 1 0
860 464 16 21 1 0
420 125 10 14 1 0
1247 577 15 19 1 0
443 214 10 14 1 0
445 591 16 21 1 0
183 539 16 21 1 0
1049 392 15 19 1 0
13 53 10 14 1 0
999 648 15 19 1 0
1285 44 9 11 1 0
38 11 10 14 1 0
140 679 16 21 1 0
1127 267 9 11 1 0
577 115 10 14 1 0
584 321 16 21 1 0
207 19 10 14 1 0
896 423 15 19 1 0
629 334 16 21 1 0
1156 233 9 11 1 0
1112 133 9 11 1 0
1181 140 9 11 1 0
70 134 10 14 1 0
53 193 10 14 1 0
521 25 10 14 1 0
1194 345 15 19 1 0
554 20 10 14 1 0
1208 180 9 11 1 0
1176 45 9 11 1 0
598 174 10 14 1 0
152 102 10 14 1 0
628 101 10 14 1 0
503 146 10 14 1 0
1081 43 9 11 1 0
534 569 16 21 1 0
111 134 10 14 1 0
228 187 10 14 1 0
434 86 10 14 1 0
591 283 10 14 1 0
1029 148 9 11 1 0
96 630 16 21 1 0
1054 7 9 11 1 0
96 58 10 14 1 0
1041 119 9 11 1 0
87 240 10 14 1 0
1468 658 15 19 1 0
135 248 10 14 1 0
947 567 15 19 1 0
512 536 16 21 1 0
93 34 10 14 1 0
1020 119 9 11 1 0
222 282 10 14 1 0
484 532 16 21 1 0
562 290 10 14 1 0
14 95 10 14 1 0
674 381 16 21 1 0
720 555 16 21 1 0
759 8 10 14 1 0
448 1 10 14 1 0
1041 349 15 19 1 0
1214 433 15 19 1 0
130 428 16 21 1 0
287 702 16 21 1 0
1336 123 9 11 1 0
916 41 9 11 1 0
171 148 10 14 1 0
815 110 10 14 1 0
352 35 10 14 1 0
302 1 10 14 1 0
957 464 15 19 1 0
767 190 10 14 1 0
903 695 15 19 1 0
87 565 16 21 1 0
877 97 9 12 1 0
562 529 16 21 1 0
167 320 16 21 1 0
518 204 10 14 1 0
1248 417 15 19 1 0
1017 2 9 11 1 0
1184 228 9 11 1 0
310 179 10 14 1 0
192 477 16 21 1 0
670 53 10 14 1 0
361 392 16 21 1 0
383 155 10 14 1 0
6 219 10 14 1 0
768 222 10 14 1 0
301 10 10 14 1 0
228 331 16 21 1 0
1333 699 15 19 1 0
228 86 10 14 1 0
305 278 10 14 1 0
1422 407 15 19 1 0
1152 124 9 11 1 0
1130 438 15 19 1 0
1042 137 9 11 1 0
1178 597 15 19 1 0
1225 148 9 11 1 0
45 44 10 14 1 0
1383 399 15 19 1 0
212 2 10 14 1 0
118 12 10 14 1 0
222 242 10 14 1 0
412 172 10 14 1 0
1469 642 15 19 1 0
1251 466 15 19 1 0
1250 355 15 19 1 0
548 623 16 21 1 0
690 483 16 21 1 0
1069 492 15 19 1 0
868 233 10 14 1 0
1010 276 9 11 1 0
386 597 16 21 1 0
930 448 15 19 1 0
514 169 10 14 1 0
1080 662 15 19 1 0
913 312 15 19 1 0
1075 236 9 11 1 0
993 12 9 11 1 0
1039 436 15 19 1 0
28 570 16 21 1 0
996 504 15 19 1 0
513 194 10 14 1 0
1168 433 15 19 1 0
520 523 16 21 1 0
1168 55 9 11 1 0
302 85 10 14 1 0
1141 711 15 19 1 0
1419 288 9 11 1 0
1194 195 9 11 1 0
42 156 10 14 1 0
1116 164 9 11 1 0
615 450 16 21 1 0
362 228 10 14 1 0
660 573 16 21 1 0
1001 466 15 19 1 0
1280 4 9 11 1 0
1113 90 9 11 1 0
344 139 10 14 1 0
703 120 10 14 1 0
1056 441 15 19 1 0
96 175 10 14 1 0
433 128 10 14 1 0
932 93 9 11 1 0
1036 111 9 11 1 0
196 270 10 14 1 0
667 435 16 21 1 0
197 155 10 14 1 0
626 88 10 14 1 0
420 27 10 14 1 0
788 8 10 14 1 0
872 43 10 14 1 0
826 364 16 21 1 0
381 50 10 14 1 0
350 11 10 14 1 0
1307 52 9 11 1 0
614 12 10 14 1 0
48 626 16 21 1 0
135 279 10 14 1 0
1391 215 9 11 1 0
707 50 10 14 1 0
874 396 15 19 1 0
1119 191 9 11 1 0
1415 727 15 19 1 0
147 77 10 14 1 0
617 142 10 14 1 0
1413 14 9 11 1 0
1388 483 15 19 1 0
425 163 10 14 1 0
1210 235 9 11 1 0
708 527 16 21 1 0
674 331 16 21 1 0
240 429 16 21 1 0
1063 716 15 19 1 0
348 272 10 14 1 0
935 533 15 19 1 0
484 127 10 14 1 0
475 191 10 14 1 0
1382 121 9 11 1 0
636 690 16 21 1 0
237 68 10 14 1 0
1057 119 9 11 1 0
1463 30 9 11 1 0
392 136 10 14 1 0
260 226 10 14 1 0
495 60 10 14 1 0
151 58 10 14 1 0
1133 181 9 11 1 0
197 555 16 21 1 0
1116 635 15 19 1 0
1243 4 9 11 1 0
399 49 10 14 1 0
914 251 9 11 1 0
518 44 10 14 1 0
119 681 16 21 1 0
286 441 16 21 1 0
984 398 15 19 1 0
860 217 10 14 1 0
62 200 10 14 1 0
549 276 10 14 1 0
458 543 16 21 1 0
1339 378 15 19 1 0
1336 323 15 19 1 0
536 288 10 14 1 0
79 6 10 14 1 0
325 278 10 14 1 0
531 186 10 14 1 0
58 101 10 14 1 0
696 216 10 14 1 0
505 415 16 21 1 0
520 99 10 14 1 0
497 88 10 14 1 0
1191 88 9 11 1 0
1094 41 9 11 1 0
1272 28 9 11 1 0
1014 170 9 11 1 0
69 256 10 14 1 0
322 143 10 14 1 0
438 614 16 21 1 0
168 375 16 21 1 0
1268 154 9 11 1 0
540 143 10 14 1 0
1106 155 9 11 1 0
430 35 10 14 1 0
290 94 10 14 1 0
179 378 16 21 1 0
615 272 10 14 1 0
42 338 16 21 1 0
1056 304 15 19 1 0
971 189 9 11 1 0
36 419 16 21 1 0
271 411 16 21 1 0
125 482 16 21 1 0
563 24 10 14 1 0
503 176 10 14 1 0
931 223 9 11 1 0
508 65 10 14 1 0
595 241 10 14 1 0
140 103 10 14 1 0
1328 519 15 19 1 0
516 336 16 21 1 0
641 367 16 21 1 0
55 125 10 14 1 0
447 58 10 14 1 0
1186 684 15 19 1 0
1389 577 15 19 1 0
1096 277 9 11 1 0
552 159 10 14 1 0
442 572 16 21 1 0
756 529 16 21 1 0
349 150 10 14 1 0
796 208 10 14 1 0
1411 29 9 11 1 0
447 155 10 14 1 0
7 306 11 15 1 0
1399 274 9 11 1 0
1373 288 9 11 1 0
252 671 16 21 1 0
403 178 10 14 1 0
1371 415 15 19 1 0
264 351 16 21 1 0
319 630 16 21 1 0
987 216 9 11 1 0
811 604 16 21 1 0
1376 357 15 19 1 0
1403 266 9 11 1 0
212 10 10 14 1 0
1188 161 9 11 1 0
469 315 16 21 1 0
247 599 16 21 1 0
1021 296 9 11 1 0
99 156 10 14 1 0
1201 620 15 19 1 0
817 15 10 14 1 0
1330 529 15 19 1 0
1138 91 9 11 1 0
871 193 10 14 1 0
292 78 10 14 1 0
468 89 10 14 1 0
903 96 9 11 1 0
578 688 16 21 1 0
989 256 9 11 1 0
170 37 10 14 1 0
551 72 10 14 1 0
145 369 16 21 1 0
398 697 16 21 1 0
740 5 10 14 1 0
932 324 15 19 1 0
874 375 15 20 1 0
1335 105 9 11 1 0
7 138 10 14 1 0
967 233 9 11 1 0
1134 570 15 19 1 0
468 116 10 14 1 0
1462 96 9 11 1 0
248 442 16 21 1 0
369 2 10 14 1 0
767 29 10 14 1 0
955 547 15 19 1 0
986 485 15 19 1 0
764 421 16 21 1 0
1098 222 9 11 1 0
1284 424 15 19 1 0
928 157 9 11 1 0
698 151 10 14 1 0
45 263 10 14 1 0
611 430 16 21 1 0
847 124 10 14 1 0
1386 43 9 11 1 0
276 319 16 21 1 0
1248 48 9 11 1 0
325 691 16 21 1 0
349 88 10 14 1 0
806 83 10 14 1 0
387 505 16 21 1 0
61 254 10 14 1 0
1008 326 15 19 1 0
1438 728 15 19 1 0
75 629 16 21 1 0
416 103 10 14 1 0
551 338 16 21 1 0
684 8 10 14 1 0
1162 416 15 19 1 0
337 51 10 14 1 0
137 262 10 14 1 0
472 207 10 14 1 0
1013 717 15 19 1 0
795 2 10 14 1 0
1121 392 15 19 1 0
1404 639 15 19 1 0
809 578 16 21 1 0
268 457 16 21 1 0
778 364 16 21 1 0
1444 484 15 19 1 0
1329 289 9 11 1 0
1314 638 15 19 1 0
1031 198 9 11 1 0
266 164 10 14 1 0
1097 465 15 19 1 0
1402 473 15 19 1 0
1113 9 9 11 1 0
847 274 10 14 1 0
333 141 10 14 1 0
1346 567 15 19 1 0
1322 37 9 11 1 0
933 580 15 19 1 0
206 324 16 21 1 0
694 280 10 14 1 0
801 8 10 14 1 0
140 165 10 14 1 0
447 512 16 21 1 0
729 698 16 21 1 0
320 58 10 14 1 0
790 114 10 14 1 0
107 36 10 14 1 0
1259 331 15 19 1 0
1348 171 9 11 1 0
483 104 10 14 1 0
606 200 10 14 1 0
849 85 10 14 1 0
507 615 16 21 1 0
1108 421 15 19 1 0
904 304 15 19 1 0
1359 86 9 11 1 0
994 311 15 19 1 0
1451 459 15 19 1 0
353 396 16 21 1 0
290 574 16 21 1 0
887 595 15 19 1 0
1219 673 15 19 1 0
841 314 16 21 1 0
261 56 10 14 1 0
470 155 10 14 1 0
841 174 10 14 1 0
23 148 10 14 1 0
77 48 10 14 1 0
1369 103 9 11 1 0
1113 511 15 19 1 0
1384 321 15 19 1 0
27 85 10 14 1 0
595 687 16 21 1 0
453 77 10 14 1 0
59 161 10 14 1 0
903 68 9 11 1 0
1134 342 15 19 1 0
1381 134 9 11 1 0
18 328 13 17 1 0
645 254 10 14 1 0
501 257 10 14 1 0
802 171 10 14 1 0
20 0 10 14 1 0
66 329 16 21 1 0
1199 36 9 11 1 0
1111 198 9 11 1 0
167 92 10 14 1 0
18 656 16 21 1 0
1090 81 9 11 1 0
648 27 10 14 1 0
187 78 10 14 1 0
892 645 15 19 1 0
699 71 10 14 1 0
1406 118 9 11 1 0
478 703 16 21 1 0
793 42 10 14 1 0
697 709 16 21 1 0
397 78 10 14 1 0
335 71 10 14 1 0
670 96 10 14 1 0
1139 478 15 19 1 0
1234 722 15 19 1 0
1214 409 15 19 1 0
499 546 16 21 1 0
1448 705 15 19 1 0
1009 574 15 19 1 0
1418 621 15 19 1 0
497 155 10 14 1 0
798 262 10 14 1 0
1083 105 9 11 1 0
379 523 16 21 1 0
438 537 16 21 1 0
518 292 10 14 1 0
409 89 10 14 1 0
793 455 16 21 1 0
1274 464 15 19 1 0
416 7 10 14 1 0
167 612 16 21 1 0
1298 175 9 11 1 0
229 22 10 14 1 0
913 92 9 11 1 0
453 472 16 21 1 0
637 262 10 14 1 0
988 379 15 19 1 0
396 125 10 14 1 0
1249 399 15 19 1 0
1200 584 15 19 1 0
360 538 16 21 1 0
352 202 10 14 1 0
365 98 10 14 1 0
7 593 16 21 1 0
156 416 16 21 1 0
890 331 15 19 1 0
1322 11 9 11 1 0
1035 282 9 11 1 0
1029 526 15 19 1 0
870 111 10 14 1 0
807 498 16 21 1 0
895 171 9 11 1 0
975 333 15 19 1 0
785 93 10 14 1 0
1354 219 9 11 1 0
496 203 10 14 1 0
254 513 16 21 1 0
625 248 10 14 1 0
1374 230 9 11 1 0
10 278 10 14 1 0
133 533 16 21 1 0
592 114 10 14 1 0
551 198 10 14 1 0
795 26 10 14 1 0
177 49 10 14 1 0
150 14 10 14 1 0
647 669 16 21 1 0
187 185 10 14 1 0
715 80 10 14 1 0
71 387 16 21 1 0
1272 333 15 19 1 0
817 93 10 14 1 0
66 54 10 14 1 0
244 24 10 14 1 0
432 76 10 14 1 0
1237 470 15 19 1 0
546 512 16 21 1 0
122 37 10 14 1 0
1427 679 15 19 1 0
723 413 16 21 1 0
341 297 10 14 1 0
633 281 10 14 1 0
971 312 15 19 1 0
1414 431 15 19 1 0
1027 306 15 19 1 0
189 299 10 14 1 0
409 523 16 21 1 0
1010 250 9 11 1 0
39 299 10 14 1 0
522 430 16 21 1 0
398 524 16 21 1 0
265 206 10 14 1 0
28 30 10 14 1 0
301 516 16 21 1 0
1433 237 9 11 1 0
552 103 10 14 1 0
607 718 16 21 1 0
732 19 10 14 1 0
862 83 10 14 1 0
364 34 10 14 1 0
1191 204 9 11 1 0
1003 283 9 11 1 0
938 274 9 11 1 0
152 6 10 14 1 0
1470 323 15 19 1 0
115 49 10 14 1 0
300 204 10 14 1 0
1249 77 9 11 1 0
624 483 16 21 1 0
1128 3 9 11 1 0
1256 316 15 19 1 0
59 312 16 21 1 0
970 453 15 19 1 0
571 5 10 14 1 0
394 221 10 14 1 0
708 199 10 14 1 0
818 382 16 21 1 0
938 15 9 11 1 0
1216 348 15 19 1 0
715 366 16 21 1 0
625 567 16 21 1 0
1346 586 15 19 1 0
48 593 16 21 1 0
480 592 16 21 1 0
447 244 10 14 1 0
362 592 16 21 1 0
382 110 10 14 1 0
578 32 10 14 1 0
545 163 10 14 1 0
243 463 16 21 1 0
562 719 16 21 1 0
474 67 10 14 1 0
107 151 10 14 1 0
663 245 10 14 1 0
466 294 10 14 1 0
25 117 10 14 1 0
211 42 10 14 1 0
615 388 16 21 1 0
1070 14 9 11 1 0
817 63 10 14 1 0
96 231 10 14 1 0
649 590 16 21 1 0
1037 58 9 11 1 0
190 30 10 14 1 0
363 254 10 14 1 0
142 575 16 21 1 0
242 200 10 14 1 0
1118 612 15 19 1 0
919 12 9 11 1 0
563 42 10 14 1 0
120 555 16 21 1 0
939 425 15 19 1 0
1122 464 15 19 1 0
970 159 9 11 1 0
1256 144 9 11 1 0
588 133 10 14 1 0
614 398 16 21 1 0
1464 389 15 19 1 0
1290 63 9 11 1 0
958 365 15 19 1 0
896 573 15 19 1 0
1127 131 9 11 1 0
521 14 10 14 1 0
415 549 16 21 1 0
1117 665 15 19 1 0
1178 188 9 11 1 0
64 530 16 21 1 0
770 250 10 14 1 0
1029 16 9 11 1 0
499 28 10 14 1 0
823 563 16 21 1 0
229 525 16 21 1 0
838 213 10 14 1 0
24 95 10 14 1 0
150 272 10 14 1 0
234 36 10 14 1 0
920 323 15 19 1 0
299 74 10 14 1 0
1474 698 15 19 1 0
366 470 16 21 1 0
479 2 10 14 1 0
578 374 16 21 1 0
1231 499 15 19 1 0
1132 164 9 11 1 0
597 493 16 21 1 0
474 555 16 21 1 0
933 176 9 11 1 0
715 691 16 21 1 0
618 97 10 14 1 0
637 61 10 14 1 0
663 48 10 14 1 0
227 155 10 14 1 0
1456 218 9 11 1 0
334 339 16 21 1 0
456 192 10 14 1 0
278 316 16 21 1 0
730 536 16 21 1 0
300 120 10 14 1 0
1198 119 9 11 1 0
388 416 16 21 1 0
182 65 10 14 1 0
138 312 16 21 1 0
1300 351 15 19 1 0
489 66 10 14 1 0
627 296 10 14 1 0
651 158 10 14 1 0
1164 644 15 19 1 0
1008 144 9 11 1 0
763 100 10 14 1 0
1219 31 9 11 1 0
15 6 10 14 1 0
1089 93 9 11 1 0
725 147 10 14 1 0
738 633 16 21 1 0
784 333 16 21 1 0
717 70 10 14 1 0
1052 249 9 11 1 0
386 46 10 14 1 0
553 684 16 21 1 0
179 99 10 14 1 0
1229 449 15 19 1 0
133 12 10 14 1 0
13 391 16 21 1 0
107 76 10 14 1 0
531 157 10 14 1 0
742 632 16 21 1 0
667 40 10 14 1 0
58 338 16 21 1 0
423 650 16 21 1 0
183 599 16 21 1 0
203 108 10 14 1 0
934 518 15 19 1 0
1086 24 9 11 1 0
1094 247 9 11 1 0
1349 627 15 19 1 0
1106 536 15 19 1 0
22 446 16 21 1 0
985 23 9 11 1 0
602 78 10 14 1 0
453 699 16 21 1 0
345 216 10 14 1 0
601 492 16 21 1 0
282 126 10 14 1 0
137 231 10 14 1 0
955 415 15 19 1 0
1104 371 15 19 1 0
371 113 10 14 1 0
728 386 16 21 1 0
655 105 10 14 1 0
464 361 16 21 1 0
337 702 16 21 1 0
411 702 16 21 1 0
1033 416 15 19 1 0
109 236 10 14 1 0
256 144 10 14 1 0
156 666 16 21 1 0
1215 569 15 19 1 0
335 652 16 21 1 0
343 574 16 21 1 0
1441 223 9 11 1 0
1249 63 9 11 1 0
1314 112 9 11 1 0
168 285 10 14 1 0
322 482 16 21 1 0
297 453 16 21 1 0
908 474 15 19 1 0
395 337 16 21 1 0
25 507 16 21 1 0
832 329 16 21 1 0
284 207 10 14 1 0
515 110 10 14 1 0
422 452 16 21 1 0
796 183 10 14 1 0
396 375 16 21 1 0
1259 662 15 19 1 0
1236 143 9 11 1 0
585 37 10 14 1 0
648 202 10 14 1 0
948 398 15 19 1 0
1325 451 15 19 1 0
399 260 10 14 1 0
999 2 9 11 1 0
1278 148 9 11 1 0
41 362 16 21 1 0
155 143 10 14 1 0
1155 167 9 11 1 0
238 259 10 14 1 0
380 131 10 14 1 0
938 59 9 11 1 0
566 110 10 14 1 0
1465 114 9 11 1 0
1242 132 9 11 1 0
800 252 10 14 1 0
29 57 10 14 1 0
1269 206 9 11 1 0
561 577 16 21 1 0
948 313 15 19 1 0
1133 101 9 11 1 0
612 231 10 14 1 0
1325 68 9 11 1 0
1411 485 15 19 1 0
878 31 9 11 1 0
317 107 10 14 1 0
1179 629 15 19 1 0
585 86 10 14 1 0
276 23 10 14 1 0
1034 623 15 19 1 0
875 625 15 19 1 0
922 590 15 19 1 0
1344 181 9 11 1 0
117 168 10 14 1 0
852 198 10 14 1 0
831 4 10 14 1 0
536 356 16 21 1 0
668 85 10 14 1 0
729 189 10 14 1 0
519 158 10 14 1 0
612 255 10 14 1 0
170 178 10 14 1 0
1308 157 9 11 1 0
960 499 15 19 1 0
1141 167 9 11 1 0
43 687 16 21 1 0
617 542 16 21 1 0
1152 83 9 11 1 0
1269 82 9 11 1 0
910 235 9 11 1 0
1368 385 15 19 1 0
307 134 10 14 1 0
532 495 16 21 1 0
250 155 10 14 1 0
834 189 10 14 1 0
1160 304 15 19 1 0
317 155 10 14 1 0
841 653 16 21 1 0
840 395 16 21 1 0
175 463 16 21 1 0
463 368 16 21 1 0
1416 528 15 19 1 0
335 64 10 14 1 0
1097 21 9 11 1 0
200 217 10 14 1 0
264 700 16 21 1 0
868 582 16 21 1 0
15 432 16 21 1 0
1303 41 9 11 1 0
971 60 9 11 1 0
1292 89 9 11 1 0
692 17 10 14 1 0
545 720 16 21 1 0
446 667 16 21 1 0
1139 253 9 11 1 0
1138 413 15 19 1 0
1385 175 9 11 1 0
19 686 16 21 1 0
1132 368 15 19 1 0
1210 107 9 11 1 0
280 217 10 14 1 0
1096 4 9 11 1 0
206 52 10 14 1 0
1146 619 15 19 1 0
7 40 10 14 1 0
221 386 16 21 1 0
849 627 16 21 1 0
983 3 9 11 1 0
143 601 16 21 1 0
844 713 16 21 1 0
471 463 16 21 1 0
963 726 15 19 1 0
786 220 10 14 1 0
648 128 10 14 1 0
1012 236 9 11 1 0
574 222 10 14 1 0
346 164 10 14 1 0
827 592 16 21 1 0
295 56 10 14 1 0
147 128 10 14 1 0
748 610 16 21 1 0
552 109 10 14 1 0
1411 68 9 11 1 0
638 160 10 14 1 0
713 107 10 14 1 0
1318 187 9 11 1 0
600 162 10 14 1 0
118 253 10 14 1 0
761 436 16 21 1 0
597 321 16 21 1 0
1246 273 9 11 1 0
128 63 10 14 1 0
251 87 10 14 1 0
598 116 10 14 1 0
385 111 10 14 1 0
214 409 16 21 1 0
4 66 10 14 1 0
1051 666 15 19 1 0
319 417 16 21 1 0
1038 24 9 11 1 0
1424 370 15 19 1 0
867 723 15 20 1 0
1289 471 15 19 1 0
576 71 10 14 1 0
36 659 16 21 1 0
997 126 9 11 1 0
188 493 16 21 1 0
588 533 16 21 1 0
482 442 16 21 1 0
440 257 10 14 1 0
1056 621 15 19 1 0
786 680 16 21 1 0
1305 567 15 19 1 0
721 313 16 21 1 0
864 409 16 21 1 0
70 580 16 21 1 0
844 573 16 21 1 0
781 54 10 14 1 0
1416 301 15 19 1 0
1327 97 9 11 1 0
724 337 16 21 1 0
596 127 10 14 1 0
300 144 10 14 1 0
278 198 10 14 1 0
118 269 10 14 1 0
248 622 16 21 1 0
672 556 16 21 1 0
851 602 16 21 1 0
834 292 10 14 1 0
635 192 10 14 1 0
470 53 10 14 1 0
224 100 10 14 1 0
82 181 10 14 1 0
111 447 16 21 1 0
340 176 10 14 1 0
1371 271 9 11 1 0
957 126 9 11 1 0
1199 145 9 11 1 0
1102 35 9 11 1 0
257 239 10 14 1 0
652 391 16 21 1 0
947 659 15 19 1 0
712 328 16 21 1 0
432 479 16 21 1 0
1150 107 9 11 1 0
761 327 16 21 1 0
143 28 10 14 1 0
1330 545 15 19 1 0
1414 579 15 19 1 0
356 647 16 21 1 0
674 72 10 14 1 0
344 444 16 21 1 0
998 531 15 19 1 0
1363 127 9 11 1 0
653 521 16 21 1 0
1422 508 15 19 1 0
138 632 16 21 1 0
886 440 15 19 1 0
83 92 10 14 1 0
1146 66 9 11 1 0
268 475 16 21 1 0
282 147 10 14 1 0
486 59 10 14 1 0
753 386 16 21 1 0
1117 238 9 11 1 0
1153 197 9 11 1 0
10 172 10 14 1 0
490 312 16 21 1 0
1370 628 15 19 1 0
907 149 9 11 1 0
1458 677 15 19 1 0
733 311 16 21 1 0
129 604 16 21 1 0
669 609 16 21 1 0
217 470 16 21 1 0
1229 195 9 11 1 0
120 132 10 14 1 0
1262 455 15 19 1 0
706 36 10 14 1 0
1304 656 15 19 1 0
561 171 10 14 1 0
611 689 16 21 1 0
1089 450 15 19 1 0
1375 197 9 11 1 0
677 108 10 14 1 0
537 108 10 14 1 0
212 542 16 21 1 0
402 629 16 21 1 0
468 417 16 21 1 0
1293 405 15 19 1 0
950 241 9 11 1 0
985 37 9 11 1 0
280 60 10 14 1 0
1049 36 9 11 1 0
1441 42 9 11 1 0
275 506 16 21 1 0
570 123 10 14 1 0
1175 5 9 11 1 0
1356 306 15 19 1 0
192 98 10 14 1 0
567 278 10 14 1 0
1073 270 9 11 1 0
660 147 10 14 1 0
701 542 16 21 1 0
1032 38 9 11 1 0
502 127 10 14 1 0
180 164 10 14 1 0
1448 635 15 19 1 0
86 170 10 14 1 0
479 131 10 14 1 0
78 430 16 21 1 0
587 6 10 14 1 0
253 65 10 14 1 0
273 33 10 14 1 0
724 218 10 14 1 0
151 458 16 21 1 0
277 599 16 21 1 0
236 106 10 14 1 0
1191 281 9 11 1 0
701 89 10 14 1 0
335 21 10 14 1 0
6 5 10 14 1 0
445 48 10 14 1 0
90 192 10 14 1 0
1145 32 9 11 1 0
396 292 10 14 1 0
669 706 16 21 1 0
1102 393 15 19 1 0
699 260 10 14 1 0
923 186 9 11 1 0
651 193 10 14 1 0
155 507 16 21 1 0
1340 435 15 19 1 0
186 654 16 21 1 0
6 677 16 21 1 0
544 570 16 21 1 0
973 300 15 19 1 0
341 98 10 14 1 0
415 328 16 21 1 0
1259 83 9 11 1 0
124 117 10 14 1 0
871 126 10 14 1 0
452 91 10 14 1 0
1474 537 15 19 1 0
1231 182 9 11 1 0
76 604 16 21 1 0
337 231 10 14 1 0
362 177 10 14 1 0
456 327 16 21 1 0
382 543 16 21 1 0
1061 561 15 19 1 0
438 193 10 14 1 0
32 606 16 21 1 0
381 447 16 21 1 0
9 203 10 14 1 0
860 98 10 14 1 0
238 551 16 21 1 0
1049 529 15 19 1 0
503 299 10 14 1 0
651 690 16 21 1 0
715 12 10 14 1 0
664 511 16 21 1 0
67 41 10 14 1 0
968 698 15 19 1 0
581 339 16 21 1 0
757 481 16 21 1 0
1186 22 9 11 1 0
8 57 10 14 1 0
526 8 10 14 1 0
85 445 16 21 1 0
954 295 9 11 1 0
990 573 15 19 1 0
1226 128 9 11 1 0
398 565 16 21 1 0
1239 556 15 19 1 0
1412 145 9 11 1 0
309 94 10 14 1 0
7 459 16 21 1 0
240 231 10 14 1 0
1086 179 9 11 1 0
1217 364 15 19 1 0
1077 29 9 11 1 0
1242 98 9 11 1 0
763 124 10 14 1 0
40 95 10 14 1 0
1282 724 15 19 1 0
754 556 16 21 1 0
517 180 10 14 1 0
938 147 9 11 1 0
31 192 10 14 1 0
60 278 10 14 1 0
1387 145 9 11 1 0
1120 179 9 11 1 0
446 181 10 14 1 0
1164 366 15 19 1 0
676 287 10 14 1 0
433 420 16 21 1 0
46 116 10 14 1 0
21 349 16 21 1 0
399 211 10 14 1 0
259 575 16 21 1 0
811 438 16 21 1 0
159 400 16 21 1 0
844 261 10 14 1 0
87 111 10 14 1 0
44 408 16 21 1 0
803 294 10 14 1 0
1065 440 15 19 1 0
446 26 10 14 1 0
77 310 16 21 1 0
639 209 10 14 1 0
1279 132 9 11 1 0
1335 18 9 11 1 0
481 673 16 21 1 0
800 704 16 21 1 0
853 416 16 21 1 0
503 440 16 21 1 0
438 6 10 14 1 0
448 38 10 14 1 0
62 76 10 14 1 0
1433 127 9 11 1 0
616 127 10 14 1 0
269 30 10 14 1 0
143 43 10 14 1 0
1408 544 15 19 1 0
608 208 10 14 1 0
391 161 10 14 1 0
444 33 10 14 1 0
433 25 10 14 1 0
806 19 10 14 1 0
71 72 10 14 1 0
75 120 10 14 1 0
234 125 10 14 1 0
292 104 10 14 1 0
17 136 10 14 1 0
749 21 10 14 1 0
517 54 10 14 1 0
1370 147 9 11 1 0
1214 291 9 11 1 0
1210 6 9 11 1 0
1105 1 9 11 1 0
230 306 10 14 1 0
1454 127 9 11 1 0
121 156 10 14 1 0
91 23 10 14 1 0
196 529 16 21 1 0
747 253 10 14 1 0
229 233 10 14 1 0
228 9 10 14 1 0
1393 429 15 19 1 0
1052 26 9 11 1 0
1267 117 9 11 1 0
951 113 9 11 1 0
1161 672 15 19 1 0
540 336 16 21 1 0
325 70 10 14 1 0
862 160 10 14 1 0
504 715 16 21 1 0
293 34 10 14 1 0
696 7 10 14 1 0
318 298 10 14 1 0
250 608 16 21 1 0
330 4 10 14 1 0
1089 606 15 19 1 0
656 170 10 14 1 0
933 680 15 19 1 0
206 118 10 14 1 0
1238 26 9 11 1 0
768 557 16 21 1 0
941 116 9 11 1 0
103 273 10 14 1 0
584 265 10 14 1 0
307 389 16 21 1 0
588 15 10 14 1 0
1289 603 15 19 1 0
1365 1 9 11 1 0
1353 529 15 19 1 0
196 42 10 14 1 0
395 302 10 14 1 0
364 343 16 21 1 0
1113 294 9 11 1 0
1195 75 9 11 1 0
303 694 16 21 1 0
359 46 10 14 1 0
1072 685 15 19 1 0
878 479 15 19 1 0
1150 466 15 19 1 0
1406 335 15 19 1 0
898 43 9 11 1 0
691 168 10 14 1 0
5 80 10 14 1 0
1038 205 9 11 1 0
1467 608 15 19 1 0
1081 428 15 19 1 0
1234 343 15 19 1 0
549 360 16 21 1 0
81 297 10 14 1 0
228 604 16 21 1 0
424 371 16 21 1 0
31 165 10 14 1 0
1084 64 9 11 1 0
1308 145 9 11 1 0
770 346 16 21 1 0
1023 377 15 19 1 0
1029 271 9 11 1 0
168 162 10 14 1 0
606 148 10 14 1 0
258 652 16 21 1 0
950 270 9 11 1 0
721 191 10 14 1 0
219 140 10 14 1 0
488 332 16 21 1 0
915 664 15 19 1 0
1195 529 15 19 1 0
1253 2 9 11 1 0
892 194 9 11 1 0
831 455 16 21 1 0
421 574 16 21 1 0
1251 438 15 19 1 0
54 397 16 21 1 0
471 139 10 14 1 0
414 216 10 14 1 0
2 92 10 14 1 0
385 388 16 21 1 0
292 326 16 21 1 0
209 191 10 14 1 0
819 399 16 21 1 0
546 225 10 14 1 0
272 98 10 14 1 0
876 267 10 14 1 0
332 188 10 14 1 0
780 545 16 21 1 0
193 6 10 14 1 0
19 288 10 14 1 0
1161 385 15 19 1 0
1315 86 9 11 1 0
1048 197 9 11 1 0
1153 275 9 11 1 0
1078 359 15 19 1 0
1201 446 15 19 1 0
562 223 10 14 1 0
430 253 10 14 1 0
1413 410 15 19 1 0
482 248 10 14 1 0
1384 57 9 11 1 0
255 531 16 21 1 0
213 303 10 14 1 0
730 517 16 21 1 0
1364 213 9 11 1 0
1262 245 9 11 1 0
787 436 16 21 1 0
957 622 15 19 1 0
417 388 16 21 1 0
671 0 10 14 1 0
283 259 10 14 1 0
169 22 10 14 1 0
1370 300 15 19 1 0
666 210 10 14 1 0
528 459 16 21 1 0
108 467 16 21 1 0
424 97 10 14 1 0
496 6 10 14 1 0
98 217 10 14 1 0
741 217 10 14 1 0
217 57 10 14 1 0
1121 589 15 19 1 0
1101 687 15 19 1 0
205 119 10 14 1 0
1089 325 15 19 1 0
398 149 10 14 1 0
315 24 10 14 1 0
441 70 10 14 1 0
51 212 10 14 1 0
235 576 16 21 1 0
624 643 16 21 1 0
960 55 9 11 1 0
544 74 10 14 1 0
280 281 10 14 1 0
617 321 16 21 1 0
284 299 10 14 1 0
495 481 16 21 1 0
159 64 10 14 1 0
135 138 10 14 1 0
592 399 16 21 1 0
60 18 10 14 1 0
722 5 10 14 1 0
941 2 9 11 1 0
1061 49 9 11 1 0
25 262 10 14 1 0
211 28 10 14 1 0
453 442 16 21 1 0
734 493 16 21 1 0
657 253 10 14 1 0
935 45 9 11 1 0
713 661 16 21 1 0
255 127 10 14 1 0
49 459 16 21 1 0
264 428 16 21 1 0
1308 709 15 19 1 0
1436 19 9 11 1 0
1387 5 9 11 1 0
373 247 10 14 1 0
1387 468 15 19 1 0
925 119 9 11 1 0
1242 261 9 11 1 0
1268 570 15 19 1 0
219 227 10 14 1 0
507 581 16 21 1 0
330 122 10 14 1 0
156 543 16 21 1 0
1139 654 15 19 1 0
803 230 10 14 1 0
1123 118 9 11 1 0
209 516 16 21 1 0
1406 304 15 19 1 0
784 73 10 14 1 0
793 557 16 21 1 0
621 113 10 14 1 0
601 414 16 21 1 0
1186 713 15 19 1 0
916 142 9 11 1 0
186 346 16 21 1 0
858 325 16 21 1 0
1037 501 15 19 1 0
496 465 16 21 1 0
562 520 16 21 1 0
603 330 16 21 1 0
775 462 16 21 1 0
108 104 10 14 1 0
1201 5 9 11 1 0
403 349 16 21 1 0
65 685 16 21 1 0
1054 162 9 11 1 0
1328 264 9 11 1 0
22 73 10 14 1 0
1022 71 9 11 1 0
67 61 10 14 1 0
78 149 10 14 1 0
524 114 10 14 1 0
119 83 10 14 1 0
848 346 16 21 1 0
392 431 16 21 1 0
375 90 10 14 1 0
488 214 10 14 1 0
548 664 16 21 1 0
1035 700 15 19 1 0
1117 47 9 11 1 0
828 416 16 21 1 0
243 217 10 14 1 0
172 631 16 21 1 0
950 604 15 19 1 0
528 205 10 14 1 0
1269 58 9 11 1 0
989 269 9 11 1 0
1161 562 15 19 1 0
246 417 16 21 1 0
17 481 16 21 1 0
1464 48 9 11 1 0
41 38 10 14 1 0
1290 329 15 19 1 0
45 288 10 14 1 0
883 53 9 11 1 0
59 356 16 21 1 0
1245 14 9 11 1 0
841 146 10 14 1 0
1330 81 9 11 1 0
15 552 16 21 1 0
257 103 10 14 1 0
120 74 10 14 1 0
1273 502 15 19 1 0
484 176 10 14 1 0
572 634 16 21 1 0
1210 689 15 19 1 0
542 20 10 14 1 0
155 111 10 14 1 0
1331 474 15 19 1 0
653 313 16 21 1 0
1185 510 15 19 1 0
1103 96 9 11 1 0
461 66 10 14 1 0
911 721 15 19 1 0
1101 52 9 11 1 0
1383 715 15 19 1 0
327 51 10 14 1 0
504 47 10 14 1 0
673 182 10 14 1 0
414 161 10 14 1 0
1200 412 15 19 1 0
884 417 15 19 1 0
73 407 16 21 1 0
526 663 16 21 1 0
1119 717 15 19 1 0
420 184 10 14 1 0
