3651 948 38 62 1 0
3055 1119 64 83 1 0
1171 540 38 62 1 0
534 716 38 62 1 0
3617 691 38 62 1 0
1927 530 38 62 1 0
4288 372 48 59 1 0
1080 1733 64 83 1 0
3764 266 58 56 1 0
3798 413 38 62 1 0
3550 1627 64 83 1 0
2641 429 38 62 1 0
3606 800 38 62 1 0
2358 820 38 62 1 0
1270 1797 64 83 1 0
4056 923 38 62 1 0
4197 1647 64 83 1 0
2278 401 48 59 1 0
1100 436 38 62 1 0
1483 431 38 62 1 0
3490 669 38 62 1 0
3315 732 38 62 1 0
1311 767 38 62 1 0
4206 267 58 56 1 0
2934 658 38 62 1 0
2499 96 58 56 1 0
660 405 38 62 1 0
1579 889 38 62 1 0
3894 613 38 62 1 0
1471 165 58 56 1 0
230 619 38 62 1 0
1666 815 38 62 1 0
1767 522 38 62 1 0
4226 240 58 56 1 0
813 352 58 56 1 0
3275 725 38 62 1 0
1229 704 38 62 1 0
2227 743 38 62 1 0
2702 859 38 62 1 0
700 372 58 56 1 0
999 519 38 62 1 0
2032 993 38 62 1 0
3111 251 58 56 1 0
247 457 38 62 1 0
2300 605 38 62 1 0
2147 352 58 56 2 0
4181 311 58 56 1 0
1902 1768 64 83 1 0
3537 596 38 62 1 0
408 478 38 62 1 0
3474 1154 64 83 1 0
836 657 38 62 1 0
3962 876 38 62 1 0
553 399 58 56 2 0
2148 1722 64 83 1 0
1496 905 38 62 1 0
2318 1386 64 83 2 0
4237 902 38 62 1 0
270 786 38 62 1 0
1743 329 58 56 1 0
2815 205 58 56 1 0
3448 429 38 62 1 0
3758 488 38 62 1 0
69 830 38 62 1 0
3058 211 58 56 1 0
3287 1205 64 83 1 0
3228 619 38 62 1 0
992 572 38 62 1 0
3607 425 38 62 1 0
2915 343 58 56 1 0
2603 1362 64 83 1 0
3932 561 38 62 1 0
1258 1200 64 83 1 0
2854 190 58 56 1 0
3768 566 38 62 1 0
676 626 38 62 1 0
4268 1188 64 83 1 0
444 1407 64 83 1 0
3701 333 58 56 1 0
340 513 38 62 1 0
3021 81 58 56 1 0
3995 322 58 56 1 0
1994 1199 64 83 1 0
1979 182 58 56 1 0
955 1276 64 83 1 0
2621 334 58 56 1 0
1517 1267 64 83 1 0
806 496 38 62 1 0
1524 962 38 62 1 0
3485 1028 64 83 1 0
450 683 38 62 1 0
199 1308 64 83 1 0
1924 325 58 56 1 0
417 1373 64 83 1 0
977 436 38 62 1 0
2488 350 58 56 1 0
3619 1313 64 83 1 0
1169 472 38 62 1 0
792 1709 64 83 1 0
3104 376 58 56 1 0
2399 717 38 62 1 0
1021 147 58 56 1 0
2133 726 38 62 1 0
1385 922 38 62 1 0
3572 1227 64 83 1 0
868 602 38 62 1 0
2093 359 58 56 2 0
3447 1098 64 83 1 0
4211 536 38 62 1 0
1574 1084 64 83 1 0
1730 376 58 56 2 0
1971 368 58 56 1 0
2906 279 58 56 1 0
2155 327 58 56 2 0
3346 314 58 56 1 0
3741 871 38 62 1 0
497 749 38 62 1 0
3048 1730 64 83 1 0
779 129 58 56 1 0
2897 882 38 62 1 0
1971 302 58 56 1 0
134 431 38 62 1 0
4133 877 38 62 1 0
2880 501 38 62 1 0
4069 403 48 59 1 0
1278 445 38 62 1 0
2931 795 38 62 1 0
1588 1628 64 83 1 0
3876 220 58 56 1 0
2788 1209 64 83 1 0
4228 130 58 56 1 0
384 542 38 62 1 0
1812 1310 64 83 1 0
3339 213 58 56 1 0
1748 681 38 62 1 0
977 766 38 62 1 0
4263 841 38 62 1 0
2126 1350 64 83 1 0
3869 749 38 62 1 0
8 643 38 62 1 0
3809 265 58 56 1 0
4128 589 38 62 1 0
1267 1364 64 83 1 0
2497 1194 64 83 1 0
1634 213 58 56 1 0
2260 450 38 62 1 0
141 478 38 62 1 0
2452 347 58 56 1 0
3065 1310 64 83 1 0
2984 552 38 62 1 0
666 768 38 62 1 0
1942 759 38 62 1 0
489 613 38 62 1 0
3784 1425 64 83 1 0
1074 1642 64 83 1 0
2177 873 38 62 2 0
382 919 38 62 1 0
368 323 58 56 2 0
4072 208 58 56 1 0
1413 364 58 56 1 0
18 479 38 62 1 0
1025 342 58 56 1 0
2464 451 38 62 1 0
403 1182 64 83 1 0
3026 179 58 56 1 0
400 435 38 62 1 0
193 273 48 59 1 0
1877 747 38 62 1 0
1810 329 58 56 1 0
2214 1177 64 83 1 0
2298 712 38 62 1 0
3901 1058 64 83 1 0
520 926 38 62 1 0
2969 375 58 56 1 0
2399 1621 64 83 1 0
2976 622 38 62 1 0
2887 727 38 62 1 0
621 678 38 62 1 0
577 318 58 56 1 0
2735 425 38 62 1 0
1589 564 38 62 1 0
2398 1345 64 83 1 0
1922 417 38 62 1 0
1596 293 58 56 1 0
3832 810 38 62 1 0
1761 451 38 62 1 0
3508 790 38 62 1 0
731 318 58 56 1 0
828 1032 64 83 1 0
4062 619 38 62 1 0
455 1284 64 83 1 0
3399 584 38 62 1 0
3481 298 58 56 1 0
760 527 38 62 1 0
1807 1001 38 62 1 0
540 989 38 62 1 0
3669 675 38 62 1 0
4271 687 38 62 1 0
482 146 58 56 1 0
2776 151 58 56 1 0
371 353 58 56 2 0
4159 746 38 62 1 0
301 942 38 62 1 0
1045 1003 38 62 1 0
3300 250 58 56 1 0
2207 663 38 62 1 0
1331 527 38 62 1 0
4104 166 58 56 1 0
3996 1645 64 83 1 0
3267 1116 64 83 1 0
3342 555 38 62 1 0
2507 1449 64 83 2 0
3888 300 58 56 1 0
3272 189 58 56 1 0
3831 909 38 62 1 0
1054 1130 64 83 1 0
3444 355 58 56 1 0
1570 667 38 62 1 0
1103 973 38 62 1 0
1818 640 38 62 1 0
342 470 38 62 1 0
3564 341 58 56 1 0
2089 414 38 62 1 0
934 761 38 62 1 0
4267 314 53 57 1 0
2877 632 38 62 1 0
1248 630 38 62 1 0
1492 1195 64 83 1 0
364 1156 64 83 1 0
4122 1053 64 83 1 0
2265 522 38 62 1 0
2551 438 38 62 1 0
819 762 38 62 1 0
1794 372 58 56 1 0
1529 359 58 56 1 0
2616 825 38 62 1 0
4068 255 58 56 1 0
3871 674 38 62 1 0
1919 1399 64 83 2 0
1262 930 38 62 1 0
3722 968 38 62 1 0
528 396 58 56 2 0
3303 319 58 56 1 0
3734 1092 64 83 1 0
3075 1233 64 83 1 0
3326 450 38 62 1 0
3614 279 58 56 1 0
995 1187 64 83 1 0
348 269 48 59 1 0
3853 393 58 56 1 0
582 1080 64 83 1 0
4240 1754 64 83 1 0
2815 569 38 62 1 0
4242 186 58 56 1 0
756 991 38 62 1 0
2696 392 58 56 1 0
3397 138 58 56 1 0
1384 658 38 62 1 0
3788 1758 64 83 1 0
4068 705 38 62 1 0
57 393 38 62 1 0
3282 907 38 62 1 0
643 149 58 56 1 0
2119 526 38 62 1 0
4110 1433 64 83 1 0
1918 1418 64 83 2 0
263 643 38 62 1 0
1115 334 58 56 1 0
2785 276 58 56 1 0
1127 785 38 62 1 0
709 1335 64 83 1 0
1634 622 38 62 1 0
3092 660 38 62 1 0
4111 348 58 56 1 0
2472 600 38 62 1 0
2714 225 58 56 1 0
4188 1283 64 83 1 0
3623 1049 64 83 1 0
3823 1196 64 83 1 0
982 330 58 56 1 0
684 918 38 62 1 0
1218 455 38 62 1 0
809 541 38 62 1 0
1895 1221 64 83 1 0
4002 799 38 62 1 0
2340 130 58 56 1 0
1750 400 58 56 1 0
3202 636 38 62 1 0
1059 402 48 59 1 0
3790 355 58 56 1 0
2989 269 58 56 1 0
4239 979 38 62 1 0
3307 700 38 62 1 0
76 702 38 62 1 0
116 325 38 62 1 0
905 480 38 62 1 0
3989 451 38 62 1 0
2843 1296 64 83 1 0
2162 386 58 56 1 0
3344 1627 64 83 1 0
1342 1629 64 83 1 0
3106 782 38 62 1 0
352 808 38 62 1 0
1315 1028 64 83 1 0
2613 174 58 56 1 0
1415 596 38 62 1 0
2168 294 58 56 1 0
3530 261 58 56 1 0
3114 1613 64 83 1 0
1320 1138 64 83 1 0
2839 1610 64 83 2 0
3079 526 38 62 1 0
1715 584 38 62 1 0
4006 954 38 62 1 0
4036 284 58 56 1 0
1219 1014 64 83 1 0
2155 876 38 62 2 0
4300 831 38 62 1 0
774 383 58 56 1 0
3954 727 38 62 1 0
2912 1115 64 83 1 0
196 527 38 62 1 0
1906 1116 64 83 1 0
1657 1762 64 83 1 0
3826 172 58 56 1 0
4036 1801 64 83 1 0
3477 386 58 56 1 0
3969 206 58 56 1 0
2494 1125 64 83 1 0
3853 1263 64 83 1 0
464 1716 64 83 1 0
14 419 38 62 1 0
310 1017 64 83 1 0
1698 380 58 56 2 0
836 1130 64 83 1 0
1359 363 58 56 1 0
3578 575 38 62 1 0
1771 193 58 56 1 0
2056 684 38 62 1 0
2371 415 38 62 1 0
1323 126 58 56 1 0
1557 1146 64 83 1 0
2825 151 58 56 1 0
3643 467 38 62 1 0
3100 299 58 56 1 0
3424 824 38 62 1 0
1571 462 38 62 1 0
163 899 38 62 1 0
967 982 38 62 1 0
2816 652 38 62 1 0
4317 399 43 60 1 0
4272 526 38 62 1 0
2568 262 58 56 1 0
226 405 38 62 1 0
3303 1696 64 83 1 0
4072 527 38 62 1 0
1171 150 58 56 1 0
1040 655 38 62 1 0
4014 218 58 56 1 0
2127 397 58 56 1 0
1577 726 38 62 1 0
4007 1092 64 83 1 0
2511 1404 64 83 2 0
55 980 51 72 1 0
1764 1106 64 83 1 0
602 420 38 62 1 0
165 1688 64 83 1 0
2838 1610 64 83 2 0
182 1069 64 83 1 0
135 1183 64 83 1 0
2683 326 58 56 1 0
1752 869 38 62 1 0
1712 1241 64 83 1 0
1462 364 58 56 1 0
1551 557 38 62 1 0
67 334 38 62 1 0
3724 616 38 62 1 0
3537 879 38 62 1 0
4316 580 38 62 1 0
3482 722 38 62 1 0
2631 1148 64 83 1 0
3301 488 38 62 1 0
90 505 38 62 1 0
574 515 38 62 1 0
3511 478 38 62 1 0
3404 1257 64 83 1 0
1600 517 38 62 1 0
3982 533 38 62 1 0
1373 481 38 62 1 0
1437 834 38 62 1 0
937 375 58 56 1 0
3832 342 58 56 1 0
3043 703 38 62 1 0
2329 1421 64 83 2 0
657 844 38 62 1 0
1929 1407 64 83 2 0
2096 1005 38 62 1 0
2506 518 38 62 1 0
3236 109 58 56 1 0
3520 1714 64 83 1 0
687 1185 64 83 1 0
37 590 38 62 1 0
541 304 58 56 1 0
2097 502 38 62 1 0
669 319 58 56 1 0
2794 1783 64 83 1 0
1281 346 58 56 1 0
2500 778 38 62 1 0
3273 383 58 56 1 0
1217 353 58 56 1 0
217 350 43 60 1 0
2910 223 58 56 1 0
126 749 38 62 1 0
248 307 48 59 1 0
887 913 38 62 1 0
2125 355 58 56 2 0
490 529 38 62 1 0
2171 338 58 56 2 0
2131 133 58 56 1 0
900 179 58 56 1 0
1037 477 38 62 1 0
