363 167 18 20 1 1
1413 121 15 19 1 1
2194 12 15 17 1 1
1813 107 15 19 1 1
2260 62 15 17 1 1
3610 15 10 9 1 1
3331 101 12 18 1 1
755 386 53 62 1 0
744 95 17 21 1 1
3099 176 12 18 1 1
403 116 17 21 1 1
3736 112 12 18 1 1
1599 69 26 23 1 1
2670 95 11 16 1 1
3274 47 10 9 1 1
3309 33 10 9 1 1
523 104 17 21 1 1
2677 159 23 27 1 1
1456 174 27 30 1 1
1705 88 26 23 1 1
817 47 15 13 1 1
2507 28 15 17 1 1
939 47 15 13 1 1
1473 60 26 23 1 1
1622 113 15 19 1 1
688 208 16 24 1 1
1749 185 27 30 1 1
815 240 28 32 1 0
550 176 16 24 1 1
2326 37 15 17 1 1
2470 230 32 36 1 1
2166 180 32 36 2 1
1343 61 26 23 1 1
1646 114 15 19 1 1
2736 113 11 16 2 1
3287 81 10 9 1 1
2659 189 32 36 1 1
1376 17 7 12 1 1
1100 335 53 62 1 0
468 133 17 21 1 1
524 23 15 13 1 1
1585 89 26 23 1 1
1529 91 26 23 1 1
1702 17 7 12 1 1
2559 177 32 36 1 1
1134 180 27 30 1 1
2241 94 11 16 1 1
705 179 16 24 1 1
527 58 15 13 1 1
2111 50 15 17 1 1
1753 83 26 23 1 1
691 102 17 21 1 1
580 99 17 21 1 1
2450 206 32 36 1 1
2863 189 32 36 1 1
2108 146 23 27 1 1
934 225 18 20 1 1
1189 149 15 19 1 1
723 283 40 40 1 0
1597 24 7 12 1 1
2284 28 15 17 1 1
502 276 40 40 1 0
584 54 15 13 1 1
2551 136 23 27 1 1
3245 137 12 18 1 1
1690 67 26 23 1 1
299 165 18 20 1 1
3002 77 10 9 1 1
3093 106 12 18 1 1
918 185 16 24 1 1
2287 91 11 16 1 1
420 327 53 62 1 0
2538 105 11 16 1 1
922 257 40 40 1 0
2734 114 11 16 2 1
1905 150 15 19 1 1
2558 117 11 16 1 1
2451 47 15 17 1 1
3341 154 12 18 1 1
767 36 15 13 1 1
667 428 47 60 1 0
3164 110 12 18 1 1
752 143 17 21 1 1
649 335 53 62 1 0
2528 150 23 27 1 1
1899 219 27 30 1 1
1553 76 26 23 1 1
2546 28 15 17 1 1
1206 123 15 19 1 1
209 448 47 60 1 0
1311 156 15 19 1 1
1995 62 26 23 2 1
2551 51 15 17 1 1
455 220 18 20 1 1
2216 69 11 16 1 1
3314 173 12 18 1 1
959 86 17 21 1 1
2008 62 26 23 2 1
813 122 17 21 1 1
3288 177 12 18 1 1
1673 206 27 30 1 1
2382 95 11 16 1 1
1185 86 26 23 1 1
784 201 16 24 1 1
3680 99 12 18 1 1
292 95 17 21 1 1
2441 4 15 17 1 1
1807 134 15 19 1 1
3237 157 12 18 1 1
3157 182 12 18 1 1
1959 33 26 23 1 1
2723 197 32 36 1 1
1197 173 27 30 1 1
3554 65 10 9 1 1
3238 56 10 9 1 1
1732 69 26 23 1 1
2407 107 11 16 1 1
1838 184 27 30 1 1
1962 6 15 17 1 1
672 35 15 13 1 1
1040 194 27 30 1 1
2899 42 10 9 1 1
1518 112 15 19 1 1
817 89 17 21 1 1
1862 218 27 30 1 1
236 14 15 13 1 1
740 189 16 24 1 1
1784 16 7 12 1 1
1537 2 16 17 1 1
3247 193 12 18 1 1
1436 65 26 23 1 1
3057 102 12 18 1 1
440 68 17 21 1 1
2469 54 15 17 1 1
2715 125 23 27 1 1
3567 82 10 9 1 1
3261 66 10 9 1 1
2417 130 23 27 1 1
3198 129 12 18 1 1
1475 113 15 19 1 1
1352 202 27 30 1 1
752 171 18 20 1 1
1681 37 26 23 1 1
2776 140 23 27 2 1
931 204 16 24 1 1
2250 181 32 36 1 1
3138 45 10 9 1 1
996 182 16 24 1 1
1569 140 15 19 1 1
2569 47 15 17 1 1
1445 188 27 30 1 1
1218 162 15 19 1 1
3616 130 12 18 1 1
1866 47 26 23 1 1
3749 159 12 18 1 1
625 39 15 13 1 1
2030 11 15 17 1 1
369 4 15 13 1 1
2454 80 11 16 1 1
1742 16 7 12 1 1
2883 154 23 27 1 1
2945 67 10 9 1 1
1665 153 15 19 1 1
1827 14 7 12 1 1
1708 136 15 19 1 1
2002 34 26 23 1 1
1725 150 15 19 1 1
1860 102 26 23 1 1
1908 279 48 55 1 0
1839 37 26 23 1 1
2707 147 23 27 1 1
2099 100 11 16 1 1
1460 81 26 23 1 1
1474 163 15 19 1 1
1769 277 48 55 1 0
1944 122 15 19 1 1
612 157 17 21 1 1
627 212 16 24 1 1
1934 157 15 19 1 1
2148 51 15 17 1 1
852 210 16 24 1 1
2588 90 11 16 1 1
2108 6 15 17 1 1
2394 166 32 36 1 1
1520 244 27 30 1 0
1761 113 15 19 1 1
2593 62 15 17 1 1
3219 85 10 9 1 1
1347 174 27 30 1 1
938 11 15 13 1 1
691 122 17 21 1 1
1508 77 26 23 1 1
2025 206 27 30 1 1
293 222 18 20 1 1
2122 127 23 27 1 1
3549 38 10 9 1 1
430 159 17 21 1 1
2778 135 23 27 2 1
2946 159 12 18 1 1
3042 163 32 36 1 1
1819 51 26 23 1 1
1277 76 26 23 1 1
1356 129 15 19 1 1
290 38 15 13 1 1
1370 149 15 19 1 1
3210 58 10 9 1 1
1637 135 15 19 1 1
2898 19 10 9 1 1
2068 126 26 23 1 1
1798 233 27 30 1 1
2130 74 11 16 1 1
2399 145 23 27 1 1
1776 64 26 23 1 1
1146 48 26 23 1 1
3264 202 12 18 1 1
810 17 15 13 1 1
1973 22 15 17 1 1
3015 16 10 9 1 1
665 182 16 24 1 1
466 376 53 62 1 0
3077 161 32 36 1 1
1279 163 15 19 1 1
1657 19 7 12 1 1
3044 90 12 18 1 1
2154 234 32 36 1 1
432 181 16 24 1 1
2780 161 32 36 1 1
2091 59 15 17 1 1
531 132 17 21 1 1
542 249 40 40 1 0
1569 113 15 19 1 1
3065 47 10 9 1 1
219 199 16 24 1 1
896 32 15 13 1 1
1369 79 26 23 1 1
240 95 17 21 1 1
1337 89 26 23 1 1
1799 120 15 19 1 1
3025 89 10 9 1 1
1680 55 26 23 1 1
708 71 17 21 1 1
938 23 15 13 1 1
2626 217 32 36 1 1
1427 101 26 23 1 1
2326 175 32 36 1 1
686 247 40 40 1 0
2480 3 15 17 1 1
2335 72 11 16 1 1
1420 271 48 55 1 0
3249 212 12 18 1 1
2754 173 32 36 1 1
2033 63 26 23 1 1
1471 17 7 12 1 1
2975 63 10 9 1 1
1539 169 27 30 1 1
973 172 18 20 1 1
1645 215 27 30 1 1
1472 329 53 63 1 0
1031 272 40 40 1 0
1517 52 26 23 1 1
2473 114 11 16 1 1
200 219 18 20 1 1
1315 295 53 63 1 0
2190 40 15 17 1 1
2535 47 15 17 1 1
2840 144 23 27 1 1
2146 78 11 16 1 1
3329 128 12 18 1 1
2359 110 11 16 1 1
1236 7 21 20 1 1
2362 226 32 36 1 1
3600 142 12 18 1 1
2993 25 10 9 1 1
3176 57 10 9 1 1
549 69 17 21 1 1
3261 8 10 9 1 1
1748 137 15 19 1 1
3575 122 12 18 1 1
1733 305 53 63 1 0
3567 103 12 18 1 1
3183 84 10 9 1 1
1741 38 26 23 1 1
2793 186 32 36 1 1
1924 4 20 20 1 1
3068 10 10 9 1 1
848 20 15 13 1 1
1048 225 27 30 1 1
758 73 17 21 1 1
961 58 15 13 1 1
1071 182 27 30 1 1
2036 139 26 23 1 1
3246 37 10 9 1 1
1896 190 27 30 1 1
587 190 16 24 1 1
1804 209 27 30 1 1
1462 3 26 23 1 1
525 303 40 40 1 0
1968 238 27 30 1 0
1645 72 26 23 1 1
1692 128 15 19 1 1
1864 131 15 19 1 1
1125 32 7 12 1 1
3671 200 12 18 1 1
3059 126 12 18 1 1
1548 188 27 30 1 1
2175 64 11 16 1 1
500 195 16 24 1 1
444 49 15 13 1 1
3017 42 10 9 1 1
894 283 40 40 1 0
2347 42 15 17 1 1
2172 145 23 27 1 1
2588 188 32 36 1 1
857 78 17 21 1 1
327 24 15 13 1 1
1058 75 16 17 1 1
472 29 15 13 1 1
347 59 15 13 1 1
3158 8 10 9 1 1
748 238 28 32 1 0
1628 276 48 55 1 0
1691 105 15 19 1 1
1611 157 15 19 1 1
2358 64 11 16 1 1
2386 11 15 17 1 1
1437 139 15 19 1 1
636 106 17 21 1 1
2265 106 11 16 1 1
2232 65 11 16 1 1
2004 5 15 17 1 1
3075 112 12 18 1 1
3204 90 12 18 1 1
2338 202 32 36 1 1
3620 149 12 18 1 1
3256 115 12 18 1 1
556 162 17 21 1 1
634 242 22 28 1 0
2083 163 32 36 1 1
202 274 40 40 1 0
3555 124 12 18 1 1
2740 253 32 36 1 0
947 306 40 40 1 0
328 1 15 15 1 1
2924 37 10 9 1 1
2148 139 23 27 1 1
2471 166 32 36 1 1
1660 91 26 23 1 1
2285 145 23 27 1 1
3586 160 12 18 1 1
2227 144 23 27 1 1
963 102 17 21 1 1
595 66 15 13 1 1
3619 118 12 18 1 1
2515 102 11 16 1 1
2942 187 32 36 1 1
2649 157 23 27 1 1
3134 19 10 9 1 1
1318 12 7 12 1 1
3105 91 12 18 1 1
930 382 53 62 1 0
3269 88 10 9 1 1
1264 119 15 19 1 1
673 143 17 21 1 1
2313 115 11 16 1 1
2249 136 23 27 1 1
3251 96 12 18 1 1
1942 2 20 20 1 1
1159 62 26 23 1 1
1255 226 27 30 1 1
1235 208 27 30 1 1
1982 19 15 17 1 1
632 187 16 24 1 1
1406 171 27 30 1 1
2993 110 12 18 1 1
3195 20 10 9 1 1
2216 12 15 17 1 1
1990 41 26 23 1 1
3568 167 12 18 1 1
1117 55 26 23 1 1
2068 48 26 23 1 1
861 122 17 21 1 1
3120 59 10 9 1 1
1491 222 27 30 1 1
2176 170 32 36 2 1
906 59 15 13 1 1
1717 108 15 19 1 1
2954 113 12 18 1 1
3220 16 10 9 1 1
2306 43 15 17 1 1
499 86 17 21 1 1
1589 38 26 23 1 1
747 8 15 13 1 1
1569 268 48 55 1 0
603 75 17 21 1 1
380 296 40 40 1 0
357 182 16 24 1 1
2827 175 32 36 1 1
1486 139 15 19 1 1
1157 227 27 30 1 1
1778 132 15 19 1 1
2528 206 32 36 1 1
1350 29 7 12 1 1
1702 220 27 30 1 1
1788 151 15 19 1 1
2607 111 11 16 1 1
572 35 15 13 1 1
2518 131 23 27 1 1
362 194 16 24 1 1
411 129 17 21 1 1
2111 168 32 36 1 1
2053 18 15 17 1 1
1276 258 48 55 1 0
2982 117 12 18 1 1
2046 31 15 17 1 1
378 231 18 20 1 1
1255 160 15 19 1 1
915 86 17 21 1 1
2696 116 11 16 1 1
2236 212 32 36 1 1
3176 154 12 18 1 1
3030 109 12 18 1 1
286 138 17 21 1 1
1588 129 15 19 1 1
2608 163 32 36 1 1
1174 188 27 30 1 1
1090 171 27 30 1 1
2427 178 32 36 1 1
3212 38 10 9 1 1
1502 148 15 19 1 1
462 114 17 21 1 1
2885 60 10 9 1 1
2107 209 32 36 1 1
2099 21 15 17 1 1
934 171 18 20 1 1
236 117 17 21 1 1
3241 5 10 9 1 1
493 9 15 13 1 1
2162 39 15 17 1 1
3078 191 32 36 1 1
1856 153 15 19 1 1
1918 104 15 19 1 1
404 52 15 13 1 1
363 121 17 21 1 1
1526 184 27 30 1 1
2672 234 32 36 1 1
2376 42 15 17 1 1
1279 106 15 19 1 1
410 2 15 15 1 1
811 184 16 24 1 1
238 44 15 13 1 1
552 13 15 13 1 1
586 117 17 21 1 1
2799 144 23 27 1 1
764 259 40 40 1 0
2339 144 23 27 1 1
2008 178 27 30 1 1
3291 20 10 9 1 1
3733 150 12 18 1 1
1262 197 27 30 1 1
1991 144 15 19 1 1
929 144 17 21 1 1
2114 367 53 63 1 0
1190 51 26 23 1 1
547 395 47 60 1 0
3142 88 10 9 1 1
564 298 40 40 1 0
1333 13 7 12 1 1
3152 45 10 9 1 1
2281 39 15 17 1 1
291 124 17 21 1 1
653 62 15 13 1 1
2780 229 32 36 1 1
1890 124 15 19 1 1
1668 113 15 19 1 1
2368 5 15 17 1 1
1387 66 26 23 1 1
2020 24 15 17 1 1
1169 106 15 19 1 1
2066 206 27 30 1 1
345 90 17 21 1 1
1168 279 48 55 1 0
2623 118 11 16 1 1
1509 36 26 23 1 1
2191 95 11 16 1 1
2465 134 23 27 1 1
3636 112 12 18 1 1
752 109 17 21 1 1
2963 84 10 9 1 1
2054 131 26 23 1 1
2935 106 12 18 1 1
2975 25 10 9 1 1
2254 242 32 36 1 0
2856 37 10 9 1 1
1374 207 27 30 1 1
299 20 15 13 1 1
2223 45 15 17 1 1
662 86 17 21 1 1
349 270 40 40 1 0
