389 1796 42 47 2 0
2434 2456 67 79 1 0
4645 1727 51 57 1 0
363 1996 42 47 1 0
3934 2043 39 60 1 0
2746 1628 27 29 1 0
4213 1775 51 57 2 0
2365 2262 39 60 1 0
4700 3555 109 160 1 0
4484 2008 37 37 1 0
4756 1850 37 37 1 0
4302 1995 37 37 1 0
4474 1953 37 37 1 0
2645 1897 42 47 1 0
2235 1854 42 47 2 0
1470 2490 67 79 1 0
12 2048 41 50 1 0
3687 1732 51 57 1 0
4532 1872 37 37 1 0
2631 1866 42 47 1 0
2485 2323 39 60 1 0
958 2660 67 79 1 0
2472 1874 42 47 1 0
5033 1551 23 21 1 0
160 2040 41 50 1 0
4390 1640 51 57 1 0
4855 1841 37 37 1 0
1655 2402 67 79 1 0
3380 1823 47 52 1 0
2837 1705 27 29 1 0
4107 2101 39 60 1 0
3308 2184 39 60 1 0
4382 2023 37 37 1 0
2576 2450 67 79 2 0
3490 1838 47 52 2 0
3673 2174 39 60 2 0
3627 1925 37 37 1 0
2071 2296 39 60 1 0
1328 2444 67 79 1 0
3724 1663 51 57 2 0
4141 1701 51 57 1 0
2811 2164 39 60 1 0
3713 1691 51 57 1 0
4230 2081 39 60 1 0
3571 2076 39 60 1 0
4582 2018 37 37 1 0
1975 2277 39 60 1 0
4372 2097 39 60 1 0
4599 1759 51 57 1 0
2471 2237 39 60 1 0
2261 2414 67 79 1 0
3900 1748 51 57 1 0
4858 1722 51 57 1 0
5037 1832 37 37 1 0
3824 2082 39 60 1 0
3023 2232 39 60 1 0
3745 2161 39 60 1 0
2689 2912 109 160 1 0
4765 1890 37 37 1 0
4653 1676 51 57 1 0
3022 1544 27 29 1 0
4736 1861 37 37 1 0
3187 2293 39 60 1 0
3988 1976 37 37 1 0
3027 1892 42 47 1 0
1562 2501 67 79 1 0
2793 1784 30 33 1 0
129 1978 41 50 1 0
4104 1714 51 57 1 0
4529 1641 51 57 1 0
2873 1730 27 29 1 0
2636 1657 27 29 2 0
2129 2515 67 79 1 0
2696 2228 39 60 1 0
4346 1756 51 57 1 0
2543 1872 42 47 1 0
2848 2176 39 60 1 0
4857 1662 51 57 1 0
3313 2257 39 60 1 0
2361 1874 42 47 1 0
2296 2327 46 64 1 0
2685 1741 27 29 1 0
5004 1926 37 37 1 0
712 2957 109 160 1 0
4408 1924 37 37 1 0
1286 2554 67 79 1 0
4297 1909 37 37 1 0
3985 2051 39 60 1 0
1711 2427 67 79 1 0
1159 1781 42 47 2 0
2171 2934 109 160 1 0
2968 1816 42 47 1 0
5144 1880 37 37 1 0
2416 2317 39 60 1 0
2900 1796 42 47 1 0
1952 2566 67 79 1 0
2293 2477 67 79 1 0
3555 1922 37 37 1 0
2770 2264 39 60 1 0
3778 2053 39 60 1 0
4870 1557 23 21 1 0
2928 2955 109 160 1 0
4916 1912 37 37 1 0
2807 2304 39 60 1 0
4109 2038 37 37 1 0
1099 1920 42 47 1 0
573 2083 39 60 1 0
3633 1790 51 57 1 0
1510 1972 42 47 1 0
4443 1904 37 37 2 0
4422 2092 39 60 1 0
4734 1895 37 37 1 0
4146 2224 39 60 1 0
2257 1859 42 47 2 0
2425 2257 39 60 1 0
2356 2479 67 79 1 0
2931 2343 53 69 1 0
4339 1556 51 57 1 0
5212 1922 37 37 1 0
3218 1766 51 57 1 0
3104 2421 67 79 1 0
3716 1647 51 57 2 0
426 2908 109 160 1 0
4027 1993 37 37 1 0
3716 2203 39 60 1 0
4579 1871 37 37 1 0
3778 2179 39 60 1 0
4281 1694 51 57 1 0
3774 2104 39 60 1 0
3705 1797 51 57 1 0
4807 1694 51 57 1 0
4668 1534 23 21 1 0
336 2757 67 79 1 0
3254 2284 39 60 1 0
3615 1739 51 57 1 0
4616 1657 51 57 1 0
3897 2003 37 37 1 0
2861 2420 67 79 1 0
4216 1670 51 57 2 0
4061 1695 51 57 2 0
1079 2561 67 79 1 0
2008 1879 42 47 1 0
912 1921 42 47 1 0
4933 1932 37 37 1 0
4599 1940 37 37 2 0
4082 1990 37 37 1 0
4116 1772 51 57 1 0
4753 1651 51 57 1 0
2923 1638 27 29 1 0
787 2005 42 47 1 0
4351 1671 51 57 1 0
2012 2264 39 60 1 0
4612 1929 37 37 2 0
4633 2002 37 37 1 0
3383 2446 67 79 1 0
4381 1920 37 37 1 0
2536 2213 39 60 1 0
3946 1675 51 57 1 0
5074 2048 39 60 1 0
1312 1938 42 47 1 0
3171 2897 109 160 1 0
2679 2388 67 79 1 0
242 1994 42 47 1 0
3344 1796 51 57 1 0
3743 2094 39 60 1 0
2954 2271 39 60 1 0
5047 1666 51 57 1 0
1147 2833 67 79 1 0
3928 2156 39 60 1 0
3860 1702 51 57 1 0
3049 1798 42 47 2 0
4788 1847 37 37 1 0
1472 1897 42 47 1 0
1628 2626 67 79 1 0
282 2673 67 79 1 0
4990 1653 51 57 1 0
3800 1760 51 57 2 0
4949 1834 37 37 1 0
4196 1731 51 57 1 0
3547 2176 39 60 1 0
4264 2053 39 60 1 0
3094 2173 39 60 1 0
4669 1951 37 37 1 0
3161 1821 40 45 1 0
3952 2009 37 37 1 0
3109 2495 67 79 1 0
2609 2445 67 79 2 0
3877 2075 39 60 1 0
2462 2375 67 79 1 0
2333 1844 42 47 1 0
3399 1714 51 57 2 0
662 1826 42 47 1 0
3580 1744 51 57 1 0
3893 1710 51 57 1 0
3167 1741 42 47 1 0
3123 1737 36 40 1 0
3105 2110 39 60 1 0
2564 2252 39 60 1 0
461 1828 42 47 1 0
1974 1855 42 47 1 0
4979 1926 37 37 2 0
4079 2107 39 60 1 0
4254 2014 37 37 1 0
4411 2046 39 60 2 0
1193 1960 42 47 1 0
571 3334 109 160 1 0
4292 2143 39 60 1 0
4459 1669 51 57 2 0
2046 3167 109 160 1 0
3723 2047 39 60 1 0
4187 2048 39 60 1 0
4704 1899 37 37 1 0
3810 1661 51 57 1 0
2627 1657 27 29 2 0
4813 1659 51 57 1 0
859 1795 42 47 1 0
3052 1668 27 29 1 0
3765 2290 39 60 1 0
4784 1930 37 37 1 0
3963 1651 51 57 1 0
4051 1945 37 37 1 0
4800 1881 37 37 1 0
4828 1572 23 21 1 0
3676 2195 39 60 2 0
1945 1960 42 47 1 0
2082 2354 67 79 1 0
971 2080 39 60 1 0
4232 1777 51 57 2 0
2188 2265 39 60 1 0
4718 1641 51 57 1 0
2508 1734 27 29 1 0
3404 1743 51 57 2 0
2074 2411 67 79 1 0
1824 1921 42 47 1 0
3844 2046 39 60 1 0
5174 1873 37 37 2 0
4201 1995 37 37 1 0
4455 1691 51 57 2 0
1670 1933 42 47 1 0
3409 1898 37 37 1 0
4068 2022 37 37 1 0
3909 2048 39 60 1 0
4397 1877 37 37 2 0
4509 2010 37 37 2 0
3255 2159 39 60 1 0
4167 2085 39 60 1 0
1831 1844 42 47 1 0
4333 1920 37 37 1 0
655 1985 42 47 1 0
1789 3231 109 160 1 0
1910 2434 67 79 1 0
4779 1728 51 57 1 0
3732 1737 51 57 1 0
3421 2260 39 60 1 0
1882 2386 67 79 1 0
1387 2390 67 79 1 0
4449 1891 37 37 2 0
3796 2022 37 37 1 0
810 1897 42 47 1 0
1174 2497 67 79 1 0
2440 1831 42 47 1 0
3606 2077 39 60 1 0
5054 1892 37 37 2 0
4922 1835 37 37 2 0
3539 1780 51 57 1 0
4558 1686 51 57 1 0
3423 2155 39 60 1 0
1379 2515 67 79 1 0
3043 1819 42 47 2 0
627 2103 39 60 1 0
4025 2120 39 60 1 0
1389 1943 42 47 1 0
3018 2376 67 79 1 0
2803 2387 67 79 1 0
4142 1995 37 37 1 0
4145 1596 51 57 1 0
2965 1713 27 29 1 0
3009 1654 27 29 1 0
2021 1736 42 47 1 0
3984 2120 39 60 1 0
3449 1886 37 37 1 0
4985 1949 37 37 2 0
3841 1622 51 57 1 0
3061 1769 27 29 1 0
4730 1967 37 37 1 0
4453 2017 37 37 1 0
2375 2224 39 60 1 0
3176 2111 39 60 1 0
4417 2044 39 60 2 0
1508 2430 67 79 1 0
2661 2331 46 64 1 0
4625 1908 37 37 1 0
466 1989 42 47 1 0
3180 2215 39 60 1 0
3327 2118 39 60 1 0
4926 1662 51 57 1 0
1726 2939 109 160 1 0
2534 1685 27 29 1 0
3433 2084 39 60 1 0
136 3047 109 160 1 0
1539 1955 42 47 1 0
2802 1627 27 29 1 0
5069 1929 37 37 1 0
2654 1688 27 29 1 0
3352 2277 39 60 1 0
1468 2367 67 79 1 0
3417 1794 51 57 1 0
387 1813 42 47 2 0
4357 1977 37 37 1 0
4001 1768 51 57 1 0
5020 1708 51 57 1 0
4813 1844 37 37 1 0
3210 2415 67 79 1 0
4008 2016 37 37 1 0
4901 1868 37 37 1 0
3730 1872 47 52 1 0
1719 1879 42 47 1 0
3676 2524 67 79 1 0
2662 1790 42 47 1 0
2460 1792 42 47 1 0
5207 1870 37 37 2 0
849 2583 67 79 1 0
1530 2646 67 79 1 0
1840 2456 67 79 1 0
4214 1700 51 57 2 0
1439 2990 109 160 1 0
3611 2199 39 60 1 0
5048 1899 37 37 2 0
3324 1754 51 57 1 0
3500 1801 51 57 1 0
2807 1815 42 47 1 0
2347 1715 27 29 1 0
1924 1860 42 47 1 0
3165 1787 42 47 1 0
605 2576 67 79 1 0
3783 1707 51 57 1 0
4668 1866 37 37 1 0
4978 1719 51 57 1 0
4338 2048 39 60 1 0
3483 1746 51 57 1 0
4954 1921 37 37 1 0
4411 1874 37 37 2 0
2768 2171 39 60 1 0
573 1836 42 47 1 0
4306 1643 51 57 1 0
4860 1975 37 37 1 0
1274 1920 42 47 1 0
4436 1739 51 57 2 0
4167 1957 37 37 1 0
4537 1976 37 37 1 0
2150 1831 42 47 1 0
2113 2339 46 64 1 0
2130 1846 42 47 1 0
4515 1671 51 57 1 0
4380 2001 37 37 1 0
3940 1711 51 57 1 0
4602 1869 37 37 1 0
5069 1852 37 37 2 0
3662 2242 39 60 1 0
5054 1844 37 37 2 0
4462 2037 37 37 1 0
1361 2949 109 160 1 0
3516 2226 39 60 1 0
4750 1571 23 21 1 0
3641 2056 39 60 1 0
1917 2363 67 79 1 0
2409 1701 27 29 1 0
4730 1675 51 57 1 0
5040 1906 37 37 2 0
4278 1962 37 37 1 0
37 3200 98 139 1 0
3870 2026 37 37 1 0
4310 2092 39 60 1 0
3778 1632 51 57 1 0
2212 1894 42 47 1 0
2960 2163 39 60 1 0
4080 1945 37 37 1 0
1010 1917 42 47 1 0
2155 2670 67 79 1 0
3752 2491 67 79 1 0
4503 1994 37 37 2 0
4121 1937 37 37 1 0
5191 1871 37 37 2 0
4532 1746 51 57 1 0
2861 2214 39 60 1 0
4062 1636 51 57 2 0
4399 2008 37 37 1 0
4916 1563 23 21 1 0
4094 1966 37 37 1 0
3023 1744 27 29 1 0
5184 1680 40 43 1 0
3686 2092 39 60 1 0
337 2054 39 60 1 0
3478 2095 39 60 1 0
2244 2590 67 79 1 0
3500 1840 47 52 2 0
4443 1992 37 37 1 0
5103 1898 37 37 2 0
4893 1941 37 37 1 0
3287 1794 51 57 2 0
2918 1677 27 29 1 0
1719 2594 67 79 1 0
4457 1973 37 37 1 0
3092 2237 39 60 1 0
4004 1728 51 57 1 0
4373 1701 51 57 1 0
2946 2592 67 79 1 0
4891 1676 51 57 1 0
3371 2097 39 60 2 0
4746 1739 51 57 1 0
4408 1733 51 57 2 0
4141 2091 39 60 1 0
2757 1875 42 47 1 0
4061 1664 51 57 2 0
4634 1869 37 37 1 0
4343 2002 37 37 1 0
3055 2318 39 60 1 0
2591 2282 39 60 1 0
2454 1689 27 29 1 0
2834 1794 42 47 1 0
3448 2106 39 60 1 0
4493 1881 37 37 1 0
1157 1806 42 47 2 0
4500 1953 37 37 1 0
4278 1657 51 57 1 0
4049 2123 39 60 1 0
5081 1911 37 37 1 0
2508 2918 109 160 1 0
2907 2245 39 60 1 0
4309 1749 51 57 1 0
4373 1962 37 37 1 0
2960 1792 42 47 1 0
5119 1889 37 37 2 0
2912 1868 42 47 1 0
4051 2039 39 60 1 0
1254 2484 67 79 1 0
4974 1939 37 37 2 0
3749 1784 51 57 1 0
5052 1957 37 37 1 0
3392 2102 39 60 2 0
2815 1743 27 29 1 0
4544 2014 37 37 1 0
2045 1851 42 47 1 0
3830 2117 39 60 1 0
2764 2497 67 79 1 0
1146 1895 42 47 1 0
4434 2027 37 37 1 0
4848 1876 37 37 1 0
1496 2772 67 79 1 0
1646 2470 67 79 1 0
4249 1927 37 37 1 0
4937 1691 51 57 1 0
2908 1729 27 29 1 0
3278 1732 51 57 1 0
4962 1569 23 21 1 0
3921 2120 39 60 1 0
3794 1785 51 57 2 0
1347 1906 42 47 1 0
4903 1835 37 37 2 0
416 3315 109 160 1 0
3293 1818 51 57 2 0
4679 1903 37 37 1 0
2245 2303 39 60 1 0
5216 1870 37 37 2 0
1554 1889 42 47 1 0
4830 1934 37 37 1 0
3830 1740 51 57 1 0
2026 2575 67 79 1 0
