1637 200 4 10 1 0
1182 54 4 10 1 0
323 197 4 10 1 0
599 9 4 10 1 0
2433 704 7 13 1 0
669 458 7 13 1 0
771 540 7 13 1 0
2672 307 4 10 1 0
1465 61 4 10 1 0
2089 953 11 17 1 0
2541 713 7 13 1 0
2899 383 4 10 1 0
313 328 4 10 1 0
593 246 4 10 1 0
292 193 4 10 1 0
2812 828 11 17 1 0
1889 273 4 10 1 0
2645 419 4 10 1 0
2003 20 4 10 1 0
3010 429 4 10 1 0
479 1010 11 17 1 0
1790 830 11 17 1 0
2025 944 11 17 1 0
2007 497 7 13 1 0
1267 564 7 13 1 0
1769 671 7 13 1 0
530 92 4 10 1 0
79 927 11 17 1 0
1796 238 4 10 1 0
751 543 7 13 1 0
1610 184 4 10 1 0
975 207 4 10 1 0
901 414 4 10 1 0
78 187 4 10 1 0
1852 151 4 10 1 0
2129 392 4 10 1 0
773 341 4 10 1 0
55 288 4 10 1 0
452 506 7 13 1 0
396 163 4 10 1 0
1935 30 4 10 1 0
982 171 4 10 1 0
3023 557 7 13 1 0
2344 94 4 10 1 0
1710 289 4 10 1 0
1715 41 4 10 1 0
1431 189 4 10 1 0
1999 559 7 13 1 0
982 284 4 10 1 0
611 242 4 10 1 0
445 556 7 13 1 0
1868 85 4 10 1 0
1081 27 4 10 1 0
1187 162 4 10 1 0
3189 76 4 10 1 0
2563 403 4 10 1 0
2353 189 4 10 1 0
358 228 4 10 1 0
2731 459 7 13 1 0
875 212 4 10 1 0
1058 892 11 17 1 0
791 510 7 13 1 0
2100 435 5 5 1 0
3088 316 4 10 1 0
52 223 4 10 1 0
649 623 7 13 1 0
1754 609 7 13 1 0
955 2 4 10 1 0
1708 214 4 10 1 0
833 197 4 10 1 0
516 141 4 10 1 0
2563 529 7 13 1 0
2029 404 4 10 1 0
1735 678 7 13 1 0
1290 157 4 10 1 0
540 409 4 10 1 0
4 301 4 10 1 0
2666 474 7 13 1 0
2395 359 4 10 1 0
3362 134 4 10 1 0
443 765 11 17 1 0
966 543 7 13 1 0
3399 127 4 10 1 0
3059 756 11 17 1 0
1514 350 4 10 1 0
821 266 4 10 1 0
71 213 4 10 1 0
676 165 4 10 1 0
2085 171 4 10 1 0
2956 1002 11 17 1 0
614 388 4 10 1 0
2331 171 4 10 1 0
1947 270 4 10 1 0
2880 631 7 13 1 0
2353 346 4 10 1 0
61 370 4 10 1 0
3069 465 7 13 1 0
1722 356 4 10 1 0
1663 17 4 10 1 0
2480 413 4 10 1 0
2457 315 4 10 1 0
1306 530 7 13 1 0
1201 159 4 10 1 0
2811 482 7 13 1 0
3213 732 7 13 1 0
679 473 7 13 1 0
666 96 4 10 1 0
263 743 11 17 1 0
97 99 4 10 1 0
1162 992 11 17 1 0
229 184 4 10 1 0
2184 22 4 10 1 0
1752 9 4 10 1 0
1374 556 7 13 1 0
2381 227 4 10 1 0
1872 190 4 10 1 0
3277 237 4 10 1 0
48 391 4 10 1 0
2425 374 4 10 1 0
143 246 4 10 1 0
2527 239 4 10 1 0
1051 356 4 10 1 0
528 257 4 10 1 0
2184 914 11 17 1 0
437 871 11 17 1 0
2088 39 4 10 1 0
1418 565 7 13 1 0
171 860 11 17 1 0
1677 255 4 10 1 0
2526 705 7 13 1 0
367 1007 11 17 1 0
158 639 7 13 1 0
1752 57 4 10 1 0
685 295 4 10 1 0
105 624 7 13 1 0
2383 24 4 10 1 0
2147 974 11 17 1 0
2348 206 4 10 1 0
2697 101 4 10 1 0
678 971 11 17 1 0
257 475 7 13 1 0
2541 474 7 13 1 0
625 910 11 17 1 0
2643 992 11 17 1 0
305 372 4 10 1 0
1394 247 4 10 1 0
2530 844 11 17 1 0
3014 40 4 10 1 0
987 570 7 13 1 0
794 386 4 10 1 0
1528 627 7 13 1 0
623 402 4 10 1 0
494 95 4 10 1 0
3449 430 4 10 1 0
1315 382 4 10 1 0
2375 302 4 10 1 0
1892 527 7 13 1 0
2691 156 4 10 1 0
1483 202 4 10 1 0
1545 320 4 10 1 0
2056 296 4 10 1 0
1029 873 11 17 1 0
392 335 4 10 1 0
896 153 4 10 1 0
274 69 4 10 1 0
230 493 7 13 1 0
1848 695 7 13 1 0
2044 422 4 10 1 0
180 816 11 17 1 0
1573 88 4 10 1 0
1982 197 4 10 1 0
1753 107 4 10 1 0
2263 341 4 10 1 0
2752 424 4 10 1 0
3255 309 4 10 1 0
591 93 4 10 1 0
1993 236 4 10 1 0
309 6 4 10 1 0
89 91 4 10 1 0
1309 3 4 10 1 0
2401 244 4 10 1 0
1867 357 4 10 1 0
817 754 11 17 1 0
2009 93 4 10 1 0
2243 208 4 10 1 0
2389 71 4 10 1 0
1266 791 11 17 1 0
832 406 4 10 1 0
1676 193 4 10 1 0
2144 136 4 10 1 0
1771 234 4 10 1 0
2288 54 4 10 1 0
1392 813 11 17 1 0
345 471 7 13 1 0
1619 390 4 10 1 0
2209 105 4 10 1 0
707 241 4 10 1 0
2590 31 4 10 1 0
3289 137 4 10 1 0
2430 579 7 13 1 0
2317 233 4 10 1 0
367 582 7 13 1 0
2033 120 4 10 1 0
123 348 4 10 1 0
2579 823 11 17 1 0
845 815 11 17 1 0
1475 423 4 10 1 0
2295 262 4 10 1 0
398 532 7 13 1 0
119 1 4 10 1 0
1293 495 7 13 1 0
2283 141 4 10 1 0
2716 212 4 10 1 0
792 66 4 10 1 0
579 70 4 10 1 0
799 439 5 5 1 0
2510 392 4 10 1 0
500 485 7 13 1 0
1528 32 4 10 1 0
260 317 4 10 1 0
206 476 7 13 1 0
3385 842 11 17 1 0
2339 334 4 10 1 0
2347 581 7 13 1 0
724 952 11 17 1 0
754 243 4 10 1 0
125 767 11 17 1 0
2180 371 4 10 1 0
613 180 4 10 1 0
1609 900 11 17 1 0
451 198 4 10 1 0
1087 286 4 10 1 0
2183 68 4 10 1 0
230 355 4 10 1 0
10 532 7 13 1 0
2251 213 4 10 1 0
1849 260 4 10 1 0
1840 446 7 13 1 0
1333 679 7 13 1 0
2842 451 7 13 1 0
1564 286 4 10 1 0
1514 81 4 10 1 0
2650 269 4 10 1 0
1982 76 4 10 1 0
1211 548 7 13 1 0
518 13 4 10 1 0
656 356 4 10 1 0
562 226 4 10 1 0
1171 91 4 10 1 0
3253 112 4 10 1 0
1199 549 7 13 1 0
3314 318 4 10 1 0
1569 822 11 17 1 0
204 171 4 10 1 0
409 403 4 10 1 0
641 383 4 10 1 0
1870 368 4 10 1 0
3166 184 4 10 1 0
1241 580 7 13 1 0
663 475 7 13 1 0
1804 455 7 13 1 0
1512 643 7 13 1 0
1489 607 7 13 1 0
2161 623 7 13 1 0
186 16 4 10 1 0
52 21 4 10 1 0
728 490 7 13 1 0
2248 353 4 10 1 0
2358 817 11 17 1 0
793 323 4 10 1 0
1967 143 4 10 1 0
2904 403 4 10 1 0
2024 526 7 13 1 0
2160 401 4 10 1 0
1086 15 4 10 1 0
695 480 7 13 1 0
742 32 4 10 1 0
2323 729 7 13 1 0
3162 790 11 17 1 0
1881 708 7 13 1 0
1394 747 11 17 1 0
2142 200 4 10 1 0
65 529 7 13 1 0
819 453 7 13 1 0
2596 427 4 10 1 0
41 232 4 10 1 0
927 344 4 10 1 0
3274 916 11 17 1 0
2535 873 11 17 1 0
701 353 4 10 1 0
409 415 4 10 1 0
2131 1005 11 17 1 0
697 587 7 13 1 0
1346 638 7 13 1 0
2508 270 4 10 1 0
1543 790 11 17 1 0
1409 554 7 13 1 0
2171 260 4 10 1 0
593 462 7 13 1 0
657 72 4 10 1 0
28 38 4 10 1 0
2125 549 7 13 1 0
1942 852 11 17 1 0
1071 838 11 17 1 0
1944 984 11 17 1 0
1874 482 7 13 1 0
2424 213 4 10 1 0
113 264 4 10 1 0
872 316 4 10 1 0
543 274 4 10 1 0
584 188 4 10 1 0
2772 250 4 10 1 0
2134 153 4 10 1 0
178 266 4 10 1 0
2281 335 4 10 1 0
636 487 7 13 1 0
3041 27 4 10 1 0
473 416 4 10 1 0
2365 224 4 10 1 0
656 359 4 10 1 0
1463 505 7 13 1 0
2351 650 7 13 1 0
167 245 4 10 1 0
1711 701 7 13 1 0
1935 497 7 13 1 0
441 125 4 10 1 0
1217 278 4 10 1 0
2185 484 7 13 1 0
102 122 4 10 1 0
624 837 11 17 1 0
2262 165 4 10 1 0
998 289 4 10 1 0
2017 143 4 10 1 0
2202 17 4 10 1 0
3234 541 7 13 1 0
99 411 4 10 1 0
3114 530 7 13 1 0
467 165 4 10 1 0
2040 653 7 13 1 0
251 425 4 10 1 0
1354 958 11 17 1 0
1791 168 4 10 1 0
18 239 4 10 1 0
21 149 4 10 1 0
3393 347 4 10 1 0
398 620 7 13 1 0
2635 493 7 13 1 0
727 339 4 10 1 0
393 211 4 10 1 0
1531 206 4 10 1 0
2475 362 4 10 1 0
2886 1007 11 17 1 0
830 549 7 13 1 0
995 148 4 10 1 0
2419 632 7 13 1 0
1127 257 4 10 1 0
876 448 7 13 1 0
932 75 4 10 1 0
2017 966 11 17 1 0
2415 269 4 10 1 0
319 174 4 10 1 0
1524 595 7 13 1 0
1045 999 11 17 1 0
2100 395 4 10 1 0
690 195 4 10 1 0
1489 152 4 10 1 0
2300 860 11 17 1 0
2628 718 7 13 1 0
548 674 7 13 1 0
178 270 4 10 1 0
2090 435 5 5 1 0
2458 634 7 13 1 0
2323 177 4 10 1 0
2980 67 4 10 1 0
402 199 4 10 1 0
3074 963 11 17 1 0
3360 169 4 10 1 0
838 338 4 10 1 0
816 83 4 10 1 0
3022 481 7 13 1 0
774 26 4 10 1 0
1031 782 11 17 1 0
3164 871 11 17 1 0
758 91 4 10 1 0
2105 135 4 10 1 0
1266 502 7 13 1 0
572 572 7 13 1 0
2225 81 4 10 1 0
2753 204 4 10 1 0
2201 90 4 10 1 0
2207 288 4 10 1 0
102 396 4 10 1 0
1393 640 7 13 1 0
1750 929 11 17 1 0
2012 980 11 17 1 0
1043 10 4 10 1 0
898 259 4 10 1 0
2646 512 7 13 1 0
1634 344 4 10 1 0
2176 20 4 10 1 0
1300 20 4 10 1 0
3335 72 4 10 1 0
1604 815 11 17 1 0
29 8 4 10 1 0
1241 377 4 10 1 0
132 76 4 10 1 0
1841 218 4 10 1 0
716 301 4 10 1 0
2238 479 7 13 1 0
2043 564 7 13 1 0
467 168 4 10 1 0
1883 298 4 10 1 0
897 210 4 10 1 0
340 667 7 13 1 0
3045 80 4 10 1 0
79 108 4 10 1 0
721 477 7 13 1 0
1330 887 11 17 1 0
2703 544 7 13 1 0
1493 88 4 10 1 0
2403 1 4 10 1 0
1865 51 4 10 1 0
2113 215 4 10 1 0
3308 229 4 10 1 0
3100 941 11 17 1 0
2153 272 4 10 1 0
735 107 4 10 1 0
2619 436 5 5 1 0
566 210 4 10 1 0
59 148 4 10 1 0
2757 925 11 17 1 0
2410 367 4 10 1 0
1139 16 4 10 1 0
2532 190 4 10 1 0
569 201 4 10 1 0
2042 232 4 10 1 0
1846 293 4 10 1 0
2801 423 4 10 1 0
1241 40 4 10 1 0
2141 57 4 10 1 0
2743 164 4 10 1 0
775 158 4 10 1 0
1528 457 7 13 1 0
215 135 4 10 1 0
2721 841 11 17 1 0
1530 709 7 13 1 0
125 513 7 13 1 0
3294 809 11 17 1 0
240 641 7 13 1 0
2235 51 4 10 1 0
2206 365 4 10 1 0
2142 219 4 10 1 0
3258 222 4 10 1 0
3181 310 4 10 1 0
367 178 4 10 1 0
4 434 6 12 1 0
2343 145 4 10 1 0
837 338 4 10 1 0
3380 541 7 13 1 0
756 243 4 10 1 0
3342 386 4 10 1 0
2710 141 4 10 1 0
804 193 4 10 1 0
1847 882 11 17 1 0
641 422 4 10 1 0
202 110 4 10 1 0
2166 42 4 10 1 0
351 424 4 10 1 0
2814 903 11 17 1 0
1440 838 11 17 1 0
1870 275 4 10 1 0
543 110 4 10 1 0
156 442 7 13 1 0
402 197 4 10 1 0
3241 791 11 17 1 0
533 215 4 10 1 0
2422 89 4 10 1 0
893 317 4 10 1 0
629 530 7 13 1 0
224 20 4 10 1 0
1277 879 11 17 1 0
1144 814 11 17 1 0
1738 249 4 10 1 0
23 87 4 10 1 0
562 72 4 10 1 0
690 96 4 10 1 0
653 112 4 10 1 0
463 357 4 10 1 0
1632 917 11 17 1 0
60 118 4 10 1 0
709 115 4 10 1 0
2341 454 7 13 1 0
694 31 4 10 1 0
2166 149 4 10 1 0
2059 480 7 13 1 0
1609 149 4 10 1 0
528 102 4 10 1 0
329 419 4 10 1 0
727 124 4 10 1 0
2727 628 7 13 1 0
13 366 4 10 1 0
2503 234 4 10 1 0
1611 80 4 10 1 0
469 24 4 10 1 0
1854 920 11 17 1 0
2281 187 4 10 1 0
426 619 7 13 1 0
3392 219 4 10 1 0
1569 677 7 13 1 0
93 5 4 10 1 0
1858 182 4 10 1 0
233 144 4 10 1 0
2367 64 4 10 1 0
938 210 4 10 1 0
2194 103 4 10 1 0
1924 941 11 17 1 0
1075 37 4 10 1 0
608 263 4 10 1 0
3137 73 4 10 1 0
1529 905 11 17 1 0
2223 715 7 13 1 0
228 185 4 10 1 0
834 72 4 10 1 0
2233 252 4 10 1 0
1365 780 11 17 1 0
2648 873 11 17 1 0
2382 272 4 10 1 0
69 799 11 17 1 0
3009 358 4 10 1 0
21 863 11 17 1 0
3264 90 4 10 1 0
3240 97 4 10 1 0
304 228 4 10 1 0
210 90 4 10 1 0
3069 482 7 13 1 0
49 391 4 10 1 0
2737 971 11 17 1 0
657 324 4 10 1 0
2520 800 11 17 1 0
542 202 4 10 1 0
2490 254 4 10 1 0
462 250 4 10 1 0
1792 103 4 10 1 0
53 224 4 10 1 0
1963 131 4 10 1 0
1298 29 4 10 1 0
796 946 11 17 1 0
1078 353 4 10 1 0
1826 269 4 10 1 0
1515 805 11 17 1 0
562 185 4 10 1 0
1465 146 4 10 1 0
2990 923 11 17 1 0
1429 617 7 13 1 0
625 32 4 10 1 0
1284 92 4 10 1 0
1910 927 11 17 1 0
2824 167 4 10 1 0
2317 106 4 10 1 0
862 133 4 10 1 0
2403 676 7 13 1 0
2390 789 11 17 1 0
551 176 4 10 1 0
2239 494 7 13 1 0
2374 278 4 10 1 0
2966 754 11 17 1 0
242 263 4 10 1 0
1659 1006 11 17 1 0
3443 394 4 10 1 0
1312 451 7 13 1 0
1947 222 4 10 1 0
1232 642 7 13 1 0
702 248 4 10 1 0
2825 773 11 17 1 0
3423 2 4 10 1 0
516 545 7 13 1 0
1497 513 7 13 1 0
500 249 4 10 1 0
301 611 7 13 1 0
498 796 11 17 1 0
311 209 4 10 1 0
597 177 4 10 1 0
1484 118 4 10 1 0
1678 328 4 10 1 0
601 314 4 10 1 0
2789 157 4 10 1 0
702 834 11 17 1 0
2884 60 4 10 1 0
2021 96 4 10 1 0
226 195 4 10 1 0
2163 1007 11 17 1 0
3434 84 4 10 1 0
653 766 11 17 1 0
1185 795 11 17 1 0
289 276 4 10 1 0
661 30 4 10 1 0
5 156 4 10 1 0
827 576 7 13 1 0
1978 48 4 10 1 0
923 877 11 17 1 0
2488 396 4 10 1 0
591 292 4 10 1 0
216 136 4 10 1 0
1306 929 11 17 1 0
715 198 4 10 1 0
1756 37 4 10 1 0
2526 47 4 10 1 0
973 4 4 10 1 0
9 113 4 10 1 0
3336 132 4 10 1 0
1035 449 7 13 1 0
2695 516 7 13 1 0
1279 355 4 10 1 0
142 766 11 17 1 0
126 542 7 13 1 0
1765 272 4 10 1 0
1504 199 4 10 1 0
1401 148 4 10 1 0
2439 332 4 10 1 0
55 1011 11 17 1 0
3365 800 11 17 1 0
763 428 4 10 1 0
2032 157 4 10 1 0
2039 97 4 10 1 0
1878 338 4 10 1 0
1485 732 7 13 1 0
2747 100 4 10 1 0
2254 777 11 17 1 0
2345 37 4 10 1 0
1088 498 7 13 1 0
335 22 4 10 1 0
1429 259 4 10 1 0
2747 27 4 10 1 0
2119 254 4 10 1 0
1435 7 4 10 1 0
2710 791 11 17 1 0
2349 747 11 17 1 0
875 810 11 17 1 0
2089 128 4 10 1 0
336 733 7 13 1 0
2516 398 4 10 1 0
2828 236 4 10 1 0
360 229 4 10 1 0
11 531 7 13 1 0
1801 441 5 5 1 0
590 509 7 13 1 0
125 13 4 10 1 0
40 713 7 13 1 0
280 154 4 10 1 0
1453 185 4 10 1 0
327 675 7 13 1 0
2239 162 4 10 1 0
995 34 4 10 1 0
1419 38 4 10 1 0
2408 557 7 13 1 0
1965 571 7 13 1 0
760 212 4 10 1 0
1005 347 4 10 1 0
508 492 7 13 1 0
1419 178 4 10 1 0
309 86 4 10 1 0
1094 304 4 10 1 0
1593 92 4 10 1 0
1947 53 4 10 1 0
287 360 4 10 1 0
159 597 7 13 1 0
2938 674 7 13 1 0
2142 17 4 10 1 0
1179 8 4 10 1 0
600 587 7 13 1 0
2187 116 4 10 1 0
1582 62 4 10 1 0
2754 703 7 13 1 0
1463 26 4 10 1 0
1511 700 7 13 1 0
1200 133 4 10 1 0
415 274 4 10 1 0
720 281 4 10 1 0
3389 538 7 13 1 0
1811 88 4 10 1 0
484 310 4 10 1 0
740 280 4 10 1 0
2360 164 4 10 1 0
681 245 4 10 1 0
598 237 4 10 1 0
636 527 7 13 1 0
694 639 7 13 1 0
1036 198 4 10 1 0
3447 5 4 10 1 0
574 542 7 13 1 0
727 62 4 10 1 0
127 570 7 13 1 0
425 560 7 13 1 0
2428 604 7 13 1 0
63 200 4 10 1 0
2336 11 4 10 1 0
2146 51 4 10 1 0
2210 251 4 10 1 0
1249 38 4 10 1 0
1625 539 7 13 1 0
769 142 4 10 1 0
754 117 4 10 1 0
2540 539 7 13 1 0
2277 763 11 17 1 0
683 573 7 13 1 0
3261 935 11 17 1 0
552 617 7 13 1 0
502 447 7 13 1 0
2574 347 4 10 1 0
2345 530 7 13 1 0
2281 214 4 10 1 0
1187 339 4 10 1 0
338 885 11 17 1 0
1701 274 4 10 1 0
1286 254 4 10 1 0
2699 583 7 13 1 0
2948 782 11 17 1 0
2082 78 4 10 1 0
582 17 4 10 1 0
1879 904 11 17 1 0
1003 320 4 10 1 0
552 577 7 13 1 0
2674 794 11 17 1 0
597 236 4 10 1 0
2258 524 7 13 1 0
659 631 7 13 1 0
2096 155 4 10 1 0
3065 54 4 10 1 0
527 120 4 10 1 0
3018 15 4 10 1 0
2011 200 4 10 1 0
1840 83 4 10 1 0
1205 932 11 17 1 0
3226 392 4 10 1 0
3058 366 4 10 1 0
2328 89 4 10 1 0
3415 281 4 10 1 0
2017 280 4 10 1 0
46 266 4 10 1 0
2372 187 4 10 1 0
1891 799 11 17 1 0
2228 91 4 10 1 0
607 478 7 13 1 0
2195 754 11 17 1 0
3353 321 4 10 1 0
2 498 7 13 1 0
1993 192 4 10 1 0
958 436 5 5 1 0
2149 323 4 10 1 0
748 156 4 10 1 0
168 16 4 10 1 0
2554 141 4 10 1 0
2961 561 7 13 1 0
1262 107 4 10 1 0
206 216 4 10 1 0
2269 291 4 10 1 0
2546 612 7 13 1 0
591 291 4 10 1 0
1270 214 4 10 1 0
27 320 4 10 1 0
3416 184 4 10 1 0
2763 67 4 10 1 0
2020 579 7 13 1 0
367 150 4 10 1 0
1210 21 4 10 1 0
780 451 7 13 1 0
2949 9 4 10 1 0
184 511 7 13 1 0
20 225 4 10 1 0
349 300 4 10 1 0
1924 190 4 10 1 0
1184 611 7 13 1 0
1583 539 7 13 1 0
174 206 4 10 1 0
2107 963 11 17 1 0
694 17 4 10 1 0
1999 522 7 13 1 0
232 323 4 10 1 0
1911 185 4 10 1 0
1440 306 4 10 1 0
2149 42 4 10 1 0
337 449 7 13 1 0
2395 12 4 10 1 0
677 17 4 10 1 0
606 550 7 13 1 0
94 58 4 10 1 0
1843 915 11 17 1 0
448 134 4 10 1 0
1328 79 4 10 1 0
1886 55 4 10 1 0
718 677 7 13 1 0
64 736 7 13 1 0
198 335 4 10 1 0
1364 351 4 10 1 0
2640 391 4 10 1 0
693 469 7 13 1 0
1300 92 4 10 1 0
2437 974 11 17 1 0
1310 437 5 5 1 0
636 185 4 10 1 0
1880 185 4 10 1 0
1954 585 7 13 1 0
408 413 4 10 1 0
81 249 4 10 1 0
2589 43 4 10 1 0
3417 42 4 10 1 0
1085 220 4 10 1 0
1090 158 4 10 1 0
885 466 7 13 1 0
768 848 11 17 1 0
3292 130 4 10 1 0
1423 796 11 17 1 0
72 841 11 17 1 0
2141 549 7 13 1 0
648 30 4 10 1 0
296 64 4 10 1 0
2056 125 4 10 1 0
2443 459 7 13 1 0
2292 292 4 10 1 0
2197 494 7 13 1 0
1118 681 7 13 1 0
2710 458 7 13 1 0
111 157 4 10 1 0
1694 136 4 10 1 0
1818 821 11 17 1 0
2169 185 4 10 1 0
745 496 7 13 1 0
285 358 4 10 1 0
434 447 7 13 1 0
1393 204 4 10 1 0
769 73 4 10 1 0
2852 218 4 10 1 0
1225 11 4 10 1 0
1909 381 4 10 1 0
1441 121 4 10 1 0
940 196 4 10 1 0
1675 947 11 17 1 0
563 732 7 13 1 0
1503 856 11 17 1 0
1029 130 4 10 1 0
1861 787 11 17 1 0
457 569 7 13 1 0
2612 621 7 13 1 0
2245 68 4 10 1 0
1425 379 4 10 1 0
1385 841 11 17 1 0
620 154 4 10 1 0
707 115 4 10 1 0
637 485 7 13 1 0
284 107 4 10 1 0
586 507 7 13 1 0
1984 735 7 13 1 0
3341 162 4 10 1 0
253 424 4 10 1 0
2557 27 4 10 1 0
1789 201 4 10 1 0
695 347 4 10 1 0
2047 182 4 10 1 0
386 800 11 17 1 0
2330 129 4 10 1 0
817 178 4 10 1 0
181 467 7 13 1 0
1675 212 4 10 1 0
2601 389 4 10 1 0
149 387 4 10 1 0
1618 95 4 10 1 0
129 400 4 10 1 0
2450 77 4 10 1 0
717 134 4 10 1 0
2406 171 4 10 1 0
24 286 4 10 1 0
2076 180 4 10 1 0
1898 437 5 5 1 0
3246 74 4 10 1 0
654 204 4 10 1 0
2004 913 11 17 1 0
601 165 4 10 1 0
1611 12 4 10 1 0
958 113 4 10 1 0
2380 341 4 10 1 0
2488 507 7 13 1 0
3153 384 4 10 1 0
1758 369 4 10 1 0
2121 411 4 10 1 0
629 172 4 10 1 0
581 834 11 17 1 0
198 805 11 17 1 0
716 442 7 13 1 0
1920 563 7 13 1 0
565 142 4 10 1 0
1966 223 4 10 1 0
2105 279 4 10 1 0
391 246 4 10 1 0
3242 5 4 10 1 0
119 142 4 10 1 0
130 400 4 10 1 0
1501 755 11 17 1 0
787 347 4 10 1 0
1146 139 4 10 1 0
3262 317 4 10 1 0
2241 2 4 10 1 0
1574 37 4 10 1 0
609 476 7 13 1 0
222 164 4 10 1 0
1261 82 4 10 1 0
429 346 4 10 1 0
1832 642 7 13 1 0
1029 649 7 13 1 0
2550 594 7 13 1 0
2428 741 11 17 1 0
785 914 11 17 1 0
681 96 4 10 1 0
2204 383 4 10 1 0
2154 126 4 10 1 0
299 881 11 17 1 0
1625 935 11 17 1 0
155 174 4 10 1 0
702 162 4 10 1 0
1144 160 4 10 1 0
2323 479 7 13 1 0
2691 180 4 10 1 0
1978 512 7 13 1 0
354 448 7 13 1 0
1760 403 4 10 1 0
1270 347 4 10 1 0
2991 799 11 17 1 0
162 621 7 13 1 0
1846 308 4 10 1 0
2149 562 7 13 1 0
2579 573 7 13 1 0
1598 435 5 5 1 0
737 106 4 10 1 0
366 304 4 10 1 0
1432 443 7 13 1 0
2275 901 11 17 1 0
2375 155 4 10 1 0
2290 130 4 10 1 0
1717 715 7 13 1 0
155 439 5 5 1 0
2402 410 4 10 1 0
1235 924 11 17 1 0
2136 176 4 10 1 0
3342 259 4 10 1 0
2846 487 7 13 1 0
378 361 4 10 1 0
2108 104 4 10 1 0
1960 746 11 17 1 0
1587 397 4 10 1 0
3122 94 4 10 1 0
1111 661 7 13 1 0
2773 87 4 10 1 0
3357 243 4 10 1 0
1336 23 4 10 1 0
599 353 4 10 1 0
505 297 4 10 1 0
734 254 4 10 1 0
1751 218 4 10 1 0
827 137 4 10 1 0
1554 349 4 10 1 0
1729 259 4 10 1 0
2600 753 11 17 1 0
1036 387 4 10 1 0
718 444 7 13 1 0
2161 202 4 10 1 0
67 586 7 13 1 0
449 583 7 13 1 0
1013 36 4 10 1 0
2942 529 7 13 1 0
2554 1 4 10 1 0
1921 99 4 10 1 0
541 366 4 10 1 0
21 313 4 10 1 0
451 179 4 10 1 0
32 298 4 10 1 0
1219 415 4 10 1 0
724 411 4 10 1 0
1992 49 4 10 1 0
1902 854 11 17 1 0
2294 594 7 13 1 0
2997 211 4 10 1 0
377 526 7 13 1 0
689 322 4 10 1 0
2680 202 4 10 1 0
2916 684 7 13 1 0
1551 522 7 13 1 0
2469 683 7 13 1 0
727 314 4 10 1 0
1010 667 7 13 1 0
1084 670 7 13 1 0
992 647 7 13 1 0
2011 239 4 10 1 0
2 573 7 13 1 0
293 558 7 13 1 0
334 925 11 17 1 0
2128 58 4 10 1 0
2818 530 7 13 1 0
547 359 4 10 1 0
745 236 4 10 1 0
1523 547 7 13 1 0
575 161 4 10 1 0
1604 311 4 10 1 0
2640 352 4 10 1 0
1185 123 4 10 1 0
453 10 4 10 1 0
2080 294 4 10 1 0
1547 541 7 13 1 0
124 419 4 10 1 0
2364 583 7 13 1 0
2559 691 7 13 1 0
282 176 4 10 1 0
942 478 7 13 1 0
2754 1010 11 17 1 0
574 300 4 10 1 0
120 25 4 10 1 0
2325 18 4 10 1 0
1662 581 7 13 1 0
345 163 4 10 1 0
1366 103 4 10 1 0
692 118 4 10 1 0
580 1007 11 17 1 0
1118 703 7 13 1 0
864 612 7 13 1 0
3257 81 4 10 1 0
55 289 4 10 1 0
1015 10 4 10 1 0
2333 65 4 10 1 0
355 575 7 13 1 0
139 202 4 10 1 0
916 148 4 10 1 0
1433 387 4 10 1 0
564 581 7 13 1 0
1711 469 7 13 1 0
569 131 4 10 1 0
2763 568 7 13 1 0
2071 53 4 10 1 0
2434 49 4 10 1 0
1328 3 4 10 1 0
688 409 4 10 1 0
377 523 7 13 1 0
227 308 4 10 1 0
363 803 11 17 1 0
2518 633 7 13 1 0
379 428 4 10 1 0
322 873 11 17 1 0
2505 717 7 13 1 0
979 983 11 17 1 0
2119 882 11 17 1 0
2538 347 4 10 1 0
436 450 7 13 1 0
682 277 4 10 1 0
1284 834 11 17 1 0
88 476 7 13 1 0
2326 224 4 10 1 0
364 123 4 10 1 0
204 645 7 13 1 0
2328 448 7 13 1 0
2969 719 7 13 1 0
2421 709 7 13 1 0
1821 87 4 10 1 0
3176 460 7 13 1 0
1952 137 4 10 1 0
739 172 4 10 1 0
867 390 4 10 1 0
1446 368 4 10 1 0
283 23 4 10 1 0
2059 322 4 10 1 0
2729 763 11 17 1 0
2915 701 7 13 1 0
1399 402 4 10 1 0
2034 470 7 13 1 0
96 99 4 10 1 0
1236 312 4 10 1 0
3430 474 7 13 1 0
3325 337 4 10 1 0
1559 755 11 17 1 0
236 253 4 10 1 0
528 285 4 10 1 0
9 26 4 10 1 0
405 741 11 17 1 0
2030 278 4 10 1 0
3405 658 7 13 1 0
2130 619 7 13 1 0
2388 461 7 13 1 0
1991 393 4 10 1 0
722 599 7 13 1 0
2791 279 4 10 1 0
689 131 4 10 1 0
2295 624 7 13 1 0
3307 133 4 10 1 0
124 421 4 10 1 0
1137 568 7 13 1 0
246 225 4 10 1 0
352 335 4 10 1 0
144 21 4 10 1 0
2206 274 4 10 1 0
824 156 4 10 1 0
356 821 11 17 1 0
3009 15 4 10 1 0
308 120 4 10 1 0
3307 47 4 10 1 0
2120 275 4 10 1 0
2509 884 11 17 1 0
1356 738 7 13 1 0
3038 439 5 5 1 0
1191 996 11 17 1 0
2361 8 4 10 1 0
442 75 4 10 1 0
1512 223 4 10 1 0
3050 848 11 17 1 0
2092 598 7 13 1 0
2521 318 4 10 1 0
102 904 11 17 1 0
1058 153 4 10 1 0
737 427 4 10 1 0
739 173 4 10 1 0
550 56 4 10 1 0
2167 725 7 13 1 0
1632 796 11 17 1 0
2801 141 4 10 1 0
2428 60 4 10 1 0
205 30 4 10 1 0
2007 956 11 17 1 0
1281 458 7 13 1 0
1517 370 4 10 1 0
2254 491 7 13 1 0
793 511 7 13 1 0
61 314 4 10 1 0
514 32 4 10 1 0
3455 73 4 10 1 0
3317 469 7 13 1 0
2434 77 4 10 1 0
3218 953 11 17 1 0
2000 757 11 17 1 0
1384 16 4 10 1 0
1894 99 4 10 1 0
1133 171 4 10 1 0
820 231 4 10 1 0
1796 418 4 10 1 0
1741 371 4 10 1 0
3140 56 4 10 1 0
60 273 4 10 1 0
2383 500 7 13 1 0
2498 822 11 17 1 0
1000 176 4 10 1 0
2121 325 4 10 1 0
1339 72 4 10 1 0
870 526 7 13 1 0
1120 394 4 10 1 0
346 272 4 10 1 0
2847 53 4 10 1 0
2506 51 4 10 1 0
2069 290 4 10 1 0
2115 8 4 10 1 0
873 195 4 10 1 0
3120 546 7 13 1 0
2433 396 4 10 1 0
713 502 7 13 1 0
315 182 4 10 1 0
1687 37 4 10 1 0
45 503 7 13 1 0
1611 331 4 10 1 0
1115 547 7 13 1 0
1781 112 4 10 1 0
335 388 4 10 1 0
1797 859 11 17 1 0
3233 329 4 10 1 0
483 982 11 17 1 0
1779 329 4 10 1 0
3310 270 4 10 1 0
408 466 7 13 1 0
1499 307 4 10 1 0
594 17 4 10 1 0
282 477 7 13 1 0
1360 34 4 10 1 0
2590 566 7 13 1 0
171 440 5 5 1 0
127 191 4 10 1 0
2030 693 7 13 1 0
1743 386 4 10 1 0
440 224 4 10 1 0
1528 372 4 10 1 0
2208 7 4 10 1 0
652 39 4 10 1 0
1400 4 4 10 1 0
3067 6 4 10 1 0
359 36 4 10 1 0
275 68 4 10 1 0
794 28 4 10 1 0
992 74 4 10 1 0
581 673 7 13 1 0
2275 427 4 10 1 0
501 228 4 10 1 0
268 31 4 10 1 0
854 885 11 17 1 0
1026 924 11 17 1 0
420 324 4 10 1 0
836 240 4 10 1 0
2831 665 7 13 1 0
788 272 4 10 1 0
3152 761 11 17 1 0
2560 254 4 10 1 0
362 138 4 10 1 0
1974 558 7 13 1 0
1850 392 4 10 1 0
207 538 7 13 1 0
2008 469 7 13 1 0
2170 113 4 10 1 0
2306 80 4 10 1 0
542 371 4 10 1 0
952 402 4 10 1 0
1154 387 4 10 1 0
3032 695 7 13 1 0
1180 355 4 10 1 0
3049 113 4 10 1 0
23 511 7 13 1 0
730 978 11 17 1 0
793 594 7 13 1 0
529 257 4 10 1 0
3310 504 7 13 1 0
2914 732 7 13 1 0
888 131 4 10 1 0
133 688 7 13 1 0
547 336 4 10 1 0
214 185 4 10 1 0
1531 343 4 10 1 0
2404 59 4 10 1 0
1502 542 7 13 1 0
2159 585 7 13 1 0
1469 355 4 10 1 0
3327 18 4 10 1 0
2189 630 7 13 1 0
99 196 4 10 1 0
1465 74 4 10 1 0
1906 68 4 10 1 0
635 506 7 13 1 0
689 607 7 13 1 0
808 96 4 10 1 0
2006 55 4 10 1 0
818 66 4 10 1 0
3385 505 7 13 1 0
1458 1 4 10 1 0
433 427 4 10 1 0
2038 327 4 10 1 0
3361 36 4 10 1 0
3094 614 7 13 1 0
382 744 11 17 1 0
1147 339 4 10 1 0
2197 415 4 10 1 0
1894 189 4 10 1 0
703 4 4 10 1 0
2942 267 4 10 1 0
515 109 4 10 1 0
2121 288 4 10 1 0
2565 431 5 5 1 0
456 232 4 10 1 0
139 107 4 10 1 0
154 261 4 10 1 0
3125 913 11 17 1 0
3306 536 7 13 1 0
1113 154 4 10 1 0
1896 938 11 17 1 0
821 229 4 10 1 0
3102 774 11 17 1 0
734 505 7 13 1 0
1523 394 4 10 1 0
1889 511 7 13 1 0
286 219 4 10 1 0
306 997 11 17 1 0
1702 33 4 10 1 0
340 113 4 10 1 0
2738 555 7 13 1 0
1103 846 11 17 1 0
1053 622 7 13 1 0
88 275 4 10 1 0
2586 546 7 13 1 0
1673 77 4 10 1 0
3380 152 4 10 1 0
2593 785 11 17 1 0
1953 381 4 10 1 0
604 194 4 10 1 0
2021 19 4 10 1 0
1929 706 7 13 1 0
2018 666 7 13 1 0
2080 239 4 10 1 0
961 455 7 13 1 0
3255 993 11 17 1 0
2471 56 4 10 1 0
1276 723 7 13 1 0
2256 899 11 17 1 0
1212 220 4 10 1 0
265 14 4 10 1 0
1661 441 5 5 1 0
2317 11 4 10 1 0
3166 735 7 13 1 0
1293 987 11 17 1 0
1347 505 7 13 1 0
1386 347 4 10 1 0
2464 383 4 10 1 0
1362 595 7 13 1 0
2366 680 7 13 1 0
2377 481 7 13 1 0
1889 1003 11 17 1 0
1220 612 7 13 1 0
1935 86 4 10 1 0
451 180 4 10 1 0
465 97 4 10 1 0
1627 113 4 10 1 0
1118 108 4 10 1 0
2344 317 4 10 1 0
2515 24 4 10 1 0
2823 295 4 10 1 0
80 516 7 13 1 0
3078 196 4 10 1 0
3230 259 4 10 1 0
444 523 7 13 1 0
306 230 4 10 1 0
2044 674 7 13 1 0
1707 66 4 10 1 0
2482 522 7 13 1 0
1575 567 7 13 1 0
2749 148 4 10 1 0
2984 96 4 10 1 0
1751 785 11 17 1 0
3250 27 4 10 1 0
2072 20 4 10 1 0
245 225 4 10 1 0
1876 129 4 10 1 0
1843 554 7 13 1 0
1241 217 4 10 1 0
1980 639 7 13 1 0
924 33 4 10 1 0
1861 387 4 10 1 0
1441 595 7 13 1 0
2242 114 4 10 1 0
1938 181 4 10 1 0
2076 6 4 10 1 0
1904 402 4 10 1 0
641 384 4 10 1 0
3273 29 4 10 1 0
1033 725 7 13 1 0
2140 348 4 10 1 0
3190 646 7 13 1 0
2062 211 4 10 1 0
2208 719 7 13 1 0
1746 405 4 10 1 0
180 34 4 10 1 0
456 235 4 10 1 0
136 167 4 10 1 0
2547 47 4 10 1 0
2611 671 7 13 1 0
1754 842 11 17 1 0
49 629 7 13 1 0
2302 218 4 10 1 0
1093 275 4 10 1 0
2772 507 7 13 1 0
1867 825 11 17 1 0
1670 789 11 17 1 0
120 72 4 10 1 0
2362 433 5 5 1 0
179 61 4 10 1 0
2543 153 4 10 1 0
349 260 4 10 1 0
2247 332 4 10 1 0
626 459 7 13 1 0
646 89 4 10 1 0
1966 168 4 10 1 0
3460 193 4 10 1 0
2221 228 4 10 1 0
1556 397 4 10 1 0
2290 21 4 10 1 0
2230 666 7 13 1 0
2912 975 11 17 1 0
1047 164 4 10 1 0
1832 416 4 10 1 0
2161 168 4 10 1 0
1816 74 4 10 1 0
1101 732 7 13 1 0
20 413 4 10 1 0
2164 686 7 13 1 0
793 216 4 10 1 0
1554 291 4 10 1 0
1832 385 4 10 1 0
963 157 4 10 1 0
681 51 4 10 1 0
60 896 11 17 1 0
3207 151 4 10 1 0
550 277 4 10 1 0
2173 135 4 10 1 0
1665 122 4 10 1 0
788 407 4 10 1 0
953 380 4 10 1 0
2718 355 4 10 1 0
1281 419 4 10 1 0
2379 757 11 17 1 0
1330 221 4 10 1 0
833 499 7 13 1 0
752 402 4 10 1 0
997 252 4 10 1 0
2065 1010 11 17 1 0
1681 735 7 13 1 0
495 155 4 10 1 0
2902 810 11 17 1 0
813 277 4 10 1 0
100 412 4 10 1 0
1072 76 4 10 1 0
1892 75 4 10 1 0
2933 394 4 10 1 0
3439 220 4 10 1 0
1472 88 4 10 1 0
3262 573 7 13 1 0
1947 116 4 10 1 0
934 544 7 13 1 0
3375 384 4 10 1 0
565 241 4 10 1 0
630 197 4 10 1 0
3102 54 4 10 1 0
440 124 4 10 1 0
174 228 4 10 1 0
664 127 4 10 1 0
610 243 4 10 1 0
1901 910 11 17 1 0
2179 497 7 13 1 0
2072 172 4 10 1 0
1942 650 7 13 1 0
2740 288 4 10 1 0
2009 763 11 17 1 0
2067 383 4 10 1 0
24 284 4 10 1 0
744 379 4 10 1 0
319 100 4 10 1 0
3039 57 4 10 1 0
1340 286 4 10 1 0
604 195 4 10 1 0
1990 171 4 10 1 0
1334 602 7 13 1 0
2846 707 7 13 1 0
2058 37 4 10 1 0
1436 675 7 13 1 0
2256 475 7 13 1 0
2240 254 4 10 1 0
2822 570 7 13 1 0
1338 126 4 10 1 0
425 109 4 10 1 0
1235 550 7 13 1 0
1107 33 4 10 1 0
2736 690 7 13 1 0
216 297 4 10 1 0
140 436 5 5 1 0
3356 396 4 10 1 0
2564 1009 11 17 1 0
1445 18 4 10 1 0
198 139 4 10 1 0
3211 364 4 10 1 0
479 867 11 17 1 0
146 583 7 13 1 0
1309 590 7 13 1 0
2893 270 4 10 1 0
2385 720 7 13 1 0
669 383 4 10 1 0
45 177 4 10 1 0
306 588 7 13 1 0
1189 76 4 10 1 0
376 361 4 10 1 0
1891 172 4 10 1 0
954 13 4 10 1 0
2770 471 7 13 1 0
126 223 4 10 1 0
2584 359 4 10 1 0
891 509 7 13 1 0
2213 586 7 13 1 0
2187 6 4 10 1 0
3285 465 7 13 1 0
272 138 4 10 1 0
834 199 4 10 1 0
1351 298 4 10 1 0
3256 561 7 13 1 0
415 519 7 13 1 0
1298 302 4 10 1 0
2900 483 7 13 1 0
480 505 7 13 1 0
10 112 4 10 1 0
1760 554 7 13 1 0
178 59 4 10 1 0
314 206 4 10 1 0
571 849 11 17 1 0
1044 259 4 10 1 0
1197 58 4 10 1 0
331 418 4 10 1 0
1017 482 7 13 1 0
1996 308 4 10 1 0
1650 188 4 10 1 0
2152 109 4 10 1 0
828 797 11 17 1 0
533 567 7 13 1 0
254 456 7 13 1 0
2167 562 7 13 1 0
2017 255 4 10 1 0
2059 415 4 10 1 0
661 261 4 10 1 0
8 219 4 10 1 0
905 393 4 10 1 0
42 472 7 13 1 0
366 178 4 10 1 0
2414 147 4 10 1 0
2467 699 7 13 1 0
85 211 4 10 1 0
415 309 4 10 1 0
924 748 11 17 1 0
2119 230 4 10 1 0
2253 187 4 10 1 0
2577 231 4 10 1 0
2485 385 4 10 1 0
138 108 4 10 1 0
942 420 4 10 1 0
1673 623 7 13 1 0
2595 650 7 13 1 0
2405 302 4 10 1 0
1938 41 4 10 1 0
739 91 4 10 1 0
2257 435 5 5 1 0
607 961 11 17 1 0
1311 66 4 10 1 0
171 437 5 5 1 0
1118 872 11 17 1 0
2722 919 11 17 1 0
3231 867 11 17 1 0
2017 114 4 10 1 0
1572 26 4 10 1 0
641 159 4 10 1 0
1245 183 4 10 1 0
1645 260 4 10 1 0
2458 398 4 10 1 0
745 376 4 10 1 0
683 277 4 10 1 0
466 95 4 10 1 0
848 380 4 10 1 0
273 208 4 10 1 0
831 165 4 10 1 0
1894 59 4 10 1 0
1027 267 4 10 1 0
1120 28 4 10 1 0
2777 329 4 10 1 0
570 743 11 17 1 0
1523 738 7 13 1 0
2475 204 4 10 1 0
2183 84 4 10 1 0
161 412 4 10 1 0
2610 691 7 13 1 0
3340 674 7 13 1 0
3243 666 7 13 1 0
1982 479 7 13 1 0
3398 483 7 13 1 0
126 221 4 10 1 0
2426 250 4 10 1 0
3397 448 7 13 1 0
1832 482 7 13 1 0
169 693 7 13 1 0
1606 973 11 17 1 0
967 776 11 17 1 0
1597 361 4 10 1 0
3081 841 11 17 1 0
1515 153 4 10 1 0
1139 426 4 10 1 0
999 230 4 10 1 0
1513 53 4 10 1 0
526 266 4 10 1 0
2273 312 4 10 1 0
434 155 4 10 1 0
903 185 4 10 1 0
1691 379 4 10 1 0
851 49 4 10 1 0
1824 584 7 13 1 0
3313 290 4 10 1 0
454 540 7 13 1 0
1070 713 7 13 1 0
2717 105 4 10 1 0
2286 494 7 13 1 0
2795 302 4 10 1 0
123 487 7 13 1 0
2421 771 11 17 1 0
1291 685 7 13 1 0
1471 577 7 13 1 0
1943 670 7 13 1 0
2173 48 4 10 1 0
2220 394 4 10 1 0
2835 72 4 10 1 0
2920 883 11 17 1 0
1253 416 4 10 1 0
2685 671 7 13 1 0
1414 452 7 13 1 0
2141 427 4 10 1 0
1988 275 4 10 1 0
1365 3 4 10 1 0
1156 406 4 10 1 0
2431 171 4 10 1 0
1282 24 4 10 1 0
84 63 4 10 1 0
2453 733 7 13 1 0
2004 992 11 17 1 0
1370 875 11 17 1 0
2605 670 7 13 1 0
1601 861 11 17 1 0
573 637 7 13 1 0
461 394 4 10 1 0
1032 142 4 10 1 0
3213 263 4 10 1 0
628 532 7 13 1 0
957 582 7 13 1 0
1820 624 7 13 1 0
1155 230 4 10 1 0
1199 307 4 10 1 0
1394 133 4 10 1 0
1462 84 4 10 1 0
2323 329 4 10 1 0
447 197 4 10 1 0
3425 53 4 10 1 0
730 51 4 10 1 0
1354 543 7 13 1 0
2874 594 7 13 1 0
1823 845 11 17 1 0
2133 682 7 13 1 0
2278 420 4 10 1 0
1069 134 4 10 1 0
3231 5 4 10 1 0
973 84 4 10 1 0
2125 27 4 10 1 0
2395 90 4 10 1 0
1013 599 7 13 1 0
1272 303 4 10 1 0
504 371 4 10 1 0
192 295 4 10 1 0
1378 282 4 10 1 0
2161 191 4 10 1 0
118 265 4 10 1 0
3247 337 4 10 1 0
254 274 4 10 1 0
1273 288 4 10 1 0
1069 392 4 10 1 0
336 387 4 10 1 0
2177 401 4 10 1 0
760 185 4 10 1 0
514 57 4 10 1 0
188 731 7 13 1 0
2266 356 4 10 1 0
1822 412 4 10 1 0
56 299 4 10 1 0
533 647 7 13 1 0
284 277 4 10 1 0
308 499 7 13 1 0
461 133 4 10 1 0
1550 263 4 10 1 0
1555 162 4 10 1 0
1978 954 11 17 1 0
2904 557 7 13 1 0
2235 156 4 10 1 0
3229 567 7 13 1 0
2177 687 7 13 1 0
208 368 4 10 1 0
1947 565 7 13 1 0
2090 180 4 10 1 0
136 182 4 10 1 0
1695 16 4 10 1 0
3033 532 7 13 1 0
2194 194 4 10 1 0
1601 25 4 10 1 0
562 101 4 10 1 0
2119 309 4 10 1 0
910 14 4 10 1 0
178 488 7 13 1 0
500 227 4 10 1 0
3441 203 4 10 1 0
3173 10 4 10 1 0
2154 9 4 10 1 0
392 234 4 10 1 0
1634 50 4 10 1 0
1113 580 7 13 1 0
2030 653 7 13 1 0
2978 335 4 10 1 0
1495 29 4 10 1 0
336 309 4 10 1 0
2253 312 4 10 1 0
959 873 11 17 1 0
194 369 4 10 1 0
1767 350 4 10 1 0
418 921 11 17 1 0
3214 505 7 13 1 0
1574 830 11 17 1 0
212 81 4 10 1 0
798 170 4 10 1 0
892 579 7 13 1 0
2116 999 11 17 1 0
654 205 4 10 1 0
463 152 4 10 1 0
2670 619 7 13 1 0
2533 82 4 10 1 0
2006 697 7 13 1 0
1248 626 7 13 1 0
1007 543 7 13 1 0
755 47 4 10 1 0
3053 579 7 13 1 0
1367 390 4 10 1 0
1574 347 4 10 1 0
2221 256 4 10 1 0
940 139 4 10 1 0
789 125 4 10 1 0
845 764 11 17 1 0
66 354 4 10 1 0
1328 94 4 10 1 0
935 99 4 10 1 0
1143 179 4 10 1 0
1941 587 7 13 1 0
3439 363 4 10 1 0
290 127 4 10 1 0
1872 33 4 10 1 0
1114 608 7 13 1 0
1246 87 4 10 1 0
1454 37 4 10 1 0
516 111 4 10 1 0
1235 305 4 10 1 0
2985 549 7 13 1 0
103 343 4 10 1 0
1294 54 4 10 1 0
2186 138 4 10 1 0
3087 563 7 13 1 0
2875 376 4 10 1 0
1951 294 4 10 1 0
1233 691 7 13 1 0
1999 594 7 13 1 0
45 268 4 10 1 0
2311 281 4 10 1 0
1659 724 7 13 1 0
2410 515 7 13 1 0
1401 136 4 10 1 0
2080 405 4 10 1 0
3265 11 4 10 1 0
2967 505 7 13 1 0
1131 109 4 10 1 0
679 67 4 10 1 0
2919 454 7 13 1 0
2040 140 4 10 1 0
187 309 4 10 1 0
150 399 4 10 1 0
1497 139 4 10 1 0
3388 18 4 10 1 0
2597 1005 11 17 1 0
2877 658 7 13 1 0
710 553 7 13 1 0
1490 478 7 13 1 0
3024 733 7 13 1 0
197 748 11 17 1 0
71 308 4 10 1 0
2253 131 4 10 1 0
1952 497 7 13 1 0
21 464 7 13 1 0
441 464 7 13 1 0
1305 405 4 10 1 0
2231 626 7 13 1 0
3342 123 4 10 1 0
1121 307 4 10 1 0
663 472 7 13 1 0
314 182 4 10 1 0
808 94 4 10 1 0
685 142 4 10 1 0
2759 544 7 13 1 0
1725 835 11 17 1 0
843 658 7 13 1 0
2141 986 11 17 1 0
232 440 5 5 1 0
1239 867 11 17 1 0
19 236 4 10 1 0
713 702 7 13 1 0
125 383 4 10 1 0
309 736 7 13 1 0
2680 121 4 10 1 0
1303 132 4 10 1 0
557 977 11 17 1 0
756 477 7 13 1 0
595 920 11 17 1 0
1550 438 5 5 1 0
2226 525 7 13 1 0
2320 75 4 10 1 0
699 84 4 10 1 0
180 244 4 10 1 0
2527 166 4 10 1 0
568 502 7 13 1 0
173 365 4 10 1 0
536 386 4 10 1 0
365 111 4 10 1 0
1358 157 4 10 1 0
195 367 4 10 1 0
2186 170 4 10 1 0
3287 399 4 10 1 0
1499 494 7 13 1 0
169 311 4 10 1 0
2756 180 4 10 1 0
2122 446 7 13 1 0
2098 303 4 10 1 0
895 10 4 10 1 0
1612 135 4 10 1 0
665 341 4 10 1 0
1553 373 4 10 1 0
1032 357 4 10 1 0
1999 357 4 10 1 0
1488 300 4 10 1 0
244 731 7 13 1 0
1587 484 7 13 1 0
1574 992 11 17 1 0
1921 281 4 10 1 0
2529 518 7 13 1 0
2342 246 4 10 1 0
2176 78 4 10 1 0
2404 580 7 13 1 0
380 784 11 17 1 0
1581 630 7 13 1 0
849 305 4 10 1 0
2026 177 4 10 1 0
2701 315 4 10 1 0
764 614 7 13 1 0
1643 978 11 17 1 0
1888 776 11 17 1 0
2711 741 11 17 1 0
21 465 7 13 1 0
401 487 7 13 1 0
2141 476 7 13 1 0
634 232 4 10 1 0
1939 519 7 13 1 0
1012 844 11 17 1 0
3212 67 4 10 1 0
1100 795 11 17 1 0
868 984 11 17 1 0
1851 792 11 17 1 0
2034 21 4 10 1 0
1336 585 7 13 1 0
608 619 7 13 1 0
822 678 7 13 1 0
2443 357 4 10 1 0
2079 150 4 10 1 0
1846 483 7 13 1 0
351 425 4 10 1 0
758 289 4 10 1 0
1503 914 11 17 1 0
1776 416 4 10 1 0
2650 796 11 17 1 0
2282 113 4 10 1 0
2440 237 4 10 1 0
781 143 4 10 1 0
2397 651 7 13 1 0
812 349 4 10 1 0
1742 584 7 13 1 0
2396 284 4 10 1 0
2905 614 7 13 1 0
651 654 7 13 1 0
1070 551 7 13 1 0
3171 497 7 13 1 0
520 305 4 10 1 0
3200 460 7 13 1 0
1321 946 11 17 1 0
2151 183 4 10 1 0
2250 33 4 10 1 0
29 25 4 10 1 0
2131 403 4 10 1 0
741 458 7 13 1 0
1996 675 7 13 1 0
151 263 4 10 1 0
2952 432 5 5 1 0
2528 666 7 13 1 0
1807 404 4 10 1 0
3268 63 4 10 1 0
100 196 4 10 1 0
278 778 11 17 1 0
1048 690 7 13 1 0
77 20 4 10 1 0
2323 379 4 10 1 0
66 530 7 13 1 0
1759 830 11 17 1 0
827 59 4 10 1 0
803 999 11 17 1 0
2134 437 5 5 1 0
2186 711 7 13 1 0
771 316 4 10 1 0
704 487 7 13 1 0
982 301 4 10 1 0
2632 846 11 17 1 0
523 618 7 13 1 0
1774 136 4 10 1 0
995 8 4 10 1 0
682 803 11 17 1 0
1830 114 4 10 1 0
846 305 4 10 1 0
2468 270 4 10 1 0
1607 233 4 10 1 0
1119 518 7 13 1 0
2344 133 4 10 1 0
27 109 4 10 1 0
744 72 4 10 1 0
388 653 7 13 1 0
1825 254 4 10 1 0
784 203 4 10 1 0
70 624 7 13 1 0
1774 287 4 10 1 0
2519 743 11 17 1 0
1096 177 4 10 1 0
2461 72 4 10 1 0
2516 129 4 10 1 0
1966 33 4 10 1 0
767 451 7 13 1 0
2968 29 4 10 1 0
129 114 4 10 1 0
3201 74 4 10 1 0
2358 51 4 10 1 0
137 182 4 10 1 0
1649 691 7 13 1 0
2395 261 4 10 1 0
370 720 7 13 1 0
17 185 4 10 1 0
27 73 4 10 1 0
485 191 4 10 1 0
716 135 4 10 1 0
199 337 4 10 1 0
3284 571 7 13 1 0
727 629 7 13 1 0
1971 611 7 13 1 0
101 4 4 10 1 0
1160 352 4 10 1 0
707 394 4 10 1 0
67 231 4 10 1 0
2190 651 7 13 1 0
1165 15 4 10 1 0
917 661 7 13 1 0
231 320 4 10 1 0
1090 402 4 10 1 0
203 127 4 10 1 0
1428 654 7 13 1 0
4 497 7 13 1 0
225 89 4 10 1 0
3175 367 4 10 1 0
3219 247 4 10 1 0
389 246 4 10 1 0
808 471 7 13 1 0
408 267 4 10 1 0
76 596 7 13 1 0
863 913 11 17 1 0
587 8 4 10 1 0
1571 167 4 10 1 0
2160 546 7 13 1 0
3343 229 4 10 1 0
2727 68 4 10 1 0
506 6 4 10 1 0
1521 271 4 10 1 0
1618 879 11 17 1 0
1539 530 7 13 1 0
2162 301 4 10 1 0
1804 345 4 10 1 0
2296 711 7 13 1 0
224 605 7 13 1 0
1315 492 7 13 1 0
1546 974 11 17 1 0
1037 108 4 10 1 0
76 242 4 10 1 0
2669 92 4 10 1 0
2784 801 11 17 1 0
536 598 7 13 1 0
1818 368 4 10 1 0
1289 28 4 10 1 0
3131 418 4 10 1 0
1767 203 4 10 1 0
692 117 4 10 1 0
2376 252 4 10 1 0
2400 120 4 10 1 0
2489 919 11 17 1 0
40 232 4 10 1 0
233 146 4 10 1 0
2451 58 4 10 1 0
587 525 7 13 1 0
2942 561 7 13 1 0
361 90 4 10 1 0
2803 450 7 13 1 0
1634 308 4 10 1 0
3195 438 6 12 1 0
1714 140 4 10 1 0
1816 247 4 10 1 0
1042 66 4 10 1 0
1899 15 4 10 1 0
1907 571 7 13 1 0
293 30 4 10 1 0
2164 79 4 10 1 0
2479 79 4 10 1 0
1153 104 4 10 1 0
3323 616 7 13 1 0
266 61 4 10 1 0
1672 490 7 13 1 0
2024 486 7 13 1 0
3256 278 4 10 1 0
817 368 4 10 1 0
186 579 7 13 1 0
164 192 4 10 1 0
3226 76 4 10 1 0
305 637 7 13 1 0
213 251 4 10 1 0
1492 19 4 10 1 0
2858 664 7 13 1 0
1588 9 4 10 1 0
690 826 11 17 1 0
2009 267 4 10 1 0
767 791 11 17 1 0
312 603 7 13 1 0
738 809 11 17 1 0
3151 986 11 17 1 0
248 2 4 10 1 0
695 773 11 17 1 0
1750 152 4 10 1 0
31 297 4 10 1 0
1176 226 4 10 1 0
1651 551 7 13 1 0
496 579 7 13 1 0
57 478 7 13 1 0
281 712 7 13 1 0
3347 825 11 17 1 0
1766 645 7 13 1 0
435 121 4 10 1 0
2211 188 4 10 1 0
1418 190 4 10 1 0
788 347 4 10 1 0
2458 32 4 10 1 0
3184 321 4 10 1 0
416 73 4 10 1 0
1581 827 11 17 1 0
3431 585 7 13 1 0
500 333 4 10 1 0
2449 148 4 10 1 0
1785 228 4 10 1 0
1403 602 7 13 1 0
172 138 4 10 1 0
1239 973 11 17 1 0
124 460 7 13 1 0
2100 603 7 13 1 0
3164 126 4 10 1 0
2353 374 4 10 1 0
601 654 7 13 1 0
2011 305 4 10 1 0
1517 105 4 10 1 0
364 197 4 10 1 0
519 393 4 10 1 0
111 195 4 10 1 0
1739 199 4 10 1 0
2149 153 4 10 1 0
616 603 7 13 1 0
1821 335 4 10 1 0
2747 334 4 10 1 0
2707 151 4 10 1 0
100 118 4 10 1 0
3173 526 7 13 1 0
587 367 4 10 1 0
1199 385 4 10 1 0
2973 31 4 10 1 0
3321 271 4 10 1 0
1579 797 11 17 1 0
1170 35 4 10 1 0
3444 161 4 10 1 0
1658 131 4 10 1 0
1955 891 11 17 1 0
83 79 4 10 1 0
761 91 4 10 1 0
2750 256 4 10 1 0
294 492 7 13 1 0
2134 214 4 10 1 0
1997 627 7 13 1 0
2349 124 4 10 1 0
1830 466 7 13 1 0
468 211 4 10 1 0
222 481 7 13 1 0
670 319 4 10 1 0
629 212 4 10 1 0
933 258 4 10 1 0
3314 637 7 13 1 0
1519 612 7 13 1 0
248 627 7 13 1 0
153 451 7 13 1 0
3396 207 4 10 1 0
610 101 4 10 1 0
251 13 4 10 1 0
2698 633 7 13 1 0
1836 757 11 17 1 0
2030 747 11 17 1 0
9 807 11 17 1 0
2189 260 4 10 1 0
2338 109 4 10 1 0
364 540 7 13 1 0
227 702 7 13 1 0
25 641 7 13 1 0
2415 93 4 10 1 0
883 1006 11 17 1 0
944 281 4 10 1 0
1158 110 4 10 1 0
239 314 4 10 1 0
2733 103 4 10 1 0
309 250 4 10 1 0
3203 889 11 17 1 0
2219 94 4 10 1 0
684 503 7 13 1 0
1621 466 7 13 1 0
2791 555 7 13 1 0
753 718 7 13 1 0
2425 277 4 10 1 0
2386 290 4 10 1 0
342 79 4 10 1 0
244 64 4 10 1 0
572 402 4 10 1 0
2789 719 7 13 1 0
378 15 4 10 1 0
33 450 7 13 1 0
2307 13 4 10 1 0
3175 602 7 13 1 0
1414 956 11 17 1 0
2394 575 7 13 1 0
1364 148 4 10 1 0
296 512 7 13 1 0
87 164 4 10 1 0
3009 98 4 10 1 0
642 54 4 10 1 0
2324 920 11 17 1 0
3135 33 4 10 1 0
433 57 4 10 1 0
635 20 4 10 1 0
635 581 7 13 1 0
871 494 7 13 1 0
2214 152 4 10 1 0
232 357 4 10 1 0
2840 15 4 10 1 0
297 113 4 10 1 0
2055 64 4 10 1 0
2126 120 4 10 1 0
792 723 7 13 1 0
546 399 4 10 1 0
545 337 4 10 1 0
2540 1013 11 17 1 0
1632 437 5 5 1 0
1944 785 11 17 1 0
719 261 4 10 1 0
3348 432 4 10 1 0
3268 179 4 10 1 0
1273 758 11 17 1 0
2370 317 4 10 1 0
1375 708 7 13 1 0
378 78 4 10 1 0
1840 33 4 10 1 0
2106 946 11 17 1 0
351 652 7 13 1 0
1817 309 4 10 1 0
2100 583 7 13 1 0
38 140 4 10 1 0
2774 2 4 10 1 0
2275 77 4 10 1 0
554 79 4 10 1 0
1134 349 4 10 1 0
146 235 4 10 1 0
2557 642 7 13 1 0
442 169 4 10 1 0
3425 168 4 10 1 0
830 102 4 10 1 0
860 712 7 13 1 0
2146 725 7 13 1 0
1160 427 4 10 1 0
1459 206 4 10 1 0
2215 170 4 10 1 0
2583 416 4 10 1 0
2305 102 4 10 1 0
2123 86 4 10 1 0
2556 362 4 10 1 0
1804 478 7 13 1 0
717 293 4 10 1 0
875 403 4 10 1 0
3441 132 4 10 1 0
3030 860 11 17 1 0
2211 542 7 13 1 0
593 781 11 17 1 0
2220 218 4 10 1 0
1348 712 7 13 1 0
834 241 4 10 1 0
1412 137 4 10 1 0
2316 117 4 10 1 0
679 873 11 17 1 0
1198 664 7 13 1 0
2095 699 7 13 1 0
1084 547 7 13 1 0
2299 527 7 13 1 0
454 256 4 10 1 0
796 805 11 17 1 0
1767 120 4 10 1 0
567 255 4 10 1 0
141 10 4 10 1 0
171 351 4 10 1 0
265 63 4 10 1 0
3241 907 11 17 1 0
2332 425 4 10 1 0
2563 469 7 13 1 0
2152 485 7 13 1 0
1374 493 7 13 1 0
313 330 4 10 1 0
1546 129 4 10 1 0
564 288 4 10 1 0
2250 550 7 13 1 0
3008 439 5 5 1 0
1167 640 7 13 1 0
2828 361 4 10 1 0
368 101 4 10 1 0
299 161 4 10 1 0
2400 227 4 10 1 0
3282 352 4 10 1 0
61 933 11 17 1 0
1921 957 11 17 1 0
1487 3 4 10 1 0
1935 548 7 13 1 0
1942 527 7 13 1 0
1858 850 11 17 1 0
1211 120 4 10 1 0
1323 259 4 10 1 0
1947 336 4 10 1 0
1710 815 11 17 1 0
610 6 4 10 1 0
2417 156 4 10 1 0
2152 398 4 10 1 0
1057 179 4 10 1 0
2374 41 4 10 1 0
3215 307 4 10 1 0
782 260 4 10 1 0
1698 85 4 10 1 0
15 366 4 10 1 0
208 476 7 13 1 0
1398 502 7 13 1 0
1392 83 4 10 1 0
1573 956 11 17 1 0
836 359 4 10 1 0
2569 683 7 13 1 0
2125 95 4 10 1 0
2703 227 4 10 1 0
230 524 7 13 1 0
1055 743 11 17 1 0
2231 591 7 13 1 0
2554 112 4 10 1 0
2882 3 4 10 1 0
1610 955 11 17 1 0
117 625 7 13 1 0
2038 200 4 10 1 0
3327 309 4 10 1 0
499 354 4 10 1 0
694 61 4 10 1 0
890 267 4 10 1 0
2611 1006 11 17 1 0
2891 920 11 17 1 0
638 243 4 10 1 0
2238 38 4 10 1 0
2749 353 4 10 1 0
2389 148 4 10 1 0
606 569 7 13 1 0
1494 416 4 10 1 0
1896 365 4 10 1 0
1982 687 7 13 1 0
2428 148 4 10 1 0
2084 48 4 10 1 0
2842 645 7 13 1 0
2218 120 4 10 1 0
818 331 4 10 1 0
522 307 4 10 1 0
793 539 7 13 1 0
2185 43 4 10 1 0
2504 612 7 13 1 0
1972 277 4 10 1 0
341 2 4 10 1 0
2127 481 7 13 1 0
1465 410 4 10 1 0
2281 161 4 10 1 0
2043 121 4 10 1 0
1065 909 11 17 1 0
1963 483 7 13 1 0
789 406 4 10 1 0
1883 34 4 10 1 0
2106 67 4 10 1 0
464 66 4 10 1 0
42 523 7 13 1 0
2375 199 4 10 1 0
1271 556 7 13 1 0
967 562 7 13 1 0
3230 29 4 10 1 0
8 170 4 10 1 0
1678 32 4 10 1 0
391 381 4 10 1 0
503 446 7 13 1 0
1457 538 7 13 1 0
8 275 4 10 1 0
1326 731 7 13 1 0
1239 659 7 13 1 0
631 83 4 10 1 0
2357 785 11 17 1 0
1330 326 4 10 1 0
598 356 4 10 1 0
3338 708 7 13 1 0
769 976 11 17 1 0
3264 110 4 10 1 0
510 93 4 10 1 0
1571 742 11 17 1 0
744 472 7 13 1 0
210 694 7 13 1 0
2593 158 4 10 1 0
635 508 7 13 1 0
3223 275 4 10 1 0
16 213 4 10 1 0
1008 199 4 10 1 0
1964 99 4 10 1 0
3342 95 4 10 1 0
1554 11 4 10 1 0
596 408 4 10 1 0
2225 695 7 13 1 0
759 699 7 13 1 0
1224 214 4 10 1 0
2182 281 4 10 1 0
2907 769 11 17 1 0
1751 239 4 10 1 0
1137 30 4 10 1 0
2140 266 4 10 1 0
1954 872 11 17 1 0
2257 50 4 10 1 0
1848 822 11 17 1 0
97 311 4 10 1 0
2075 640 7 13 1 0
2383 616 7 13 1 0
2119 989 11 17 1 0
633 809 11 17 1 0
1355 209 4 10 1 0
2227 135 4 10 1 0
877 167 4 10 1 0
1282 945 11 17 1 0
1613 519 7 13 1 0
1927 7 4 10 1 0
984 731 7 13 1 0
3222 473 7 13 1 0
752 405 4 10 1 0
237 74 4 10 1 0
934 9 4 10 1 0
1091 256 4 10 1 0
2905 542 7 13 1 0
1832 575 7 13 1 0
727 531 7 13 1 0
1624 609 7 13 1 0
2124 643 7 13 1 0
2738 620 7 13 1 0
1347 457 7 13 1 0
1274 515 7 13 1 0
539 408 4 10 1 0
1700 254 4 10 1 0
1193 428 4 10 1 0
1784 433 5 5 1 0
744 266 4 10 1 0
1588 276 4 10 1 0
359 499 7 13 1 0
2769 287 4 10 1 0
3269 299 4 10 1 0
467 212 4 10 1 0
1950 626 7 13 1 0
390 574 7 13 1 0
725 789 11 17 1 0
527 267 4 10 1 0
1935 72 4 10 1 0
1566 809 11 17 1 0
1381 291 4 10 1 0
3378 214 4 10 1 0
1780 446 7 13 1 0
2220 317 4 10 1 0
2395 157 4 10 1 0
213 319 4 10 1 0
616 83 4 10 1 0
2655 286 4 10 1 0
1895 659 7 13 1 0
817 820 11 17 1 0
2416 450 7 13 1 0
459 218 4 10 1 0
167 246 4 10 1 0
1655 331 4 10 1 0
1756 760 11 17 1 0
702 483 7 13 1 0
1066 68 4 10 1 0
562 227 4 10 1 0
3136 519 7 13 1 0
1559 473 7 13 1 0
2732 450 7 13 1 0
2888 253 4 10 1 0
1109 243 4 10 1 0
296 827 11 17 1 0
1083 85 4 10 1 0
1939 22 4 10 1 0
53 121 4 10 1 0
1269 56 4 10 1 0
38 85 4 10 1 0
759 1008 11 17 1 0
3213 15 4 10 1 0
1166 977 11 17 1 0
1925 267 4 10 1 0
368 389 4 10 1 0
1505 980 11 17 1 0
500 129 4 10 1 0
2448 285 4 10 1 0
797 451 7 13 1 0
2745 577 7 13 1 0
961 668 7 13 1 0
262 602 7 13 1 0
3031 94 4 10 1 0
818 28 4 10 1 0
466 52 4 10 1 0
266 193 4 10 1 0
3438 531 7 13 1 0
554 707 7 13 1 0
1575 943 11 17 1 0
1679 590 7 13 1 0
3168 349 4 10 1 0
721 101 4 10 1 0
1801 265 4 10 1 0
2495 197 4 10 1 0
214 424 4 10 1 0
1831 729 7 13 1 0
2939 378 4 10 1 0
1600 382 4 10 1 0
416 55 4 10 1 0
2200 791 11 17 1 0
72 342 4 10 1 0
2363 136 4 10 1 0
517 236 4 10 1 0
1953 77 4 10 1 0
1911 654 7 13 1 0
903 170 4 10 1 0
919 48 4 10 1 0
3297 351 4 10 1 0
1395 562 7 13 1 0
3142 882 11 17 1 0
1388 374 4 10 1 0
1628 599 7 13 1 0
2134 285 4 10 1 0
1824 104 4 10 1 0
300 73 4 10 1 0
3 432 6 12 1 0
3120 71 4 10 1 0
766 141 4 10 1 0
2095 203 4 10 1 0
2224 365 4 10 1 0
2356 694 7 13 1 0
369 284 4 10 1 0
408 465 7 13 1 0
1110 230 4 10 1 0
32 194 4 10 1 0
725 127 4 10 1 0
1765 777 11 17 1 0
3187 957 11 17 1 0
2176 326 4 10 1 0
996 520 7 13 1 0
650 919 11 17 1 0
1672 655 7 13 1 0
647 589 7 13 1 0
1245 115 4 10 1 0
61 82 4 10 1 0
1070 577 7 13 1 0
40 927 11 17 1 0
1044 33 4 10 1 0
1933 344 4 10 1 0
2130 979 11 17 1 0
80 34 4 10 1 0
2025 264 4 10 1 0
783 103 4 10 1 0
330 107 4 10 1 0
1921 29 4 10 1 0
433 156 4 10 1 0
1151 929 11 17 1 0
2251 711 7 13 1 0
1894 122 4 10 1 0
2017 131 4 10 1 0
1555 602 7 13 1 0
1162 138 4 10 1 0
1310 137 4 10 1 0
1965 591 7 13 1 0
3298 13 4 10 1 0
2467 330 4 10 1 0
1271 394 4 10 1 0
2110 35 4 10 1 0
1486 66 4 10 1 0
333 74 4 10 1 0
3341 602 7 13 1 0
2487 667 7 13 1 0
2253 400 4 10 1 0
6 170 4 10 1 0
676 178 4 10 1 0
36 551 7 13 1 0
1919 292 4 10 1 0
1472 649 7 13 1 0
749 420 4 10 1 0
949 514 7 13 1 0
2448 550 7 13 1 0
1857 540 7 13 1 0
1233 720 7 13 1 0
615 329 4 10 1 0
199 140 4 10 1 0
2371 55 4 10 1 0
1695 567 7 13 1 0
627 787 11 17 1 0
986 797 11 17 1 0
656 402 4 10 1 0
1793 56 4 10 1 0
1837 322 4 10 1 0
2543 66 4 10 1 0
613 387 4 10 1 0
3064 682 7 13 1 0
1766 48 4 10 1 0
1752 129 4 10 1 0
3180 20 4 10 1 0
1068 773 11 17 1 0
434 1005 11 17 1 0
2421 108 4 10 1 0
1712 450 7 13 1 0
1839 607 7 13 1 0
507 285 4 10 1 0
1841 337 4 10 1 0
2050 54 4 10 1 0
680 723 7 13 1 0
2520 450 7 13 1 0
168 715 7 13 1 0
1493 563 7 13 1 0
624 361 4 10 1 0
2001 287 4 10 1 0
3441 961 11 17 1 0
693 197 4 10 1 0
173 192 4 10 1 0
1440 621 7 13 1 0
2768 111 4 10 1 0
1552 237 4 10 1 0
1956 555 7 13 1 0
966 814 11 17 1 0
2013 1005 11 17 1 0
2116 376 4 10 1 0
506 285 4 10 1 0
989 264 4 10 1 0
2203 232 4 10 1 0
137 166 4 10 1 0
274 492 7 13 1 0
1079 443 7 13 1 0
3199 334 4 10 1 0
3421 804 11 17 1 0
426 590 7 13 1 0
225 130 4 10 1 0
1754 296 4 10 1 0
35 263 4 10 1 0
575 401 4 10 1 0
3109 508 7 13 1 0
1207 443 7 13 1 0
161 306 4 10 1 0
2020 392 4 10 1 0
450 507 7 13 1 0
3109 481 7 13 1 0
75 146 4 10 1 0
1375 261 4 10 1 0
266 240 4 10 1 0
1214 303 4 10 1 0
1970 17 4 10 1 0
254 880 11 17 1 0
209 603 7 13 1 0
2113 155 4 10 1 0
2576 318 4 10 1 0
1251 450 7 13 1 0
1398 172 4 10 1 0
1426 885 11 17 1 0
333 534 7 13 1 0
841 128 4 10 1 0
657 73 4 10 1 0
801 366 4 10 1 0
209 102 4 10 1 0
2401 344 4 10 1 0
830 113 4 10 1 0
1097 320 4 10 1 0
2018 178 4 10 1 0
1913 148 4 10 1 0
2190 611 7 13 1 0
955 593 7 13 1 0
870 144 4 10 1 0
2370 740 9 15 1 0
2461 443 7 13 1 0
2676 577 7 13 1 0
587 364 4 10 1 0
2285 800 11 17 1 0
76 282 4 10 1 0
1298 279 4 10 1 0
3313 782 11 17 1 0
769 438 5 5 1 0
805 75 4 10 1 0
2277 87 4 10 1 0
3160 576 7 13 1 0
2047 579 7 13 1 0
152 191 4 10 1 0
474 420 4 10 1 0
1394 36 4 10 1 0
46 502 7 13 1 0
2738 221 4 10 1 0
1184 194 4 10 1 0
2264 458 7 13 1 0
1866 762 11 17 1 0
147 236 4 10 1 0
486 404 4 10 1 0
334 697 7 13 1 0
1943 174 4 10 1 0
116 68 4 10 1 0
682 433 5 5 1 0
1277 30 4 10 1 0
396 111 4 10 1 0
1082 115 4 10 1 0
540 437 5 5 1 0
825 324 4 10 1 0
2392 102 4 10 1 0
3362 386 4 10 1 0
7 272 4 10 1 0
703 526 7 13 1 0
1692 182 4 10 1 0
1092 43 4 10 1 0
2213 761 11 17 1 0
118 102 4 10 1 0
3266 448 7 13 1 0
2224 101 4 10 1 0
338 113 4 10 1 0
404 250 4 10 1 0
2195 66 4 10 1 0
636 446 7 13 1 0
734 293 4 10 1 0
2836 758 11 17 1 0
385 719 7 13 1 0
2374 146 4 10 1 0
1162 2 4 10 1 0
2194 349 4 10 1 0
3453 95 4 10 1 0
2661 447 7 13 1 0
486 176 4 10 1 0
2410 428 4 10 1 0
2281 176 4 10 1 0
1004 901 11 17 1 0
2268 137 4 10 1 0
3335 742 11 17 1 0
2193 210 4 10 1 0
2991 519 7 13 1 0
1309 699 7 13 1 0
41 156 4 10 1 0
64 34 4 10 1 0
151 93 4 10 1 0
1705 176 4 10 1 0
92 290 4 10 1 0
48 137 4 10 1 0
2576 894 11 17 1 0
1904 341 4 10 1 0
1421 418 4 10 1 0
383 431 5 5 1 0
2194 431 5 5 1 0
289 4 4 10 1 0
676 694 7 13 1 0
21 488 7 13 1 0
611 178 4 10 1 0
3120 208 4 10 1 0
1421 301 4 10 1 0
2128 126 4 10 1 0
1727 936 11 17 1 0
3197 474 7 13 1 0
589 440 5 5 1 0
1986 525 7 13 1 0
666 43 4 10 1 0
962 245 4 10 1 0
2305 34 4 10 1 0
884 540 7 13 1 0
19 252 4 10 1 0
1353 410 4 10 1 0
898 640 7 13 1 0
2903 62 4 10 1 0
926 427 4 10 1 0
1361 249 4 10 1 0
2277 461 7 13 1 0
1956 193 4 10 1 0
1575 526 7 13 1 0
2094 851 11 17 1 0
2466 923 11 17 1 0
1416 773 11 17 1 0
497 26 4 10 1 0
2746 84 4 10 1 0
882 357 4 10 1 0
410 26 4 10 1 0
2266 177 4 10 1 0
2169 341 4 10 1 0
2660 530 7 13 1 0
513 580 7 13 1 0
1514 12 4 10 1 0
963 800 11 17 1 0
156 134 4 10 1 0
1825 861 11 17 1 0
492 196 4 10 1 0
721 203 4 10 1 0
666 340 4 10 1 0
96 582 7 13 1 0
1744 46 4 10 1 0
1857 978 11 17 1 0
678 894 11 17 1 0
1658 231 4 10 1 0
1165 189 4 10 1 0
1062 121 4 10 1 0
590 78 4 10 1 0
3056 472 7 13 1 0
2340 80 4 10 1 0
487 58 4 10 1 0
516 342 4 10 1 0
551 278 4 10 1 0
752 340 4 10 1 0
856 566 7 13 1 0
3356 763 11 17 1 0
772 317 4 10 1 0
2008 114 4 10 1 0
934 30 4 10 1 0
2037 590 7 13 1 0
2491 51 4 10 1 0
815 83 4 10 1 0
2107 876 11 17 1 0
806 606 7 13 1 0
1526 15 4 10 1 0
495 92 4 10 1 0
2922 53 4 10 1 0
842 217 4 10 1 0
685 143 4 10 1 0
2848 248 4 10 1 0
1107 135 4 10 1 0
2927 758 11 17 1 0
2304 552 7 13 1 0
398 699 7 13 1 0
2055 633 7 13 1 0
568 200 4 10 1 0
2199 144 4 10 1 0
2203 298 4 10 1 0
42 522 7 13 1 0
365 197 4 10 1 0
3237 139 4 10 1 0
811 506 7 13 1 0
1145 878 11 17 1 0
1775 150 4 10 1 0
612 137 4 10 1 0
1211 396 4 10 1 0
783 474 7 13 1 0
331 574 7 13 1 0
524 1000 11 17 1 0
1345 557 7 13 1 0
799 366 4 10 1 0
2673 386 4 10 1 0
491 196 4 10 1 0
165 549 7 13 1 0
2379 406 4 10 1 0
911 539 7 13 1 0
2149 962 11 17 1 0
1428 275 4 10 1 0
919 453 7 13 1 0
2676 731 7 13 1 0
754 657 7 13 1 0
2033 387 4 10 1 0
2062 456 7 13 1 0
1982 33 4 10 1 0
181 244 4 10 1 0
1319 321 4 10 1 0
1010 405 4 10 1 0
2368 177 4 10 1 0
86 164 4 10 1 0
1140 633 7 13 1 0
2550 99 4 10 1 0
1880 79 4 10 1 0
927 280 4 10 1 0
910 213 4 10 1 0
391 380 4 10 1 0
133 823 11 17 1 0
1185 42 4 10 1 0
26 320 4 10 1 0
1639 323 4 10 1 0
2739 606 7 13 1 0
2717 406 4 10 1 0
706 395 4 10 1 0
1444 451 7 13 1 0
1745 69 4 10 1 0
509 880 11 17 1 0
537 155 4 10 1 0
2331 241 4 10 1 0
580 71 4 10 1 0
2215 75 4 10 1 0
1931 770 11 17 1 0
2301 177 4 10 1 0
1211 567 7 13 1 0
1130 583 7 13 1 0
3459 839 11 17 1 0
2325 114 4 10 1 0
1169 253 4 10 1 0
640 244 4 10 1 0
346 719 7 13 1 0
1329 542 7 13 1 0
991 470 7 13 1 0
938 637 7 13 1 0
865 555 7 13 1 0
271 137 4 10 1 0
814 155 4 10 1 0
2498 864 11 17 1 0
2912 832 11 17 1 0
2028 63 4 10 1 0
435 428 4 10 1 0
1226 363 4 10 1 0
337 242 4 10 1 0
3221 228 4 10 1 0
1190 286 4 10 1 0
168 571 7 13 1 0
2421 308 4 10 1 0
2400 200 4 10 1 0
564 459 7 13 1 0
921 12 4 10 1 0
1252 201 4 10 1 0
2411 597 7 13 1 0
638 124 4 10 1 0
2369 564 7 13 1 0
198 8 4 10 1 0
3218 151 4 10 1 0
45 46 4 10 1 0
2186 307 4 10 1 0
957 722 7 13 1 0
2649 595 7 13 1 0
595 152 4 10 1 0
2113 724 7 13 1 0
800 545 7 13 1 0
1915 54 4 10 1 0
2694 397 4 10 1 0
1559 496 7 13 1 0
1513 285 4 10 1 0
2186 159 4 10 1 0
266 544 7 13 1 0
125 514 7 13 1 0
883 247 4 10 1 0
157 19 4 10 1 0
357 11 4 10 1 0
3446 290 4 10 1 0
139 370 4 10 1 0
1673 89 4 10 1 0
1297 233 4 10 1 0
3040 935 11 17 1 0
1943 755 11 17 1 0
129 192 4 10 1 0
2335 58 4 10 1 0
867 19 4 10 1 0
171 363 4 10 1 0
2128 70 4 10 1 0
2684 456 7 13 1 0
1795 292 4 10 1 0
1909 462 7 13 1 0
2097 677 7 13 1 0
524 419 4 10 1 0
728 221 4 10 1 0
706 140 4 10 1 0
1052 427 4 10 1 0
2852 627 7 13 1 0
479 146 4 10 1 0
3178 745 11 17 1 0
583 187 4 10 1 0
1467 749 11 17 1 0
176 277 4 10 1 0
548 235 4 10 1 0
2190 624 7 13 1 0
1424 481 7 13 1 0
961 91 4 10 1 0
1927 592 7 13 1 0
1791 403 4 10 1 0
470 920 11 17 1 0
2179 509 7 13 1 0
1055 289 4 10 1 0
2748 841 11 17 1 0
588 159 4 10 1 0
2837 813 11 17 1 0
99 658 7 13 1 0
2247 280 4 10 1 0
500 216 4 10 1 0
918 716 7 13 1 0
1341 429 4 10 1 0
2032 296 4 10 1 0
1505 524 7 13 1 0
952 238 4 10 1 0
736 339 4 10 1 0
308 16 4 10 1 0
2485 829 11 17 1 0
3223 96 4 10 1 0
405 649 7 13 1 0
1242 17 4 10 1 0
598 54 4 10 1 0
133 232 4 10 1 0
518 235 4 10 1 0
964 201 4 10 1 0
2540 383 4 10 1 0
143 247 4 10 1 0
2600 473 7 13 1 0
1711 550 7 13 1 0
1198 31 4 10 1 0
832 955 11 17 1 0
844 218 4 10 1 0
3093 58 4 10 1 0
1954 961 11 17 1 0
365 439 5 5 1 0
440 796 11 17 1 0
828 563 7 13 1 0
3314 1014 11 17 1 0
320 830 11 17 1 0
2928 78 4 10 1 0
445 465 7 13 1 0
3304 279 4 10 1 0
363 112 4 10 1 0
2131 188 4 10 1 0
45 414 4 10 1 0
2422 836 11 17 1 0
1903 58 4 10 1 0
2147 241 4 10 1 0
368 100 4 10 1 0
1041 976 11 17 1 0
1266 18 4 10 1 0
241 263 4 10 1 0
398 154 4 10 1 0
1284 126 4 10 1 0
2791 530 7 13 1 0
253 458 7 13 1 0
809 142 4 10 1 0
2807 869 11 17 1 0
635 33 4 10 1 0
2935 774 11 17 1 0
1435 37 4 10 1 0
765 554 7 13 1 0
363 125 4 10 1 0
2771 897 11 17 1 0
439 220 4 10 1 0
2530 965 11 17 1 0
2063 189 4 10 1 0
701 127 4 10 1 0
2827 855 11 17 1 0
22 1015 11 17 1 0
2544 937 11 17 1 0
896 20 4 10 1 0
2181 452 7 13 1 0
655 58 4 10 1 0
267 697 7 13 1 0
492 472 7 13 1 0
519 392 4 10 1 0
488 552 7 13 1 0
6 134 4 10 1 0
489 472 7 13 1 0
2676 430 4 10 1 0
2549 36 4 10 1 0
1344 354 4 10 1 0
2436 523 7 13 1 0
783 490 7 13 1 0
3002 36 4 10 1 0
259 647 7 13 1 0
1586 152 4 10 1 0
3246 23 4 10 1 0
1485 24 4 10 1 0
2044 556 7 13 1 0
2352 264 4 10 1 0
1435 494 7 13 1 0
217 668 7 13 1 0
898 625 7 13 1 0
1036 853 11 17 1 0
1529 164 4 10 1 0
2118 509 7 13 1 0
3185 11 4 10 1 0
217 252 4 10 1 0
1849 354 4 10 1 0
217 4 4 10 1 0
644 172 4 10 1 0
1608 770 11 17 1 0
1899 877 11 17 1 0
1724 804 11 17 1 0
2052 20 4 10 1 0
1843 140 4 10 1 0
248 85 4 10 1 0
923 823 11 17 1 0
3193 551 7 13 1 0
664 676 7 13 1 0
2098 96 4 10 1 0
1838 64 4 10 1 0
1700 343 4 10 1 0
2335 476 7 13 1 0
55 70 4 10 1 0
1678 135 4 10 1 0
731 585 7 13 1 0
1166 305 4 10 1 0
540 129 4 10 1 0
567 209 4 10 1 0
3270 666 7 13 1 0
812 874 11 17 1 0
822 4 4 10 1 0
852 269 4 10 1 0
2093 50 4 10 1 0
3014 716 7 13 1 0
161 498 7 13 1 0
787 868 11 17 1 0
299 410 4 10 1 0
1314 54 4 10 1 0
869 182 4 10 1 0
292 906 11 17 1 0
3119 585 7 13 1 0
1093 27 4 10 1 0
139 92 4 10 1 0
713 504 7 13 1 0
2250 341 4 10 1 0
3162 208 4 10 1 0
1047 146 4 10 1 0
111 4 4 10 1 0
98 12 4 10 1 0
650 103 4 10 1 0
1912 530 7 13 1 0
885 107 4 10 1 0
848 614 7 13 1 0
1474 8 4 10 1 0
1667 368 4 10 1 0
21 87 4 10 1 0
1027 25 4 10 1 0
640 420 4 10 1 0
1342 258 4 10 1 0
1948 412 4 10 1 0
2461 508 7 13 1 0
139 719 7 13 1 0
1964 255 4 10 1 0
1969 189 4 10 1 0
527 230 4 10 1 0
2640 678 7 13 1 0
2165 680 7 13 1 0
2600 455 7 13 1 0
805 293 4 10 1 0
1501 576 7 13 1 0
2922 83 4 10 1 0
2140 79 4 10 1 0
2181 101 4 10 1 0
2707 94 4 10 1 0
2188 666 7 13 1 0
151 452 7 13 1 0
1270 336 4 10 1 0
1976 499 7 13 1 0
771 373 4 10 1 0
702 354 4 10 1 0
2158 871 11 17 1 0
2007 330 4 10 1 0
1049 22 4 10 1 0
2796 495 7 13 1 0
983 604 7 13 1 0
381 556 7 13 1 0
169 313 4 10 1 0
294 491 7 13 1 0
774 639 7 13 1 0
879 91 4 10 1 0
766 886 11 17 1 0
726 340 4 10 1 0
1870 235 4 10 1 0
2427 789 11 17 1 0
993 170 4 10 1 0
1511 447 7 13 1 0
2078 35 4 10 1 0
1064 263 4 10 1 0
187 83 4 10 1 0
201 353 4 10 1 0
1149 717 7 13 1 0
209 103 4 10 1 0
891 225 4 10 1 0
455 256 4 10 1 0
1874 319 4 10 1 0
1636 772 11 17 1 0
810 216 4 10 1 0
1876 99 4 10 1 0
1950 320 4 10 1 0
1886 656 7 13 1 0
28 59 4 10 1 0
2491 348 4 10 1 0
849 22 4 10 1 0
2567 842 11 17 1 0
1874 872 11 17 1 0
682 549 7 13 1 0
852 633 7 13 1 0
2446 71 4 10 1 0
618 995 11 17 1 0
2013 727 7 13 1 0
1274 571 7 13 1 0
37 139 4 10 1 0
2350 17 4 10 1 0
2615 775 11 17 1 0
728 222 4 10 1 0
1425 698 7 13 1 0
3416 215 4 10 1 0
2266 332 4 10 1 0
3384 476 7 13 1 0
752 561 7 13 1 0
2838 54 4 10 1 0
1913 422 4 10 1 0
1299 636 7 13 1 0
2327 264 4 10 1 0
3322 248 4 10 1 0
668 383 4 10 1 0
2158 60 4 10 1 0
1571 414 4 10 1 0
1135 618 7 13 1 0
2506 543 7 13 1 0
221 163 4 10 1 0
2887 731 7 13 1 0
641 321 4 10 1 0
506 298 4 10 1 0
2965 353 4 10 1 0
15 59 4 10 1 0
839 308 4 10 1 0
721 476 7 13 1 0
3362 95 4 10 1 0
2568 389 4 10 1 0
2329 906 11 17 1 0
2383 315 4 10 1 0
1313 665 7 13 1 0
846 461 7 13 1 0
653 417 4 10 1 0
2098 634 7 13 1 0
2108 123 4 10 1 0
1150 900 11 17 1 0
2485 650 7 13 1 0
905 285 4 10 1 0
30 161 4 10 1 0
2338 733 7 13 1 0
1888 467 7 13 1 0
2324 144 4 10 1 0
1947 366 4 10 1 0
1281 523 7 13 1 0
2233 547 7 13 1 0
2795 636 7 13 1 0
2370 82 4 10 1 0
1128 396 4 10 1 0
1927 575 7 13 1 0
797 142 4 10 1 0
2338 622 7 13 1 0
2055 967 11 17 1 0
1348 10 4 10 1 0
706 209 4 10 1 0
1274 148 4 10 1 0
497 156 4 10 1 0
2593 326 4 10 1 0
1649 365 4 10 1 0
297 541 7 13 1 0
2078 66 4 10 1 0
3012 68 4 10 1 0
1762 389 4 10 1 0
790 67 4 10 1 0
1905 552 7 13 1 0
3152 615 7 13 1 0
827 461 7 13 1 0
14 727 7 13 1 0
1480 423 4 10 1 0
3420 830 11 17 1 0
2590 921 11 17 1 0
2518 3 4 10 1 0
2065 129 4 10 1 0
1314 150 4 10 1 0
150 403 4 10 1 0
3366 360 4 10 1 0
1324 847 11 17 1 0
1620 483 7 13 1 0
2986 9 4 10 1 0
1380 629 7 13 1 0
1542 223 4 10 1 0
292 792 11 17 1 0
2470 350 4 10 1 0
3218 256 4 10 1 0
193 211 4 10 1 0
1649 153 4 10 1 0
1592 55 4 10 1 0
2697 554 7 13 1 0
485 123 4 10 1 0
1887 212 4 10 1 0
726 15 4 10 1 0
994 375 4 10 1 0
454 693 7 13 1 0
316 34 4 10 1 0
2047 371 4 10 1 0
1905 499 7 13 1 0
2048 525 7 13 1 0
2404 137 4 10 1 0
3444 64 4 10 1 0
92 951 11 17 1 0
32 119 4 10 1 0
824 909 11 17 1 0
2349 502 7 13 1 0
927 374 4 10 1 0
1090 467 7 13 1 0
226 89 4 10 1 0
716 292 4 10 1 0
2210 346 4 10 1 0
2350 168 4 10 1 0
822 280 4 10 1 0
2257 587 7 13 1 0
1526 419 4 10 1 0
1065 30 4 10 1 0
252 272 4 10 1 0
1901 275 4 10 1 0
99 565 7 13 1 0
3436 115 4 10 1 0
3303 249 4 10 1 0
642 321 4 10 1 0
1998 485 7 13 1 0
2048 499 7 13 1 0
2247 54 4 10 1 0
544 244 4 10 1 0
544 32 4 10 1 0
3023 911 11 17 1 0
2428 495 7 13 1 0
331 559 7 13 1 0
1340 769 11 17 1 0
678 265 4 10 1 0
2269 942 11 17 1 0
568 504 7 13 1 0
2197 372 4 10 1 0
3179 67 4 10 1 0
1312 15 4 10 1 0
176 300 4 10 1 0
656 436 5 5 1 0
3288 227 4 10 1 0
1442 139 4 10 1 0
245 28 4 10 1 0
678 393 4 10 1 0
39 86 4 10 1 0
1982 652 7 13 1 0
3212 671 7 13 1 0
1860 314 4 10 1 0
850 517 7 13 1 0
2813 337 4 10 1 0
2425 231 4 10 1 0
3344 780 11 17 1 0
3187 863 11 17 1 0
1568 375 4 10 1 0
23 148 4 10 1 0
545 243 4 10 1 0
727 244 4 10 1 0
265 87 4 10 1 0
690 186 4 10 1 0
3133 62 4 10 1 0
2036 713 7 13 1 0
1658 113 4 10 1 0
852 146 4 10 1 0
262 162 4 10 1 0
2348 6 4 10 1 0
614 307 4 10 1 0
2429 683 7 13 1 0
3347 36 4 10 1 0
1576 236 4 10 1 0
2250 1012 11 17 1 0
1500 263 4 10 1 0
829 20 4 10 1 0
503 415 4 10 1 0
598 122 4 10 1 0
1238 845 11 17 1 0
218 387 4 10 1 0
1817 47 4 10 1 0
822 940 11 17 1 0
1253 679 7 13 1 0
3421 332 4 10 1 0
2305 301 4 10 1 0
2881 352 4 10 1 0
499 126 4 10 1 0
970 18 4 10 1 0
715 195 4 10 1 0
649 366 4 10 1 0
579 58 4 10 1 0
1038 373 4 10 1 0
1685 312 4 10 1 0
1261 129 4 10 1 0
775 388 4 10 1 0
1765 719 7 13 1 0
848 516 7 13 1 0
2567 141 4 10 1 0
637 109 4 10 1 0
887 733 7 13 1 0
459 219 4 10 1 0
616 442 7 13 1 0
3289 33 4 10 1 0
3041 36 4 10 1 0
118 139 4 10 1 0
397 909 11 17 1 0
2443 759 11 17 1 0
702 127 4 10 1 0
3005 373 4 10 1 0
2838 554 7 13 1 0
1812 778 11 17 1 0
2212 2 4 10 1 0
1792 849 11 17 1 0
168 287 4 10 1 0
328 272 4 10 1 0
2789 334 4 10 1 0
3303 114 4 10 1 0
721 167 4 10 1 0
358 78 4 10 1 0
370 45 4 10 1 0
1017 705 7 13 1 0
1132 772 11 17 1 0
1713 345 4 10 1 0
869 3 4 10 1 0
503 271 4 10 1 0
776 161 4 10 1 0
1255 210 4 10 1 0
760 19 4 10 1 0
1103 383 4 10 1 0
2359 246 4 10 1 0
2065 306 4 10 1 0
1161 412 4 10 1 0
2222 114 4 10 1 0
182 636 7 13 1 0
1021 122 4 10 1 0
975 886 11 17 1 0
2159 28 4 10 1 0
3105 576 7 13 1 0
3335 1014 11 17 1 0
111 717 7 13 1 0
1422 245 4 10 1 0
3390 163 4 10 1 0
3093 386 4 10 1 0
447 57 4 10 1 0
2146 75 4 10 1 0
338 90 4 10 1 0
3073 340 4 10 1 0
1643 133 4 10 1 0
895 837 11 17 1 0
1834 916 11 17 1 0
1510 839 11 17 1 0
568 79 4 10 1 0
1439 407 4 10 1 0
3360 581 7 13 1 0
1479 59 4 10 1 0
951 975 11 17 1 0
3169 337 4 10 1 0
3146 12 4 10 1 0
194 211 4 10 1 0
1573 918 11 17 1 0
502 271 4 10 1 0
2405 1014 11 17 1 0
2196 78 4 10 1 0
3328 229 4 10 1 0
2743 42 4 10 1 0
693 60 4 10 1 0
2522 331 4 10 1 0
1954 351 4 10 1 0
1719 191 4 10 1 0
369 29 4 10 1 0
2027 229 4 10 1 0
2360 471 7 13 1 0
2795 597 7 13 1 0
2793 658 7 13 1 0
246 111 4 10 1 0
3286 166 4 10 1 0
1626 706 7 13 1 0
1876 915 11 17 1 0
1882 389 4 10 1 0
2601 615 7 13 1 0
405 11 4 10 1 0
74 213 4 10 1 0
1738 173 4 10 1 0
948 4 4 10 1 0
934 20 4 10 1 0
2290 189 4 10 1 0
25 74 4 10 1 0
661 262 4 10 1 0
2821 538 7 13 1 0
370 283 4 10 1 0
1310 354 4 10 1 0
567 49 4 10 1 0
1975 461 7 13 1 0
2773 67 4 10 1 0
1821 116 4 10 1 0
2059 591 7 13 1 0
1646 100 4 10 1 0
280 47 4 10 1 0
2576 34 4 10 1 0
192 187 4 10 1 0
2971 846 11 17 1 0
2468 422 4 10 1 0
3216 325 4 10 1 0
462 228 4 10 1 0
160 411 4 10 1 0
1792 251 4 10 1 0
526 507 7 13 1 0
40 684 7 13 1 0
814 153 4 10 1 0
3294 290 4 10 1 0
208 90 4 10 1 0
360 501 7 13 1 0
1500 194 4 10 1 0
1845 659 7 13 1 0
2565 354 4 10 1 0
2155 655 7 13 1 0
2331 802 11 17 1 0
419 546 7 13 1 0
610 139 4 10 1 0
1845 897 11 17 1 0
3426 63 4 10 1 0
1790 112 4 10 1 0
1556 572 7 13 1 0
87 476 7 13 1 0
1833 308 4 10 1 0
458 249 4 10 1 0
424 81 4 10 1 0
605 115 4 10 1 0
3168 558 7 13 1 0
2288 784 11 17 1 0
1078 975 11 17 1 0
2353 61 4 10 1 0
2869 62 4 10 1 0
923 239 4 10 1 0
2471 66 4 10 1 0
1929 476 7 13 1 0
678 31 4 10 1 0
1741 273 4 10 1 0
2874 762 11 17 1 0
1289 968 11 17 1 0
633 231 4 10 1 0
2046 76 4 10 1 0
954 540 7 13 1 0
675 194 4 10 1 0
942 330 4 10 1 0
2352 387 4 10 1 0
1776 621 7 13 1 0
647 1008 11 17 1 0
278 235 4 10 1 0
3320 101 4 10 1 0
1934 321 4 10 1 0
698 225 4 10 1 0
2775 742 11 17 1 0
2265 304 4 10 1 0
2583 959 11 17 1 0
1566 272 4 10 1 0
1500 79 4 10 1 0
2975 261 4 10 1 0
1883 504 7 13 1 0
430 24 4 10 1 0
3363 157 4 10 1 0
1177 831 11 17 1 0
782 176 4 10 1 0
2152 515 7 13 1 0
737 202 4 10 1 0
2295 144 4 10 1 0
1598 333 4 10 1 0
2313 445 7 13 1 0
2005 626 7 13 1 0
327 718 7 13 1 0
2119 134 4 10 1 0
301 144 4 10 1 0
173 191 4 10 1 0
1234 198 4 10 1 0
1806 374 4 10 1 0
59 55 4 10 1 0
489 6 4 10 1 0
624 359 4 10 1 0
1897 221 4 10 1 0
2322 52 4 10 1 0
965 144 4 10 1 0
2584 514 7 13 1 0
2552 418 4 10 1 0
1035 415 4 10 1 0
202 129 4 10 1 0
1490 337 4 10 1 0
704 568 7 13 1 0
1692 192 4 10 1 0
906 441 5 5 1 0
2365 110 4 10 1 0
2543 803 11 17 1 0
1924 214 4 10 1 0
106 80 4 10 1 0
766 175 4 10 1 0
834 176 4 10 1 0
422 364 4 10 1 0
21 225 4 10 1 0
2256 687 7 13 1 0
2026 986 11 17 1 0
5 157 4 10 1 0
1607 724 7 13 1 0
1042 563 7 13 1 0
2409 325 4 10 1 0
3308 178 4 10 1 0
44 364 4 10 1 0
2170 624 7 13 1 0
2850 606 7 13 1 0
3456 558 7 13 1 0
2699 689 7 13 1 0
731 760 11 17 1 0
2199 321 4 10 1 0
2619 551 7 13 1 0
2655 916 11 17 1 0
1167 783 11 17 1 0
3023 801 11 17 1 0
1346 372 4 10 1 0
2426 290 4 10 1 0
1924 112 4 10 1 0
3090 420 4 10 1 0
252 538 7 13 1 0
260 318 4 10 1 0
3301 821 11 17 1 0
3184 512 7 13 1 0
1611 59 4 10 1 0
420 93 4 10 1 0
2167 69 4 10 1 0
201 315 4 10 1 0
2716 537 7 13 1 0
807 391 4 10 1 0
3461 114 4 10 1 0
2268 28 4 10 1 0
257 786 11 17 1 0
347 300 4 10 1 0
439 95 4 10 1 0
145 910 11 17 1 0
765 506 7 13 1 0
2116 102 4 10 1 0
26 171 4 10 1 0
3266 353 4 10 1 0
1552 104 4 10 1 0
2408 69 4 10 1 0
1132 975 11 17 1 0
2743 191 4 10 1 0
133 229 4 10 1 0
1737 15 4 10 1 0
2266 674 7 13 1 0
267 240 4 10 1 0
2007 574 7 13 1 0
2234 297 4 10 1 0
1961 998 11 17 1 0
2030 219 4 10 1 0
2237 272 4 10 1 0
306 293 4 10 1 0
596 409 4 10 1 0
2507 77 4 10 1 0
184 396 4 10 1 0
1953 17 4 10 1 0
2364 499 7 13 1 0
604 17 4 10 1 0
1776 245 4 10 1 0
267 195 4 10 1 0
1874 112 4 10 1 0
2638 557 7 13 1 0
695 470 7 13 1 0
1473 521 7 13 1 0
360 438 5 5 1 0
814 634 7 13 1 0
206 217 4 10 1 0
594 153 4 10 1 0
657 145 4 10 1 0
1857 137 4 10 1 0
1015 95 4 10 1 0
685 505 7 13 1 0
861 110 4 10 1 0
1917 761 11 17 1 0
551 119 4 10 1 0
1090 932 11 17 1 0
585 381 4 10 1 0
2744 758 11 17 1 0
2080 430 4 10 1 0
1269 600 7 13 1 0
1371 124 4 10 1 0
2200 515 7 13 1 0
641 291 4 10 1 0
1930 416 4 10 1 0
657 144 4 10 1 0
558 22 4 10 1 0
1494 593 7 13 1 0
2163 102 4 10 1 0
1636 946 11 17 1 0
1334 410 4 10 1 0
414 756 11 17 1 0
2345 279 4 10 1 0
386 184 4 10 1 0
1812 428 4 10 1 0
1906 166 4 10 1 0
1021 632 7 13 1 0
1472 616 7 13 1 0
472 459 7 13 1 0
2841 421 4 10 1 0
622 12 4 10 1 0
1377 114 4 10 1 0
291 195 4 10 1 0
544 201 4 10 1 0
2694 936 11 17 1 0
2262 117 4 10 1 0
1635 828 11 17 1 0
111 670 7 13 1 0
2446 920 11 17 1 0
2207 326 4 10 1 0
594 751 11 17 1 0
1069 426 4 10 1 0
2310 139 4 10 1 0
1715 907 11 17 1 0
79 92 4 10 1 0
2171 5 4 10 1 0
1867 295 4 10 1 0
2014 715 7 13 1 0
1170 850 11 17 1 0
1539 148 4 10 1 0
497 353 4 10 1 0
2926 548 7 13 1 0
2167 224 4 10 1 0
625 402 4 10 1 0
3027 890 11 17 1 0
1429 555 7 13 1 0
3200 371 4 10 1 0
1461 482 7 13 1 0
33 190 4 10 1 0
2274 199 4 10 1 0
2173 370 4 10 1 0
629 213 4 10 1 0
480 504 7 13 1 0
486 403 4 10 1 0
2765 682 7 13 1 0
1982 323 4 10 1 0
3124 392 4 10 1 0
100 395 4 10 1 0
528 509 7 13 1 0
886 199 4 10 1 0
3455 625 7 13 1 0
3416 546 7 13 1 0
777 763 11 17 1 0
478 163 4 10 1 0
899 118 4 10 1 0
480 144 4 10 1 0
2399 316 4 10 1 0
1904 75 4 10 1 0
1641 626 7 13 1 0
588 253 4 10 1 0
726 491 7 13 1 0
1224 899 11 17 1 0
1650 124 4 10 1 0
3025 58 4 10 1 0
2835 692 7 13 1 0
337 365 4 10 1 0
572 1 4 10 1 0
1411 73 4 10 1 0
3067 540 7 13 1 0
1368 13 4 10 1 0
1855 495 7 13 1 0
1820 159 4 10 1 0
1607 407 4 10 1 0
3284 265 4 10 1 0
238 44 4 10 1 0
327 472 7 13 1 0
2926 23 4 10 1 0
233 21 4 10 1 0
2728 195 4 10 1 0
2360 642 7 13 1 0
1982 1008 11 17 1 0
819 259 4 10 1 0
31 159 4 10 1 0
1789 901 11 17 1 0
1231 390 4 10 1 0
2406 906 11 17 1 0
1003 69 4 10 1 0
1163 78 4 10 1 0
3250 29 4 10 1 0
3278 48 4 10 1 0
2179 164 4 10 1 0
47 112 4 10 1 0
2336 676 7 13 1 0
1407 59 4 10 1 0
1896 261 4 10 1 0
1569 552 7 13 1 0
736 839 11 17 1 0
697 108 4 10 1 0
502 633 7 13 1 0
1003 35 4 10 1 0
1675 154 4 10 1 0
1538 140 4 10 1 0
1451 732 7 13 1 0
2305 59 4 10 1 0
1583 511 7 13 1 0
2104 1004 11 17 1 0
95 521 7 13 1 0
213 759 11 17 1 0
2414 861 11 17 1 0
1826 290 4 10 1 0
462 229 4 10 1 0
1846 635 7 13 1 0
2511 29 4 10 1 0
2077 625 7 13 1 0
1701 188 4 10 1 0
1937 126 4 10 1 0
2230 174 4 10 1 0
3326 403 4 10 1 0
2344 232 4 10 1 0
2313 587 7 13 1 0
2695 256 4 10 1 0
725 391 4 10 1 0
2427 667 7 13 1 0
397 434 5 5 1 0
379 611 7 13 1 0
323 28 4 10 1 0
2115 592 7 13 1 0
1225 27 4 10 1 0
1010 945 11 17 1 0
1534 9 4 10 1 0
1751 454 7 13 1 0
114 589 7 13 1 0
775 339 4 10 1 0
387 103 4 10 1 0
1218 44 4 10 1 0
552 553 7 13 1 0
1960 968 11 17 1 0
2758 585 7 13 1 0
3012 81 4 10 1 0
2977 40 4 10 1 0
1247 27 4 10 1 0
125 290 4 10 1 0
554 120 4 10 1 0
1864 204 4 10 1 0
2951 680 7 13 1 0
2149 465 7 13 1 0
764 174 4 10 1 0
152 117 4 10 1 0
1348 826 11 17 1 0
1777 30 4 10 1 0
570 432 5 5 1 0
653 251 4 10 1 0
2697 287 4 10 1 0
1715 223 4 10 1 0
1529 770 11 17 1 0
2812 789 11 17 1 0
1009 446 7 13 1 0
1705 861 11 17 1 0
147 140 4 10 1 0
1149 1012 11 17 1 0
195 415 4 10 1 0
1465 683 7 13 1 0
2869 874 11 17 1 0
1741 92 4 10 1 0
661 520 7 13 1 0
3088 799 11 17 1 0
2277 155 4 10 1 0
1490 178 4 10 1 0
445 521 7 13 1 0
396 172 4 10 1 0
8 17 4 10 1 0
2220 8 4 10 1 0
2315 640 7 13 1 0
1784 176 4 10 1 0
1010 268 4 10 1 0
1440 290 4 10 1 0
2460 845 11 17 1 0
875 132 4 10 1 0
207 882 11 17 1 0
2430 121 4 10 1 0
1748 36 4 10 1 0
2384 6 4 10 1 0
3086 245 4 10 1 0
2452 333 4 10 1 0
845 584 7 13 1 0
3211 976 11 17 1 0
620 70 4 10 1 0
46 365 4 10 1 0
932 271 4 10 1 0
599 1016 11 17 1 0
350 617 7 13 1 0
56 132 4 10 1 0
392 86 4 10 1 0
1844 368 4 10 1 0
2263 63 4 10 1 0
2951 476 7 13 1 0
764 504 7 13 1 0
1424 123 4 10 1 0
208 280 4 10 1 0
1936 290 4 10 1 0
790 229 4 10 1 0
1837 780 11 17 1 0
2299 111 4 10 1 0
2465 168 4 10 1 0
209 62 4 10 1 0
1011 156 4 10 1 0
2188 46 4 10 1 0
172 349 4 10 1 0
1503 116 4 10 1 0
852 711 7 13 1 0
482 128 4 10 1 0
1879 258 4 10 1 0
1063 295 4 10 1 0
1471 36 4 10 1 0
2778 381 4 10 1 0
13 385 4 10 1 0
540 24 4 10 1 0
3129 12 4 10 1 0
2540 460 7 13 1 0
503 63 4 10 1 0
2766 144 4 10 1 0
2101 371 4 10 1 0
1497 681 7 13 1 0
1275 659 7 13 1 0
2115 186 4 10 1 0
3344 211 4 10 1 0
1194 877 11 17 1 0
1080 381 4 10 1 0
2090 14 4 10 1 0
1649 82 4 10 1 0
2479 148 4 10 1 0
3298 667 7 13 1 0
2522 67 4 10 1 0
2984 896 11 17 1 0
2270 734 7 13 1 0
173 229 4 10 1 0
3396 580 7 13 1 0
156 163 4 10 1 0
2647 451 7 13 1 0
1924 90 4 10 1 0
2939 71 4 10 1 0
1116 176 4 10 1 0
649 885 11 17 1 0
3214 186 4 10 1 0
931 570 7 13 1 0
432 8 4 10 1 0
2892 598 7 13 1 0
180 465 7 13 1 0
2239 28 4 10 1 0
2555 340 4 10 1 0
1578 891 11 17 1 0
99 375 4 10 1 0
2968 90 4 10 1 0
2582 384 4 10 1 0
2281 267 4 10 1 0
573 163 4 10 1 0
720 280 4 10 1 0
67 353 4 10 1 0
379 38 4 10 1 0
808 13 4 10 1 0
967 333 4 10 1 0
3063 587 7 13 1 0
1471 951 11 17 1 0
3072 27 4 10 1 0
775 269 4 10 1 0
1044 317 4 10 1 0
695 482 7 13 1 0
731 667 7 13 1 0
1328 997 11 17 1 0
80 410 4 10 1 0
3198 851 11 17 1 0
843 857 11 17 1 0
3247 592 7 13 1 0
1343 925 11 17 1 0
471 459 7 13 1 0
689 319 4 10 1 0
89 261 4 10 1 0
2002 440 5 5 1 0
621 119 4 10 1 0
2393 275 4 10 1 0
2083 88 4 10 1 0
3420 265 4 10 1 0
497 304 4 10 1 0
2053 334 4 10 1 0
753 340 4 10 1 0
1443 195 4 10 1 0
612 631 7 13 1 0
2518 366 4 10 1 0
2903 663 7 13 1 0
171 953 11 17 1 0
2446 268 4 10 1 0
904 351 4 10 1 0
988 361 4 10 1 0
2057 155 4 10 1 0
330 603 7 13 1 0
10 378 4 10 1 0
3006 776 11 17 1 0
1843 499 7 13 1 0
2572 488 7 13 1 0
487 177 4 10 1 0
1704 684 7 13 1 0
958 174 4 10 1 0
2972 676 7 13 1 0
3422 420 4 10 1 0
2302 195 4 10 1 0
2380 603 7 13 1 0
1942 203 4 10 1 0
961 485 7 13 1 0
2441 427 4 10 1 0
2037 47 4 10 1 0
1692 28 4 10 1 0
15 678 7 13 1 0
2966 809 11 17 1 0
1898 317 4 10 1 0
55 100 4 10 1 0
169 286 4 10 1 0
1935 250 4 10 1 0
447 117 4 10 1 0
1974 426 4 10 1 0
1774 166 4 10 1 0
2823 950 11 17 1 0
2695 866 11 17 1 0
388 260 4 10 1 0
3253 953 11 17 1 0
3007 54 4 10 1 0
2232 447 7 13 1 0
229 40 4 10 1 0
1286 734 7 13 1 0
498 250 4 10 1 0
2692 794 11 17 1 0
316 761 11 17 1 0
461 153 4 10 1 0
1770 90 4 10 1 0
3203 638 7 13 1 0
571 434 5 5 1 0
2010 71 4 10 1 0
1107 999 11 17 1 0
1748 174 4 10 1 0
831 184 4 10 1 0
33 118 4 10 1 0
921 512 7 13 1 0
1002 24 4 10 1 0
2226 196 4 10 1 0
1628 551 7 13 1 0
2112 81 4 10 1 0
103 242 4 10 1 0
138 201 4 10 1 0
93 152 4 10 1 0
246 566 7 13 1 0
374 206 4 10 1 0
553 176 4 10 1 0
1647 502 7 13 1 0
2833 899 11 17 1 0
2554 270 4 10 1 0
3368 700 7 13 1 0
2081 874 11 17 1 0
2275 875 11 17 1 0
2293 68 4 10 1 0
84 682 7 13 1 0
680 96 4 10 1 0
2286 647 7 13 1 0
699 83 4 10 1 0
2752 524 7 13 1 0
1820 188 4 10 1 0
1443 916 11 17 1 0
51 247 4 10 1 0
829 387 4 10 1 0
745 237 4 10 1 0
359 79 4 10 1 0
1128 129 4 10 1 0
861 49 4 10 1 0
2373 7 4 10 1 0
3134 453 7 13 1 0
1775 371 4 10 1 0
1784 22 4 10 1 0
329 4 4 10 1 0
1356 625 7 13 1 0
314 748 11 17 1 0
2447 626 7 13 1 0
1314 208 4 10 1 0
2089 616 7 13 1 0
263 86 4 10 1 0
720 262 4 10 1 0
308 498 7 13 1 0
613 294 4 10 1 0
341 631 7 13 1 0
3156 332 4 10 1 0
2230 347 4 10 1 0
1542 508 7 13 1 0
1937 464 7 13 1 0
2839 541 7 13 1 0
2491 774 11 17 1 0
19 412 4 10 1 0
703 56 4 10 1 0
797 573 7 13 1 0
286 302 4 10 1 0
760 215 4 10 1 0
475 659 7 13 1 0
2376 96 4 10 1 0
244 213 4 10 1 0
738 208 4 10 1 0
1294 567 7 13 1 0
3343 245 4 10 1 0
913 365 4 10 1 0
1719 85 4 10 1 0
837 13 4 10 1 0
1991 610 7 13 1 0
1326 133 4 10 1 0
1962 994 11 17 1 0
1935 440 5 5 1 0
400 487 7 13 1 0
1695 303 4 10 1 0
1570 134 4 10 1 0
1671 340 4 10 1 0
1934 736 7 13 1 0
1789 865 11 17 1 0
535 384 4 10 1 0
3081 75 4 10 1 0
1963 287 4 10 1 0
2295 540 7 13 1 0
3207 399 4 10 1 0
1979 105 4 10 1 0
1957 312 4 10 1 0
1768 452 7 13 1 0
486 219 4 10 1 0
906 861 11 17 1 0
282 264 4 10 1 0
1585 37 4 10 1 0
1550 456 7 13 1 0
977 428 4 10 1 0
2299 285 4 10 1 0
1891 353 4 10 1 0
641 604 7 13 1 0
1966 69 4 10 1 0
121 349 4 10 1 0
633 704 7 13 1 0
2541 892 11 17 1 0
1295 210 4 10 1 0
312 47 4 10 1 0
1986 579 7 13 1 0
2267 147 4 10 1 0
753 123 4 10 1 0
538 49 4 10 1 0
3437 402 4 10 1 0
603 223 4 10 1 0
1772 306 4 10 1 0
1820 228 4 10 1 0
344 165 4 10 1 0
528 284 4 10 1 0
14 39 4 10 1 0
2311 254 4 10 1 0
1600 456 7 13 1 0
2727 253 4 10 1 0
1547 27 4 10 1 0
95 312 4 10 1 0
3345 492 7 13 1 0
1591 589 7 13 1 0
2858 21 4 10 1 0
1687 469 7 13 1 0
1132 943 11 17 1 0
755 124 4 10 1 0
2521 543 7 13 1 0
104 106 4 10 1 0
3431 45 4 10 1 0
805 124 4 10 1 0
1275 639 7 13 1 0
161 340 4 10 1 0
1067 684 7 13 1 0
600 313 4 10 1 0
330 300 4 10 1 0
1231 160 4 10 1 0
345 10 4 10 1 0
652 414 4 10 1 0
466 355 4 10 1 0
1966 236 4 10 1 0
578 228 4 10 1 0
559 300 4 10 1 0
75 640 7 13 1 0
3423 751 11 17 1 0
298 400 4 10 1 0
16 186 4 10 1 0
1016 240 4 10 1 0
341 485 7 13 1 0
2506 682 7 13 1 0
597 935 11 17 1 0
1098 546 7 13 1 0
3153 235 4 10 1 0
1918 130 4 10 1 0
505 418 4 10 1 0
2333 287 4 10 1 0
2482 322 4 10 1 0
462 395 4 10 1 0
1346 491 7 13 1 0
2144 341 4 10 1 0
718 201 4 10 1 0
624 668 7 13 1 0
2226 330 4 10 1 0
711 51 4 10 1 0
1724 162 4 10 1 0
829 844 11 17 1 0
2936 451 7 13 1 0
3095 9 4 10 1 0
1798 320 4 10 1 0
1295 588 7 13 1 0
702 527 7 13 1 0
445 134 4 10 1 0
2087 365 4 10 1 0
339 38 4 10 1 0
3198 590 7 13 1 0
2458 602 7 13 1 0
861 630 7 13 1 0
2516 115 4 10 1 0
1426 23 4 10 1 0
123 291 4 10 1 0
217 426 4 10 1 0
2283 372 4 10 1 0
1545 837 11 17 1 0
2411 417 4 10 1 0
1639 380 4 10 1 0
540 440 5 5 1 0
403 376 4 10 1 0
2215 626 7 13 1 0
2485 192 4 10 1 0
327 165 4 10 1 0
2601 572 7 13 1 0
2104 327 4 10 1 0
2772 36 4 10 1 0
1057 498 7 13 1 0
292 130 4 10 1 0
414 521 7 13 1 0
2089 67 4 10 1 0
2680 297 4 10 1 0
137 795 11 17 1 0
829 373 4 10 1 0
734 292 4 10 1 0
2682 166 4 10 1 0
546 6 4 10 1 0
2534 555 7 13 1 0
1990 131 4 10 1 0
656 325 4 10 1 0
33 732 7 13 1 0
2940 84 4 10 1 0
104 345 4 10 1 0
2137 579 7 13 1 0
854 259 4 10 1 0
2207 681 7 13 1 0
849 440 5 5 1 0
216 388 4 10 1 0
2372 379 4 10 1 0
656 169 4 10 1 0
448 153 4 10 1 0
707 138 4 10 1 0
2921 67 4 10 1 0
209 629 7 13 1 0
1053 592 7 13 1 0
3407 642 7 13 1 0
2877 441 5 5 1 0
1961 941 11 17 1 0
2002 415 4 10 1 0
3248 420 4 10 1 0
2475 540 7 13 1 0
2161 498 7 13 1 0
2764 820 11 17 1 0
2250 614 7 13 1 0
1105 475 7 13 1 0
2001 8 4 10 1 0
48 747 11 17 1 0
818 370 4 10 1 0
2422 404 4 10 1 0
1140 467 7 13 1 0
2110 93 4 10 1 0
87 774 11 17 1 0
1157 372 4 10 1 0
649 367 4 10 1 0
100 489 7 13 1 0
46 32 4 10 1 0
3379 379 4 10 1 0
2366 27 4 10 1 0
1381 66 4 10 1 0
779 14 4 10 1 0
2007 649 7 13 1 0
618 441 5 5 1 0
2437 151 4 10 1 0
2124 152 4 10 1 0
512 328 4 10 1 0
1544 32 4 10 1 0
1789 465 7 13 1 0
523 422 4 10 1 0
742 280 4 10 1 0
3267 853 11 17 1 0
3437 939 11 17 1 0
140 668 7 13 1 0
1646 10 4 10 1 0
1522 672 7 13 1 0
280 263 4 10 1 0
126 380 4 10 1 0
831 102 4 10 1 0
1671 885 11 17 1 0
885 869 11 17 1 0
1607 647 7 13 1 0
279 669 7 13 1 0
3265 411 4 10 1 0
213 183 4 10 1 0
399 437 5 5 1 0
593 29 4 10 1 0
2569 128 4 10 1 0
1563 99 4 10 1 0
1785 352 4 10 1 0
316 70 4 10 1 0
349 59 4 10 1 0
1801 391 4 10 1 0
614 310 4 10 1 0
3239 350 4 10 1 0
2649 501 7 13 1 0
743 441 5 5 1 0
2147 6 4 10 1 0
2348 795 11 17 1 0
497 487 7 13 1 0
2908 870 11 17 1 0
1876 453 7 13 1 0
887 366 4 10 1 0
249 990 11 17 1 0
1871 810 11 17 1 0
2329 198 4 10 1 0
1164 277 4 10 1 0
2274 442 7 13 1 0
996 26 4 10 1 0
349 728 7 13 1 0
2217 27 4 10 1 0
367 708 7 13 1 0
3422 138 4 10 1 0
847 90 4 10 1 0
2220 52 4 10 1 0
2293 810 11 17 1 0
1325 58 4 10 1 0
2473 261 4 10 1 0
2066 100 4 10 1 0
3270 769 11 17 1 0
3094 744 11 17 1 0
157 164 4 10 1 0
379 315 4 10 1 0
253 186 4 10 1 0
95 519 7 13 1 0
1347 106 4 10 1 0
1340 320 4 10 1 0
1023 821 11 17 1 0
2950 381 4 10 1 0
1448 213 4 10 1 0
1687 124 4 10 1 0
2530 433 5 5 1 0
589 441 5 5 1 0
747 158 4 10 1 0
987 35 4 10 1 0
156 178 4 10 1 0
938 388 4 10 1 0
1762 799 11 17 1 0
2290 204 4 10 1 0
2359 86 4 10 1 0
840 307 4 10 1 0
678 472 7 13 1 0
738 204 4 10 1 0
2324 305 4 10 1 0
1535 290 4 10 1 0
1079 265 4 10 1 0
1354 83 4 10 1 0
1238 98 4 10 1 0
1909 395 4 10 1 0
2811 60 4 10 1 0
650 16 4 10 1 0
2163 323 4 10 1 0
1327 789 11 17 1 0
132 743 11 17 1 0
1030 582 7 13 1 0
629 866 11 17 1 0
2841 509 7 13 1 0
147 141 4 10 1 0
1161 911 11 17 1 0
1704 538 7 13 1 0
2849 1012 11 17 1 0
2436 315 4 10 1 0
1757 332 4 10 1 0
1840 251 4 10 1 0
2209 471 7 13 1 0
755 481 7 13 1 0
1871 613 7 13 1 0
790 227 4 10 1 0
3433 989 11 17 1 0
363 757 11 17 1 0
462 118 4 10 1 0
2193 252 4 10 1 0
1975 894 11 17 1 0
428 728 7 13 1 0
3186 909 11 17 1 0
1745 205 4 10 1 0
2466 103 4 10 1 0
2617 401 4 10 1 0
1319 35 4 10 1 0
869 422 4 10 1 0
1435 355 4 10 1 0
2300 744 11 17 1 0
659 26 4 10 1 0
407 268 4 10 1 0
1382 139 4 10 1 0
1439 61 4 10 1 0
3143 1007 11 17 1 0
682 431 5 5 1 0
3014 571 7 13 1 0
3228 47 4 10 1 0
3185 354 4 10 1 0
1124 13 4 10 1 0
724 91 4 10 1 0
193 187 4 10 1 0
780 245 4 10 1 0
2119 195 4 10 1 0
3068 711 7 13 1 0
273 838 11 17 1 0
724 902 11 17 1 0
710 88 4 10 1 0
1087 169 4 10 1 0
8 539 7 13 1 0
1888 139 4 10 1 0
1579 701 7 13 1 0
564 291 4 10 1 0
230 494 7 13 1 0
2309 795 11 17 1 0
1647 755 11 17 1 0
2859 457 7 13 1 0
511 692 7 13 1 0
583 174 4 10 1 0
1741 338 4 10 1 0
803 410 4 10 1 0
478 241 4 10 1 0
1476 462 7 13 1 0
954 848 11 17 1 0
804 295 4 10 1 0
196 934 11 17 1 0
1898 305 4 10 1 0
1908 230 4 10 1 0
1538 649 7 13 1 0
2455 198 4 10 1 0
1272 119 4 10 1 0
3285 176 4 10 1 0
1959 402 4 10 1 0
1371 167 4 10 1 0
90 257 4 10 1 0
1483 162 4 10 1 0
1248 371 4 10 1 0
13 211 4 10 1 0
2168 708 7 13 1 0
772 586 7 13 1 0
602 724 7 13 1 0
1704 613 7 13 1 0
2328 344 4 10 1 0
1509 6 4 10 1 0
2257 147 4 10 1 0
930 495 7 13 1 0
1457 295 4 10 1 0
1711 375 4 10 1 0
1258 242 4 10 1 0
724 717 7 13 1 0
2045 731 7 13 1 0
2288 301 4 10 1 0
