917 243 27 30 1 0
689 292 20 24 1 0
486 174 27 39 1 0
309 260 34 37 1 0
59 281 34 37 1 0
1440 253 18 18 1 0
1765 280 18 18 1 0
970 260 20 24 1 0
1070 231 27 30 1 0
1051 359 20 24 1 0
1414 231 18 18 1 0
386 315 34 37 1 0
1587 306 18 18 1 0
263 441 34 37 1 0
951 186 27 30 1 0
1071 279 20 24 1 0
1608 302 18 18 1 0
284 198 27 39 1 0
1206 287 18 18 1 0
1075 326 20 24 1 0
861 270 20 24 1 0
822 229 27 30 1 0
897 187 27 30 1 0
213 248 34 37 1 0
1302 225 18 18 1 0
955 220 27 30 1 0
1477 290 18 18 1 0
1871 318 18 18 1 0
1480 239 18 18 1 0
394 166 27 39 1 0
1382 330 13 26 1 0
676 262 20 24 1 0
219 168 27 39 1 0
941 333 20 24 1 0
408 278 34 37 1 0
190 283 34 37 1 0
8 263 29 31 1 0
1224 258 18 18 1 0
1156 331 18 18 1 0
1579 263 18 18 1 0
770 166 27 30 1 0
430 246 34 37 1 0
1003 332 20 24 1 0
91 261 34 37 1 0
69 222 27 39 1 0
1161 264 18 18 1 0
139 268 34 37 1 0
734 311 20 24 1 0
898 231 27 30 1 0
965 288 20 24 1 0
627 185 27 30 1 0
1293 309 18 18 1 0
407 172 27 39 1 0
609 188 27 30 1 0
814 263 20 24 1 0
226 274 34 37 1 0
809 326 20 24 1 0
1905 312 18 18 1 0
1162 287 18 18 1 0
890 265 20 24 1 0
1659 251 18 18 1 0
1694 331 18 18 1 0
733 270 20 24 1 0
745 217 27 30 1 0
593 318 20 24 1 0
1322 253 18 18 1 0
1282 254 18 18 1 0
1423 325 13 26 1 0
991 271 20 24 1 0
357 166 27 39 1 0
334 148 27 39 1 0
1405 243 18 18 1 0
486 300 20 24 1 0
828 288 20 24 1 0
820 187 27 30 1 0
443 221 27 39 1 0
592 287 20 24 1 0
962 331 20 24 1 0
1189 312 18 18 1 0
924 294 20 24 1 0
1364 231 18 18 1 0
445 169 27 39 1 0
774 279 20 24 1 0
682 188 27 30 1 0
1834 292 18 18 1 0
361 268 34 37 1 0
623 295 20 24 1 0
1022 199 27 30 1 0
1659 315 22 22 1 0
218 214 27 39 1 0
661 299 20 24 1 0
1030 254 27 30 1 0
851 313 20 24 1 0
1492 259 18 18 1 0
275 168 27 39 1 0
700 265 20 24 1 0
1710 365 27 24 1 0
50 258 29 31 1 0
796 308 20 24 1 0
1163 231 18 18 1 0
1574 311 18 18 1 0
1520 305 26 40 1 0
103 299 34 37 1 0
873 322 20 24 1 0
1312 351 52 68 1 0
1434 313 18 18 1 0
1549 247 18 18 1 0
1799 298 18 18 1 0
131 191 27 39 1 0
270 265 34 37 1 0
167 208 27 39 1 0
1228 310 21 20 1 0
807 291 20 24 1 0
1250 299 18 18 1 0
304 308 34 37 1 0
1232 287 18 18 1 0
515 271 20 24 1 0
510 166 27 39 1 0
1744 293 18 18 1 0
1391 290 18 18 1 0
641 279 20 24 1 0
599 219 27 30 1 0
705 165 27 30 1 0
1247 237 18 18 1 0
1845 278 18 18 1 0
