541 262 12 15 1 0
61 445 12 15 1 0
489 122 12 15 1 0
534 173 12 15 1 0
20 53 12 15 1 0
721 356 12 15 1 0
369 292 12 15 1 0
304 14 12 15 1 0
223 305 12 15 1 0
455 206 12 15 1 0
142 447 12 15 1 0
126 211 12 15 1 0
358 260 12 15 1 0
84 142 12 15 1 0
189 103 12 15 1 0
308 210 12 15 1 0
339 358 12 15 1 0
534 386 12 15 1 0
673 213 12 15 1 0
627 187 12 15 1 0
559 164 12 15 1 0
659 445 12 15 1 0
702 210 12 15 1 0
288 494 12 15 1 0
740 51 12 15 1 0
208 181 12 15 1 0
238 196 12 15 1 0
348 249 12 15 1 0
137 130 12 15 1 0
647 50 12 15 1 0
215 423 12 15 1 0
132 227 12 15 1 0
53 85 12 15 1 0
74 462 12 15 1 0
115 478 12 15 1 0
716 162 12 15 1 0
249 273 12 15 1 0
580 487 12 15 1 0
573 43 12 15 1 0
535 350 12 15 1 0
164 317 12 15 1 0
531 494 12 15 1 0
733 476 12 15 1 0
366 248 12 15 1 0
228 144 12 15 1 0
97 438 12 15 1 0
225 243 12 15 1 0
746 180 12 15 1 0
308 127 12 15 1 0
397 206 12 15 1 0
50 53 12 15 1 0
37 260 12 15 1 0
70 475 12 15 1 0
266 366 12 15 1 0
455 283 12 15 1 0
594 185 12 15 1 0
70 3 12 15 1 0
518 263 12 15 1 0
72 102 12 15 1 0
235 79 12 15 1 0
203 62 12 15 1 0
741 227 12 15 1 0
152 180 12 15 1 0
44 495 12 15 1 0
382 490 12 15 1 0
626 228 12 15 1 0
335 384 12 15 1 0
731 404 12 15 1 0
422 343 12 15 1 0
94 205 12 15 1 0
133 55 12 15 1 0
307 393 12 15 1 0
416 433 12 15 1 0
453 128 12 15 1 0
492 438 12 15 1 0
12 500 12 15 1 0
260 114 12 15 1 0
616 280 12 15 1 0
104 386 12 15 1 0
383 419 12 15 1 0
266 331 12 15 1 0
267 175 12 15 1 0
327 441 12 15 1 0
310 476 12 15 1 0
374 148 12 15 1 0
537 484 12 15 1 0
462 346 12 15 1 0
13 371 12 15 1 0
468 379 12 15 1 0
448 264 12 15 1 0
636 330 12 15 1 0
360 22 12 15 1 0
576 210 12 15 1 0
563 458 12 15 1 0
590 292 12 15 1 0
110 263 12 15 1 0
80 15 12 15 1 0
738 276 12 15 1 0
486 419 12 15 1 0
682 300 12 15 1 0
186 206 12 15 1 0
241 251 12 15 1 0
593 245 12 15 1 0
218 109 12 15 1 0
328 201 12 15 1 0
690 115 12 15 1 0
744 370 12 15 1 0
592 318 12 15 1 0
179 49 12 15 1 0
543 194 12 15 1 0
489 54 12 15 1 0
237 162 12 15 1 0
63 210 12 15 1 0
257 145 12 15 1 0
11 228 12 15 1 0
28 191 12 15 1 0
68 365 12 15 1 0
377 473 12 15 1 0
702 278 12 15 1 0
97 301 12 15 1 0
345 231 12 15 1 0
270 194 12 15 1 0
101 226 12 15 1 0
523 436 12 15 1 0
568 390 12 15 1 0
413 331 12 15 1 0
203 259 12 15 1 0
278 472 12 15 1 0
631 350 12 15 1 0
222 392 12 15 1 0
466 163 12 15 1 0
516 494 12 15 1 0
142 141 12 15 1 0
719 180 12 15 1 0
68 296 12 15 1 0
639 478 12 15 1 0
119 194 12 15 1 0
510 417 12 15 1 0
369 453 12 15 1 0
719 246 12 15 1 0
340 300 12 15 1 0
250 405 12 15 1 0
612 134 12 15 1 0
150 2 12 15 1 0
268 86 12 15 1 0
186 427 12 15 1 0
252 363 12 15 1 0
96 103 12 15 1 0
720 317 12 15 1 0
39 180 12 15 1 0
324 176 12 15 1 0
610 421 12 15 1 0
488 277 12 15 1 0
724 71 12 15 1 0
403 320 12 15 1 0
2 212 9 11 1 0
276 82 12 15 1 0
629 457 12 15 1 0
77 331 12 15 1 0
509 114 12 15 1 0
523 67 12 15 1 0
183 494 12 15 1 0
462 145 12 15 1 0
298 461 12 15 1 0
683 317 12 15 1 0
51 283 12 15 1 0
505 178 12 15 1 0
62 16 12 15 1 0
204 164 12 15 1 0
579 277 12 15 1 0
684 66 12 15 1 0
372 393 12 15 1 0
455 437 12 15 1 0
591 367 12 15 1 0
50 191 12 15 1 0
621 385 12 15 1 0
643 298 12 15 1 0
745 296 12 15 1 0
439 316 12 15 1 0
157 454 12 15 1 0
326 159 12 15 1 0
6 357 12 15 1 0
739 354 12 15 1 0
241 386 12 15 1 0
745 435 12 15 1 0
25 279 12 15 1 0
602 474 12 15 1 0
95 4 12 15 1 0
269 234 12 15 1 0
34 214 12 15 1 0
743 66 12 15 1 0
89 280 12 15 1 0
127 104 12 15 1 0
225 442 12 15 1 0
114 166 12 15 1 0
441 483 12 15 1 0
353 489 12 15 1 0
162 213 12 15 1 0
580 419 12 15 1 0
286 390 12 15 1 0
565 109 12 15 1 0
694 262 12 15 1 0
66 348 12 15 1 0
314 302 12 15 1 0
530 451 12 15 1 0
373 337 12 15 1 0
692 439 12 15 1 0
306 109 12 15 1 0
31 374 12 15 1 0
635 262 12 15 1 0
479 115 12 15 1 0
674 419 12 15 1 0
566 261 12 15 1 0
34 161 12 15 1 0
9 179 12 15 1 0
177 333 12 15 1 0
88 491 12 15 1 0
204 147 12 15 1 0
266 448 12 15 1 0
249 226 12 15 1 0
574 194 12 15 1 0
190 440 12 15 1 0
422 196 12 15 1 0
412 182 12 15 1 0
177 168 12 15 1 0
494 142 12 15 1 0
223 411 12 15 1 0
509 472 12 15 1 0
391 264 12 15 1 0
551 296 12 15 1 0
562 407 12 15 1 0
737 162 12 15 1 0
536 404 12 15 1 0
403 471 12 15 1 0
331 280 12 15 1 0
126 295 12 15 1 0
218 490 12 15 1 0
500 385 12 15 1 0
48 402 12 15 1 0
421 264 12 15 1 0
152 207 12 15 1 0
727 266 12 15 1 0
527 154 12 15 1 0
377 143 12 15 1 0
323 336 12 15 1 0
210 365 12 15 1 0
156 426 12 15 1 0
352 420 12 15 1 0
52 321 12 15 1 0
446 107 12 15 1 0
656 248 12 15 1 0
17 216 12 15 1 0
434 366 12 15 1 0
599 455 12 15 1 0
381 1 6 9 1 0
736 148 12 15 1 0
36 13 12 15 1 0
402 130 12 15 1 0
703 79 12 15 1 0
338 124 12 15 1 0
110 406 12 15 1 0
341 147 12 15 1 0
104 251 12 15 1 0
280 407 12 15 1 0
120 418 12 15 1 0
667 410 12 15 1 0
730 337 12 15 1 0
222 126 12 15 1 0
482 489 12 15 1 0
417 423 12 15 1 0
713 236 12 15 1 0
414 490 12 15 1 0
323 349 12 15 1 0
339 117 12 15 1 0
94 55 12 15 1 0
302 280 12 15 1 0
124 343 12 15 1 0
321 491 12 15 1 0
658 176 12 15 1 0
240 53 12 15 1 0
51 262 12 15 1 0
165 250 12 15 1 0
715 303 12 15 1 0
151 489 12 15 1 0
186 385 12 15 1 0
734 213 12 15 1 0
604 196 12 15 1 0
570 477 12 15 1 0
52 478 12 15 1 0
615 437 12 15 1 0
240 473 12 15 1 0
151 19 12 15 1 0
9 242 12 15 1 0
42 388 12 15 1 0
495 369 12 15 1 0
647 281 12 15 1 0
316 256 12 15 1 0
401 146 12 15 1 0
202 457 12 15 1 0
6 137 12 15 1 0
454 417 12 15 1 0
281 326 12 15 1 0
85 264 12 15 1 0
627 304 12 15 1 0
134 326 12 15 1 0
235 281 12 15 1 0
247 298 12 15 1 0
589 390 12 15 1 0
89 82 12 15 1 0
207 387 12 15 1 0
547 132 12 15 1 0
380 248 12 15 1 0
662 121 12 15 1 0
656 388 12 15 1 0
150 278 12 15 1 0
390 45 12 15 1 0
339 458 12 15 1 0
406 292 12 15 1 0
284 232 12 15 1 0
601 110 12 15 1 0
86 130 12 15 1 0
150 86 12 15 1 0
308 48 12 15 1 0
727 196 12 15 1 0
275 282 12 15 1 0
719 115 12 15 1 0
14 262 12 15 1 0
510 61 12 15 1 0
607 50 12 15 1 0
671 85 12 15 1 0
101 464 12 15 1 0
448 180 12 15 1 0
256 421 12 15 1 0
366 194 12 15 1 0
232 329 12 15 1 0
667 195 12 15 1 0
37 456 12 15 1 0
425 131 12 15 1 0
132 463 12 15 1 0
601 262 12 15 1 0
125 437 12 15 1 0
428 434 12 15 1 0
208 277 12 15 1 0
75 386 12 15 1 0
1 442 9 11 1 0
702 476 12 15 1 0
551 331 12 15 1 0
115 153 12 15 1 0
245 186 12 15 1 0
689 402 12 15 1 0
194 126 12 15 1 0
143 357 12 15 1 0
661 335 12 15 1 0
746 313 12 15 1 0
473 181 12 15 1 0
496 225 12 15 1 0
41 4 12 15 1 0
26 443 12 15 1 0
704 146 12 15 1 0
666 53 12 15 1 0
746 493 12 15 1 0
658 314 12 15 1 0
694 196 12 15 1 0
647 493 12 15 1 0
395 276 12 15 1 0
425 369 12 15 1 0
746 249 12 15 1 0
165 130 12 15 1 0
585 433 12 15 1 0
568 179 12 15 1 0
271 383 12 15 1 0
318 240 12 15 1 0
128 271 12 15 1 0
430 211 12 15 1 0
518 144 12 15 1 0
695 131 12 15 1 0
233 460 12 15 1 0
208 479 12 15 1 0
566 247 12 15 1 0
2 308 9 11 1 0
430 47 12 15 1 0
702 352 12 15 1 0
20 129 12 15 1 0
192 296 12 15 1 0
469 473 12 15 1 0
288 245 12 15 1 0
639 211 12 15 1 0
627 241 12 15 1 0
54 146 12 15 1 0
552 437 12 15 1 0
331 110 12 15 1 0
14 2 12 15 1 0
606 330 12 15 1 0
400 388 12 15 1 0
38 314 12 15 1 0
325 261 12 15 1 0
551 368 12 15 1 0
161 444 12 15 1 0
348 59 12 15 1 0
621 159 12 15 1 0
296 265 12 15 1 0
412 251 12 15 1 0
220 212 12 15 1 0
671 280 12 15 1 0
299 197 12 15 1 0
12 81 12 15 1 0
608 175 12 15 1 0
423 275 12 15 1 0
474 307 12 15 1 0
361 91 12 15 1 0
573 333 12 15 1 0
104 315 12 15 1 0
649 163 12 15 1 0
511 345 12 15 1 0
616 490 12 15 1 0
394 84 12 15 1 0
253 494 12 15 1 0
710 492 12 15 1 0
288 147 12 15 1 0
34 232 12 15 1 0
641 422 12 15 1 0
703 336 12 15 1 0
261 160 12 15 1 0
612 209 12 15 1 0
30 345 12 15 1 0
299 365 12 15 1 0
673 147 12 15 1 0
396 438 12 15 1 0
398 454 12 15 1 0
86 190 12 15 1 0
666 478 12 15 1 0
520 367 12 15 1 0
676 228 12 15 1 0
591 161 12 15 1 0
629 84 12 15 1 0
47 3 12 15 1 0
445 248 12 15 1 0
282 129 12 15 1 0
710 290 12 15 1 0
152 164 12 15 1 0
296 437 12 15 1 0
476 401 12 15 1 0
173 264 12 15 1 0
679 159 12 15 1 0
436 163 12 15 1 0
285 427 12 15 1 0
265 456 12 15 1 0
479 202 12 15 1 0
710 71 12 15 1 0
95 368 12 15 1 0
233 366 12 15 1 0
467 456 12 15 1 0
517 281 12 15 1 0
317 310 12 15 1 0
372 232 12 15 1 0
301 160 12 15 1 0
15 321 12 15 1 0
448 486 12 15 1 0
168 291 12 15 1 0
626 316 12 15 1 0
122 84 12 15 1 0
435 385 12 15 1 0
666 494 12 15 1 0
120 494 12 15 1 0
431 155 12 15 1 0
389 200 12 15 1 0
561 227 12 15 1 0
365 281 12 15 1 0
353 327 12 15 1 0
537 63 12 15 1 0
4 462 10 13 1 0
493 456 12 15 1 0
357 345 12 15 1 0
674 336 12 15 1 0
527 316 12 15 1 0
340 475 12 15 1 0
