262 319 16 20 1 0
22 283 13 15 1 0
324 238 10 12 1 0
249 170 10 12 1 0
122 327 15 20 1 0
265 168 10 12 1 0
490 295 9 17 1 0
147 290 13 15 1 0
235 173 10 12 1 0
470 296 9 17 1 0
454 293 9 17 1 0
460 311 18 25 1 0
174 167 10 12 1 0
339 176 10 12 1 0
431 304 9 17 1 0
250 330 16 20 1 0
113 313 15 20 1 0
364 288 9 17 1 0
349 280 9 17 1 0
78 311 15 20 1 0
267 272 13 15 1 0
305 286 9 17 1 0
381 326 18 25 1 0
208 296 13 15 1 0
500 271 13 15 1 0
551 274 13 15 1 0
2 303 13 15 1 0
166 284 13 15 1 0
188 170 10 12 1 0
404 337 18 25 1 0
236 282 13 15 1 0
292 302 9 17 1 0
233 192 10 12 1 0
295 200 10 12 1 0
324 176 10 12 1 0
289 189 10 12 1 0
317 321 16 20 1 0
160 305 15 20 1 0
443 268 13 15 1 0
561 314 18 25 1 0
269 180 10 12 1 0
476 267 13 15 1 0
227 177 10 12 1 0
130 303 15 20 1 0
528 333 18 25 1 0
229 326 16 20 1 0
603 320 11 19 1 0
581 299 9 17 1 0
57 308 15 20 1 0
365 172 10 12 1 0
538 291 9 17 1 0
315 276 9 17 1 0
15 269 13 15 1 0
212 311 14 17 1 0
196 188 10 12 1 0
350 320 16 20 1 0
220 277 13 15 1 0
245 184 10 12 1 0
510 277 9 17 1 0
211 335 16 20 1 0
388 275 13 15 1 0
346 174 10 12 1 0
271 336 16 20 1 0
257 276 13 15 1 0
438 319 18 25 1 0
375 280 9 17 1 0
343 302 9 17 1 0
172 333 16 20 1 0
311 168 10 12 1 0
49 292 13 15 1 0
408 281 9 17 1 0
580 285 9 17 1 0
193 175 10 12 1 0
224 209 10 12 1 0
174 313 16 20 1 0
507 333 18 25 1 0
192 211 10 12 1 0
149 317 15 20 1 0
223 314 16 20 1 0
266 286 13 15 1 0
560 290 9 17 1 0
279 170 10 12 1 0
32 291 13 15 1 0
95 309 15 20 1 0
355 183 10 12 1 0
155 283 13 15 1 0
518 292 9 17 1 0
401 171 10 12 1 0
242 190 10 12 1 0
286 179 10 12 1 0
498 310 18 25 1 0
286 282 12 15 1 0
361 177 10 12 1 0
217 192 10 12 1 0
86 294 15 20 1 0
174 287 13 15 1 0
175 323 16 20 1 0
217 168 10 12 1 0
597 285 9 17 1 0
586 267 13 15 1 0
91 282 13 15 1 0
12 299 13 15 1 0
381 169 10 12 1 0
61 293 13 15 1 0
75 188 12 14 1 0
247 278 13 15 1 0
482 284 9 17 1 0
563 334 18 25 1 0
347 335 16 20 1 0
299 166 10 12 1 0
235 336 16 20 1 0
354 189 10 12 1 0
398 308 9 17 1 0
257 206 10 12 1 0
17 293 13 15 1 0
181 175 10 12 1 0
247 297 13 15 1 0
185 278 13 15 1 0
534 273 13 15 1 0
422 320 18 25 1 0
279 209 10 12 1 0
373 181 10 12 1 0
274 192 10 12 1 0
283 200 10 12 1 0
354 204 10 12 1 0
235 205 10 12 1 0
461 334 18 25 1 0
395 178 10 12 1 0
204 275 13 15 1 0
115 283 13 15 1 0
310 335 16 20 1 0
301 326 16 20 1 0
389 187 10 12 1 0
588 326 18 25 1 0
79 329 15 20 1 0
132 333 15 20 1 0
320 195 10 12 1 0
496 334 18 25 3 0
331 192 10 12 1 0
442 286 9 17 1 0
213 287 13 15 1 0
