23 119 14 14 2 0
2 220 13 17 2 0
295 183 14 21 1 0
372 139 10 14 1 0
18 118 14 14 2 0
287 200 14 21 1 0
86 124 13 15 1 0
40 223 13 21 1 0
44 120 14 14 1 0
77 199 15 22 1 0
70 188 12 20 1 0
124 210 15 22 1 0
316 212 18 20 1 0
389 135 10 14 1 0
331 172 12 18 1 0
282 219 16 22 1 0
75 144 14 14 1 0
37 150 14 14 1 0
346 131 10 14 1 0
218 193 14 21 1 0
59 213 15 22 1 0
262 185 14 21 1 0
16 220 14 19 1 0
225 221 14 21 1 0
382 216 22 25 1 0
322 148 10 14 2 0
256 221 16 22 1 0
361 204 22 25 1 0
276 183 14 21 1 0
7 142 14 14 1 0
53 160 14 14 1 0
22 158 14 14 1 0
153 181 12 20 1 0
166 142 11 16 1 0
189 146 17 23 1 0
138 182 12 20 1 0
329 183 12 18 2 0
205 131 11 16 1 0
120 169 12 20 1 0
365 135 10 14 1 0
66 175 12 20 1 0
126 155 11 16 1 0
97 182 12 20 1 0
315 152 10 14 1 0
9 130 14 14 1 0
308 170 12 18 1 0
34 140 14 14 1 0
27 126 14 14 2 0
319 176 12 18 1 0
74 134 14 14 1 0
265 201 14 21 1 0
153 199 15 22 1 0
92 172 12 20 1 0
332 192 12 18 2 0
7 224 14 19 2 0
300 165 12 18 1 0
235 121 14 20 1 0
319 143 10 14 2 0
339 218 17 21 1 0
243 209 16 22 1 0
23 143 14 14 2 0
13 150 14 14 1 0
372 165 10 14 1 0
77 218 12 20 1 0
24 131 14 14 2 0
250 182 14 21 1 0
355 134 10 14 1 0
16 202 15 22 1 0
58 117 14 14 1 0
17 143 14 14 2 0
336 130 10 14 1 0
97 220 13 21 1 0
4 151 14 14 1 0
