664 7 14 12 1 0
534 11 14 12 1 0
591 3 14 12 1 0
457 210 54 58 1 0
366 96 38 40 1 0
737 110 72 86 1 0
146 150 36 38 1 0
26 51 22 25 1 0
279 4 12 14 1 0
246 205 54 58 1 0
281 67 24 31 1 0
579 10 14 12 1 0
510 12 14 12 1 0
217 49 24 31 1 0
668 41 20 25 1 0
383 14 14 12 1 0
349 19 12 14 1 0
258 17 12 14 1 0
426 3 14 12 1 0
333 15 12 14 1 0
143 26 12 14 1 0
156 22 12 14 1 0
155 1 12 14 1 0
704 16 14 12 1 0
408 2 14 12 1 0
318 14 12 14 1 0
140 1 12 14 1 0
451 16 14 12 1 0
557 6 14 12 1 0
186 29 12 14 1 0
226 8 12 14 1 0
489 19 14 12 1 0
557 46 20 25 1 0
60 25 22 25 1 0
165 60 24 31 1 0
696 50 30 33 1 0
620 35 20 25 1 0
208 99 38 40 1 0
