511 408 6 7 1 1
804 489 15 22 1 0
813 429 7 9 1 1
799 444 6 7 1 0
803 473 15 22 1 0
567 499 15 22 1 0
542 409 6 7 1 1
123 483 15 22 1 0
914 534 15 22 1 0
262 491 15 22 1 0
586 743 34 45 1 0
689 570 20 23 1 0
358 453 6 7 1 0
376 432 6 7 1 1
742 469 6 7 1 0
762 467 6 7 1 0
68 521 15 22 1 0
180 480 15 22 1 0
778 462 6 7 1 0
622 439 6 7 1 0
858 472 15 22 1 0
466 443 6 7 1 0
514 414 6 7 1 1
409 419 6 7 1 1
312 536 15 22 1 0
412 488 15 22 1 0
840 482 15 22 1 0
477 534 15 22 1 0
84 569 20 23 1 0
610 433 6 7 1 0
440 473 15 22 1 0
381 442 6 7 1 0
395 471 6 7 1 0
999 506 15 22 1 0
784 506 15 22 1 0
690 487 15 22 1 0
328 469 6 7 1 0
973 457 7 9 1 0
404 518 15 22 1 0
188 510 15 22 1 0
275 472 15 22 1 0
481 403 6 7 1 1
941 449 7 9 1 0
349 447 6 7 1 0
363 428 6 7 1 1
698 443 6 7 1 0
376 471 6 7 1 0
723 485 15 22 1 0
348 435 6 7 1 0
942 493 15 22 1 0
560 416 6 7 1 1
29 607 20 23 1 0
500 414 6 7 1 1
173 479 15 22 1 0
254 500 15 22 1 0
466 410 6 7 1 1
538 460 6 7 1 0
825 428 7 9 1 1
447 488 15 22 1 0
336 496 15 22 1 0
290 487 15 22 1 0
90 549 15 22 1 0
958 444 7 9 1 0
487 414 6 7 1 1
576 582 20 23 1 0
936 631 34 45 1 0
428 421 6 7 1 1
326 456 6 7 1 0
397 442 6 7 1 0
517 420 6 7 1 1
418 471 6 7 1 0
369 627 25 19 1 0
579 407 6 7 1 1
339 435 6 7 1 0
668 489 15 22 1 0
631 437 6 7 1 0
418 505 15 22 1 0
582 454 6 7 1 0
297 469 6 7 1 0
739 430 6 7 1 1
62 509 15 22 1 0
148 709 34 45 1 0
72 666 34 45 1 0
340 464 6 7 1 0
716 553 15 22 1 0
426 410 6 7 1 1
726 458 6 7 1 0
326 626 20 23 1 0
504 454 6 7 1 0
535 476 15 22 1 0
402 433 6 7 1 0
447 412 6 7 1 1
1001 467 7 9 1 0
990 588 20 23 1 0
177 513 15 22 1 0
132 500 15 22 1 0
687 532 15 22 1 0
20 578 20 23 1 0
1004 455 7 9 1 0
422 456 6 7 1 0
628 448 6 7 1 0
70 476 15 22 1 0
913 439 7 9 1 0
955 492 15 22 1 0
297 438 6 7 1 0
197 528 15 22 1 0
957 511 15 22 1 0
989 502 15 22 1 0
461 468 6 7 1 0
495 480 15 22 1 0
800 458 7 9 1 0
190 0 6 3 1 1
866 439 7 9 1 0
529 409 6 7 1 1
760 437 6 7 1 0
447 418 6 7 1 1
543 501 15 22 1 0
744 504 15 22 1 0
614 423 6 7 1 1
848 493 15 22 1 0
260 519 15 22 1 0
390 425 6 7 1 1
638 430 6 7 1 1
445 630 34 45 1 0
995 485 15 22 1 0
197 481 15 22 1 0
368 498 15 22 1 0
715 443 6 7 1 0
340 429 6 7 1 1
705 534 15 22 1 0
341 481 15 22 1 0
620 419 6 7 1 1
390 489 15 22 1 0
660 472 15 22 1 0
377 0 6 3 1 0
380 0 6 3 1 0
802 428 7 9 1 1
498 506 15 22 1 0
825 434 7 9 1 0
281 478 15 22 1 0
608 413 6 7 1 1
659 463 6 7 1 0
757 553 15 22 1 0
769 601 20 23 1 0
787 432 6 7 1 1
711 489 15 22 1 0
722 637 34 45 1 0
395 551 15 22 1 0
641 468 6 7 1 0
488 495 15 22 1 0
534 425 6 7 1 1
382 0 6 3 1 0
941 434 7 9 1 0
80 609 20 23 1 0
957 534 15 22 1 0
818 488 15 22 1 0
788 472 15 22 1 0
413 450 6 7 1 0
365 484 15 22 1 0
348 598 20 23 1 0
403 479 15 22 1 0
805 503 15 22 1 0
591 483 15 22 1 0
230 0 6 3 1 1
104 602 20 23 1 0
548 436 6 7 1 0
713 422 6 7 1 1
600 413 6 7 1 1
748 452 6 7 1 0
697 498 15 22 1 0
446 407 6 7 1 1
402 591 20 23 1 0
914 492 15 22 1 0
568 428 6 7 1 1
624 567 20 23 1 0
477 408 6 7 1 1
588 512 15 22 1 0
629 421 6 7 1 1
184 707 34 45 1 0
281 480 15 22 1 0
614 462 6 7 1 0
1012 699 34 45 1 0
517 640 34 45 1 0
134 514 15 22 1 0
439 519 15 22 1 0
896 478 15 22 1 0
232 728 34 45 1 0
298 484 15 22 1 0
481 420 6 7 1 1
388 432 6 7 1 1
346 508 15 22 1 0
704 428 6 7 1 1
37 551 16 23 1 0
241 629 25 19 1 0
914 505 15 22 1 0
539 443 6 7 1 0
603 427 6 7 1 1
694 553 15 22 1 0
577 414 6 7 1 1
502 403 6 7 1 1
538 490 15 22 1 0
983 511 15 22 1 0
317 562 16 23 1 0
780 485 15 22 1 0
288 584 20 23 1 0
105 537 15 22 1 0
895 437 7 9 1 0
46 728 34 45 1 0
448 450 6 7 1 0
990 624 20 23 1 0
463 404 6 7 1 1
137 627 25 19 1 0
65 0 6 3 1 1
280 520 15 22 1 0
612 450 6 7 1 0
652 443 6 7 1 0
933 446 7 9 1 0
85 490 15 22 1 0
516 493 15 22 1 0
325 464 6 7 1 0
690 514 15 22 1 0
399 457 6 7 1 0
498 420 6 7 1 1
818 468 7 9 1 0
378 457 6 7 1 0
205 522 15 22 1 0
662 427 6 7 1 1
844 435 7 9 1 0
131 488 15 22 1 0
452 576 20 23 1 0
685 426 6 7 1 1
897 496 15 22 1 0
362 472 15 22 1 0
591 422 6 7 1 1
817 478 15 22 1 0
679 453 6 7 1 0
560 408 6 7 1 1
360 511 15 22 1 0
640 446 6 7 1 0
700 473 15 22 1 0
271 467 4 8 1 0
773 439 6 7 1 0
68 492 15 22 1 0
163 520 15 22 1 0
324 430 6 7 1 1
868 671 34 45 1 0
431 437 6 7 1 0
568 485 15 22 1 0
493 523 15 22 1 0
622 486 15 22 1 0
645 480 15 22 1 0
704 460 6 7 1 0
874 480 15 22 1 0
649 430 6 7 1 1
549 419 6 7 1 1
37 524 14 16 1 0
208 0 6 3 1 1
513 600 20 23 1 0
904 450 7 9 1 0
320 486 15 22 1 0
350 491 15 22 1 0
313 478 15 22 1 0
775 536 15 22 1 0
465 419 6 7 1 1
333 483 15 22 1 0
135 534 15 22 1 0
