1366 479 4 6 1 0
1587 683 7 9 1 0
1112 818 7 9 1 0
940 904 8 11 1 0
1796 796 7 9 1 0
325 609 6 8 1 0
1207 353 4 8 1 0
446 987 12 19 1 0
856 828 6 9 1 0
277 710 6 9 1 0
144 777 6 9 1 0
1601 769 7 9 1 0
1273 905 8 12 1 0
64 597 6 8 1 0
222 582 6 8 1 0
248 574 6 8 1 0
1293 560 4 6 1 0
505 544 6 8 1 0
374 734 6 9 1 0
89 537 6 8 1 0
1295 767 7 9 1 0
381 351 5 9 1 0
174 574 6 8 1 0
345 801 6 9 1 0
136 766 6 9 1 0
1377 726 7 9 1 0
623 472 6 8 1 0
1016 518 4 6 1 0
957 526 4 6 1 0
1428 784 7 9 1 0
1481 832 7 9 1 0
1601 581 4 6 1 0
237 786 6 9 1 0
541 679 6 9 1 0
70 790 6 9 1 0
945 781 6 9 1 0
1319 367 4 8 1 0
410 722 6 9 1 0
1687 794 7 9 1 0
910 610 6 8 1 0
7 821 6 9 1 0
315 582 6 8 1 0
1444 480 4 6 1 0
583 802 6 9 1 0
492 779 6 9 1 0
1515 757 7 9 1 0
1431 736 7 9 1 0
617 351 5 9 1 0
521 895 9 11 1 0
98 741 6 9 1 0
503 802 6 9 1 0
97 509 6 8 1 0
1514 714 7 9 1 0
274 685 6 9 1 0
1169 772 7 9 1 0
1334 550 4 6 1 0
886 759 6 9 1 0
675 743 6 9 1 0
1790 692 7 9 1 0
321 533 6 8 1 0
421 776 6 9 1 0
962 683 6 9 1 0
844 681 6 9 1 0
360 758 6 9 1 0
389 765 6 9 1 0
558 534 6 8 1 0
1432 370 4 8 1 0
1616 552 4 6 1 0
1337 809 7 9 1 0
804 685 6 9 1 0
130 690 6 9 1 0
925 744 6 9 1 0
12 572 6 8 1 0
316 900 9 11 1 0
909 485 6 8 1 0
1357 806 7 9 1 0
667 474 6 8 1 0
1643 573 4 6 1 0
1719 600 4 6 1 0
1321 813 7 9 1 0
998 892 8 11 1 0
1438 611 4 6 1 0
997 793 7 9 1 0
895 511 6 8 1 0
1615 750 7 9 1 0
266 515 6 8 1 0
1367 787 7 9 1 0
344 767 6 9 1 0
1679 760 7 9 1 0
1467 543 4 6 1 0
1452 713 7 9 1 0
1033 809 7 9 1 0
152 718 6 9 1 0
1053 550 4 6 1 0
1742 545 4 6 1 0
1677 750 7 9 1 0
1618 687 7 9 1 0
1219 339 4 8 1 0
1707 796 7 9 1 0
627 606 6 8 1 0
1037 537 4 6 1 0
911 683 6 9 1 0
2 545 6 8 1 0
59 727 6 9 1 0
1180 551 4 6 1 0
1298 488 4 6 1 0
583 780 6 9 1 0
858 748 6 9 1 0
1449 371 4 8 1 0
1364 370 4 8 1 0
3 728 6 9 1 0
408 543 6 8 1 0
335 823 6 9 1 0
249 534 6 8 1 0
1378 897 8 9 1 0
1411 770 7 9 1 0
1606 820 7 9 1 0
1500 573 4 6 1 0
30 470 6 8 1 0
1784 489 4 6 1 0
1011 804 7 9 1 0
1023 554 4 6 1 0
1702 776 7 9 1 0
1293 748 7 9 1 0
880 816 6 9 1 0
975 565 4 6 1 0
1164 367 4 8 1 0
1049 792 7 9 1 0
488 553 6 8 1 0
311 765 6 9 1 0
125 798 6 9 1 0
546 576 6 8 1 0
515 534 6 8 1 0
950 770 6 9 1 0
312 525 6 8 1 0
389 677 6 9 1 0
372 709 6 9 1 0
910 516 6 8 1 0
1507 739 7 9 1 0
110 812 6 9 1 0
1570 488 4 6 1 0
1416 573 4 6 1 0
817 783 6 9 1 0
1521 794 7 9 1 0
1628 898 8 9 1 0
781 686 6 9 1 0
580 582 6 8 1 0
1001 525 4 6 1 0
1448 604 4 6 1 0
167 467 6 8 1 0
1001 364 4 8 1 0
970 785 7 9 1 0
141 751 6 9 1 0
588 522 6 8 1 0
1302 903 8 12 1 0
800 734 6 9 1 0
444 707 6 9 1 0
1471 726 7 9 1 0
1257 371 4 8 1 0
1753 785 7 9 1 0
1449 552 4 6 1 0
1619 734 7 9 1 0
1759 817 7 9 1 0
805 349 5 9 1 0
1190 599 4 6 1 0
612 594 6 8 1 0
721 733 6 9 1 0
747 908 8 11 1 0
811 534 6 8 1 0
321 751 6 9 1 0
177 716 6 9 1 0
1356 683 7 9 1 0
1711 902 8 9 1 0
419 604 6 8 1 0
1598 810 7 9 1 0
1104 369 4 8 1 0
1478 816 7 9 1 0
1186 527 4 6 1 0
1210 489 4 6 1 0
423 544 6 8 1 0
198 366 5 9 1 0
1215 589 4 6 1 0
1440 581 4 6 1 0
1492 561 4 6 1 0
1709 828 7 9 1 0
940 733 6 9 1 0
827 585 6 8 1 0
271 349 5 9 1 0
877 527 6 8 1 0
470 545 6 8 1 0
1684 770 7 9 1 0
70 524 6 8 1 0
426 789 6 9 1 0
1708 785 7 9 1 0
630 348 5 9 1 0
780 202 5 9 1 0
1431 905 8 9 1 0
347 828 6 9 1 0
1357 357 4 8 1 0
1361 582 4 6 1 0
1134 486 4 6 1 0
264 683 6 9 1 0
321 800 6 9 1 0
913 816 6 9 1 0
1049 817 7 9 1 0
522 832 6 9 1 0
566 895 9 11 1 0
132 530 6 8 1 0
726 791 6 9 1 0
1037 687 7 9 1 0
1281 580 4 6 1 0
589 766 6 9 1 0
1526 542 4 6 1 0
651 554 6 8 1 0
1159 736 7 9 1 0
1116 353 4 8 1 0
1486 991 14 16 1 0
403 606 6 8 1 0
895 688 6 9 1 0
778 819 6 9 1 0
419 553 6 8 1 0
1170 579 4 6 1 0
1011 581 4 6 1 0
106 726 6 9 1 0
733 743 6 9 1 0
1413 369 4 8 1 0
675 357 5 9 1 0
842 604 6 8 1 0
1149 748 7 9 1 0
1620 560 4 6 1 0
747 776 6 9 1 0
1204 794 7 9 1 0
900 805 6 9 1 0
1637 559 4 6 1 0
1583 895 8 9 1 0
1376 691 7 9 1 0
1150 891 8 11 1 0
662 733 6 9 1 0
323 682 6 9 1 0
1371 759 7 9 1 0
938 817 6 9 1 0
1650 750 7 9 1 0
1779 592 4 6 1 0
1349 986 14 16 1 0
4 607 6 8 1 0
238 480 6 8 1 0
762 733 6 9 1 0
1422 984 14 16 1 0
1201 766 7 9 1 0
707 783 6 9 1 0
1576 750 7 9 1 0
356 677 6 9 1 0
1266 581 4 6 1 0
1246 569 4 6 1 0
1310 692 7 9 1 0
749 514 6 8 1 0
1778 795 7 9 1 0
1071 546 4 6 1 0
303 575 6 8 1 0
356 565 6 8 1 0
1760 583 4 6 1 0
515 510 6 8 1 0
965 734 7 9 1 0
829 527 6 8 1 0
869 1067 15 20 1 0
1232 527 4 6 1 0
1257 600 4 6 1 0
1389 571 4 6 1 0
1202 580 4 6 1 0
203 741 6 9 1 0
912 828 6 9 1 0
627 361 5 9 1 0
389 363 5 9 1 0
518 720 6 9 1 0
777 758 6 9 1 0
1048 354 4 8 1 0
1394 354 4 8 1 0
828 610 6 8 1 0
209 823 6 9 1 0
546 586 6 8 1 0
1107 679 7 9 1 0
838 734 6 9 1 0
1635 968 14 16 1 0
349 584 6 8 1 0
1526 903 8 9 1 0
428 754 6 9 1 0
133 552 6 8 1 0
193 546 6 8 1 0
517 732 6 9 1 0
349 531 6 8 1 0
44 801 6 9 1 0
751 688 6 9 1 0
825 351 5 9 1 0
342 778 6 9 1 0
1341 738 7 9 1 0
241 590 6 8 1 0
1519 491 4 6 1 0
469 605 6 8 1 0
530 767 6 9 1 0
169 591 6 8 1 0
1624 795 7 9 1 0
1023 784 7 9 1 0
1574 573 4 6 1 0
80 876 9 11 1 0
1692 520 4 6 1 0
586 744 6 9 1 0
1715 740 7 9 1 0
828 681 6 9 1 0
845 755 6 9 1 0
1737 816 7 9 1 0
1031 829 7 9 1 0
1352 369 4 8 1 0
1375 539 4 6 1 0
1555 715 7 9 1 0
587 534 6 8 1 0
1502 837 8 9 1 0
1501 601 4 6 1 0
489 610 6 8 1 0
1358 569 4 6 1 0
563 746 6 9 1 0
1238 901 8 12 1 0
1013 681 7 9 1 0
1579 553 4 6 1 0
1549 733 7 9 1 0
1388 772 7 9 1 0
516 554 6 8 1 0
498 770 6 9 1 0
1712 536 4 6 1 0
963 599 4 6 1 0
89 591 6 8 1 0
1772 757 7 9 1 0
866 680 6 9 1 0
441 592 6 8 1 0
466 555 6 8 1 0
420 895 9 11 1 0
1499 685 7 9 1 0
114 532 6 8 1 0
1206 476 4 6 1 0
513 682 6 9 1 0
371 363 5 9 1 0
1123 366 4 8 1 0
1196 559 4 6 1 0
1208 909 8 12 1 0
227 894 9 11 1 0
477 901 9 11 1 0
1260 560 4 6 1 0
1129 909 8 11 1 0
760 584 6 8 1 0
267 718 6 9 1 0
404 803 6 9 1 0
929 700 6 9 1 0
983 364 4 8 1 0
1744 798 7 9 1 0
1759 794 7 9 1 0
79 687 6 9 1 0
1163 687 7 9 1 0
632 567 6 8 1 0
1277 817 7 9 1 0
488 545 6 8 1 0
1406 796 7 9 1 0
447 575 6 8 1 0
509 538 6 8 1 0
1245 487 4 6 1 0
987 529 4 6 1 0
1152 692 7 9 1 0
1612 358 4 8 1 0
1546 520 4 6 1 0
1353 773 7 9 1 0
917 975 15 20 1 0
781 734 6 9 1 0
212 561 6 8 1 0
745 554 6 8 1 0
1576 808 7 9 1 0
189 554 6 8 1 0
1264 570 4 6 1 0
337 904 9 11 1 0
801 895 8 11 1 0
1443 888 8 9 1 0
1022 794 7 9 1 0
1175 807 7 9 1 0
177 741 6 9 1 0
734 931 10 15 1 0
1009 589 4 6 1 0
573 716 6 9 1 0
1535 519 4 6 1 0
16 809 6 9 1 0
1087 814 7 9 1 0
957 903 8 11 1 0
1222 486 4 6 1 0
44 524 6 8 1 0
1432 605 4 6 1 0
1525 690 7 9 1 0
1179 560 4 6 1 0
478 362 5 9 1 0
1060 907 8 11 1 0
332 731 6 9 1 0
1757 595 4 6 1 0
1096 831 7 9 1 0
149 532 6 8 1 0
1428 676 7 9 1 0
297 525 6 8 1 0
889 203 5 9 1 0
458 545 6 8 1 0
1439 750 7 9 1 0
739 484 6 8 1 0
241 515 6 8 1 0
685 817 6 9 1 0
478 814 6 9 1 0
809 826 6 9 1 0
936 759 6 9 1 0
1053 734 7 9 1 0
20 541 6 8 1 0
1531 612 4 6 1 0
831 700 6 9 1 0
1514 572 4 6 1 0
173 755 6 9 1 0
827 565 6 8 1 0
323 563 6 8 1 0
292 897 9 11 1 0
833 557 6 8 1 0
1406 908 8 9 1 0
1244 712 7 9 1 0
507 789 6 9 1 0
1183 830 7 9 1 0
466 512 6 8 1 0
485 563 6 8 1 0
601 680 6 9 1 0
1202 1026 15 20 1 0
1315 749 7 9 1 0
1689 782 7 9 1 0
1456 905 8 9 1 0
1020 770 7 9 1 0
629 593 6 8 1 0
826 365 5 9 1 0
259 363 5 9 1 0
1673 724 7 9 1 0
440 462 6 8 1 0
906 597 6 8 1 0
670 758 6 9 1 0
1477 566 4 6 1 0
11 677 6 9 1 0
761 546 6 8 1 0
1458 746 7 9 1 0
687 730 6 9 1 0
548 523 6 8 1 0
1411 742 7 9 1 0
1484 614 4 6 1 0
968 484 4 6 1 0
1403 600 4 6 1 0
756 681 6 9 1 0
393 553 6 8 1 0
687 776 6 9 1 0
451 778 6 9 1 0
1597 604 4 6 1 0
1270 600 4 6 1 0
1265 714 7 9 1 0
121 738 6 9 1 0
1110 748 7 9 1 0
194 499 6 8 1 0
1180 354 4 8 1 0
493 522 6 8 1 0
88 522 6 8 1 0
81 731 6 9 1 0
1647 582 4 6 1 0
25 890 9 11 1 0
305 480 6 8 1 0
1774 474 4 6 1 0
487 471 6 8 1 0
1695 809 7 9 1 0
395 836 6 9 1 0
376 595 6 8 1 0
614 585 6 8 1 0
485 801 6 9 1 0
109 872 9 11 1 0
427 743 6 9 1 0
655 755 6 9 1 0
313 364 5 9 1 0
560 782 6 9 1 0
673 690 6 9 1 0
50 895 9 11 1 0
1705 573 4 6 1 0
957 514 4 6 1 0
449 606 6 8 1 0
469 790 6 9 1 0
290 823 6 9 1 0
457 684 6 9 1 0
663 818 6 9 1 0
1659 767 7 9 1 0
546 899 9 11 1 0
400 789 6 9 1 0
807 606 6 8 1 0
258 592 6 8 1 0
1676 781 7 9 1 0
1009 567 4 6 1 0
330 806 6 9 1 0
260 567 6 8 1 0
1248 477 4 6 1 0
84 799 6 9 1 0
1043 581 4 6 1 0
1524 994 14 16 1 0
1005 519 4 6 1 0
900 905 8 11 1 0
1562 572 4 6 1 0
831 536 6 8 1 0
1645 795 7 9 1 0
368 672 6 9 1 0
1740 574 4 6 1 0
1770 708 7 9 1 0
794 743 6 9 1 0
1101 772 7 9 1 0
990 696 7 9 1 0
760 575 6 8 1 0
1086 681 7 9 1 0
1617 779 7 9 1 0
777 544 6 8 1 0
795 828 6 9 1 0
1774 611 4 6 1 0
1171 471 4 6 1 0
1572 612 4 6 1 0
16 1092 17 27 1 0
433 814 6 9 1 0
461 471 6 8 1 0
1635 358 4 8 1 0
75 563 6 8 1 0
728 576 6 8 1 0
644 827 6 9 1 0
1516 910 8 9 1 0
1005 558 4 6 1 0
902 745 6 9 1 0
1519 583 4 6 1 0
1319 782 7 9 1 0
421 361 5 9 1 0
546 813 6 9 1 0
1176 607 4 6 1 0
1602 739 7 9 1 0
32 725 6 9 1 0
1451 758 7 9 1 0
299 776 6 9 1 0
386 719 6 9 1 0
987 832 7 9 1 0
1421 830 7 9 1 0
708 705 6 9 1 0
648 474 6 8 1 0
580 647 6 9 1 0
764 779 6 9 1 0
66 762 6 9 1 0
318 886 9 11 1 0
227 573 6 8 1 0
371 523 6 8 1 0
999 903 8 11 1 0
758 689 6 9 1 0
254 815 6 9 1 0
789 608 6 8 1 0
640 533 6 8 1 0
212 604 6 8 1 0
1069 819 7 9 1 0
483 745 6 9 1 0
961 468 4 6 1 0
181 727 6 9 1 0
962 600 4 6 1 0
223 707 6 9 1 0
1004 540 4 6 1 0
1167 570 4 6 1 0
620 540 6 8 1 0
1281 473 4 6 1 0
1480 574 4 6 1 0
954 555 5 7 1 0
1078 747 7 9 1 0
1725 892 8 9 1 0
1308 352 4 8 1 0
977 587 4 6 1 0
195 355 5 9 1 0
452 789 6 9 1 0
203 520 6 8 1 0
143 889 9 11 1 0
652 690 6 9 1 0
613 576 6 8 1 0
1039 746 7 9 1 0
635 481 6 8 1 0
119 552 6 8 1 0
1402 788 7 9 1 0
1022 486 4 6 1 0
1631 478 4 6 1 0
380 744 6 9 1 0
842 574 6 8 1 0
105 708 6 9 1 0
402 523 6 8 1 0
1510 561 4 6 1 0
27 526 6 8 1 0
1738 601 4 6 1 0
583 478 6 8 1 0
245 765 6 9 1 0
914 756 6 9 1 0
1476 685 7 9 1 0
1111 833 7 9 1 0
1148 770 7 9 1 0
113 563 6 8 1 0
1027 757 7 9 1 0
1703 484 4 6 1 0
639 470 6 8 1 0
332 545 6 8 1 0
847 536 6 8 1 0
1253 723 7 9 1 0
1067 485 4 6 1 0
54 586 6 8 1 0
343 556 6 8 1 0
1327 714 7 9 1 0
1096 514 4 6 1 0
1096 596 4 6 1 0
727 766 6 9 1 0
1013 834 7 9 1 0
880 828 6 9 1 0
236 553 6 8 1 0
1377 818 7 9 1 0
330 553 6 8 1 0
471 564 6 8 1 0
1084 899 8 11 1 0
536 752 6 9 1 0
210 574 6 8 1 0
98 581 6 8 1 0
442 745 6 9 1 0
1329 371 4 8 1 0
1745 770 7 9 1 0
156 555 6 8 1 0
1198 519 4 6 1 0
1324 487 4 6 1 0
555 609 6 8 1 0
148 214 5 9 1 0
78 464 6 8 1 0
52 763 6 9 1 0
1136 353 4 8 1 0
793 704 6 9 1 0
1781 888 8 9 1 0
1510 593 4 6 1 0
612 901 9 11 1 0
1338 832 7 9 1 0
239 542 6 8 1 0
277 777 6 9 1 0
858 587 6 8 1 0
198 733 6 9 1 0
648 792 6 9 1 0
867 756 6 9 1 0
943 681 6 9 1 0
746 787 6 9 1 0
519 470 6 8 1 0
603 544 6 8 1 0
70 533 6 8 1 0
921 793 6 9 1 0
45 691 6 9 1 0
1786 476 4 6 1 0
318 710 6 9 1 0
957 794 6 9 1 0
745 595 6 8 1 0
1122 753 7 9 1 0
381 901 9 11 1 0
324 351 5 9 1 0
763 677 6 9 1 0
559 524 6 8 1 0
1524 339 4 8 1 0
500 568 6 8 1 0
1041 558 4 6 1 0
1065 746 7 9 1 0
911 588 6 8 1 0
979 579 4 6 1 0
131 712 6 9 1 0
1518 520 4 6 1 0
1306 493 4 6 1 0
995 814 7 9 1 0
1464 341 4 8 1 0
305 536 6 8 1 0
1424 582 4 6 1 0
516 482 6 8 1 0
227 594 6 8 1 0
800 754 6 9 1 0
1497 355 4 8 1 0
1332 579 4 6 1 0
571 353 5 9 1 0
795 567 6 8 1 0
958 568 4 6 1 0
1364 798 7 9 1 0
1746 532 4 6 1 0
575 516 6 8 1 0
1104 907 8 11 1 0
1674 372 4 8 1 0
462 743 6 9 1 0
1478 525 4 6 1 0
284 676 6 9 1 0
389 562 6 8 1 0
454 816 6 9 1 0
1130 798 7 9 1 0
1392 905 8 9 1 0
926 364 5 9 1 0
1408 682 7 9 1 0
1269 549 4 6 1 0
1129 747 7 9 1 0
1478 897 8 9 1 0
751 533 6 8 1 0
467 827 6 9 1 0
689 680 6 9 1 0
214 788 6 9 1 0
863 576 6 8 1 0
1140 586 4 6 1 0
1710 533 4 6 1 0
77 577 6 8 1 0
213 731 6 9 1 0
1719 583 4 6 1 0
1584 478 4 6 1 0
355 708 6 9 1 0
1629 602 4 6 1 0
1117 497 4 6 1 0
283 352 5 9 1 0
854 817 6 9 1 0
1538 583 4 6 1 0
407 362 5 9 1 0
153 786 6 9 1 0
1393 712 7 9 1 0
1322 559 4 6 1 0
481 1008 12 19 1 0
389 710 6 9 1 0
726 779 6 9 1 0
97 684 6 9 1 0
1252 528 4 6 1 0
1147 828 7 9 1 0
1348 478 4 6 1 0
829 577 6 8 1 0
1035 354 4 8 1 0
1774 737 7 9 1 0
944 806 6 9 1 0
602 555 6 8 1 0
1729 758 7 9 1 0
1036 368 4 8 1 0
731 512 6 8 1 0
407 764 6 9 1 0
1762 531 4 6 1 0
1249 355 4 8 1 0
401 575 6 8 1 0
405 471 6 8 1 0
1588 711 7 9 1 0
1274 558 4 6 1 0
78 707 6 9 1 0
532 576 6 8 1 0
515 946 10 13 1 0
172 707 6 9 1 0
481 708 6 9 1 0
1525 738 7 9 1 0
246 565 6 8 1 0
1307 483 4 6 1 0
299 586 6 8 1 0
701 815 6 9 1 0
1291 335 4 8 1 0
1710 748 7 9 1 0
1068 517 4 6 1 0
713 901 8 11 1 0
156 823 6 9 1 0
1583 771 7 9 1 0
795 577 6 8 1 0
1788 528 4 6 1 0
1572 904 8 9 1 0
1198 478 4 6 1 0
1420 760 7 9 1 0
141 803 6 9 1 0
1598 552 4 6 1 0
1695 820 7 9 1 0
599 566 6 8 1 0
18 560 6 8 1 0
1105 474 4 6 1 0
149 731 6 9 1 0
1631 749 7 9 1 0
88 807 6 9 1 0
1244 610 4 6 1 0
1783 817 7 9 1 0
1362 814 7 9 1 0
530 787 6 9 1 0
898 905 8 11 1 0
301 738 6 9 1 0
1288 607 4 6 1 0
446 897 9 11 1 0
829 813 6 9 1 0
1579 600 4 6 1 0
1570 562 4 6 1 0
265 559 6 8 1 0
77 741 6 9 1 0
368 768 6 9 1 0
657 901 9 11 1 0
1603 758 7 9 1 0
1268 725 7 9 1 0
872 826 6 9 1 0
864 896 8 11 1 0
1560 478 4 6 1 0
576 606 6 8 1 0
870 732 6 9 1 0
1663 615 4 6 1 0
1501 764 7 9 1 0
1625 830 7 9 1 0
399 741 6 9 1 0
525 748 6 9 1 0
1554 804 7 9 1 0
1050 527 4 6 1 0
429 766 6 9 1 0
1223 837 7 9 1 0
1441 592 4 6 1 0
1314 579 4 6 1 0
1656 756 7 9 1 0
997 466 4 6 1 0
430 681 6 9 1 0
1019 351 4 8 1 0
895 526 6 8 1 0
220 763 6 9 1 0
1514 685 7 9 1 0
368 530 6 8 1 0
1117 1026 15 20 1 0
235 812 6 9 1 0
555 750 6 9 1 0
825 825 6 9 1 0
907 555 6 8 1 0
1278 336 4 8 1 0
1613 716 7 9 1 0
1301 818 7 9 1 0
907 703 6 9 1 0
1409 721 7 9 1 0
921 600 6 8 1 0
1023 900 8 11 1 0
1063 610 4 6 1 0
532 680 6 9 1 0
1459 560 4 6 1 0
1347 359 4 8 1 0
127 539 6 8 1 0
1732 748 7 9 1 0
879 534 6 8 1 0
1469 715 7 9 1 0
174 582 6 8 1 0
796 546 6 8 1 0
979 758 7 9 1 0
762 701 6 9 1 0
1616 569 4 6 1 0
703 770 6 9 1 0
1387 531 4 6 1 0
509 572 6 8 1 0
1546 543 4 6 1 0
282 893 9 11 1 0
653 360 5 9 1 0
1129 555 4 6 1 0
1660 357 4 8 1 0
425 350 5 9 1 0
1724 563 4 6 1 0
110 594 6 8 1 0
1277 768 7 9 1 0
203 586 6 8 1 0
694 478 6 8 1 0
1250 601 4 6 1 0
281 769 6 9 1 0
1105 1169 15 20 1 0
41 681 6 9 1 0
681 907 9 11 1 0
630 584 6 8 1 0
1491 712 7 9 1 0
949 607 5 7 1 0
1399 819 7 9 1 0
763 564 6 8 1 0
1641 734 7 9 1 0
867 789 6 9 1 0
1187 775 7 9 1 0
1577 541 4 6 1 0
983 818 7 9 1 0
989 330 4 8 1 0
489 483 6 8 1 0
1642 619 4 6 1 0
1540 714 7 9 1 0
1206 805 7 9 1 0
1790 786 7 9 1 0
338 709 6 9 1 0
800 522 6 8 1 0
874 515 6 8 1 0
1730 552 4 6 1 0
942 548 6 8 1 0
723 904 8 11 1 0
1432 685 7 9 1 0
1465 818 7 9 1 0
1264 785 7 9 1 0
1084 779 7 9 1 0
406 711 6 9 1 0
435 601 6 8 1 0
1336 723 7 9 1 0
475 470 6 8 1 0
1655 772 7 9 1 0
1433 1002 14 16 1 0
1371 770 7 9 1 0
393 829 6 9 1 0
468 732 6 9 1 0
732 682 6 9 1 0
1418 361 4 8 1 0
1490 794 7 9 1 0
1032 705 7 9 1 0
29 481 6 8 1 0
1731 736 7 9 1 0
678 826 6 9 1 0
962 333 4 8 1 0
1586 563 4 6 1 0
1466 573 4 6 1 0
815 702 6 9 1 0
357 897 9 11 1 0
410 348 5 9 1 0
1783 747 7 9 1 0
1750 522 4 6 1 0
937 565 6 8 1 0
662 744 6 9 1 0
1457 768 7 9 1 0
823 514 6 8 1 0
32 809 6 9 1 0
370 823 6 9 1 0
928 608 6 8 1 0
1099 891 8 11 1 0
826 772 6 9 1 0
373 565 6 8 1 0
1283 828 7 9 1 0
1059 680 7 9 1 0
256 790 6 9 1 0
1770 783 7 9 1 0
834 204 5 9 1 0
1256 739 7 9 1 0
1254 901 8 12 1 0
166 680 6 9 1 0
1025 818 7 9 1 0
978 900 8 11 1 0
1722 535 4 6 1 0
746 567 6 8 1 0
665 794 6 9 1 0
817 794 6 9 1 0
517 751 6 9 1 0
279 555 6 8 1 0
985 737 7 9 1 0
1540 680 7 9 1 0
363 792 6 9 1 0
1684 552 4 6 1 0
825 688 6 9 1 0
537 606 6 8 1 0
588 349 5 9 1 0
970 360 4 8 1 0
295 790 6 9 1 0
302 364 5 9 1 0
1771 689 7 9 1 0
134 523 6 8 1 0
1409 586 4 6 1 0
1529 493 4 6 1 0
806 364 5 9 1 0
959 700 6 9 1 0
213 531 6 8 1 0
1442 356 4 8 1 0
535 773 6 9 1 0
1459 521 4 6 1 0
1186 586 4 6 1 0
945 832 6 9 1 0
598 712 6 9 1 0
426 708 6 9 1 0
440 684 6 9 1 0
900 791 6 9 1 0
349 716 6 9 1 0
735 690 6 9 1 0
197 722 6 9 1 0
537 511 6 8 1 0
742 586 6 8 1 0
708 733 6 9 1 0
1113 578 4 6 1 0
385 780 6 9 1 0
450 720 6 9 1 0
219 796 6 9 1 0
1432 572 4 6 1 0
1789 759 7 9 1 0
479 606 6 8 1 0
193 788 6 9 1 0
1771 493 4 6 1 0
594 735 6 9 1 0
1535 819 7 9 1 0
238 754 6 9 1 0
1477 784 7 9 1 0
1087 365 4 8 1 0
1029 589 4 6 1 0
686 687 6 9 1 0
1183 519 4 6 1 0
1643 819 7 9 1 0
845 586 6 8 1 0
628 632 6 8 1 0
1127 832 7 9 1 0
1427 594 4 6 1 0
330 677 6 9 1 0
925 782 6 9 1 0
1772 566 4 6 1 0
1211 559 4 6 1 0
317 788 6 9 1 0
282 594 6 8 1 0
623 524 6 8 1 0
512 766 6 9 1 0
960 756 6 9 1 0
906 897 8 11 1 0
1317 547 4 6 1 0
475 519 6 8 1 0
61 744 6 9 1 0
1606 830 7 9 1 0
1563 783 7 9 1 0
1688 490 4 6 1 0
1592 351 4 8 1 0
858 515 6 8 1 0
1673 807 7 9 1 0
1018 885 8 11 1 0
743 579 6 8 1 0
1340 794 7 9 1 0
1637 756 7 9 1 0
1091 565 4 6 1 0
1427 519 4 6 1 0
444 584 6 8 1 0
1516 771 7 9 1 0
1395 553 4 6 1 0
375 553 6 8 1 0
653 765 6 9 1 0
780 478 6 8 1 0
1295 726 7 9 1 0
1480 488 4 6 1 0
852 731 6 9 1 0
1463 532 4 6 1 0
1740 614 4 6 1 0
992 570 4 6 1 0
1463 681 7 9 1 0
1062 579 4 6 1 0
1282 491 4 6 1 0
1784 770 7 9 1 0
777 576 6 8 1 0
1302 785 7 9 1 0
359 512 6 8 1 0
724 817 6 9 1 0
1618 530 4 6 1 0
1376 579 4 6 1 0
1530 356 4 8 1 0
1114 598 4 6 1 0
273 365 5 9 1 0
337 532 6 8 1 0
399 593 6 8 1 0
1323 570 4 6 1 0
808 207 5 9 1 0
506 825 6 9 1 0
1139 559 4 6 1 0
564 801 6 9 1 0
150 699 6 9 1 0
1643 713 7 9 1 0
24 819 6 9 1 0
883 894 8 11 1 0
686 350 5 9 1 0
433 575 6 8 1 0
1082 808 7 9 1 0
768 825 6 9 1 0
450 511 6 8 1 0
332 770 6 9 1 0
1155 782 7 9 1 0
509 523 6 8 1 0
666 574 6 8 1 0
1330 762 7 9 1 0
1097 737 7 9 1 0
284 513 6 8 1 0
549 791 6 9 1 0
41 513 6 8 1 0
104 753 6 9 1 0
1715 687 7 9 1 0
958 548 4 6 1 0
1062 770 7 9 1 0
887 467 6 8 1 0
1475 590 4 6 1 0
1339 489 4 6 1 0
1040 770 7 9 1 0
1095 577 4 6 1 0
392 899 9 11 1 0
1310 681 7 9 1 0
238 363 5 9 1 0
540 533 6 8 1 0
400 734 6 9 1 0
1449 726 7 9 1 0
1243 561 4 6 1 0
277 523 6 8 1 0
1045 680 7 9 1 0
352 742 6 9 1 0
82 779 6 9 1 0
329 513 6 8 1 0
1303 830 7 9 1 0
741 679 6 9 1 0
1533 726 7 9 1 0
461 360 5 9 1 0
273 901 9 11 1 0
1695 564 4 6 1 0
511 708 6 9 1 0
1675 892 8 9 1 0
560 586 6 8 1 0
404 481 6 8 1 0
105 542 6 8 1 0
668 553 6 8 1 0
137 740 6 9 1 0
846 688 6 9 1 0
1085 770 7 9 1 0
1188 354 4 8 1 0
742 896 8 11 1 0
1365 519 4 6 1 0
1227 607 4 6 1 0
982 476 4 6 1 0
444 801 6 9 1 0
986 516 4 6 1 0
448 826 6 9 1 0
1272 333 4 8 1 0
618 896 9 11 1 0
1596 522 4 6 1 0
370 897 9 11 1 0
161 811 6 9 1 0
298 710 6 9 1 0
278 566 6 8 1 0
1109 806 7 9 1 0
1338 528 4 6 1 0
294 566 6 8 1 0
1525 566 4 6 1 0
1630 725 7 9 1 0
1340 867 8 12 1 0
406 753 6 9 1 0
1357 527 4 6 1 0
491 364 5 9 1 0
277 821 6 9 1 0
1616 583 4 6 1 0
461 801 6 9 1 0
119 763 6 9 1 0
890 770 6 9 1 0
313 555 6 8 1 0
276 729 6 9 1 0
1299 793 7 9 1 0
1274 796 7 9 1 0
1743 592 4 6 1 0
1558 818 7 9 1 0
654 535 6 8 1 0
192 585 6 8 1 0
1562 911 8 9 1 0
1161 468 4 6 1 0
315 821 6 9 1 0
1043 759 7 9 1 0
521 816 6 9 1 0
1658 602 4 6 1 0
1090 548 4 6 1 0
526 523 6 8 1 0
633 556 6 8 1 0
245 798 6 9 1 0
467 778 6 9 1 0
170 893 9 11 1 0
1599 900 8 9 1 0
1131 923 8 11 1 0
1077 473 4 6 1 0
457 593 6 8 1 0
1737 829 7 9 1 0
961 577 4 6 1 0
1665 626 4 6 1 0
1246 580 4 6 1 0
1631 584 4 6 1 0
895 589 6 8 1 0
1084 350 4 8 1 0
543 826 6 9 1 0
307 350 5 9 1 0
475 672 6 9 1 0
1055 887 8 11 1 0
1414 712 7 9 1 0
1494 905 8 9 1 0
1019 368 4 8 1 0
1791 614 4 6 1 0
1621 615 4 6 1 0
1611 896 8 9 1 0
1429 754 7 9 1 0
1059 684 7 9 1 0
972 537 4 6 1 0
943 486 6 8 1 0
549 766 6 9 1 0
1103 527 4 6 1 0
725 552 6 8 1 0
1710 555 4 6 1 0
356 522 6 8 1 0
1082 527 4 6 1 0
1185 682 7 9 1 0
909 735 6 9 1 0
488 733 6 9 1 0
814 770 6 9 1 0
648 582 6 8 1 0
253 729 6 9 1 0
1600 569 4 6 1 0
320 772 6 9 1 0
1052 366 4 8 1 0
338 565 6 8 1 0
1705 886 8 9 1 0
896 887 8 11 1 0
1197 686 7 9 1 0
786 898 8 11 1 0
895 790 6 9 1 0
1451 804 7 9 1 0
851 887 8 11 1 0
857 554 6 8 1 0
289 533 6 8 1 0
1672 735 7 9 1 0
1183 734 7 9 1 0
1179 742 7 9 1 0
1561 724 7 9 1 0
231 732 6 9 1 0
1566 520 4 6 1 0
101 530 6 8 1 0
1579 730 7 9 1 0
389 743 6 9 1 0
517 779 6 9 1 0
423 469 6 8 1 0
482 350 5 9 1 0
1106 702 7 9 1 0
1319 835 7 9 1 0
1537 795 7 9 1 0
1513 600 4 6 1 0
340 596 6 8 1 0
500 760 6 9 1 0
1623 902 8 9 1 0
1298 581 4 6 1 0
1700 722 7 9 1 0
58 562 6 8 1 0
1695 750 7 9 1 0
1281 688 7 9 1 0
101 551 6 8 1 0
80 548 6 8 1 0
1560 365 4 8 1 0
264 763 6 9 1 0
974 330 4 8 1 0
489 538 6 8 1 0
685 900 9 11 1 0
980 597 4 6 1 0
993 747 7 9 1 0
1015 746 7 9 1 0
734 538 6 8 1 0
405 563 6 8 1 0
491 787 6 9 1 0
1379 749 7 9 1 0
1601 562 4 6 1 0
564 907 9 11 1 0
177 825 6 9 1 0
621 709 6 9 1 0
1304 571 4 6 1 0
977 337 4 8 1 0
1443 529 4 6 1 0
218 555 6 8 1 0
1397 738 7 9 1 0
1171 565 4 6 1 0
574 824 6 9 1 0
1769 570 4 6 1 0
1160 484 4 6 1 0
5 472 6 8 1 0
384 799 6 9 1 0
1295 472 4 6 1 0
1182 567 4 6 1 0
921 805 6 9 1 0
1358 723 7 9 1 0
1197 744 7 9 1 0
453 553 6 8 1 0
1429 353 4 8 1 0
236 565 6 8 1 0
1754 723 7 9 1 0
1742 476 4 6 1 0
1554 612 4 6 1 0
948 332 4 8 1 0
1168 757 7 9 1 0
1164 748 7 9 1 0
160 800 6 9 1 0
1099 611 4 6 1 0
575 733 6 9 1 0
159 352 5 9 1 0
1397 829 7 9 1 0
1071 682 7 9 1 0
478 575 6 8 1 0
1287 689 7 9 1 0
274 531 6 8 1 0
1346 902 8 12 1 0
513 913 9 11 1 0
365 722 6 9 1 0
754 754 6 9 1 0
439 552 6 8 1 0
196 712 6 9 1 0
280 740 6 9 1 0
1396 366 4 8 1 0
175 352 5 9 1 0
94 559 6 8 1 0
1783 542 4 6 1 0
193 572 6 8 1 0
1395 519 4 6 1 0
777 563 6 8 1 0
1588 613 4 6 1 0
415 734 6 9 1 0
876 806 6 9 1 0
1587 973 14 16 1 0
543 800 6 9 1 0
135 509 6 8 1 0
1483 770 7 9 1 0
474 594 6 8 1 0
472 720 6 9 1 0
1459 489 4 6 1 0
1293 570 4 6 1 0
1598 786 7 9 1 0
363 594 6 8 1 0
442 610 6 8 1 0
1112 781 7 9 1 0
1693 737 7 9 1 0
1747 749 7 9 1 0
266 472 6 8 1 0
1374 714 7 9 1 0
835 795 6 9 1 0
37 773 6 9 1 0
1606 531 4 6 1 0
1004 818 7 9 1 0
584 563 6 8 1 0
1653 667 7 9 1 0
358 552 6 8 1 0
1173 691 7 9 1 0
1396 758 7 9 1 0
379 544 6 8 1 0
94 818 6 9 1 0
1336 553 4 6 1 0
1170 901 8 11 1 0
876 582 6 8 1 0
266 749 6 9 1 0
142 813 6 9 1 0
971 770 7 9 1 0
1216 818 7 9 1 0
1735 582 4 6 1 0
1764 536 4 6 1 0
403 777 6 9 1 0
1641 784 7 9 1 0
486 720 6 9 1 0
424 825 6 9 1 0
103 718 6 9 1 0
1384 792 7 9 1 0
1402 535 4 6 1 0
1387 782 7 9 1 0
663 682 6 9 1 0
1555 761 7 9 1 0
546 718 6 9 1 0
991 557 4 6 1 0
608 479 6 8 1 0
1311 739 7 9 1 0
1046 904 8 11 1 0
595 725 6 9 1 0
1371 571 4 6 1 0
1605 793 7 9 1 0
1596 748 7 9 1 0
1408 355 4 8 1 0
1105 557 4 6 1 0
939 526 6 8 1 0
96 571 6 8 1 0
432 720 6 9 1 0
1614 607 4 6 1 0
1368 902 8 9 1 0
231 716 6 9 1 0
183 656 6 9 1 0
1076 576 4 6 1 0
537 594 6 8 1 0
1056 558 4 6 1 0
1476 762 7 9 1 0
260 741 6 9 1 0
1426 551 4 6 1 0
1125 767 7 9 1 0
619 558 6 8 1 0
924 563 6 8 1 0
345 754 6 9 1 0
1620 541 4 6 1 0
964 810 6 9 1 0
338 788 6 9 1 0
1627 818 7 9 1 0
1665 711 7 9 1 0
1642 890 8 9 1 0
1784 829 7 9 1 0
1029 579 4 6 1 0
800 482 6 8 1 0
844 486 6 8 1 0
1659 371 4 8 1 0
1454 539 4 6 1 0
420 593 6 8 1 0
461 910 9 11 1 0
365 803 6 9 1 0
316 719 6 9 1 0
665 565 6 8 1 0
835 746 6 9 1 0
663 594 6 8 1 0
928 679 6 9 1 0
1184 473 4 6 1 0
1582 524 4 6 1 0
1717 819 7 9 1 0
254 582 6 8 1 0
1027 570 4 6 1 0
1239 368 4 8 1 0
1787 554 4 6 1 0
1754 614 4 6 1 0
305 903 9 11 1 0
1085 687 7 9 1 0
1776 809 7 9 1 0
1533 771 7 9 1 0
1356 830 7 9 1 0
854 199 5 9 1 0
406 811 6 9 1 0
1124 736 7 9 1 0
130 898 9 11 1 0
791 780 6 9 1 0
557 679 6 9 1 0
449 729 6 9 1 0
419 802 6 9 1 0
199 532 6 8 1 0
1492 736 7 9 1 0
522 798 6 9 1 0
812 547 6 8 1 0
814 807 6 9 1 0
388 514 6 8 1 0
1232 607 4 6 1 0
1127 473 4 6 1 0
819 748 6 9 1 0
649 776 6 9 1 0
908 538 6 8 1 0
1445 562 4 6 1 0
87 717 6 9 1 0
588 544 6 8 1 0
1796 899 7 9 1 0
572 534 6 8 1 0
1579 891 8 9 1 0
1628 802 7 9 1 0
1724 773 7 9 1 0
892 734 6 9 1 0
995 586 4 6 1 0
1541 602 4 6 1 0
1735 691 7 9 1 0
1639 374 4 8 1 0
493 904 9 11 1 0
1208 549 4 6 1 0
1274 486 4 6 1 0
1281 786 7 9 1 0
956 774 6 9 1 0
149 521 6 8 1 0
148 361 5 9 1 0
210 716 6 9 1 0
1337 569 4 6 1 0
337 719 6 9 1 0
1654 805 7 9 1 0
81 749 6 9 1 0
1384 612 4 6 1 0
1323 477 4 6 1 0
347 542 6 8 1 0
1151 791 7 9 1 0
497 723 6 9 1 0
1435 713 7 9 1 0
10 580 6 8 1 0
283 470 6 8 1 0
1631 562 4 6 1 0
1117 684 7 9 1 0
918 594 6 8 1 0
227 743 6 9 1 0
1391 726 7 9 1 0
1677 687 7 9 1 0
1067 527 4 6 1 0
1081 608 4 6 1 0
1635 765 7 9 1 0
714 353 5 9 1 0
128 788 6 9 1 0
1306 716 7 9 1 0
722 594 6 8 1 0
1643 603 4 6 1 0
40 574 6 8 1 0
1009 737 7 9 1 0
401 679 6 9 1 0
1173 783 7 9 1 0
383 755 6 9 1 0
464 708 6 9 1 0
317 684 6 9 1 0
1751 572 4 6 1 0
879 571 6 8 1 0
975 746 7 9 1 0
1351 714 7 9 1 0
129 356 5 9 1 0
752 467 6 8 1 0
6 487 6 8 1 0
647 565 6 8 1 0
845 545 6 8 1 0
829 896 8 11 1 0
1720 728 7 9 1 0
1681 893 8 9 1 0
878 747 6 9 1 0
1163 343 4 8 1 0
1593 818 7 9 1 0
479 461 6 8 1 0
1786 701 7 9 1 0
195 751 6 9 1 0
99 888 9 11 1 0
856 609 6 8 1 0
380 482 6 8 1 0
1726 593 4 6 1 0
1541 758 7 9 1 0
27 573 6 8 1 0
1004 334 4 8 1 0
1173 599 4 6 1 0
163 731 6 9 1 0
1654 482 4 6 1 0
937 332 5 9 1 0
1361 736 7 9 1 0
39 558 6 8 1 0
965 335 4 8 1 0
476 764 6 9 1 0
395 679 6 9 1 0
1389 681 7 9 1 0
10 553 6 8 1 0
1268 759 7 9 1 0
1751 897 8 9 1 0
694 797 6 9 1 0
1139 685 7 9 1 0
533 563 6 8 1 0
860 537 6 8 1 0
1762 715 7 9 1 0
1393 475 4 6 1 0
1676 681 7 9 1 0
1482 789 7 9 1 0
290 480 6 8 1 0
841 514 6 8 1 0
1197 618 4 6 1 0
1325 352 4 8 1 0
358 603 6 8 1 0
411 584 6 8 1 0
382 682 6 9 1 0
1597 728 7 9 1 0
1500 521 4 6 1 0
567 721 6 9 1 0
1708 520 4 6 1 0
1526 529 4 6 1 0
1228 568 4 6 1 0
64 571 6 8 1 0
406 825 6 9 1 0
1777 585 4 6 1 0
1774 556 4 6 1 0
253 555 6 8 1 0
582 905 9 11 1 0
1765 750 7 9 1 0
1314 773 7 9 1 0
4 564 6 8 1 0
828 545 6 8 1 0
900 687 6 9 1 0
274 574 6 8 1 0
1145 912 8 11 1 0
729 564 6 8 1 0
23 798 6 9 1 0
1783 566 4 6 1 0
184 367 5 9 1 0
1765 772 7 9 1 0
1443 780 7 9 1 0
1419 817 7 9 1 0
276 791 6 9 1 0
1300 550 4 6 1 0
46 480 6 8 1 0
696 897 9 11 1 0
1724 798 7 9 1 0
56 511 6 8 1 0
1101 760 7 9 1 0
1426 479 4 6 1 0
415 788 6 9 1 0
1650 831 7 9 1 0
55 529 6 8 1 0
1214 366 4 8 1 0
965 819 7 9 1 0
1216 530 4 6 1 0
1786 569 4 6 1 0
1395 810 7 9 1 0
1021 524 4 6 1 0
956 747 6 9 1 0
962 589 4 6 1 0
637 911 9 11 1 0
686 363 5 9 1 0
1585 867 8 9 1 0
382 606 6 8 1 0
1683 903 8 9 1 0
123 750 6 9 1 0
1485 963 14 16 1 0
1061 474 4 6 1 0
85 895 9 11 1 0
749 815 6 9 1 0
1453 615 4 6 1 0
1704 582 4 6 1 0
1092 749 7 9 1 0
1755 566 4 6 1 0
690 758 6 9 1 0
181 562 6 8 1 0
547 551 6 8 1 0
1440 821 7 9 1 0
644 813 6 9 1 0
1222 903 8 12 1 0
811 565 6 8 1 0
552 711 6 9 1 0
1074 558 4 6 1 0
697 746 6 9 1 0
227 515 6 8 1 0
1288 736 7 9 1 0
1320 530 4 6 1 0
333 588 6 8 1 0
882 348 5 9 1 0
1062 589 4 6 1 0
932 561 6 8 1 0
386 471 6 8 1 0
354 814 6 9 1 0
712 753 6 9 1 0
1602 613 4 6 1 0
181 795 6 9 1 0
150 507 6 8 1 0
741 730 6 9 1 0
189 473 6 8 1 0
536 485 6 8 1 0
917 682 6 9 1 0
384 522 6 8 1 0
123 822 6 9 1 0
550 476 6 8 1 0
984 332 4 8 1 0
294 555 6 8 1 0
383 787 6 9 1 0
1197 820 7 9 1 0
1314 726 7 9 1 0
1077 590 4 6 1 0
1179 796 7 9 1 0
1443 677 7 9 1 0
1230 558 4 6 1 0
862 769 6 9 1 0
941 364 5 9 1 0
1195 899 8 11 1 0
566 768 6 9 1 0
796 789 6 9 1 0
1711 762 7 9 1 0
1077 708 7 9 1 0
1142 736 7 9 1 0
1001 781 7 9 1 0
505 899 9 11 1 0
1656 726 7 9 1 0
160 744 6 9 1 0
812 581 6 8 1 0
1678 817 7 9 1 0
1375 830 7 9 1 0
1248 684 7 9 1 0
1465 805 7 9 1 0
1357 609 4 6 1 0
267 672 6 9 1 0
1329 540 4 6 1 0
1029 736 7 9 1 0
645 603 6 8 1 0
1507 340 4 8 1 0
1236 355 4 8 1 0
71 715 6 9 1 0
1579 763 7 9 1 0
