130 71 26 34 1 0
496 83 14 17 1 0
400 95 22 28 1 0
430 185 46 54 1 0
149 28 13 19 1 0
328 38 22 24 1 0
26 153 45 71 1 0
381 234 53 63 1 0
335 66 22 28 1 0
694 146 20 22 1 0
553 120 17 26 1 0
166 176 46 54 1 0
9 121 45 71 1 0
386 46 22 24 1 0
575 174 27 34 1 0
269 86 22 28 1 0
523 101 17 26 1 0
157 134 39 50 1 0
209 149 46 54 1 0
319 186 46 54 1 0
677 135 20 22 1 0
231 233 70 77 1 0
4 76 36 54 1 0
600 160 27 34 1 0
663 115 20 22 1 0
310 129 27 37 1 0
477 98 14 17 1 0
736 206 37 35 1 0
533 185 25 39 1 0
201 67 21 30 1 0
518 136 15 22 1 0
621 236 53 63 1 0
493 236 53 63 1 0
42 52 26 34 1 0
681 169 37 35 1 0
417 139 21 28 1 0
436 74 22 24 1 0
705 156 37 35 1 0
304 149 46 54 1 0
341 122 27 37 1 0
569 98 17 26 1 0
746 155 20 22 1 0
421 44 22 24 1 0
200 104 21 30 1 0
426 124 21 28 1 0
544 167 25 39 1 0
648 156 20 22 1 0
327 88 22 28 1 0
91 86 26 34 1 0
380 159 46 54 1 0
268 48 22 24 1 0
484 135 15 22 1 0
622 128 17 26 1 0
16 189 45 71 1 0
72 123 28 40 1 0
375 82 22 28 1 0
