832 529 14 18 1 0
919 556 14 18 1 0
13 140 7 8 1 0
991 661 14 18 1 0
1006 499 14 18 1 0
506 454 11 13 1 0
1015 337 10 9 1 0
939 393 10 9 1 0
390 513 11 13 1 0
723 394 10 9 1 0
1130 599 10 16 1 0
1498 532 12 14 1 0
44 86 7 8 1 0
434 280 7 13 1 0
577 374 7 13 1 0
215 317 7 13 1 0
945 596 14 18 1 0
7 82 7 8 1 0
856 481 14 18 1 0
157 347 7 13 1 0
518 77 7 8 1 0
1155 27 8 6 1 0
1443 2 8 6 1 0
953 658 14 18 1 0
1036 530 14 18 1 0
713 478 14 18 1 0
421 334 7 13 1 0
694 423 10 9 1 0
204 202 9 9 1 0
1278 22 8 6 1 0
1022 490 14 18 1 0
667 294 9 9 1 0
549 517 11 13 1 0
735 270 9 9 1 0
981 40 8 6 1 0
298 537 11 13 1 0
96 81 7 8 1 0
1204 40 8 6 1 0
640 254 9 9 1 0
247 244 9 9 1 0
258 117 7 8 1 0
1277 5 8 6 1 0
1043 610 14 18 1 0
906 340 10 9 1 0
510 427 7 13 1 0
1091 497 10 16 1 0
411 276 7 13 1 0
1190 512 10 16 1 0
433 301 7 13 1 0
1077 372 10 9 1 0
432 475 11 13 1 0
204 119 7 8 1 0
387 306 7 13 1 0
342 408 7 13 1 0
329 152 7 8 1 0
1168 54 8 6 1 0
11 121 7 8 1 0
81 187 9 9 1 0
1125 41 8 6 1 0
674 475 14 18 1 0
75 507 11 13 1 0
575 272 7 13 1 0
21 181 8 8 1 0
134 276 7 13 1 0
944 28 8 6 1 0
1452 487 12 14 2 0
1100 569 10 16 1 0
1100 504 10 16 1 0
1345 481 12 14 1 0
762 319 10 9 1 0
554 77 7 8 1 0
337 302 7 13 1 0
1099 643 10 16 1 0
329 278 7 13 1 0
709 349 10 9 1 0
919 513 14 18 1 0
301 485 11 13 1 0
1230 380 12 14 1 0
499 326 7 13 1 0
1132 494 10 16 1 0
1418 432 12 14 1 0
1280 85 8 6 1 0
917 643 14 18 1 0
998 336 10 9 1 0
193 319 7 13 1 0
415 175 9 9 1 0
1332 28 8 6 1 0
397 519 11 13 1 0
843 417 10 9 1 0
158 319 7 13 1 0
65 276 7 13 1 0
1189 19 8 6 1 0
1085 41 8 6 1 0
1294 27 8 6 1 0
390 237 9 9 1 0
361 174 9 9 1 0
957 451 10 9 1 0
1403 660 18 20 1 0
1260 608 18 20 1 0
833 630 14 18 1 0
760 269 9 9 1 0
271 387 7 13 1 0
394 85 7 8 1 0
271 506 11 13 1 0
617 74 7 8 1 0
109 251 9 9 1 0
1248 566 10 16 1 0
120 507 11 13 1 0
1241 18 8 6 1 0
275 529 11 13 1 0
176 373 7 13 1 0
471 434 7 13 1 0
863 628 14 18 1 0
554 278 7 13 1 0
375 215 9 9 1 0
1493 37 8 6 1 0
769 289 9 9 1 0
934 335 10 9 1 0
1023 13 8 6 1 0
830 318 10 9 1 0
872 473 10 9 1 0
42 232 9 9 1 0
583 425 7 13 1 0
1137 588 10 16 1 0
796 1 8 6 1 0
710 293 9 9 1 0
315 240 9 9 1 0
810 543 14 18 1 0
1386 455 12 14 1 0
435 457 11 13 1 0
1065 102 8 6 1 0
1334 626 18 20 1 0
76 83 7 8 1 0
476 543 11 13 1 0
400 133 7 8 1 0
766 93 8 6 1 0
521 402 7 13 1 0
787 612 14 18 1 0
1206 411 12 14 1 0
207 223 9 9 1 0
837 287 9 9 1 0
919 314 10 9 1 0
1127 629 10 16 1 0
380 258 7 13 1 0
1020 600 14 18 1 0
72 122 7 8 1 0
641 468 14 18 1 0
718 447 10 9 1 0
881 595 14 18 1 0
594 457 9 13 1 0
444 115 7 8 1 0
518 129 7 8 1 0
650 501 14 18 1 0
225 134 7 8 1 0
976 332 10 9 1 0
1095 488 10 16 1 0
737 133 8 7 1 0
1431 556 13 15 1 0
1053 371 10 9 1 0
818 16 8 6 1 0
433 532 11 13 1 0
958 58 8 6 1 0
570 497 11 13 1 0
1397 26 8 6 1 0
910 611 14 18 1 0
730 477 14 18 1 0
794 414 10 9 1 0
450 233 9 9 1 0
1270 79 8 6 1 0
125 248 9 9 1 0
1416 96 8 6 1 0
1236 443 12 14 1 0
1110 489 10 16 1 0
191 294 7 13 1 0
1309 3 8 6 1 0
903 387 10 9 1 0
795 13 8 6 1 0
157 204 9 9 1 0
345 356 7 13 1 0
973 451 10 9 1 0
1123 8 8 6 1 0
421 254 9 9 1 0
380 178 9 9 1 0
232 494 11 13 1 0
1301 14 8 6 1 0
54 123 7 8 1 0
890 648 14 18 1 0
1260 14 8 6 1 0
379 82 7 8 1 0
343 494 11 13 1 0
849 318 10 9 1 0
262 186 9 9 1 0
120 523 11 13 1 0
250 388 7 13 1 0
300 115 7 8 1 0
42 256 8 10 1 0
335 524 11 13 1 0
1200 521 10 16 1 0
521 479 11 13 1 0
895 316 10 9 1 0
998 626 14 18 1 0
393 194 9 9 1 0
712 578 14 18 1 0
378 385 7 13 1 0
165 503 11 13 1 0
394 174 9 9 1 0
763 585 14 18 1 0
145 157 7 8 1 0
1383 511 12 14 1 0
187 153 7 8 1 0
808 23 8 6 1 0
455 212 9 9 1 0
352 489 11 13 1 0
349 281 7 13 1 0
683 603 14 18 1 0
1251 111 8 6 1 0
732 370 10 9 1 0
741 604 14 18 1 0
1018 30 8 6 1 0
880 53 8 6 1 0
1273 386 12 14 1 0
764 50 8 6 1 0
354 439 7 13 1 0
400 539 11 13 1 0
1130 93 8 6 1 0
265 446 7 13 1 0
1457 489 12 14 2 0
647 482 14 18 2 0
149 469 11 13 1 0
1047 29 8 6 1 0
240 219 9 9 1 0
103 206 9 9 1 0
1246 444 12 14 1 0
767 364 10 9 1 0
594 211 9 9 1 0
1504 364 12 14 2 0
1104 556 10 16 1 0
996 523 14 18 1 0
250 341 7 13 1 0
124 464 11 13 1 0
394 214 9 9 1 0
254 311 7 13 1 0
213 264 7 13 1 0
52 139 7 8 1 0
1225 4 8 6 1 0
500 76 7 8 1 0
1251 9 8 6 1 0
84 136 7 8 1 0
1205 2 8 6 1 0
211 292 7 13 1 0
913 533 14 18 1 0
89 323 7 13 1 0
277 336 7 13 1 0
793 507 14 18 1 0
116 181 9 9 1 0
982 393 10 9 1 0
1477 435 12 14 1 0
313 414 7 13 1 0
274 264 7 13 1 0
47 105 7 8 1 0
958 523 14 18 1 0
1298 383 12 14 1 0
1177 621 10 16 1 0
1071 603 14 18 1 0
1173 564 10 16 2 0
859 492 14 18 1 0
486 481 11 13 1 0
291 288 7 13 1 0
1239 27 8 6 1 0
870 104 8 6 1 0
738 544 14 18 1 0
287 264 7 13 1 0
359 513 11 13 1 0
1494 443 12 14 1 0
383 99 7 8 1 0
442 432 7 13 1 0
854 444 10 9 1 0
636 209 9 9 1 0
929 36 8 6 1 0
822 365 10 9 1 0
1215 527 10 16 1 0
1042 399 10 9 1 0
1064 642 14 18 1 0
428 196 9 9 1 0
596 76 7 8 1 0
1223 17 8 6 1 0
138 464 11 13 1 0
549 94 7 8 1 0
248 521 11 13 1 0
355 464 11 13 1 0
30 232 9 9 1 0
1490 8 8 6 1 0
784 314 10 9 1 0
472 91 7 8 1 0
201 372 7 13 1 0
1176 40 8 6 1 0
1368 512 12 14 1 0
332 216 9 9 1 0
22 212 9 9 1 0
621 252 9 9 1 0
321 259 7 13 1 0
186 224 9 9 1 0
226 340 7 13 1 0
1067 510 14 18 1 0
1004 424 10 9 1 0
1410 455 12 14 1 0
35 474 11 13 1 0
557 127 7 8 1 0
726 248 9 9 1 0
146 269 7 13 1 0
1374 632 18 20 1 0
1264 453 12 14 1 0
701 118 8 7 1 0
1225 473 10 16 1 0
204 347 7 13 1 0
1094 96 8 6 1 0
350 151 7 8 1 0
388 151 7 8 1 0
664 522 14 18 1 0
1503 367 12 14 2 0
568 530 11 13 1 0
86 228 9 9 1 0
290 440 7 13 1 0
510 379 7 13 1 0
980 540 14 18 2 0
936 522 14 18 2 0
136 322 7 13 1 0
244 152 7 8 1 0
323 181 9 9 1 0
740 348 10 9 1 0
144 253 9 9 1 0
207 135 7 8 1 0
911 364 10 9 2 0
1077 400 10 9 1 0
304 518 11 13 1 0
777 267 9 9 1 0
918 106 8 6 1 0
662 230 9 9 1 0
85 209 9 9 1 0
177 186 9 9 1 0
770 342 10 9 1 0
236 198 9 9 1 0
390 407 7 13 1 0
560 110 7 8 1 0
1169 469 10 16 1 0
813 591 14 18 1 0
531 515 11 13 1 0
144 137 7 8 1 0
310 85 7 8 1 0
806 552 14 18 1 0
281 119 7 8 1 0
526 352 7 13 1 0
167 467 11 13 1 0
531 528 11 13 1 0
689 450 10 9 1 0
885 484 14 18 1 0
789 465 10 9 1 0
599 249 9 9 1 0
245 365 7 13 2 0
1098 539 10 16 1 0
375 437 7 13 1 0
1443 477 12 14 1 0
677 248 9 9 1 0
1199 11 8 6 1 0
658 207 9 9 1 0
128 205 9 9 1 0
363 260 7 13 1 0
1362 501 12 14 1 0
401 94 7 8 1 0
678 111 8 7 1 0
808 478 14 18 1 0
618 478 14 18 2 0
1012 50 8 6 1 0
557 454 11 13 1 0
534 93 7 8 1 0
1398 3 8 6 1 0
24 157 7 8 1 0
1111 605 10 16 1 0
1029 634 14 18 1 0
1229 552 10 16 1 0
1170 536 10 16 1 0
1184 27 8 6 1 0
1456 567 13 15 1 0
137 118 7 8 1 0
1294 446 12 14 1 0
949 628 14 18 1 0
736 109 8 6 1 0
374 237 9 9 1 0
1028 38 8 6 1 0
510 258 7 13 1 0
949 470 10 9 1 0
461 328 7 13 1 0
1362 30 8 6 1 0
1107 8 8 6 1 0
351 237 9 9 1 0
419 437 7 13 1 0
527 298 7 13 1 0
237 309 7 13 1 0
120 115 7 8 1 0
431 83 7 8 1 0
458 399 7 13 1 0
550 377 7 13 1 0
208 102 7 8 1 0
911 366 10 9 2 0
243 447 7 13 1 0
1007 25 8 6 1 0
1008 392 10 9 1 0
20 253 8 10 1 0
153 83 7 8 1 0
1071 53 8 6 1 0
741 248 9 9 1 0
1092 404 10 9 1 0
856 664 14 18 1 0
1001 38 8 6 1 0
1075 343 10 9 1 0
592 475 11 14 1 0
917 662 14 18 1 0
320 116 7 8 1 0
61 208 9 9 1 0
41 187 8 8 1 0
1137 5 8 6 1 0
577 251 9 9 1 0
791 343 10 9 1 0
466 380 7 13 1 0
1373 0 8 6 1 0
946 500 14 18 1 0
550 212 9 9 1 0
503 299 7 13 1 0
1036 338 10 9 1 0
435 95 7 8 1 0
765 12 8 6 1 0
60 87 7 8 1 0
865 53 8 6 1 0
207 516 11 13 1 0
1412 22 8 6 1 0
537 257 7 13 1 0
677 495 14 18 1 0
721 324 10 9 1 0
269 288 7 13 1 0
1115 15 8 6 1 0
167 86 7 8 1 0
144 225 9 9 1 0
1112 568 10 16 1 0
558 254 9 9 1 0
185 266 7 13 1 0
917 445 10 9 1 0
381 130 7 8 1 0
1318 18 8 6 1 0
1077 24 8 6 1 0
712 116 8 7 1 0
572 214 9 9 1 0
844 618 14 18 1 0
787 393 10 9 1 0
853 467 10 9 1 0
762 508 14 18 1 0
1180 511 10 16 1 0
1160 534 10 16 1 0
813 468 10 9 1 0
987 519 14 18 1 0
1075 495 10 16 1 0
1325 386 12 14 1 0
677 526 14 18 1 0
1037 14 8 6 1 0
974 475 14 18 1 0
85 103 7 8 1 0
910 9 8 6 1 0
794 365 10 9 1 0
599 371 7 13 1 0
808 314 10 9 1 0
417 213 9 9 1 0
562 487 11 13 1 0
173 508 11 13 1 0
986 361 10 9 1 0
845 19 8 6 1 0
505 492 11 13 1 0
883 442 10 9 1 0
224 117 7 8 1 0
453 96 7 8 1 0
1026 458 10 9 1 0
1157 578 10 16 1 0
70 103 7 8 1 0
708 114 8 7 1 0
1153 495 10 16 2 0
808 649 14 18 1 0
643 231 9 9 1 0
533 479 11 13 1 0
616 398 7 13 1 0
1329 43 8 6 1 0
623 376 7 13 1 0
449 353 7 13 1 0
936 513 14 18 2 0
353 201 9 9 1 0
268 362 7 13 1 0
605 522 13 16 1 0
844 342 10 9 1 0
371 277 7 13 1 0
820 498 14 18 1 0
1006 14 8 6 1 0
526 330 7 13 1 0
176 206 9 9 1 0
463 460 11 13 1 0
1126 514 10 16 1 0
1064 629 14 18 1 0
879 465 10 9 1 0
1079 102 8 6 1 0
109 158 8 8 1 0
1455 2 8 6 1 0
534 433 7 13 1 0
1485 439 12 14 1 0
858 598 14 18 1 0
332 383 7 13 1 0
574 351 7 13 1 0
818 343 10 9 1 0
1254 22 8 6 1 0
394 331 7 13 1 0
693 487 14 18 1 0
1103 22 8 6 1 0
287 414 7 13 1 0
509 276 7 13 1 0
200 85 7 8 1 0
663 464 12 13 1 0
1089 15 8 6 1 0
1377 10 8 6 1 0
278 220 9 9 1 0
1130 30 8 6 1 0
493 350 7 13 1 0
455 175 9 9 1 0
438 130 7 8 1 0
619 469 14 18 2 0
1040 568 14 18 1 0
392 281 7 13 1 0
1031 395 10 9 1 0
488 380 7 13 1 0
289 510 11 13 1 0
932 414 10 9 1 0
193 523 11 13 1 0
1110 346 10 9 1 0
173 320 7 13 1 0
1042 537 14 18 1 0
357 83 7 8 1 0
461 195 9 9 1 0
765 531 14 18 1 0
1012 519 14 18 1 0
1173 554 10 16 2 0
1117 507 10 16 1 0
1436 474 12 14 1 0
904 466 10 9 1 0
183 348 7 13 1 0
235 190 9 9 1 0
1043 40 8 6 1 0
1055 340 10 9 1 0
250 289 7 13 1 0
1209 17 8 6 1 0
1207 9 8 6 1 0
329 100 7 8 1 0
336 435 7 13 1 0
566 399 7 13 1 0
469 173 9 9 1 0
68 147 7 8 1 0
467 474 11 13 1 0
1271 42 8 6 1 0
1303 610 18 20 1 0
1020 525 14 18 2 0
255 202 9 9 1 0
624 501 14 18 1 0
1171 502 10 16 1 0
370 524 11 13 1 0
702 229 9 9 1 0
1098 9 8 6 1 0
270 415 7 13 1 0
272 83 7 8 1 0
1416 2 8 6 1 0
608 297 7 13 1 0
856 389 10 9 1 0
189 248 9 9 1 0
1507 454 12 14 2 0
164 244 9 9 1 0
789 542 14 18 1 0
1406 524 12 14 1 0
924 471 10 9 1 0
1141 526 10 16 2 0
479 400 7 13 1 0
1177 22 8 6 1 0
1397 597 18 20 1 0
1001 396 10 9 1 0
1112 371 10 9 1 0
553 351 7 13 1 0
523 109 7 8 1 0
1157 498 10 16 2 0
1174 439 12 14 1 0
782 482 14 18 2 0
733 426 10 9 1 0
412 235 9 9 1 0
125 227 9 9 1 0
363 132 7 8 1 0
275 99 7 8 1 0
1153 620 10 16 1 0
427 354 7 13 1 0
538 129 7 8 1 0
824 603 14 18 1 0
720 541 14 18 1 0
761 479 14 18 1 0
1191 101 8 6 1 0
592 401 7 13 1 0
309 131 7 8 1 0
298 86 7 8 1 0
188 399 7 13 1 0
231 264 7 13 1 0
262 136 7 8 1 0
918 45 8 6 1 0
1408 45 8 6 1 0
822 522 14 18 1 0
284 241 9 9 1 0
226 242 9 9 1 0
840 578 14 18 1 0
1058 52 8 6 1 0
1404 33 8 6 1 0
1037 551 14 18 1 0
324 358 7 13 1 0
356 539 11 13 1 0
427 113 7 8 1 0
1262 4 8 6 1 0
143 513 11 13 1 0
790 592 14 18 1 0
901 484 14 18 1 0
808 388 10 9 1 0
844 474 14 18 1 0
347 262 7 13 1 0
1065 27 8 6 1 0
188 86 7 8 1 0
257 510 11 13 1 0
1490 393 12 14 1 0
594 275 7 13 1 0
869 316 10 9 1 0
32 141 7 8 1 0
515 475 11 13 1 0
1369 493 12 14 1 0
335 538 11 13 1 0
778 490 14 18 2 0
734 117 8 6 1 0
403 479 11 13 1 0
334 331 7 13 1 0
1066 401 10 9 1 0
103 278 7 13 1 0
246 367 7 13 2 0
429 175 9 9 1 0
7 99 7 8 1 0
1036 455 10 9 1 0
217 202 9 9 1 0
979 535 14 18 2 0
903 509 14 18 1 0
292 308 7 13 1 0
312 449 11 13 1 0
1116 401 10 9 1 0
897 97 8 6 1 0
1047 59 8 6 1 0
1037 23 8 6 1 0
63 253 9 9 1 0
1422 9 8 6 1 0
838 489 14 18 1 0
692 115 8 8 1 0
628 549 14 18 1 0
88 298 7 13 1 0
602 350 7 13 1 0
538 193 9 9 1 0
51 158 7 8 1 0
1444 667 18 20 1 0
1112 33 8 6 1 0
868 411 10 9 1 0
1248 414 12 14 1 0
221 501 11 13 1 0
1250 556 10 16 1 0
107 230 9 9 1 0
89 122 7 8 1 0
296 239 9 9 1 0
189 101 7 8 1 0
1498 0 8 6 1 0
196 497 11 13 1 0
1212 443 12 14 1 0
1193 438 12 14 1 0
992 51 8 6 1 0
1076 591 10 16 1 0
1074 524 10 16 1 0
333 114 7 8 1 0
978 648 14 18 1 0
631 322 7 12 1 0
737 292 9 9 1 0
845 362 10 9 1 0
291 492 11 13 1 0
817 420 10 9 1 0
1013 456 10 9 1 0
1451 425 12 14 1 0
388 110 7 8 1 0
292 389 7 13 1 0
117 139 7 8 1 0
280 189 9 9 1 0
1012 7 8 6 1 0
1093 431 10 9 1 0
1143 532 10 16 2 0
565 475 11 13 1 0
965 5 8 6 1 0
130 348 7 13 1 0
808 111 8 6 1 0
649 473 14 18 2 0
230 291 7 13 1 0
1207 101 8 6 1 0
757 496 14 18 1 0
291 96 7 8 1 0
1156 6 8 6 1 0
933 444 10 9 1 0
826 462 10 9 1 0
1075 432 10 9 1 0
882 521 14 18 1 0
783 574 14 18 1 0
177 103 7 8 1 0
1044 115 8 6 1 0
388 462 11 13 1 0
538 488 11 13 1 0
1082 7 8 6 1 0
1367 485 12 14 1 0
1394 519 12 14 1 0
214 183 9 9 1 0
776 13 8 6 1 0
107 141 7 8 1 0
602 229 9 9 1 0
35 100 7 8 1 0
1501 13 8 6 1 0
310 308 7 13 1 0
701 127 8 8 1 0
262 475 11 13 1 0
1228 534 10 16 1 0
699 248 9 9 1 0
435 214 9 9 1 0
219 82 7 8 1 0
1224 409 12 14 1 0
122 100 7 8 1 0
1026 531 14 18 2 0
1237 586 10 16 2 0
637 490 14 18 1 0
1094 342 10 9 1 0
252 157 8 8 1 0
769 417 10 9 1 0
629 276 9 9 1 0
149 294 7 13 1 0
383 500 11 13 1 0
222 228 9 9 1 0
1243 41 8 6 1 0
369 331 7 13 1 0
332 237 9 9 1 0
1348 37 8 6 1 0
1202 26 8 6 1 0
930 548 14 18 1 0
965 528 14 18 1 0
1261 409 12 14 1 0
1010 109 8 6 1 0
111 84 7 8 1 0
299 220 9 9 1 0
536 77 7 8 1 0
418 131 7 8 1 0
545 398 7 13 1 0
1447 398 12 14 1 0
719 110 8 6 1 0
1067 35 8 6 1 0
702 492 14 18 1 0
325 84 7 8 1 0
85 254 9 9 1 0
312 98 7 8 1 0
693 514 14 18 1 0
834 7 8 6 1 0
960 26 8 6 1 0
1332 2 8 6 1 0
579 110 7 8 1 0
205 247 9 9 1 0
257 219 9 9 1 0
352 216 9 9 1 0
649 585 14 18 1 0
629 294 9 9 1 0
522 231 9 9 1 0
560 429 7 13 1 0
357 120 7 8 1 0
84 161 8 8 1 0
399 357 7 13 1 0
821 22 8 6 1 0
462 113 7 8 1 0
537 238 9 9 1 0
101 104 7 8 1 0
11 463 11 13 1 0
445 253 9 9 1 0
454 132 7 8 1 0
656 273 9 9 1 0
978 496 14 18 1 0
410 113 7 8 1 0
579 298 7 13 1 0
171 288 7 13 1 0
1483 338 12 14 1 0
373 484 11 13 1 0
401 259 7 13 1 0
543 112 7 8 1 0
1150 467 10 16 1 0
267 365 7 13 1 0
302 359 7 13 1 0
341 179 9 9 1 0
995 7 8 6 1 0
333 510 11 13 1 0
1129 371 10 9 1 0
260 86 7 8 1 0
852 5 8 6 1 0
131 80 7 8 1 0
718 514 14 18 1 0
992 24 8 6 1 0
1433 3 8 6 1 0
1358 7 8 6 1 0
41 511 11 13 1 0
793 555 14 18 1 0
763 391 10 9 1 0
796 487 14 18 1 0
1133 518 10 16 1 0
240 515 11 13 1 0
418 505 11 13 1 0
668 489 14 18 1 0
327 198 9 9 1 0
1044 365 10 9 1 0
1503 448 12 14 2 0
1106 546 10 16 1 0
674 273 9 9 1 0
232 83 7 8 1 0
896 530 14 18 1 0
1427 469 12 14 1 0
136 292 7 13 1 0
162 224 9 9 1 0
346 99 7 8 1 0
743 473 10 9 1 0
1031 421 10 9 1 0
357 407 7 13 1 0
1244 381 12 14 1 0
226 519 11 13 1 0
627 525 14 18 1 0
1054 457 10 16 1 0
261 182 9 9 1 0
1398 459 12 14 1 0
112 323 7 13 1 0
856 18 8 6 1 0
1184 12 8 6 1 0
1317 333 12 14 1 0
830 446 10 9 1 0
1262 51 8 6 1 0
688 295 9 9 1 0
609 425 7 13 1 0
1471 430 12 14 1 0
994 605 14 18 1 0
615 211 9 9 1 0
985 32 8 6 1 0
739 510 14 18 1 0
430 515 11 13 1 0
1399 13 8 6 1 0
88 276 7 13 1 0
757 463 10 9 1 0
275 198 9 9 1 0
897 69 8 6 1 0
62 189 9 9 1 0
660 248 9 9 1 0
571 75 7 8 1 0
267 181 9 9 1 0
683 471 10 9 1 0
409 148 7 8 1 0
1165 16 8 6 1 0
306 150 7 8 1 0
697 272 9 9 1 0
102 183 9 9 1 0
234 104 7 8 1 0
40 210 9 9 1 0
898 415 10 9 1 0
1093 372 10 9 1 0
469 80 7 8 1 0
306 198 9 9 1 0
1216 18 8 6 1 0
623 277 7 13 1 0
323 503 11 13 1 0
587 232 9 9 1 0
168 270 7 13 1 0
24 86 7 8 1 0
1070 5 8 6 1 0
1260 34 8 6 1 0
776 472 10 9 1 0
971 517 14 18 1 0
1045 548 14 18 1 0
193 183 9 9 1 0
950 44 8 6 1 0
738 393 10 9 1 0
1477 674 18 20 1 0
1029 661 14 18 1 0
1189 471 10 16 1 0
252 96 7 8 1 0
63 300 7 12 1 0
584 328 7 13 1 0
1076 485 10 16 1 0
745 481 14 18 1 0
1296 411 12 14 1 0
1429 584 13 15 1 0
870 613 14 18 1 0
868 521 14 18 1 0
916 588 14 18 1 0
685 229 9 9 1 0
433 149 7 8 1 0
372 115 7 8 1 0
718 273 9 9 1 0
837 389 10 9 1 0
238 418 7 13 1 0
1031 97 8 6 1 0
428 407 7 13 1 0
982 419 10 9 1 0
926 563 14 18 1 0
326 135 7 8 1 0
1095 31 8 6 1 0
667 565 14 18 1 0
1065 43 8 6 1 0
1190 37 8 6 1 0
792 288 9 9 1 0
816 288 9 9 1 0
807 448 10 9 1 0
62 233 9 9 1 0
229 181 9 9 1 0
750 464 10 9 1 0
1059 426 10 9 1 0
560 195 9 9 1 0
34 121 7 8 1 0
563 231 9 9 1 0
725 492 14 18 1 0
625 227 9 9 1 0
968 391 10 9 1 0
307 468 11 13 1 0
303 264 7 13 1 0
164 151 7 8 1 0
747 555 14 18 1 0
933 473 10 9 1 0
904 45 8 6 1 0
1183 610 10 16 1 0
1284 40 8 6 1 0
1141 345 10 9 1 0
276 312 7 13 1 0
240 137 7 8 1 0
346 131 7 8 1 0
830 481 14 18 1 0
438 384 7 13 1 0
534 277 7 13 1 0
317 217 9 9 1 0
981 97 8 6 1 0
846 4 8 6 1 0
1020 425 10 9 1 0
987 548 14 18 1 0
267 489 11 13 1 0
1058 488 14 18 1 0
548 294 7 13 1 0
330 470 11 13 1 0
938 45 8 6 1 0
1238 577 10 16 2 0
97 508 11 13 1 0
1031 364 10 9 1 0
972 669 14 18 1 0
1407 537 12 14 1 0
695 392 10 9 1 0
416 86 7 8 1 0
806 36 8 6 1 0
1191 2 8 6 1 0
443 80 7 8 1 0
622 487 14 18 1 0
569 95 7 8 1 0
282 473 11 13 1 0
365 194 9 9 1 0
619 350 7 13 1 0
1202 591 10 16 1 0
513 514 11 13 1 0
999 53 8 6 1 0
313 334 7 13 1 0
598 500 12 15 1 0
967 419 10 9 1 0
701 481 14 18 1 0
221 393 7 13 1 0
432 233 9 9 1 0
402 376 7 13 1 0
210 424 7 13 1 0
121 297 7 13 1 0
881 386 10 9 1 0
249 268 7 13 1 0
1464 506 12 14 1 0
261 240 9 9 1 0
529 214 9 9 1 0
981 564 14 18 1 0
946 417 10 9 1 0
283 151 7 8 1 0
157 524 11 13 1 0
43 279 9 9 1 0
849 535 14 18 1 0
745 447 10 9 1 0
