883 402 23 27 1 0
543 399 23 27 1 0
779 307 20 21 1 0
681 61 18 16 1 0
125 632 23 27 1 0
785 461 23 27 1 0
20 498 23 27 1 0
20 479 23 27 1 0
318 489 23 27 1 0
456 293 20 21 1 0
289 84 18 16 1 0
583 323 20 21 1 0
420 3 16 19 1 0
826 191 20 21 2 0
664 402 23 27 1 0
262 45 16 20 1 0
267 152 18 16 1 0
120 118 18 16 1 0
953 309 20 22 1 0
471 270 20 21 1 0
124 81 18 16 1 0
784 542 23 27 1 0
651 480 23 27 1 0
685 188 20 21 1 0
914 380 23 27 1 0
657 308 20 21 1 0
115 406 23 27 1 0
294 325 20 21 1 0
617 463 23 27 1 0
238 326 20 21 1 0
54 407 23 27 1 0
403 535 23 27 1 0
3 435 23 27 1 0
735 402 23 27 1 0
798 56 18 16 1 0
473 348 20 21 2 0
480 350 22 25 2 0
655 566 23 27 1 0
298 361 23 27 1 0
520 40 16 20 1 0
488 202 20 21 1 0
419 204 20 21 1 0
400 465 23 27 1 0
654 7 16 20 1 0
70 153 18 16 1 0
373 448 23 27 1 0
151 58 18 16 1 0
338 66 18 16 1 0
580 66 18 16 1 0
858 478 23 27 1 0
655 462 23 27 1 0
339 306 20 21 1 0
300 149 18 16 1 0
550 453 23 27 1 0
423 471 23 27 1 0
253 167 18 16 1 0
742 54 18 16 1 0
3 504 23 27 1 0
819 376 23 27 1 0
519 61 18 16 1 0
77 51 18 16 1 0
379 549 23 27 1 0
535 549 23 27 1 0
363 200 20 21 1 0
247 76 18 16 1 0
954 139 19 19 1 0
386 418 23 27 1 0
344 198 20 21 1 0
832 295 20 21 1 0
633 340 20 21 1 0
28 68 18 16 1 0
46 505 23 27 1 0
372 45 16 20 1 0
236 7 16 20 1 0
283 67 18 16 1 0
10 148 18 17 1 0
217 356 23 27 1 0
360 403 23 27 1 0
377 8 16 20 1 0
482 85 18 16 1 0
666 27 16 20 1 0
617 199 20 21 1 0
206 406 23 27 1 0
897 299 20 21 1 0
142 255 20 21 1 0
233 473 23 27 1 0
164 317 20 21 2 0
532 356 23 27 1 0
453 164 18 16 1 0
919 127 18 16 1 0
455 561 23 27 1 0
183 206 20 21 1 0
211 130 18 16 1 0
239 48 16 20 1 0
918 274 20 21 2 0
937 1 17 18 1 0
909 521 23 27 1 0
193 50 18 16 1 0
723 83 18 16 1 0
303 172 18 16 1 0
512 32 16 20 1 0
196 273 20 21 1 0
919 564 23 27 1 0
87 500 23 27 1 0
899 33 16 20 1 0
736 188 20 21 1 0
950 241 19 19 1 0
431 35 16 20 1 0
614 240 20 21 1 0
703 159 18 16 1 0
553 237 20 21 1 0
668 181 18 16 1 0
854 460 23 27 1 0
422 334 20 21 1 0
513 515 23 27 1 0
254 557 23 27 1 0
557 158 18 16 1 0
957 263 20 21 1 0
130 8 16 20 1 0
116 150 18 16 1 0
699 217 20 21 1 0
713 455 23 27 1 0
801 196 20 21 1 0
177 423 23 27 1 0
150 390 23 27 1 0
586 375 23 27 1 0
568 531 23 27 1 0
714 477 23 27 1 0
675 470 23 27 1 0
68 29 16 20 1 0
890 188 20 21 1 0
866 569 23 27 1 0
450 361 23 27 1 0
918 264 20 21 2 0
883 489 23 27 1 0
443 425 23 27 1 0
71 312 20 21 1 0
561 184 18 16 1 0
555 215 20 21 1 0
350 166 18 16 1 0
171 635 23 27 1 0
211 20 16 20 1 0
281 537 23 27 1 0
45 571 23 27 1 0
751 267 20 21 1 0
592 632 23 27 1 0
327 525 23 27 1 0
45 116 18 16 1 0
294 158 18 16 1 0
810 267 20 21 1 0
671 273 20 21 1 0
767 191 20 21 1 0
434 237 20 21 1 0
230 628 23 27 1 0
306 574 23 27 1 0
5 15 17 17 1 0
179 350 21 24 1 0
187 4 16 20 1 0
622 24 16 20 1 0
120 539 23 27 1 0
858 29 16 20 1 0
686 349 20 22 1 0
14 35 17 18 1 0
936 369 23 27 1 0
186 87 18 16 1 0
244 207 20 21 1 0
369 183 18 16 1 0
805 175 18 16 1 0
672 39 16 20 1 0
133 369 23 27 1 0
900 359 23 27 1 0
390 398 23 27 1 0
358 347 20 21 1 0
136 288 20 21 1 0
130 211 20 21 1 0
339 139 18 16 1 0
623 266 20 21 1 0
181 540 23 27 1 0
93 235 20 21 1 0
110 259 20 21 1 0
781 34 16 20 1 0
350 183 18 16 1 0
846 188 20 21 1 0
586 427 23 27 1 0
722 57 18 16 1 0
760 360 23 27 1 0
537 271 20 21 1 0
74 71 18 16 1 0
116 448 23 27 1 0
406 577 23 27 1 0
615 281 20 21 1 0
928 474 23 27 1 0
25 230 20 21 1 0
469 10 16 20 1 0
255 399 23 27 1 0
701 369 23 27 1 0
315 7 16 20 1 0
160 326 20 21 2 0
758 32 16 20 1 0
590 162 18 16 1 0
619 3 16 20 1 0
69 551 23 27 1 0
163 509 23 27 1 0
881 375 23 27 1 0
589 140 18 16 1 0
188 302 20 21 1 0
604 399 23 27 1 0
468 223 20 21 1 0
145 491 23 27 1 0
116 34 16 20 1 0
862 542 23 27 1 0
463 382 23 27 1 0
668 242 20 21 1 0
226 587 23 27 1 0
218 458 23 27 1 0
161 263 20 21 1 0
470 188 20 21 1 0
470 74 18 16 1 0
646 400 23 27 1 0
816 188 20 21 2 0
700 439 23 27 1 0
45 337 20 21 1 0
98 474 23 27 1 0
761 167 18 16 1 0
619 225 20 21 1 0
573 585 23 27 1 0
307 269 20 21 1 0
845 75 18 16 1 0
711 602 23 27 1 0
288 456 23 27 1 0
98 118 18 16 1 0
729 478 23 27 1 0
358 34 16 20 1 0
955 290 20 22 1 0
756 435 23 27 1 0
345 433 23 27 1 0
72 325 20 21 1 0
148 182 18 16 1 0
71 97 18 16 1 0
714 291 20 21 1 0
570 7 16 20 1 0
815 151 18 16 1 0
945 512 23 27 1 0
231 566 23 27 1 0
359 253 20 21 1 0
711 553 23 27 1 0
170 463 23 27 1 0
628 434 23 27 1 0
183 31 16 20 1 0
484 28 16 20 1 0
615 150 18 16 1 0
28 376 23 27 1 0
742 210 20 21 1 0
880 250 20 21 1 0
770 380 23 27 1 0
801 16 16 20 1 0
516 323 20 21 1 0
490 470 23 27 1 0
650 505 23 27 1 0
232 423 23 27 1 0
127 53 18 16 1 0
573 41 16 20 1 0
342 465 23 27 1 0
509 184 18 16 1 0
904 207 20 21 1 0
9 109 18 16 1 0
413 62 18 16 1 0
388 91 18 16 1 0
17 12 17 17 1 0
947 185 18 16 1 0
109 515 23 27 1 0
165 192 20 21 1 0
37 271 20 21 1 0
443 79 18 16 1 0
298 418 23 27 1 0
458 480 23 27 1 0
54 8 16 20 1 0
628 65 18 16 1 0
462 33 16 20 1 0
895 334 20 21 1 0
44 301 20 21 1 0
836 375 23 27 1 0
315 446 23 27 1 0
638 554 23 27 1 0
546 143 18 16 1 0
515 307 20 21 1 0
494 227 20 21 1 0
316 353 20 22 1 0
3 301 20 21 1 0
94 385 23 27 1 0
215 515 23 27 1 0
513 430 23 27 1 0
