1112 799 16 19 1 0
373 647 16 19 1 0
962 383 7 14 1 0
598 369 7 14 1 0
1203 65 4 3 1 0
338 320 7 14 1 0
661 544 7 14 1 0
1824 329 7 14 1 0
766 407 7 14 1 0
1630 317 7 14 1 0
760 569 7 14 1 0
435 762 16 19 1 0
1709 771 16 19 1 0
1354 477 7 14 1 0
293 831 16 19 1 0
471 568 7 14 1 0
1177 477 7 14 1 0
433 460 7 14 1 0
1064 410 7 14 1 0
1834 465 7 14 1 0
1735 467 7 14 1 0
357 889 16 19 1 0
321 713 16 19 1 0
1187 455 7 14 1 0
378 529 7 14 1 0
504 767 16 19 1 0
905 381 7 14 1 0
120 357 7 14 1 0
10 794 16 19 1 0
1758 320 7 14 1 0
1504 523 7 14 1 0
1499 560 7 14 1 0
686 313 7 14 1 0
441 354 7 14 1 0
214 547 7 14 1 0
126 69 4 3 1 0
1832 608 7 14 1 0
1020 427 7 14 1 0
1054 29 4 3 1 0
1568 519 7 14 1 0
421 431 7 14 1 0
1281 494 7 14 1 0
1489 284 7 14 1 0
965 776 16 19 1 0
1154 416 7 14 1 0
68 485 7 14 1 0
486 379 7 14 1 0
764 702 16 19 1 0
111 218 4 3 1 0
1785 338 7 14 1 0
1670 542 7 14 1 0
826 392 7 14 1 0
488 670 16 19 1 0
876 344 7 14 1 0
555 486 7 14 1 0
402 300 7 14 1 0
547 730 16 19 1 0
750 832 16 19 1 0
20 307 7 14 1 0
1034 654 16 19 1 0
1179 113 4 3 1 0
1623 240 4 3 1 0
1368 334 7 14 1 0
1001 32 4 3 1 0
165 149 4 3 1 0
351 777 16 19 1 0
863 361 7 14 1 0
1295 549 7 14 1 0
1358 534 7 14 1 0
1445 617 7 14 1 0
604 529 7 14 1 0
522 364 7 14 1 0
1552 445 7 14 1 0
982 12 4 3 1 0
186 288 7 14 1 0
345 369 7 14 1 0
1508 491 7 14 1 0
754 87 4 3 1 0
1022 827 16 19 1 0
1073 21 4 3 1 0
1181 570 7 14 1 0
285 367 7 14 1 0
1726 375 7 14 1 0
122 407 7 14 1 0
607 781 16 19 1 0
362 554 7 14 1 0
168 20 4 3 1 0
659 367 7 14 1 0
103 585 7 14 1 0
129 847 16 19 1 0
1299 138 4 3 1 0
217 376 7 14 1 0
1356 372 7 14 1 0
1106 12 4 3 1 0
1900 558 7 14 1 0
482 359 7 14 1 0
1639 351 7 14 1 0
1556 314 7 14 1 0
1449 488 7 14 1 0
840 519 7 14 1 0
1599 489 7 14 1 0
1284 114 4 3 1 0
1184 347 7 14 1 0
800 335 7 14 1 0
56 309 7 14 1 0
694 410 7 14 1 0
271 557 7 14 1 0
572 607 7 14 1 0
540 348 7 14 1 0
370 415 7 14 1 0
98 453 7 14 1 0
235 356 7 14 1 0
953 528 7 14 1 0
317 544 7 14 1 0
1101 408 7 14 1 0
330 434 7 14 1 0
1551 348 7 14 1 0
274 494 7 14 1 0
1448 170 4 3 1 0
1297 382 7 14 1 0
1135 804 16 19 1 0
494 816 16 19 1 0
1143 508 7 14 1 0
1208 107 4 3 1 0
235 293 7 14 1 0
1420 761 16 19 1 0
1852 447 7 14 1 0
1536 494 7 14 1 0
855 855 16 19 1 0
1038 19 4 3 1 0
27 550 7 14 1 0
1244 793 16 19 1 0
1448 322 7 14 1 0
1821 517 7 14 1 0
597 730 16 19 1 0
1623 301 7 14 1 0
709 774 16 19 1 0
486 499 7 14 1 0
713 362 7 14 1 0
1654 307 7 14 1 0
1014 564 7 14 1 0
70 64 4 3 1 0
1026 486 7 14 1 0
1870 353 7 14 1 0
1100 698 16 19 1 0
1196 728 16 19 1 0
206 89 4 3 1 0
183 466 7 14 1 0
449 379 7 14 1 0
1250 462 7 14 1 0
789 298 7 14 1 0
375 352 7 14 1 0
1613 274 7 14 1 0
30 99 4 3 1 0
576 529 7 14 1 0
483 400 7 14 1 0
120 301 7 14 1 0
1294 463 7 14 1 0
1082 457 7 14 1 0
395 2 4 3 1 0
852 724 16 19 1 0
665 392 7 14 1 0
722 645 16 19 1 0
