189 399 78 91 1 0
172 326 78 91 1 0
292 75 23 32 1 0
67 113 33 42 1 0
491 223 52 57 1 0
309 250 52 57 1 0
562 150 44 49 1 0
204 132 33 42 1 0
470 344 78 91 1 0
232 186 33 42 1 0
431 123 48 48 3 0
164 40 23 31 1 0
415 149 48 48 1 0
18 30 23 31 1 0
687 26 27 28 3 0
135 17 23 31 1 0
561 2 27 28 1 0
220 80 23 31 1 0
450 201 48 48 1 0
72 40 23 31 1 0
369 63 23 32 1 0
569 32 27 28 1 0
43 275 33 42 1 0
192 12 23 31 1 0
164 181 33 42 1 0
258 165 33 42 1 0
674 27 27 28 3 0
347 37 23 32 1 0
394 89 48 48 1 0
246 38 23 31 1 0
32 321 78 91 1 0
91 3 23 31 1 0
580 177 44 49 1 0
453 121 48 48 3 0
396 45 23 32 1 0
622 161 44 49 1 0
86 222 33 42 1 0
42 140 33 42 1 0
203 48 23 31 1 0
330 156 48 48 1 0
128 206 33 42 1 0
680 217 44 49 1 0
