1245 516 17 20 1 1
379 758 82 108 2 1
320 897 82 108 1 1
839 724 82 108 1 1
702 910 82 108 1 1
1377 623 30 49 1 1
1155 741 82 108 1 1
1332 698 82 108 1 1
686 614 28 35 1 1
378 700 82 108 2 1
587 682 82 108 2 1
1060 781 82 108 1 1
1201 695 82 108 1 1
158 577 18 17 1 1
97 818 82 108 1 1
1038 597 30 49 2 1
600 600 28 35 1 1
1132 658 82 108 1 1
455 561 18 17 1 1
439 592 28 35 2 1
1182 637 30 49 2 1
683 780 82 108 2 1
1025 587 30 49 2 1
706 738 82 108 2 1
614 641 28 35 1 1
1396 626 30 49 1 1
502 784 82 108 1 1
404 643 28 35 1 1
1053 613 30 49 1 1
1280 665 82 108 1 1
419 602 28 35 2 1
564 711 82 108 2 1
1376 478 14 11 1 1
1352 647 30 49 1 1
1162 646 30 49 2 1
493 647 28 35 1 1
103 628 28 35 1 1
951 557 41 54 1 1
675 839 82 108 2 1
535 683 82 108 2 1
843 328 17 20 1 1
1102 839 82 108 1 1
579 640 28 35 1 1
1278 762 82 108 1 1
443 605 28 35 2 1
209 795 82 108 1 1
896 802 82 108 1 1
268 580 18 17 1 1
10 830 82 108 1 1
1067 471 17 20 1 1
723 636 28 35 1 1
611 795 82 108 1 1
875 573 41 54 1 1
132 895 82 108 1 1
1172 636 30 49 2 1
690 669 82 108 1 1
712 439 17 20 1 1
543 632 28 35 1 1
320 823 82 108 1 1
479 679 82 108 1 1
1289 623 30 49 1 1
248 595 28 35 1 1
425 617 28 35 2 1
1028 903 82 108 1 1
1275 512 17 20 1 1
946 752 82 108 1 1
