328 170 8 15 1 0
485 88 6 12 1 0
177 201 12 18 1 0
257 176 8 15 1 0
245 147 8 15 1 0
287 333 27 37 1 0
384 89 6 12 1 0
486 331 68 83 1 0
296 313 12 13 1 0
268 305 14 15 1 0
296 191 12 18 1 0
344 361 27 37 1 0
317 313 12 13 1 0
94 339 41 51 2 0
247 234 12 18 1 0
261 320 27 37 1 0
273 202 12 18 1 0
442 113 6 12 1 0
28 400 28 51 1 0
186 338 27 37 2 0
356 97 6 12 1 0
212 341 20 26 1 0
296 298 17 22 1 0
285 267 14 22 1 0
306 162 8 15 1 0
453 344 20 32 1 0
403 116 6 12 1 0
198 184 6 12 1 0
326 182 9 18 1 0
285 227 12 18 1 0
161 315 12 13 1 0
302 375 27 37 1 0
147 321 12 13 1 0
391 138 6 12 1 0
276 165 8 15 1 0
219 167 8 15 1 0
242 262 14 22 1 0
148 269 14 22 1 0
314 190 14 22 2 0
424 98 6 12 1 0
316 168 8 15 1 0
148 255 14 22 1 0
140 412 41 51 1 0
494 72 6 12 1 0
219 282 14 22 1 0
387 118 6 12 1 0
267 154 8 15 1 0
538 327 68 83 1 0
352 200 12 18 1 0
337 211 12 18 1 0
357 240 12 18 1 0
588 51 5 10 1 0
333 156 8 15 1 0
177 259 14 22 2 0
603 57 6 12 1 0
134 332 41 51 2 0
391 83 6 12 1 0
347 155 8 15 1 0
275 266 14 22 1 0
266 278 14 22 1 0
74 425 41 51 1 0
332 146 8 15 1 0
291 125 6 12 1 0
138 306 14 15 1 0
338 224 12 18 1 0
296 173 8 15 1 0
17 354 28 51 1 0
235 273 14 22 1 0
79 377 41 51 1 0
330 110 6 12 1 0
249 165 8 15 1 0
487 77 6 12 1 0
208 258 14 22 1 0
106 323 12 13 1 0
368 158 8 15 1 0
278 350 27 37 1 0
178 272 14 22 2 0
269 145 8 15 1 0
332 131 6 12 1 0
415 74 6 12 1 0
155 285 14 22 1 0
285 192 12 18 1 0
159 379 41 51 1 0
348 280 14 22 1 0
288 280 14 22 2 0
401 420 39 74 1 0
376 112 6 12 1 0
186 355 30 40 2 0
336 427 27 37 1 0
342 139 6 12 1 0
212 234 12 18 1 0
206 208 12 18 1 0
290 444 27 37 1 0
243 200 12 18 1 0
253 292 17 22 1 0
360 217 12 18 1 0
428 120 6 12 1 0
709 291 68 83 1 0
293 252 14 22 1 0
307 141 6 12 1 0
281 151 8 15 1 0
321 156 8 15 1 0
227 173 8 15 1 0
435 74 6 12 1 0
305 203 12 18 1 0
220 246 12 18 1 0
281 218 12 18 1 0
320 205 12 18 1 0
185 190 12 18 1 0
115 344 41 51 2 0
425 74 6 12 1 0
344 243 12 18 1 0
258 398 27 37 1 0
362 348 27 37 1 0
261 264 14 22 1 0
122 293 17 22 1 0
456 75 6 12 1 0
235 380 27 37 1 0
347 170 8 15 1 0
637 357 68 83 1 0
179 313 12 13 1 0
187 222 12 18 1 0
521 60 6 12 1 0
142 359 41 51 1 0
317 272 14 22 2 0
400 342 39 74 1 0
151 235 12 18 1 0
341 184 14 22 2 0
279 134 6 12 1 0
335 305 14 15 1 0
245 173 8 15 1 0
357 171 8 15 1 0
261 163 8 15 1 0
244 224 12 18 1 0
501 68 6 12 1 0
220 318 18 24 1 0
205 276 14 22 1 0
400 88 6 12 1 0
444 100 6 12 1 0
217 219 12 18 2 0
325 224 12 18 1 0
320 233 12 18 1 0
411 81 6 12 1 0
225 306 14 15 1 0
306 290 17 22 1 0
238 208 12 18 1 0
280 248 14 22 1 0
333 197 12 18 2 0
374 173 8 15 1 0
253 348 27 37 1 0
355 141 6 12 1 0
206 327 16 20 1 0
233 156 8 15 1 0
199 289 17 22 1 0
327 290 17 22 1 0
146 296 17 22 1 0
270 228 12 18 1 0
241 244 12 18 1 0
337 391 27 37 1 0
416 132 6 12 1 0
400 77 6 12 1 0
193 306 14 15 1 0
371 140 6 12 1 0
309 232 12 18 1 0
189 430 34 44 1 0
276 288 17 22 1 0
428 136 6 12 1 0
479 101 6 12 1 0
366 175 8 15 1 0
210 218 12 18 2 0
371 98 6 12 1 0
341 151 8 15 1 0
287 291 17 22 2 0
382 131 6 12 1 0
336 166 8 15 1 0
307 148 8 15 2 0
354 125 6 12 1 0
194 242 12 18 1 0
240 334 27 37 1 0
336 190 14 22 2 0
312 342 27 37 1 0
309 124 6 12 1 0
301 219 12 18 1 0
182 379 27 37 1 0
220 197 12 18 1 0
368 191 12 18 1 0
211 368 27 37 1 0
603 304 68 83 1 0
373 121 6 12 1 0
415 114 6 12 1 0
347 332 27 37 1 0
359 272 14 22 1 0
349 297 17 22 1 0
190 275 14 22 1 0
239 189 14 22 1 0
290 179 8 15 1 0
359 162 8 15 1 0
38 361 41 51 1 0
478 71 6 12 1 0
194 227 12 18 1 0
78 332 41 51 2 0
285 166 8 15 1 0
161 265 14 22 1 0
317 250 14 22 1 0
318 285 14 22 2 0
161 345 27 37 1 0
266 186 14 22 1 0
394 152 8 15 1 0
319 113 6 12 1 0
313 182 9 18 2 0
340 118 6 12 1 0
168 292 17 22 1 0
230 290 17 22 1 0
293 145 8 15 1 0
