696 247 51 52 1 0
556 243 25 30 1 0
770 132 29 29 1 0
601 214 24 30 1 0
303 125 18 21 1 0
10 195 14 15 1 0
825 275 81 84 1 0
180 242 23 28 1 0
591 275 41 57 1 0
365 267 31 38 1 0
221 221 23 28 1 0
147 199 23 28 1 0
743 263 51 52 1 0
450 235 32 35 1 0
388 222 19 18 1 0
158 259 21 25 1 0
522 187 25 30 1 0
672 382 92 126 1 0
286 229 43 59 1 0
20 237 43 63 1 0
195 222 23 28 1 0
62 195 14 15 1 0
634 219 24 30 1 0
331 360 92 126 1 0
522 215 25 30 1 0
686 208 22 27 1 0
414 246 22 22 1 0
398 190 19 18 1 0
717 234 22 27 1 0
588 223 24 30 1 0
253 214 43 59 1 0
302 186 43 59 1 0
845 235 49 53 1 0
240 196 43 59 1 0
96 216 43 63 1 0
575 256 24 30 1 0
434 204 19 18 1 0
687 298 41 57 1 0
330 249 43 59 1 0
331 226 43 59 1 0
783 239 49 53 1 0
427 427 92 126 1 0
458 203 19 18 1 0
