329 202 15 16 1 0
380 39 15 16 1 0
534 237 15 16 1 0
590 170 15 16 1 0
286 53 15 16 1 0
629 239 15 16 1 0
127 162 15 16 1 0
48 158 15 16 1 0
616 260 15 16 1 0
257 162 15 16 1 0
32 151 15 16 1 0
116 122 15 16 1 0
424 245 15 16 1 0
60 193 15 16 1 0
344 60 15 16 1 0
595 111 15 16 1 0
259 251 15 16 1 0
217 317 15 16 1 0
180 40 15 16 1 0
255 81 15 16 1 0
301 291 15 16 1 0
500 45 15 16 1 0
476 186 15 16 1 0
625 331 15 16 1 0
600 126 15 16 1 0
208 271 15 16 1 0
173 212 15 16 1 0
192 115 15 16 1 0
522 35 15 16 1 0
628 212 15 16 1 0
307 246 15 16 1 0
309 54 15 16 1 0
575 265 15 16 1 0
32 242 15 16 1 0
169 104 15 16 1 0
404 244 15 16 1 0
621 127 15 16 1 0
24 252 15 16 1 0
421 40 15 16 1 0
373 157 15 16 1 0
367 216 15 16 1 0
446 269 15 16 1 0
219 176 15 16 1 0
343 147 15 16 1 0
238 220 15 16 1 0
344 113 15 16 1 0
434 32 15 16 1 0
74 208 15 16 1 0
544 133 15 16 1 0
561 45 15 16 1 0
584 41 15 16 1 0
332 112 15 16 1 0
89 233 15 16 1 0
182 203 15 16 1 0
169 164 15 16 1 0
94 285 15 16 1 0
7 84 15 16 1 0
244 50 15 16 1 0
604 279 15 16 1 0
67 112 15 16 1 0
153 140 15 16 1 0
493 128 15 16 1 0
307 112 15 16 1 0
549 118 15 16 1 0
540 106 15 16 1 0
194 270 15 16 1 0
58 42 15 16 1 0
553 215 15 16 1 0
203 50 15 16 1 0
341 303 15 16 1 0
564 187 15 16 1 0
448 122 15 16 1 0
137 33 15 16 1 0
41 299 15 16 1 0
134 89 15 16 1 0
241 137 15 16 1 0
496 105 15 16 1 0
211 174 15 16 1 0
611 185 15 16 1 0
144 295 15 16 1 0
544 154 15 16 1 0
