2533 2318 46 54 1 0
1562 2230 46 54 1 0
590 390 70 72 1 0
3411 2266 46 54 1 0
927 818 70 72 1 0
229 814 70 72 1 0
779 303 70 72 1 0
2170 1529 46 54 1 0
25 44 70 72 1 0
571 883 70 72 1 0
2343 540 70 72 1 0
1888 947 70 72 1 0
718 2170 46 54 1 0
158 2210 46 54 1 0
2177 1941 46 54 1 0
2652 1096 58 63 1 0
1927 1883 46 54 1 0
3437 383 70 72 1 0
1879 2130 46 54 1 0
2151 1609 46 54 1 0
874 10 70 72 1 0
1056 840 70 72 1 0
1612 1708 46 54 1 0
2472 1279 46 54 1 0
1425 1239 46 54 1 0
2576 880 70 72 1 0
3434 2 70 72 1 0
2478 3 70 72 1 0
2487 771 70 72 1 0
925 930 70 72 1 0
344 1363 46 54 1 0
2050 467 70 72 1 0
95 898 70 72 1 0
1081 80 70 72 1 0
566 1120 46 54 1 0
200 470 70 72 1 0
702 1406 46 54 1 0
3403 1883 46 54 1 0
1683 482 70 72 1 0
423 2317 46 54 1 0
1726 1295 46 54 1 0
413 565 70 72 1 0
920 1880 46 54 1 0
336 2006 46 54 1 0
1757 123 70 72 2 0
1749 1066 61 65 1 0
2272 923 70 72 1 0
3386 1210 46 54 1 0
3397 786 70 72 1 0
1522 1774 46 54 1 0
445 2018 46 54 1 0
1904 387 70 72 1 0
560 351 70 72 1 0
166 63 70 72 1 0
2825 298 70 72 1 0
3307 1248 46 54 1 0
3320 599 70 72 1 0
1916 1243 46 54 1 0
2907 200 70 72 1 0
3457 187 70 72 1 0
318 1913 46 54 1 0
2060 1438 46 54 1 0
2293 1526 46 54 1 0
1686 1431 46 54 1 0
1036 44 70 72 1 0
5 265 70 72 1 0
2337 1227 46 54 1 0
2971 1986 46 54 1 0
355 1017 70 72 1 0
2204 319 70 72 1 0
1278 860 70 72 1 0
1278 1202 46 54 1 0
1820 237 70 72 1 0
3371 1660 46 54 1 0
2604 1685 46 54 1 0
604 1718 46 54 1 0
3220 2104 46 54 1 0
1392 2237 46 54 1 0
1451 1099 46 54 1 0
3055 764 70 72 1 0
3096 356 70 72 1 0
258 2183 46 54 1 0
1899 709 70 72 1 0
3446 884 70 72 1 0
1074 329 70 72 1 0
1279 395 70 72 1 0
780 1190 46 54 1 0
71 1026 64 67 1 0
2125 1267 46 54 1 0
542 285 70 72 1 0
3009 1173 46 54 2 0
2741 1349 46 54 1 0
2700 766 70 72 1 0
1733 581 70 72 1 0
2535 69 70 72 1 0
1668 163 70 72 1 0
1122 155 70 72 1 0
1207 1111 46 54 1 0
184 1372 46 54 1 0
1646 2308 46 54 1 0
534 1367 46 54 1 0
1439 1529 46 54 1 0
1927 1170 46 54 2 0
2978 690 70 72 1 0
2405 464 70 72 1 0
2722 52 70 72 1 0
747 636 70 72 1 0
504 1946 46 54 1 0
406 291 70 72 1 0
298 1559 46 54 1 0
1725 959 70 72 1 0
203 2311 46 54 1 0
1620 2057 46 54 1 0
1690 1892 46 54 1 0
3184 677 70 72 1 0
1304 1763 46 54 1 0
1525 482 70 72 1 0
668 715 70 72 1 0
3024 924 70 72 1 0
1576 1084 58 63 1 0
2373 1349 46 54 1 0
2220 639 70 72 1 0
834 729 70 72 1 0
1712 1568 46 54 1 0
691 797 70 72 1 0
103 1511 46 54 1 0
1031 793 70 72 1 0
221 1447 46 54 1 0
2341 1861 46 54 1 0
1201 717 70 72 1 0
2793 5 70 72 1 0
258 2021 46 54 1 0
1154 835 70 72 1 0
971 2004 46 54 1 0
167 895 70 72 1 0
1154 54 70 72 1 0
3258 1130 46 54 1 0
1829 632 70 72 1 0
1171 911 70 72 1 0
1263 104 70 72 1 0
2042 1086 52 58 1 0
89 641 70 72 1 0
965 1450 46 54 2 0
2956 2234 46 54 1 0
1637 641 70 72 1 0
1537 234 70 72 1 0
2852 41 70 72 1 0
1038 261 70 72 1 0
381 1724 46 54 1 0
1932 567 70 72 1 0
2259 805 70 72 1 0
2333 368 70 72 1 0
13 564 70 72 1 0
2112 1853 46 54 1 0
2048 1939 46 54 1 0
1763 558 70 72 1 0
3316 1914 46 54 1 0
456 387 70 72 1 0
2802 682 70 72 1 0
1926 1155 46 54 2 0
1818 420 70 72 1 0
3390 162 70 72 1 0
1476 881 70 72 1 0
3390 273 70 72 1 0
2317 18 70 72 1 0
1428 1757 46 54 1 0
1511 1228 46 54 1 0
3474 467 70 72 1 0
883 1021 70 72 1 0
1542 14 70 72 1 0
3031 1421 46 54 1 0
678 1830 46 54 1 0
2382 865 70 72 1 0
243 951 70 72 1 0
535 2122 46 54 1 0
238 560 70 72 1 0
2600 1173 64 67 1 0
2726 2222 46 54 1 0
2643 2 70 72 1 0
1696 2166 46 54 1 0
2752 874 70 72 1 0
533 668 70 72 1 0
3307 849 70 72 1 0
964 1431 46 54 2 0
2616 480 70 72 1 0
2940 855 70 72 1 0
239 1257 46 54 1 0
1596 314 70 72 1 0
2821 2212 46 54 1 0
1439 146 70 72 1 0
165 706 70 72 1 0
2096 620 70 72 1 0
575 559 70 72 1 0
3199 933 70 72 1 0
3164 308 70 72 1 0
3206 1044 70 72 1 0
3070 202 70 72 1 0
2 97 70 72 1 0
1030 1249 46 54 1 0
1114 2128 46 54 1 0
1069 1011 70 72 1 0
1595 1125 46 54 1 0
116 1765 46 54 1 0
1828 21 70 72 1 0
772 853 70 72 1 0
1794 822 70 72 1 0
742 256 70 72 1 0
1885 457 70 72 1 0
695 1029 70 72 1 0
1331 246 70 72 1 0
1345 626 70 72 1 0
1987 149 70 72 1 0
3045 1826 46 54 1 0
3 814 70 72 1 0
444 1291 46 54 1 0
1176 1897 46 54 1 0
1608 580 70 72 1 0
1318 1526 46 54 1 0
1782 101 70 72 2 0
2061 553 70 72 1 0
685 1107 46 54 1 0
2654 2122 46 54 1 0
974 197 70 72 1 0
2426 679 70 72 1 0
3198 17 70 72 1 0
2222 1662 46 54 1 0
1038 1361 46 54 1 0
1505 336 70 72 1 0
2949 1318 46 54 1 0
288 380 70 72 1 0
1519 723 70 72 1 0
22 1694 46 54 1 0
1670 948 70 72 1 0
1191 464 70 72 1 0
2987 293 70 72 1 0
2102 359 70 72 1 0
1605 875 70 72 1 0
1108 574 70 72 1 0
891 96 70 72 1 0
504 1090 64 67 1 0
2843 538 70 72 1 0
1774 2240 46 54 1 0
3004 2046 46 54 1 0
3152 1988 46 54 1 0
659 132 70 72 1 0
2566 200 70 72 1 0
2679 136 70 72 1 0
2196 1004 70 72 1 0
1305 2130 46 54 1 0
2743 628 70 72 1 0
2803 2043 46 54 1 0
3313 1855 46 54 1 0
819 1738 46 54 1 0
1452 381 70 72 1 0
211 1091 58 63 1 0
2066 3 70 72 1 0
313 459 70 72 1 0
458 1029 70 72 1 0
1806 134 70 72 1 0
2325 779 70 72 1 0
2077 942 70 72 1 0
310 1279 46 54 1 0
3352 677 70 72 1 0
1448 2329 46 54 1 0
1187 580 70 72 1 0
663 453 70 72 1 0
2132 144 70 72 1 0
2012 602 70 72 1 0
566 1975 46 54 1 0
3484 1082 58 63 1 0
87 1258 46 54 1 0
2282 1778 46 54 1 0
2915 1070 70 72 1 0
2524 626 70 72 1 0
1296 1344 46 54 1 0
2037 224 70 72 1 0
2525 2212 46 54 1 0
903 2146 46 54 1 0
3230 1857 46 54 1 0
3005 1153 46 54 2 0
3131 1318 46 54 1 0
339 2297 46 54 1 0
1114 1444 46 54 1 0
1129 2222 46 54 1 0
701 1949 46 54 1 0
2340 1100 46 54 1 0
1464 2288 46 54 1 0
1348 466 70 72 1 0
858 533 70 72 1 0
1690 713 70 72 1 0
108 61 70 72 1 0
1969 1625 46 54 1 0
922 873 70 72 1 0
1612 1358 46 54 1 0
875 1806 46 54 1 0
2086 1158 46 54 2 0
1448 652 70 72 1 0
790 203 70 72 1 0
2606 693 70 72 1 0
2433 1510 46 54 1 0
504 1517 46 54 1 0
2784 1641 46 54 1 0
835 1270 46 54 1 0
851 1973 46 54 1 0
971 491 70 72 1 0
925 2252 46 54 1 0
2209 222 70 72 1 0
2380 2328 46 54 1 0
1540 938 70 72 1 0
2168 1454 46 54 1 0
368 1492 46 54 1 0
631 1262 46 54 1 0
2696 997 70 72 1 0
1613 1948 46 54 1 0
3122 439 70 72 1 0
88 2187 46 54 1 0
1397 1974 46 54 1 0
137 176 70 72 1 0
1213 1249 46 54 1 0
2789 471 70 72 1 0
1995 461 70 72 1 0
2093 1743 46 54 1 0
3067 1012 70 72 1 0
2740 239 70 72 1 0
3027 2145 46 54 1 0
2509 1392 46 54 1 0
2100 1168 46 54 2 0
756 1628 46 54 1 0
1910 1400 46 54 1 0
1875 1704 46 54 1 0
2470 992 70 72 1 0
1792 1371 46 54 1 0
3013 137 70 72 1 0
983 917 70 72 1 0
2657 1506 46 54 1 0
505 2215 46 54 1 0
525 1434 46 54 1 0
2846 153 70 72 1 0
52 1149 46 54 1 0
739 959 70 72 1 0
2173 878 70 72 1 0
892 1118 46 54 1 0
2732 364 70 72 1 0
923 386 70 72 1 0
243 671 70 72 1 0
1985 12 70 72 1 0
2196 452 70 72 1 0
2603 960 70 72 1 0
1783 1982 46 54 1 0
2456 1173 52 58 1 0
1017 384 70 72 1 0
2955 430 70 72 1 0
805 380 70 72 1 0
1315 1875 46 54 1 0
2764 2324 46 54 1 0
1291 171 70 72 1 0
271 1736 46 54 1 0
475 483 70 72 1 0
950 1686 46 54 1 0
1135 1707 46 54 1 0
170 1864 46 54 1 0
352 6 70 72 1 0
1904 1679 46 54 1 0
423 337 70 72 1 0
1079 1183 46 54 1 0
2894 378 70 72 1 0
1349 944 70 72 1 0
3280 504 70 72 1 0
2052 2005 46 54 1 0
3035 547 70 72 1 0
1992 1014 70 72 1 0
1495 1443 46 54 1 0
408 797 70 72 1 0
2158 400 70 72 1 0
2867 753 70 72 1 0
2584 1464 46 54 1 0
905 1357 46 54 1 0
417 639 70 72 1 0
