428 219 26 28 1 0
543 276 50 53 1 0
28 227 75 102 1 0
620 317 52 59 1 0
282 207 26 28 1 0
644 240 29 39 1 0
342 278 44 76 1 0
462 313 78 89 1 0
34 159 23 26 1 0
98 224 49 52 1 0
291 260 56 74 1 0
141 165 28 26 1 0
495 210 29 28 1 0
660 299 52 59 1 0
91 174 28 26 1 0
611 241 29 39 1 0
362 253 44 76 1 0
249 195 26 28 1 0
388 206 26 28 1 0
759 259 31 37 1 0
69 183 28 26 1 0
358 193 26 28 1 0
130 200 28 26 1 0
302 199 26 28 1 0
783 287 31 37 1 0
219 247 133 131 1 0
8 153 23 26 1 0
298 227 26 28 1 0
498 243 29 28 1 0
407 286 80 101 1 0
319 204 26 28 1 0
731 259 31 37 1 0
