543 11 43 52 1 0
271 46 43 52 1 0
399 342 43 52 1 0
615 159 43 52 1 0
166 52 43 52 1 0
636 459 43 52 1 0
568 94 43 52 1 0
117 155 43 52 1 0
130 282 43 52 1 0
656 227 43 52 1 0
738 452 43 52 1 0
740 519 43 52 1 0
652 84 43 52 1 0
274 342 43 52 1 0
402 149 43 52 1 0
266 284 43 52 1 0
697 25 43 52 1 0
11 155 43 52 1 0
591 546 43 52 1 0
186 94 43 52 1 0
29 428 43 52 1 0
525 423 43 52 1 0
664 381 43 52 1 0
200 559 43 52 1 0
518 136 43 52 1 0
18 86 43 52 1 0
296 28 43 52 1 0
500 233 43 52 1 0
420 71 43 52 1 0
486 162 43 52 1 0
14 27 43 52 1 0
303 545 43 52 1 0
728 405 43 52 1 0
67 521 43 52 1 0
286 110 43 52 1 0
30 208 43 52 1 0
445 531 43 52 1 0
140 396 43 52 1 0
