764 123 6 8 1 0
932 152 6 8 1 0
342 213 6 8 1 0
1688 43 4 5 1 0
1566 78 4 5 1 0
1494 428 11 12 1 0
718 454 11 12 1 0
419 171 6 8 1 0
686 108 4 5 1 0
1382 78 4 5 1 0
270 77 4 5 1 0
726 32 4 5 1 0
1955 500 10 10 1 0
1526 133 6 8 1 0
1967 427 11 12 1 0
1727 79 4 5 1 0
1970 560 10 14 1 0
1325 29 4 5 1 0
1182 440 11 12 1 0
2013 133 6 8 1 0
340 239 6 8 1 0
87 462 11 12 1 0
890 58 4 5 1 0
720 398 11 12 1 0
1213 362 7 7 1 0
155 601 10 14 1 0
875 18 4 5 1 0
946 580 10 14 1 0
971 149 6 8 1 0
784 53 4 5 1 0
1763 101 4 5 1 0
201 283 7 7 1 0
726 172 6 8 1 0
214 217 6 8 1 0
176 235 6 8 1 0
824 105 4 5 1 0
1894 68 4 5 1 0
972 593 10 14 1 0
1055 360 7 7 1 0
1587 269 7 7 1 0
600 174 6 8 1 0
949 50 4 5 1 0
1992 486 10 10 1 0
16 70 4 5 1 0
17 87 4 5 1 0
735 174 6 8 1 0
114 72 4 5 1 0
339 531 10 10 1 0
140 604 10 14 1 0
413 302 7 7 1 0
1148 62 4 5 1 0
410 15 4 5 1 0
444 228 6 8 1 0
333 189 6 8 1 0
1026 95 4 5 1 0
389 216 6 8 1 0
575 171 6 8 1 0
1160 374 11 12 1 0
311 158 6 8 1 0
1124 109 4 5 1 0
1768 143 6 8 1 0
1042 144 6 8 1 0
718 17 4 5 1 0
1688 483 10 10 1 0
691 399 11 12 1 0
1663 423 11 12 1 0
1303 604 10 14 1 0
1174 429 11 12 1 0
997 23 4 5 1 0
348 330 7 7 1 0
609 54 4 5 1 0
271 568 10 14 1 0
572 388 11 12 1 0
1567 146 6 8 1 0
105 20 4 5 1 0
934 129 6 8 1 0
1010 120 6 8 1 0
1462 25 4 5 1 0
470 67 4 5 1 0
619 15 4 5 1 0
123 8 4 5 1 0
1096 52 4 5 1 0
544 71 4 5 1 0
148 355 7 7 1 0
984 103 4 5 1 0
1718 7 4 5 1 0
1761 379 11 12 1 0
467 228 6 8 1 0
281 83 4 5 1 0
518 60 4 5 1 0
685 27 4 5 1 0
1562 509 10 10 1 0
1418 341 7 7 1 0
778 582 10 14 1 0
424 546 10 10 1 0
333 24 4 5 1 0
1497 70 4 5 1 0
770 47 4 5 1 0
371 422 11 12 1 0
270 85 4 5 1 0
802 591 10 14 1 0
725 534 10 10 1 0
1957 50 4 5 1 0
889 184 6 8 1 0
960 12 4 5 1 0
1316 581 10 14 1 0
379 565 10 14 1 0
985 377 11 12 1 0
951 35 4 5 1 0
288 256 7 7 1 0
680 138 6 8 1 0
1330 123 6 8 1 0
503 177 6 8 1 0
1295 114 4 5 1 0
657 77 4 5 1 0
1499 277 7 7 1 0
1897 213 6 8 1 0
505 31 4 5 1 0
1772 2 4 5 1 0
1516 128 6 8 1 0
1656 31 4 5 1 0
1450 501 10 10 1 0
1063 15 4 5 1 0
1592 423 11 12 1 0
974 557 10 14 1 0
834 57 4 5 1 0
331 491 10 10 1 0
70 487 10 10 1 0
336 586 10 14 1 0
837 89 4 5 1 0
266 88 4 5 1 0
1290 203 6 8 1 0
453 40 4 5 1 0
1223 84 4 5 1 0
1908 186 6 8 1 0
256 7 4 5 1 0
1581 119 6 8 1 0
200 137 6 8 1 0
1609 155 6 8 1 0
1292 458 11 12 1 0
1230 433 11 12 1 0
976 97 4 5 1 0
492 179 6 8 1 0
627 528 10 10 1 0
632 72 4 5 1 0
1788 134 6 8 1 0
875 139 6 8 1 0
396 210 6 8 1 0
1912 166 6 8 1 0
666 13 4 5 1 0
421 193 6 8 1 0
412 96 4 5 1 0
1028 6 4 5 1 0
1698 370 7 7 1 0
663 22 4 5 1 0
863 63 4 5 1 0
1481 293 7 7 1 0
145 5 4 5 1 0
12 24 4 5 1 0
509 37 4 5 1 0
1595 83 4 5 1 0
381 70 4 5 1 0
1574 172 6 8 1 0
1822 259 7 7 1 0
779 521 10 10 1 0
1143 479 10 10 1 0
901 4 4 5 1 0
925 79 4 5 1 0
307 322 7 7 1 0
1193 559 10 14 1 0
561 101 4 5 1 0
1350 6 4 5 1 0
481 12 4 5 1 0
116 299 7 7 1 0
933 65 4 5 1 0
916 543 10 10 1 0
585 281 7 7 1 0
1495 128 6 8 1 0
1307 9 4 5 1 0
41 119 6 8 1 0
966 35 4 5 1 0
1261 448 11 12 1 0
613 65 4 5 1 0
1296 133 6 8 1 0
802 181 6 8 1 0
1314 125 6 8 1 0
1366 82 4 5 1 0
1504 358 7 7 1 0
829 129 6 8 1 0
56 210 6 8 1 0
1401 122 6 8 1 0
784 11 4 5 1 0
1590 552 10 14 1 0
515 224 6 8 1 0
902 75 4 5 1 0
1158 610 10 14 1 0
1685 542 10 10 1 0
940 374 11 12 1 0
1943 23 4 5 1 0
1241 81 4 5 1 0
1338 121 6 8 1 0
1680 568 10 14 1 0
866 562 10 14 1 0
1512 203 6 8 1 0
1993 48 4 5 1 0
971 624 10 14 1 0
560 26 4 5 1 0
1032 127 6 8 1 0
520 148 6 8 1 0
6 70 4 5 1 0
742 504 10 10 1 0
1647 27 4 5 1 0
1928 102 4 5 1 0
1219 103 4 5 1 0
185 554 10 14 1 0
1600 80 4 5 1 0
1624 552 10 14 1 0
1520 128 6 8 1 0
1334 130 6 8 1 0
1826 429 11 12 1 0
1814 19 4 5 1 0
1858 479 10 10 1 0
723 54 4 5 1 0
1055 117 6 8 1 0
464 119 6 8 1 0
159 40 4 5 1 0
190 574 10 14 1 0
704 78 4 5 1 0
1723 276 7 7 1 0
422 207 6 8 1 0
1086 366 7 7 1 0
1744 274 7 7 1 0
1098 147 6 8 1 0
1354 508 10 10 1 0
1810 525 10 10 1 0
155 473 10 10 1 0
408 613 10 14 1 0
39 180 6 8 1 0
368 211 6 8 1 0
202 268 7 7 1 0
596 374 11 12 1 0
825 75 4 5 1 0
18 34 4 5 1 0
429 404 11 12 1 0
607 44 4 5 1 0
1753 22 4 5 1 0
1426 156 6 8 1 0
717 46 4 5 1 0
658 63 4 5 1 0
1414 193 6 8 1 0
831 511 10 10 1 0
1581 307 7 7 1 0
848 537 10 10 1 0
1133 373 11 12 1 0
431 186 6 8 1 0
363 583 10 14 1 0
1470 65 4 5 1 0
1588 52 4 5 1 0
1337 72 4 5 1 0
32 305 7 7 1 0
1300 178 6 8 1 0
139 105 4 5 1 0
1296 530 10 10 1 0
485 155 6 8 1 0
499 325 7 7 1 0
309 199 6 8 1 0
378 148 6 8 1 0
222 587 10 14 1 0
637 363 7 7 1 0
500 202 6 8 1 0
605 137 6 8 1 0
814 74 4 5 1 0
1854 197 6 8 1 0
748 465 11 12 1 0
165 411 11 12 1 0
1798 92 4 5 1 0
1942 427 11 12 1 0
1729 563 10 14 1 0
594 24 4 5 1 0
36 104 4 5 1 0
1431 539 10 10 1 0
839 133 6 8 1 0
999 388 11 12 1 0
359 57 4 5 1 0
1932 382 11 12 1 0
690 366 7 7 1 0
235 422 11 12 1 0
464 68 4 5 1 0
98 76 4 5 1 0
263 46 4 5 1 0
1208 111 4 5 1 0
1678 320 7 7 1 0
584 478 10 10 1 0
145 101 4 5 1 0
894 546 10 10 1 0
406 130 6 8 1 0
387 113 4 5 1 0
1759 128 6 8 1 0
1712 565 10 14 1 0
909 153 6 8 1 0
192 275 7 7 1 0
601 15 4 5 1 0
850 159 6 8 1 0
820 123 6 8 1 0
255 26 4 5 1 0
1955 127 6 8 1 0
975 182 6 8 1 0
443 150 6 8 1 0
790 603 10 14 1 0
1501 133 6 8 1 0
1736 341 7 7 1 0
667 78 4 5 1 0
1524 101 4 5 1 0
1067 609 10 14 1 0
494 15 4 5 1 0
1609 40 4 5 1 0
416 194 6 8 1 0
362 451 11 12 1 0
43 89 4 5 1 0
1320 36 4 5 1 0
867 130 6 8 1 0
1639 63 4 5 1 0
755 97 4 5 1 0
1789 55 4 5 1 0
897 10 4 5 1 0
1913 36 4 5 1 0
334 96 4 5 1 0
435 264 7 7 1 0
874 445 11 12 1 0
1638 74 4 5 1 0
334 151 6 8 1 0
436 227 6 8 1 0
1842 288 7 7 1 0
331 202 6 8 1 0
246 231 6 8 1 0
1364 111 4 5 1 0
57 73 4 5 1 0
321 136 6 8 1 0
814 98 4 5 1 0
702 8 4 5 1 0
871 155 6 8 1 0
561 402 11 12 1 0
999 16 4 5 1 0
237 9 4 5 1 0
255 377 11 12 1 0
595 132 6 8 1 0
1236 216 6 8 1 0
330 167 6 8 1 0
302 226 6 8 1 0
1798 506 10 10 1 0
1644 57 4 5 1 0
1009 39 4 5 1 0
564 176 6 8 1 0
706 41 4 5 1 0
698 84 4 5 1 0
1527 167 6 8 1 0
1249 314 7 7 1 0
924 64 4 5 1 0
536 319 7 7 1 0
182 294 7 7 1 0
1280 347 7 7 1 0
479 349 7 7 1 0
1377 346 7 7 1 0
1244 34 4 5 1 0
13 520 10 10 1 0
346 135 6 8 1 0
1045 382 11 12 1 0
286 497 10 10 1 0
507 51 4 5 1 0
1478 37 4 5 1 0
43 136 6 8 1 0
752 75 4 5 1 0
883 494 10 10 1 0
1617 52 4 5 1 0
342 183 6 8 1 0
938 36 4 5 1 0
1009 150 6 8 1 0
104 13 4 5 1 0
38 64 4 5 1 0
1770 337 7 7 1 0
956 50 4 5 1 0
1352 80 4 5 1 0
1206 589 10 14 1 0
478 96 4 5 1 0
1376 21 4 5 1 0
313 45 4 5 1 0
193 108 4 5 1 0
817 44 4 5 1 0
1538 293 7 7 1 0
607 66 4 5 1 0
551 160 6 8 1 0
317 108 4 5 1 0
1824 125 6 8 1 0
691 127 6 8 1 0
2002 163 6 8 1 0
28 246 6 8 1 0
678 15 4 5 1 0
1341 59 4 5 1 0
1090 27 4 5 1 0
364 113 4 5 1 0
1134 77 4 5 1 0
1825 112 4 5 1 0
712 254 7 7 1 0
1754 597 10 14 1 0
88 294 7 7 1 0
408 79 4 5 1 0
252 58 4 5 1 0
894 138 6 8 1 0
741 141 6 8 1 0
780 279 7 7 1 0
1569 109 4 5 1 0
878 35 4 5 1 0
112 163 6 8 1 0
403 467 11 12 1 0
694 142 6 8 1 0
1115 12 4 5 1 0
1613 106 4 5 1 0
1704 347 7 7 1 0
1377 2 4 5 1 0
28 312 7 7 1 0
377 369 7 7 1 0
1254 53 4 5 1 0
1403 44 4 5 1 0
274 43 4 5 1 0
15 502 10 10 1 0
928 116 6 8 1 0
1455 270 7 7 1 0
12 55 4 5 1 0
504 234 6 8 1 0
1345 376 11 12 1 0
737 513 10 10 1 0
1626 136 6 8 1 0
512 417 11 12 1 0
215 361 7 7 1 0
566 61 4 5 1 0
284 128 6 8 1 0
1628 340 7 7 1 0
683 472 10 10 1 0
1611 16 4 5 1 0
1595 3 4 5 1 0
313 125 6 8 1 0
154 4 4 5 1 0
863 204 6 8 1 0
596 144 6 8 1 0
738 118 6 8 1 0
759 69 4 5 1 0
1436 358 7 7 1 0
1306 136 6 8 1 0
54 506 10 10 1 0
871 36 4 5 1 0
1212 467 11 12 1 0
367 15 4 5 1 0
1535 314 7 7 1 0
898 23 4 5 1 0
1084 570 10 14 1 0
19 55 4 5 1 0
1823 51 4 5 1 0
349 72 4 5 1 0
1874 16 4 5 1 0
974 103 4 5 1 0
1479 63 4 5 1 0
821 113 4 5 1 0
508 47 4 5 1 0
1666 120 6 8 1 0
1128 75 4 5 1 0
863 546 10 10 1 0
891 11 4 5 1 0
1356 34 4 5 1 0
1270 130 6 8 1 0
944 36 4 5 1 0
885 35 4 5 1 0
485 50 4 5 1 0
97 53 4 5 1 0
892 37 4 5 1 0
650 218 6 8 1 0
843 18 4 5 1 0
506 321 7 7 1 0
1841 461 11 12 1 0
1177 37 4 5 1 0
343 290 7 7 1 0
832 79 4 5 1 0
925 129 6 8 1 0
293 196 6 8 1 0
1466 10 4 5 1 0
634 234 6 8 1 0
1856 387 11 12 1 0
661 72 4 5 1 0
1158 365 7 7 1 0
824 25 4 5 1 0
942 63 4 5 1 0
1726 451 11 12 1 0
815 25 4 5 1 0
373 94 4 5 1 0
737 90 4 5 1 0
1297 497 10 10 1 0
472 83 4 5 1 0
350 505 10 10 1 0
607 319 7 7 1 0
755 70 4 5 1 0
466 182 6 8 1 0
1265 350 7 7 1 0
1195 105 4 5 1 0
56 47 4 5 1 0
942 43 4 5 1 0
230 33 4 5 1 0
744 13 4 5 1 0
564 290 7 7 1 0
994 129 6 8 1 0
391 198 6 8 1 0
1249 82 4 5 1 0
1442 3 4 5 1 0
340 198 6 8 1 0
553 412 11 12 1 0
626 64 4 5 1 0
550 78 4 5 1 0
538 156 6 8 1 0
689 67 4 5 1 0
1391 345 7 7 1 0
1461 271 7 7 1 0
502 242 6 8 1 0
333 53 4 5 1 0
705 396 11 12 1 0
323 43 4 5 1 0
610 440 11 12 1 0
249 148 6 8 1 0
1778 107 4 5 1 0
1153 281 7 7 1 0
954 130 6 8 1 0
1903 454 11 12 1 0
515 432 11 12 1 0
855 46 4 5 1 0
1157 97 4 5 1 0
944 18 4 5 1 0
1257 122 6 8 1 0
1760 245 6 8 1 0
493 192 6 8 1 0
1537 117 6 8 1 0
993 10 4 5 1 0
936 97 4 5 1 0
526 79 4 5 1 0
1843 37 4 5 1 0
466 127 6 8 1 0
294 436 11 12 1 0
224 150 6 8 1 0
1393 89 4 5 1 0
216 32 4 5 1 0
1526 10 4 5 1 0
496 7 4 5 1 0
186 602 10 14 1 0
634 478 10 10 1 0
699 229 6 8 1 0
483 215 6 8 1 0
269 125 6 8 1 0
986 36 4 5 1 0
1985 124 6 8 1 0
303 190 6 8 1 0
314 9 4 5 1 0
1644 171 6 8 1 0
670 54 4 5 1 0
1457 491 10 10 1 0
645 291 7 7 1 0
239 80 4 5 1 0
1301 456 11 12 1 0
323 76 4 5 1 0
1949 38 4 5 1 0
1264 518 10 10 1 0
1791 147 6 8 1 0
627 243 6 8 1 0
489 79 4 5 1 0
134 239 6 8 1 0
995 36 4 5 1 0
774 123 6 8 1 0
596 90 4 5 1 0
364 149 6 8 1 0
287 23 4 5 1 0
1648 449 11 12 1 0
1529 184 6 8 1 0
525 447 11 12 1 0
296 286 7 7 1 0
172 117 6 8 1 0
1173 164 6 8 1 0
1760 80 4 5 1 0
1509 245 6 8 1 0
1528 114 4 5 1 0
1283 479 10 10 1 0
133 82 4 5 1 0
1609 434 11 12 1 0
118 150 6 8 1 0
448 346 7 7 1 0
1510 289 7 7 1 0
428 274 7 7 1 0
112 228 6 8 1 0
1734 97 4 5 1 0
2009 142 6 8 1 0
1625 67 4 5 1 0
971 138 6 8 1 0
984 111 4 5 1 0
741 83 4 5 1 0
975 112 4 5 1 0
675 84 4 5 1 0
299 11 4 5 1 0
347 518 10 10 1 0
70 307 7 7 1 0
1580 93 4 5 1 0
341 93 4 5 1 0
855 36 4 5 1 0
1429 521 10 10 1 0
485 81 4 5 1 0
1787 83 4 5 1 0
1590 151 6 8 1 0
644 160 6 8 1 0
1874 20 4 5 1 0
523 335 7 7 1 0
392 103 4 5 1 0
333 62 4 5 1 0
23 106 4 5 1 0
1525 123 6 8 1 0
327 462 11 12 1 0
1069 80 4 5 1 0
218 250 6 7 1 0
840 113 4 5 1 0
214 294 7 7 1 0
688 101 4 5 1 0
1511 22 4 5 1 0
1262 481 10 10 1 0
575 143 6 8 1 0
26 91 4 5 1 0
1063 532 10 10 1 0
1499 12 4 5 1 0
1686 123 6 8 1 0
1238 380 11 12 1 0
1271 20 4 5 1 0
352 564 10 14 1 0
904 196 6 8 1 0
1007 552 10 14 1 0
1123 52 4 5 1 0
121 605 10 14 1 0
1483 82 4 5 1 0
1909 55 4 5 1 0
620 72 4 5 1 0
281 172 6 8 1 0
213 601 10 14 1 0
97 602 10 14 1 0
1360 565 10 14 1 0
1343 508 10 10 1 0
258 225 6 8 1 0
338 72 4 5 1 0
1424 430 11 12 1 0
1980 85 4 5 1 0
203 220 6 8 1 0
1123 386 11 12 1 0
1234 43 4 5 1 0
1182 163 6 8 1 0
1673 290 7 7 1 0
501 301 7 7 1 0
761 20 4 5 1 0
1907 203 6 8 1 0
1275 493 10 10 1 0
277 31 4 5 1 0
1365 27 4 5 1 0
1 420 9 9 1 0
50 200 6 8 1 0
1858 68 4 5 1 0
944 140 6 8 1 0
882 339 7 7 1 0
710 107 4 5 1 0
22 10 4 5 1 0
806 77 4 5 1 0
910 167 6 8 1 0
1233 156 6 8 1 0
490 57 4 5 1 0
2009 526 10 10 1 0
1801 166 6 8 1 0
473 552 10 14 1 0
486 338 7 7 1 0
36 361 7 7 1 0
1052 134 6 8 1 0
283 161 6 8 1 0
2011 442 11 12 1 0
1574 223 6 8 1 0
1553 425 11 12 1 0
719 77 4 5 1 0
919 49 4 5 1 0
1292 587 10 14 1 0
1275 26 4 5 1 0
1454 536 10 10 1 0
843 25 4 5 1 0
229 75 4 5 1 0
158 259 7 7 1 0
1708 581 10 14 1 0
738 20 4 5 1 0
404 112 4 5 1 0
396 255 7 7 1 0
760 166 6 8 1 0
1779 146 6 8 1 0
1753 347 7 7 1 0
547 402 11 12 1 0
607 83 4 5 1 0
549 519 10 10 1 0
1814 52 4 5 1 0
1713 253 7 7 1 0
639 15 4 5 1 0
292 124 6 8 1 0
495 307 7 7 1 0
880 51 4 5 1 0
518 191 6 8 1 0
302 297 7 7 1 0
363 95 4 5 1 0
1439 232 6 8 1 0
749 188 6 8 1 0
477 471 10 10 1 0
1504 516 10 10 1 0
969 88 4 5 1 0
873 53 4 5 1 0
352 97 4 5 1 0
668 143 6 8 1 0
7 14 4 5 1 0
541 316 7 7 1 0
1867 90 4 5 1 0
1788 98 4 5 1 0
1144 460 11 12 1 0
1488 58 4 5 1 0
1687 426 11 12 1 0
933 469 10 10 1 0
424 121 6 8 1 0
702 107 4 5 1 0
886 167 6 8 1 0
923 13 4 5 1 0
833 164 6 8 1 0
832 393 11 12 1 0
352 156 6 8 1 0
1758 528 10 10 1 0
549 96 4 5 1 0
869 4 4 5 1 0
506 202 6 8 1 0
1721 423 11 12 1 0
163 239 6 8 1 0
937 25 4 5 1 0
999 111 4 5 1 0
564 374 11 12 1 0
732 68 4 5 1 0
1757 616 10 14 1 0
923 104 4 5 1 0
1000 94 4 5 1 0
1802 94 4 5 1 0
1843 125 6 8 1 0
98 273 7 7 1 0
442 106 4 5 1 0
844 63 4 5 1 0
2013 276 7 7 1 0
524 219 6 8 1 0
1523 506 10 10 1 0
983 64 4 5 1 0
978 88 4 5 1 0
509 63 4 5 1 0
39 202 6 8 1 0
74 510 10 10 1 0
278 474 10 10 1 0
960 120 6 8 1 0
704 134 6 8 1 0
1715 141 6 8 1 0
679 118 6 8 1 0
1002 10 4 5 1 0
334 244 6 8 1 0
621 120 6 8 1 0
1097 612 10 14 1 0
672 281 7 7 1 0
1662 53 4 5 1 0
1397 183 6 8 1 0
979 120 6 8 1 0
942 114 4 5 1 0
380 204 6 8 1 0
1318 110 4 5 1 0
397 112 4 5 1 0
363 241 6 8 1 0
973 10 4 5 1 0
508 83 4 5 1 0
1077 125 6 8 1 0
819 61 4 5 1 0
1235 547 10 10 1 0
800 328 7 7 1 0
415 49 4 5 1 0
85 5 4 5 1 0
994 147 6 8 1 0
532 295 7 7 1 0
50 148 6 8 1 0
678 64 4 5 1 0
489 95 4 5 1 0
878 352 7 7 1 0
1119 434 11 12 1 0
1169 509 10 10 1 0
473 124 6 8 1 0
1609 71 4 5 1 0
105 215 6 8 1 0
1665 154 6 8 1 0
847 173 6 8 1 0
584 621 10 14 1 0
1253 13 4 5 1 0
1750 7 4 5 1 0
1340 541 10 10 1 0
331 504 10 10 1 0
1405 434 11 12 1 0
791 155 6 8 1 0
1071 362 7 7 1 0
821 163 6 8 1 0
559 512 10 10 1 0
1300 105 4 5 1 0
970 56 4 5 1 0
1150 78 4 5 1 0
641 117 6 8 1 0
25 187 6 8 1 0
1626 36 4 5 1 0
722 156 6 8 1 0
499 71 4 5 1 0
323 54 4 5 1 0
162 147 6 8 1 0
1574 1 4 5 1 0
314 54 4 5 1 0
551 347 7 7 1 0
569 93 4 5 1 0
1392 357 7 7 1 0
792 106 4 5 1 0
1362 461 11 12 1 0
1343 464 11 12 1 0
921 23 4 5 1 0
268 6 4 5 1 0
682 160 6 8 1 0
496 151 6 8 1 0
789 521 10 10 1 0
1865 61 4 5 1 0
1877 41 4 5 1 0
1402 448 11 12 1 0
737 56 4 5 1 0
1787 301 7 7 1 0
690 156 6 8 1 0
1322 350 7 7 1 0
1272 89 4 5 1 0
198 105 4 5 1 0
1516 53 4 5 1 0
338 148 6 8 1 0
1132 68 4 5 1 0
1223 459 11 12 1 0
1370 423 11 12 1 0
663 100 4 5 1 0
594 123 6 8 1 0
613 22 4 5 1 0
700 23 4 5 1 0
410 174 6 8 1 0
1345 32 4 5 1 0
367 513 10 10 1 0
1489 179 6 8 1 0
1471 146 6 8 1 0
413 162 6 8 1 0
248 314 7 7 1 0
1164 69 4 5 1 0
260 323 7 7 1 0
566 194 6 8 1 0
910 469 10 10 1 0
603 23 4 5 1 0
1805 7 4 5 1 0
1624 157 6 8 1 0
988 440 11 12 1 0
740 13 4 5 1 0
824 60 4 5 1 0
469 406 11 12 1 0
304 359 7 7 1 0
521 18 4 5 1 0
966 113 4 5 1 0
923 361 7 7 1 0
1220 122 6 8 1 0
593 84 4 5 1 0
751 14 4 5 1 0
1241 145 6 8 1 0
1516 117 6 8 1 0
1525 46 4 5 1 0
1835 34 4 5 1 0
1408 356 7 7 1 0
1659 505 10 10 1 0
113 86 4 5 1 0
592 97 4 5 1 0
456 32 4 5 1 0
347 108 4 5 1 0
518 223 6 8 1 0
916 64 4 5 1 0
749 83 4 5 1 0
99 465 11 12 1 0
1037 87 4 5 1 0
833 152 6 8 1 0
1986 135 6 8 1 0
952 368 7 7 1 0
123 312 7 7 1 0
19 311 6 7 1 0
487 72 4 5 1 0
758 7 4 5 1 0
2015 126 6 8 1 0
979 449 11 12 1 0
1003 104 4 5 1 0
60 96 4 5 1 0
75 106 4 5 1 0
341 427 11 12 1 0
1809 145 6 8 1 0
1515 316 7 7 1 0
1295 71 4 5 1 0
1864 504 10 10 1 0
802 121 6 8 1 0
1241 454 11 12 1 0
485 241 6 8 1 0
21 621 10 14 1 0
902 301 7 7 1 0
1431 102 4 5 1 0
287 30 4 5 1 0
298 205 6 8 1 0
568 617 10 14 1 0
601 66 4 5 1 0
1800 245 6 8 1 0
1472 60 4 5 1 0
761 605 10 14 1 0
1176 586 10 14 1 0
1548 93 4 5 1 0
490 332 7 7 1 0
321 101 4 5 1 0
614 137 6 8 1 0
227 199 6 8 1 0
679 399 11 12 1 0
680 52 4 5 1 0
831 113 4 5 1 0
1420 107 4 5 1 0
763 46 4 5 1 0
579 116 6 8 1 0
518 52 4 5 1 0
919 167 6 8 1 0
871 12 4 5 1 0
724 47 4 5 1 0
1387 506 10 10 1 0
463 235 6 8 1 0
785 68 4 5 1 0
276 152 6 8 1 0
1425 232 6 8 1 0
1233 53 4 5 1 0
698 51 4 5 1 0
526 52 4 5 1 0
398 117 6 8 1 0
1258 28 4 5 1 0
398 101 4 5 1 0
158 121 6 8 1 0
710 129 6 8 1 0
921 29 4 5 1 0
582 168 6 8 1 0
1569 90 4 5 1 0
221 516 10 10 1 0
1488 128 6 8 1 0
1162 459 11 12 1 0
718 178 6 8 1 0
1593 435 11 12 1 0
1842 505 10 10 1 0
649 63 4 5 1 0
1984 233 6 8 1 0
610 73 4 5 1 0
319 306 7 7 1 0
126 74 4 5 1 0
458 79 4 5 1 0
986 43 4 5 1 0
413 122 6 8 1 0
1831 228 6 8 1 0
48 213 6 8 1 0
552 278 7 7 1 0
637 247 6 8 1 0
599 110 4 5 1 0
1501 530 10 10 1 0
327 90 4 5 1 0
469 335 7 7 1 0
1877 78 4 5 1 0
303 79 4 5 1 0
1209 349 7 7 1 0
338 224 6 8 1 0
1355 88 4 5 1 0
1039 445 11 12 1 0
1285 379 11 12 1 0
712 28 4 5 1 0
946 129 6 8 1 0
711 77 4 5 1 0
1868 538 10 10 1 0
134 216 6 8 1 0
1413 527 10 10 1 0
762 97 4 5 1 0
1250 88 4 5 1 0
1647 108 4 5 1 0
1005 16 4 5 1 0
673 157 6 8 1 0
1235 580 10 14 1 0
355 284 7 7 1 0
687 116 6 8 1 0
223 4 4 5 1 0
1640 93 4 5 1 0
752 19 4 5 1 0
145 209 6 8 1 0
1745 221 6 8 1 0
1982 158 6 8 1 0
1779 591 10 14 1 0
624 389 11 12 1 0
859 25 4 5 1 0
592 54 4 5 1 0
11 475 10 10 1 0
165 13 4 5 1 0
727 142 6 8 1 0
368 41 4 5 1 0
586 163 6 8 1 0
339 310 7 7 1 0
1951 156 6 8 1 0
569 142 6 8 1 0
1779 52 4 5 1 0
1529 27 4 5 1 0
468 55 4 5 1 0
1909 70 4 5 1 0
801 58 4 5 1 0
929 97 4 5 1 0
841 170 6 8 1 0
392 464 11 12 1 0
427 477 10 10 1 0
477 514 10 10 1 0
963 56 4 5 1 0
636 121 6 8 1 0
352 208 6 8 1 0
631 79 4 5 1 0
1851 120 6 8 1 0
860 120 6 8 1 0
1237 88 4 5 1 0
1499 453 11 12 1 0
604 569 10 14 1 0
1009 96 4 5 1 0
1860 134 6 8 1 0
1528 306 7 7 1 0
1478 58 4 5 1 0
561 78 4 5 1 0
272 204 6 8 1 0
397 127 6 8 1 0
1266 88 4 5 1 0
1971 45 4 5 1 0
1295 213 6 8 1 0
811 520 10 10 1 0
379 287 7 7 1 0
34 5 4 5 1 0
2012 476 10 10 1 0
861 54 4 5 1 0
144 142 6 8 1 0
415 81 4 5 1 0
554 103 4 5 1 0
936 119 6 8 1 0
1322 122 6 8 1 0
1797 264 7 7 1 0
1002 149 6 8 1 0
1381 264 7 7 1 0
1484 38 4 5 1 0
971 37 4 5 1 0
234 240 6 8 1 0
514 147 6 8 1 0
134 145 6 8 1 0
1680 57 4 5 1 0
85 223 6 8 1 0
1670 215 6 8 1 0
20 288 6 7 1 0
1241 50 4 5 1 0
450 113 4 5 1 0
978 337 7 7 1 0
694 5 4 5 1 0
305 151 6 8 1 0
1118 367 7 7 1 0
1131 60 4 5 1 0
768 1 4 5 1 0
1614 77 4 5 1 0
718 505 10 10 1 0
460 40 4 5 1 0
1336 138 6 8 1 0
978 56 4 5 1 0
237 191 6 8 1 0
1993 223 6 8 1 0
141 80 4 5 1 0
2024 274 6 7 1 0
426 93 4 5 1 0
1456 462 11 12 1 0
1149 592 10 14 1 0
620 23 4 5 1 0
612 387 11 12 1 0
59 290 7 7 1 0
1071 288 7 7 1 0
599 82 4 5 1 0
1922 87 4 5 1 0
210 569 10 14 1 0
162 306 7 7 1 0
427 223 6 8 1 0
1287 128 6 8 1 0
286 41 4 5 1 0
351 306 7 7 1 0
519 80 4 5 1 0
1495 27 4 5 1 0
972 573 10 14 1 0
977 64 4 5 1 0
855 123 6 8 1 0
1532 623 10 14 1 0
609 4 4 5 1 0
9 4 4 5 1 0
197 116 6 8 1 0
915 1 4 5 1 0
88 492 10 10 1 0
1802 56 4 5 1 0
525 375 11 12 1 0
927 43 4 5 1 0
192 228 6 8 1 0
511 183 6 8 1 0
726 237 6 8 1 0
151 92 4 5 1 0
965 129 6 8 1 0
389 130 6 8 1 0
1329 70 4 5 1 0
906 140 6 8 1 0
1779 440 11 12 1 0
569 107 4 5 1 0
1675 87 4 5 1 0
969 374 11 12 1 0
413 185 6 8 1 0
892 3 4 5 1 0
733 33 4 5 1 0
1218 544 10 10 1 0
1631 48 4 5 1 0
1723 617 10 14 1 0
791 452 11 12 1 0
238 263 7 7 1 0
408 104 4 5 1 0
223 106 4 5 1 0
182 83 4 5 1 0
1774 21 4 5 1 0
1776 63 4 5 1 0
305 104 4 5 1 0
468 208 6 8 1 0
464 198 6 8 1 0
219 128 6 8 1 0
569 78 4 5 1 0
862 5 4 5 1 0
1986 37 4 5 1 0
604 478 10 10 1 0
715 102 4 5 1 0
313 171 6 8 1 0
630 467 11 12 1 0
810 140 6 8 1 0
852 11 4 5 1 0
96 105 4 5 1 0
1836 76 4 5 1 0
486 231 6 8 1 0
1149 51 4 5 1 0
127 595 10 14 1 0
1163 6 4 5 1 0
345 160 6 8 1 0
203 1 4 5 1 0
1396 44 4 5 1 0
835 123 6 8 1 0
1287 31 4 5 1 0
1242 116 6 8 1 0
1913 236 6 8 1 0
978 138 6 8 1 0
822 18 4 5 1 0
729 104 4 5 1 0
1759 329 7 7 1 0
370 228 6 8 1 0
1604 520 10 10 1 0
951 149 6 8 1 0
1142 54 4 5 1 0
1008 88 4 5 1 0
1303 567 10 14 1 0
1612 140 6 8 1 0
1659 43 4 5 1 0
728 90 4 5 1 0
54 274 7 7 1 0
107 60 4 5 1 0
927 57 4 5 1 0
1168 565 10 14 1 0
1801 113 4 5 1 0
645 100 4 5 1 0
998 443 11 12 1 0
494 86 4 5 1 0
743 587 10 14 1 0
1804 18 4 5 1 0
1462 345 7 7 1 0
740 46 4 5 1 0
1543 207 6 8 1 0
169 100 4 5 1 0
1255 80 4 5 1 0
1868 39 4 5 1 0
108 249 6 8 1 0
286 165 6 8 1 0
1595 223 6 8 1 0
1585 26 4 5 1 0
1759 109 4 5 1 0
995 57 4 5 1 0
1475 370 7 7 1 0
107 495 10 10 1 0
1873 157 6 8 1 0
441 219 6 8 1 0
1249 431 11 12 1 0
1242 96 4 5 1 0
896 166 6 8 1 0
1614 536 10 10 1 0
602 551 10 14 1 0
168 206 6 8 1 0
326 232 6 8 1 0
486 196 6 8 1 0
1713 542 10 10 1 0
97 205 6 8 1 0
1062 35 4 5 1 0
1033 383 11 12 1 0
907 373 11 12 1 0
1651 40 4 5 1 0
992 95 4 5 1 0
1834 218 6 8 1 0
434 199 6 8 1 0
573 192 6 8 1 0
680 73 4 5 1 0
1575 424 11 12 1 0
1137 568 10 14 1 0
451 71 4 5 1 0
1438 17 4 5 1 0
762 155 6 8 1 0
282 149 6 8 1 0
147 64 4 5 1 0
950 544 10 10 1 0
199 16 4 5 1 0
724 194 6 8 1 0
136 42 4 5 1 0
131 8 4 5 1 0
1448 258 7 7 1 0
1635 12 4 5 1 0
503 214 6 8 1 0
1368 348 7 7 1 0
1323 526 10 10 1 0
395 290 7 7 1 0
821 89 4 5 1 0
551 27 4 5 1 0
1294 156 6 8 1 0
298 325 7 7 1 0
887 138 6 8 1 0
993 71 4 5 1 0
830 476 10 10 1 0
179 218 6 8 1 0
1117 596 10 14 1 0
1058 575 10 14 1 0
774 156 6 8 1 0
544 203 6 8 1 0
448 559 10 14 1 0
1120 457 11 12 1 0
25 31 4 5 1 0
1184 110 4 5 1 0
1934 184 6 8 1 0
775 11 4 5 1 0
109 202 6 8 1 0
1371 605 10 14 1 0
1486 539 10 10 1 0
281 427 11 12 1 0
305 130 6 8 1 0
810 44 4 5 1 0
53 370 7 7 1 0
857 493 10 10 1 0
933 50 4 5 1 0
962 129 6 8 1 0
101 191 6 8 1 0
527 182 6 8 1 0
300 71 4 5 1 0
1898 184 6 8 1 0
292 206 6 8 1 0
840 36 4 5 1 0
1266 211 6 8 1 0
391 162 6 8 1 0
950 443 11 12 1 0
1567 500 10 10 1 0
1635 174 6 8 1 0
1262 130 6 8 1 0
1584 346 7 7 1 0
130 372 11 12 1 0
284 137 6 8 1 0
209 251 6 7 1 0
247 129 6 8 1 0
464 97 4 5 1 0
503 83 4 5 1 0
1707 376 11 12 1 0
541 36 4 5 1 0
1492 358 7 7 1 0
682 124 6 8 1 0
1411 111 4 5 1 0
1618 189 6 8 1 0
1458 15 4 5 1 0
1621 341 7 7 1 0
242 124 6 8 1 0
1700 115 4 5 1 0
1559 10 4 5 1 0
1572 540 10 10 1 0
462 87 4 5 1 0
465 110 4 5 1 0
1506 53 4 5 1 0
403 51 4 5 1 0
1146 149 6 8 1 0
837 79 4 5 1 0
1345 136 6 8 1 0
1871 231 6 8 1 0
1526 92 4 5 1 0
1137 1 4 5 1 0
936 113 4 5 1 0
1547 188 6 8 1 0
1224 47 4 5 1 0
431 602 10 14 1 0
928 166 6 8 1 0
731 46 4 5 1 0
376 168 6 8 1 0
228 363 7 7 1 0
56 112 4 5 1 0
493 498 10 10 1 0
1885 68 4 5 1 0
1817 295 7 7 1 0
1234 97 4 5 1 0
227 117 6 8 1 0
1066 162 6 8 1 0
315 490 10 10 1 0
477 203 6 8 1 0
660 11 4 5 1 0
390 258 7 7 1 0
368 111 4 5 1 0
373 272 7 7 1 0
242 60 4 5 1 0
1252 56 4 5 1 0
1110 125 6 8 1 0
752 396 11 12 1 0
618 347 7 7 1 0
1864 49 4 5 1 0
1642 557 10 14 1 0
157 348 7 7 1 0
1305 152 6 8 1 0
816 106 4 5 1 0
245 570 10 14 1 0
85 137 6 8 1 0
1240 355 7 7 1 0
510 212 6 8 1 0
849 470 10 10 1 0
1706 450 11 12 1 0
709 468 10 10 1 0
813 37 4 5 1 0
1120 153 6 8 1 0
426 410 11 12 1 0
1476 81 4 5 1 0
1321 99 4 5 1 0
147 562 10 14 1 0
1110 356 7 7 1 0
1005 463 11 12 1 0
657 55 4 5 1 0
675 113 4 5 1 0
404 176 6 8 1 0
1181 47 4 5 1 0
1494 40 4 5 1 0
1820 126 6 8 1 0
752 107 4 5 1 0
882 342 7 7 1 0
133 256 7 7 1 0
210 43 4 5 1 0
1709 61 4 5 1 0
37 17 4 5 1 0
1570 126 6 8 1 0
1905 541 10 10 1 0
553 549 10 14 1 0
1295 83 4 5 1 0
819 449 11 12 1 0
519 377 11 12 1 0
287 12 4 5 1 0
693 536 10 10 1 0
1596 131 6 8 1 0
1503 268 7 7 1 0
810 88 4 5 1 0
401 3 4 5 1 0
1606 423 11 12 1 0
1613 186 6 8 1 0
1130 617 10 14 1 0
608 169 6 8 1 0
782 38 4 5 1 0
1433 438 11 12 1 0
1693 29 4 5 1 0
930 2 4 5 1 0
1882 501 10 10 1 0
1330 378 11 12 1 0
588 32 4 5 1 0
896 559 10 14 1 0
292 169 6 8 1 0
372 118 6 8 1 0
1729 154 6 8 1 0
251 79 4 5 1 0
850 106 4 5 1 0
558 94 4 5 1 0
963 64 4 5 1 0
1458 32 4 5 1 0
1242 481 10 10 1 0
874 26 4 5 1 0
1387 203 6 8 1 0
475 220 6 8 1 0
986 10 4 5 1 0
69 84 4 5 1 0
1271 80 4 5 1 0
34 134 6 8 1 0
1833 588 10 14 1 0
1406 342 7 7 1 0
627 542 10 10 1 0
942 25 4 5 1 0
796 114 4 5 1 0
841 64 4 5 1 0
518 206 6 8 1 0
606 31 4 5 1 0
1676 245 6 8 1 0
729 55 4 5 1 0
771 391 11 12 1 0
1459 1 4 5 1 0
1645 293 7 7 1 0
454 187 6 8 1 0
1771 155 6 8 1 0
506 185 6 8 1 0
1372 203 6 8 1 0
819 175 6 8 1 0
782 386 11 12 1 0
360 121 6 8 1 0
1838 95 4 5 1 0
310 78 4 5 1 0
146 276 7 7 1 0
1157 69 4 5 1 0
1457 54 4 5 1 0
847 394 11 12 1 0
1790 353 7 7 1 0
243 506 10 10 1 0
890 51 4 5 1 0
274 66 4 5 1 0
1403 87 4 5 1 0
1861 434 11 12 1 0
1715 135 6 8 1 0
554 196 6 8 1 0
871 18 4 5 1 0
1560 49 4 5 1 0
161 89 4 5 1 0
291 467 11 12 1 0
753 533 10 10 1 0
1748 478 10 10 1 0
63 193 6 8 1 0
1238 65 4 5 1 0
1726 383 11 12 1 0
1947 583 10 14 1 0
963 43 4 5 1 0
813 52 4 5 1 0
533 39 4 5 1 0
781 74 4 5 1 0
319 238 6 8 1 0
1132 108 4 5 1 0
1388 76 4 5 1 0
626 267 7 7 1 0
554 453 11 12 1 0
1789 527 10 10 1 0
251 115 4 5 1 0
505 12 4 5 1 0
143 251 6 7 1 0
77 188 6 8 1 0
388 300 7 7 1 0
943 120 6 8 1 0
990 161 6 8 1 0
1713 499 10 10 1 0
1520 72 4 5 1 0
1383 137 6 8 1 0
1382 43 4 5 1 0
853 309 7 7 1 0
1225 519 10 10 1 0
514 101 4 5 1 0
1395 38 4 5 1 0
529 214 6 8 1 0
7 370 7 7 1 0
961 199 6 8 1 0
617 87 4 5 1 0
818 141 6 8 1 0
20 252 6 7 1 0
110 515 10 10 1 0
269 190 6 8 1 0
555 16 4 5 1 0
1254 240 6 8 1 0
1662 470 10 10 1 0
367 182 6 8 1 0
409 199 6 8 1 0
746 164 6 8 1 0
469 194 6 8 1 0
1327 51 4 5 1 0
401 416 11 12 1 0
980 10 4 5 1 0
1977 182 6 8 1 0
1381 61 4 5 1 0
1504 32 4 5 1 0
139 303 7 7 1 0
1444 16 4 5 1 0
572 160 6 8 1 0
2000 53 4 5 1 0
1955 223 6 8 1 0
892 44 4 5 1 0
1098 123 6 8 1 0
1430 454 11 12 1 0
632 12 4 5 1 0
374 414 11 12 1 0
1906 578 10 14 1 0
1035 54 4 5 1 0
1915 516 10 10 1 0
1815 608 10 14 1 0
739 223 6 8 1 0
920 56 4 5 1 0
769 173 6 8 1 0
931 11 4 5 1 0
1576 154 6 8 1 0
746 5 4 5 1 0
339 172 6 8 1 0
965 49 4 5 1 0
1524 332 7 7 1 0
219 64 4 5 1 0
1725 95 4 5 1 0
34 79 4 5 1 0
1796 331 7 7 1 0
1361 377 11 12 1 0
307 47 4 5 1 0
1662 163 6 8 1 0
222 133 6 8 1 0
66 47 4 5 1 0
705 99 4 5 1 0
790 139 6 8 1 0
883 17 4 5 1 0
1006 623 10 14 1 0
1296 50 4 5 1 0
550 574 10 14 1 0
443 91 4 5 1 0
6 130 5 6 1 0
576 75 4 5 1 0
700 612 10 14 1 0
1114 23 4 5 1 0
89 278 7 7 1 0
332 106 4 5 1 0
738 398 11 12 1 0
96 88 4 5 1 0
430 99 4 5 1 0
831 105 4 5 1 0
1473 282 7 7 1 0
754 243 6 8 1 0
946 87 4 5 1 0
1256 90 4 5 1 0
875 183 6 8 1 0
228 352 7 7 1 0
950 9 4 5 1 0
962 367 7 7 1 0
1896 47 4 5 1 0
954 36 4 5 1 0
938 12 4 5 1 0
1240 30 4 5 1 0
859 146 6 8 1 0
418 110 4 5 1 0
859 581 10 14 1 0
1225 571 10 14 1 0
562 49 4 5 1 0
1627 419 11 12 1 0
1070 444 11 12 1 0
986 50 4 5 1 0
788 47 4 5 1 0
1925 172 6 8 1 0
1656 118 6 8 1 0
1815 223 6 8 1 0
906 499 10 10 1 0
2 209 6 8 1 0
1470 183 6 8 1 0
572 286 7 7 1 0
785 125 6 8 1 0
769 289 7 7 1 0
1475 550 10 14 1 0
233 252 7 7 1 0
78 213 6 8 1 0
330 176 6 8 1 0
1029 597 10 14 1 0
186 97 4 5 1 0
398 134 6 8 1 0
1806 104 4 5 1 0
506 228 6 8 1 0
1001 71 4 5 1 0
342 61 4 5 1 0
1301 117 6 8 1 0
1482 504 10 10 1 0
1952 38 4 5 1 0
873 471 10 10 1 0
1228 357 7 7 1 0
1506 61 4 5 1 0
1475 346 7 7 1 0
918 44 4 5 1 0
1522 358 7 7 1 0
752 55 4 5 1 0
1010 111 4 5 1 0
1634 506 10 10 1 0
634 128 6 8 1 0
827 123 6 8 1 0
351 167 6 8 1 0
1748 88 4 5 1 0
419 230 6 8 1 0
742 75 4 5 1 0
270 24 4 5 1 0
918 177 6 8 1 0
562 40 4 5 1 0
670 34 4 5 1 0
1145 75 4 5 1 0
641 112 4 5 1 0
1428 368 7 7 1 0
1505 574 10 14 1 0
1173 524 10 10 1 0
714 69 4 5 1 0
968 160 6 8 1 0
1845 220 6 8 1 0
436 74 4 5 1 0
880 198 6 8 1 0
1683 109 4 5 1 0
778 140 6 8 1 0
427 63 4 5 1 0
2021 94 4 5 1 0
615 79 4 5 1 0
1763 470 10 10 1 0
486 144 6 8 1 0
217 114 4 5 1 0
1801 133 6 8 1 0
1801 622 10 14 1 0
1245 227 6 8 1 0
170 85 4 5 1 0
864 18 4 5 1 0
292 73 4 5 1 0
1169 48 4 5 1 0
772 42 4 5 1 0
1168 35 4 5 1 0
605 90 4 5 1 0
420 68 4 5 1 0
1685 588 10 14 1 0
191 210 6 8 1 0
760 106 4 5 1 0
531 91 4 5 1 0
1745 82 4 5 1 0
1383 111 4 5 1 0
1270 435 11 12 1 0
397 225 6 8 1 0
1197 437 11 12 1 0
758 519 10 10 1 0
538 168 6 8 1 0
119 47 4 5 1 0
820 12 4 5 1 0
1007 390 11 12 1 0
641 376 11 12 1 0
949 179 6 8 1 0
261 509 10 10 1 0
828 12 4 5 1 0
403 206 6 8 1 0
443 414 11 12 1 0
1204 67 4 5 1 0
864 141 6 8 1 0
1352 39 4 5 1 0
592 74 4 5 1 0
1614 90 4 5 1 0
365 163 6 8 1 0
338 139 6 8 1 0
924 378 11 12 1 0
1470 36 4 5 1 0
1183 67 4 5 1 0
106 75 4 5 1 0
1117 153 6 8 1 0
255 46 4 5 1 0
1976 156 6 8 1 0
1867 298 7 7 1 0
925 137 6 8 1 0
541 406 11 12 1 0
1513 191 6 8 1 0
1631 434 11 12 1 0
404 98 4 5 1 0
734 76 4 5 1 0
285 96 4 5 1 0
478 50 4 5 1 0
507 163 6 8 1 0
416 349 7 7 1 0
619 133 6 8 1 0
1745 165 6 8 1 0
363 257 7 7 1 0
1853 46 4 5 1 0
1619 47 4 5 1 0
70 246 6 8 1 0
1882 613 10 14 1 0
1517 45 4 5 1 0
1732 25 4 5 1 0
1990 417 11 12 1 0
2 181 6 8 1 0
34 567 10 14 1 0
48 52 4 5 1 0
57 33 4 5 1 0
502 95 4 5 1 0
318 169 6 8 1 0
944 162 6 8 1 0
1914 270 7 7 1 0
464 216 6 8 1 0
1608 90 4 5 1 0
1463 127 6 8 1 0
590 24 4 5 1 0
1794 213 6 8 1 0
157 568 10 14 1 0
139 93 4 5 1 0
86 165 6 8 1 0
704 477 10 10 1 0
588 91 4 5 1 0
521 577 10 14 1 0
1233 12 4 5 1 0
836 382 11 12 1 0
67 265 7 7 1 0
935 357 7 7 1 0
498 553 10 14 1 0
901 29 4 5 1 0
1223 20 4 5 1 0
1436 508 10 10 1 0
519 74 4 5 1 0
1215 508 10 10 1 0
1505 201 6 8 1 0
1308 116 6 8 1 0
866 167 6 8 1 0
1892 108 4 5 1 0
750 366 7 7 1 0
516 34 4 5 1 0
800 451 11 12 1 0
1200 482 10 10 1 0
807 52 4 5 1 0
860 44 4 5 1 0
1261 203 6 8 1 0
1908 26 4 5 1 0
885 319 7 7 1 0
464 76 4 5 1 0
651 12 4 5 1 0
1820 62 4 5 1 0
1184 549 10 14 1 0
1230 62 4 5 1 0
1072 77 4 5 1 0
525 92 4 5 1 0
568 446 11 12 1 0
258 554 10 14 1 0
961 178 6 8 1 0
615 380 11 12 1 0
250 258 7 7 1 0
1325 621 10 14 1 0
773 102 4 5 1 0
1889 149 6 8 1 0
1470 191 6 8 1 0
1399 61 4 5 1 0
816 623 10 14 1 0
330 43 4 5 1 0
792 68 4 5 1 0
351 466 11 12 1 0
1943 405 11 12 1 0
128 205 6 8 1 0
980 149 6 8 1 0
234 223 6 8 1 0
120 242 6 8 1 0
1728 498 10 10 1 0
430 75 4 5 1 0
956 165 6 8 1 0
1631 65 4 5 1 0
934 176 6 8 1 0
392 275 7 7 1 0
261 26 4 5 1 0
1282 52 4 5 1 0
529 550 10 14 1 0
526 520 10 10 1 0
1842 55 4 5 1 0
582 98 4 5 1 0
1126 353 7 7 1 0
550 377 11 12 1 0
399 81 4 5 1 0
661 518 10 10 1 0
597 53 4 5 1 0
1773 75 4 5 1 0
493 105 4 5 1 0
844 402 11 12 1 0
1564 172 6 8 1 0
740 4 4 5 1 0
1838 68 4 5 1 0
1062 52 4 5 1 0
1123 125 6 8 1 0
1309 227 6 8 1 0
1350 347 7 7 1 0
986 137 6 8 1 0
405 220 6 8 1 0
612 31 4 5 1 0
974 205 6 8 1 0
433 12 4 5 1 0
497 143 6 8 1 0
1649 48 4 5 1 0
630 22 4 5 1 0
1319 94 4 5 1 0
1972 169 6 8 1 0
49 619 10 14 1 0
1476 462 11 12 1 0
150 110 4 5 1 0
1318 493 10 10 1 0
588 177 6 8 1 0
456 472 10 10 1 0
798 153 6 8 1 0
560 158 6 8 1 0
1589 42 4 5 1 0
756 14 4 5 1 0
56 12 4 5 1 0
812 122 6 8 1 0
956 56 4 5 1 0
536 59 4 5 1 0
350 59 4 5 1 0
134 285 7 7 1 0
600 6 4 5 1 0
972 14 4 5 1 0
80 259 7 7 1 0
644 131 6 8 1 0
1002 127 6 8 1 0
49 87 4 5 1 0
358 411 11 12 1 0
1506 311 7 7 1 0
631 223 6 8 1 0
524 495 10 10 1 0
1861 121 6 8 1 0
520 93 4 5 1 0
18 141 6 8 1 0
539 289 7 7 1 0
484 89 4 5 1 0
633 102 4 5 1 0
928 28 4 5 1 0
265 35 4 5 1 0
1720 411 11 12 1 0
64 204 6 8 1 0
1233 206 6 8 1 0
385 463 11 12 1 0
1377 145 6 8 1 0
29 195 6 8 1 0
1825 95 4 5 1 0
1455 302 7 7 1 0
979 130 6 8 1 0
788 37 4 5 1 0
136 475 10 10 1 0
413 562 10 14 1 0
593 66 4 5 1 0
372 335 7 7 1 0
354 179 6 8 1 0
130 42 4 5 1 0
732 363 7 7 1 0
1783 115 4 5 1 0
1857 35 4 5 1 0
941 50 4 5 1 0
81 241 6 8 1 0
72 233 6 8 1 0
1614 264 7 7 1 0
519 260 7 7 1 0
1241 17 4 5 1 0
1881 309 7 7 1 0
1868 52 4 5 1 0
1679 71 4 5 1 0
404 62 4 5 1 0
1697 137 6 8 1 0
70 125 6 8 1 0
598 31 4 5 1 0
1555 265 7 7 1 0
435 154 6 8 1 0
234 167 6 8 1 0
1799 102 4 5 1 0
828 38 4 5 1 0
1285 235 6 8 1 0
1983 469 10 10 1 0
1853 181 6 8 1 0
163 73 4 5 1 0
367 428 11 12 1 0
1796 413 11 12 1 0
237 113 4 5 1 0
1908 114 4 5 1 0
1893 131 6 8 1 0
1958 541 10 10 1 0
992 172 6 8 1 0
993 111 4 5 1 0
1231 28 4 5 1 0
256 37 4 5 1 0
1184 356 7 7 1 0
1684 80 4 5 1 0
716 125 6 8 1 0
510 22 4 5 1 0
888 69 4 5 1 0
959 97 4 5 1 0
1004 43 4 5 1 0
580 91 4 5 1 0
1066 75 4 5 1 0
1687 331 7 7 1 0
275 52 4 5 1 0
297 58 4 5 1 0
1886 28 4 5 1 0
933 42 4 5 1 0
1941 150 6 8 1 0
691 55 4 5 1 0
1936 33 4 5 1 0
241 284 7 7 1 0
1123 59 4 5 1 0
1734 26 4 5 1 0
325 180 6 8 1 0
285 117 6 8 1 0
506 441 11 12 1 0
345 81 4 5 1 0
955 63 4 5 1 0
244 585 10 14 1 0
322 376 11 12 1 0
1059 450 11 12 1 0
1223 34 4 5 1 0
575 549 10 14 1 0
177 70 4 5 1 0
799 106 4 5 1 0
850 26 4 5 1 0
586 141 6 8 1 0
595 13 4 5 1 0
410 114 4 5 1 0
1204 111 4 5 1 0
359 302 7 7 1 0
678 272 7 7 1 0
1290 97 4 5 1 0
355 268 7 7 1 0
412 468 10 11 1 0
783 156 6 8 1 0
511 93 4 5 1 0
721 107 4 5 1 0
1696 149 6 8 1 0
181 247 6 8 1 0
1675 549 10 14 1 0
241 355 7 7 1 0
786 232 6 8 1 0
74 8 4 5 1 0
709 396 11 12 1 0
1568 68 4 5 1 0
1566 61 4 5 1 0
1503 342 7 7 1 0
714 85 4 5 1 0
163 289 7 7 1 0
1079 55 4 5 1 0
581 186 6 8 1 0
387 416 11 12 1 0
680 29 4 5 1 0
810 150 6 8 1 0
440 97 4 5 1 0
274 16 4 5 1 0
1174 83 4 5 1 0
254 289 7 7 1 0
150 297 7 7 1 0
1680 135 6 8 1 0
1477 288 7 7 1 0
2025 42 4 5 1 0
1671 455 11 12 1 0
319 434 11 12 1 0
1311 25 4 5 1 0
2014 40 4 5 1 0
1605 28 4 5 1 0
1253 494 10 10 1 0
61 235 6 8 1 0
578 376 11 12 1 0
670 363 7 7 1 0
819 153 6 8 1 0
1577 27 4 5 1 0
527 276 7 7 1 0
355 77 4 5 1 0
1934 503 10 10 1 0
1971 28 4 5 1 0
754 7 4 5 1 0
1999 262 7 7 1 0
1278 219 6 8 1 0
1287 426 11 12 1 0
732 454 11 12 1 0
1153 351 7 7 1 0
539 2 4 5 1 0
1714 66 4 5 1 0
1975 63 4 5 1 0
306 598 10 14 1 0
372 11 4 5 1 0
837 451 11 12 1 0
583 499 10 10 1 0
1983 596 10 14 1 0
978 16 4 5 1 0
1712 86 4 5 1 0
228 286 7 7 1 0
106 169 6 8 1 0
1494 84 4 5 1 0
716 588 10 14 1 0
1599 110 4 5 1 0
1550 243 6 8 1 0
1716 89 4 5 1 0
488 312 7 7 1 0
1706 480 10 10 1 0
993 122 6 8 1 0
646 466 11 12 1 0
509 294 7 7 1 0
438 113 4 5 1 0
1946 78 4 5 1 0
1790 128 6 8 1 0
1206 83 4 5 1 0
643 87 4 5 1 0
347 251 6 7 1 0
1270 105 4 5 1 0
282 186 6 8 1 0
1674 29 4 5 1 0
873 45 4 5 1 0
1796 479 10 10 1 0
413 211 6 8 1 0
187 137 6 8 1 0
483 121 6 8 1 0
1960 276 7 7 1 0
522 3 4 5 1 0
1007 23 4 5 1 0
292 303 7 7 1 0
1965 607 10 14 1 0
32 52 4 5 1 0
323 425 11 12 1 0
344 103 4 5 1 0
778 247 6 8 1 0
773 2 4 5 1 0
961 149 6 8 1 0
1805 17 4 5 1 0
539 501 10 10 1 0
1225 383 11 12 1 0
559 194 6 8 1 0
1083 560 10 14 1 0
1259 104 4 5 1 0
1326 135 6 8 1 0
395 182 6 8 1 0
1663 237 6 8 1 0
784 133 6 8 1 0
183 313 7 7 1 0
994 362 7 7 1 0
1899 2 4 5 1 0
1714 153 6 8 1 0
1596 450 11 12 1 0
316 18 4 5 1 0
1082 126 6 8 1 0
719 85 4 5 1 0
1745 126 6 8 1 0
994 138 6 8 1 0
191 82 4 5 1 0
432 217 6 8 1 0
511 195 6 8 1 0
160 23 4 5 1 0
448 209 6 8 1 0
588 108 4 5 1 0
328 480 10 10 1 0
617 53 4 5 1 0
590 114 4 5 1 0
562 68 4 5 1 0
1589 106 4 5 1 0
845 561 10 14 1 0
18 1 4 5 1 0
1404 375 11 12 1 0
595 385 11 12 1 0
1601 102 4 5 1 0
171 133 6 8 1 0
1552 359 7 7 1 0
1466 313 7 7 1 0
1243 23 4 5 1 0
1012 352 10 10 1 0
1808 219 6 8 1 0
1446 369 7 7 1 0
1770 251 6 7 1 0
633 346 7 7 1 0
929 493 10 10 1 0
978 42 4 5 1 0
1870 106 4 5 1 0
1488 438 11 12 1 0
558 385 11 12 1 0
364 337 7 7 1 0
562 168 6 8 1 0
1219 165 6 8 1 0
162 105 4 5 1 0
507 74 4 5 1 0
551 299 7 7 1 0
1001 55 4 5 1 0
1089 98 4 5 1 0
121 221 6 8 1 0
917 449 11 12 1 0
841 106 4 5 1 0
453 23 4 5 1 0
317 182 6 8 1 0
1781 464 11 12 1 0
927 50 4 5 1 0
614 44 4 5 1 0
848 124 6 8 1 0
1758 142 6 8 1 0
1486 18 4 5 1 0
212 140 6 8 1 0
320 535 10 10 1 0
768 465 11 12 1 0
123 432 11 12 1 0
1782 258 7 7 1 0
799 71 4 5 1 0
933 140 6 8 1 0
1831 181 6 8 1 0
1006 10 4 5 1 0
1249 522 10 10 1 0
226 63 4 5 1 0
830 67 4 5 1 0
1953 64 4 5 1 0
516 311 7 7 1 0
665 473 10 10 1 0
758 156 6 8 1 0
980 50 4 5 1 0
1002 160 6 8 1 0
483 66 4 5 1 0
1672 2 4 5 1 0
1010 10 4 5 1 0
465 166 6 8 1 0
995 16 4 5 1 0
269 284 7 7 1 0
1744 507 10 10 1 0
1160 173 6 8 1 0
1029 140 6 8 1 0
955 43 4 5 1 0
426 78 4 5 1 0
1770 354 7 7 1 0
289 81 4 5 1 0
778 456 11 12 1 0
181 108 4 5 1 0
921 73 4 5 1 0
1619 571 10 14 1 0
328 132 6 8 1 0
1645 11 4 5 1 0
144 45 4 5 1 0
542 18 4 5 1 0
407 545 10 10 1 0
1405 467 11 12 1 0
247 165 6 8 1 0
755 1 4 5 1 0
1977 201 6 8 1 0
348 145 6 8 1 0
673 64 4 5 1 0
248 299 7 7 1 0
923 152 6 8 1 0
733 128 6 8 1 0
1192 29 4 5 1 0
627 120 6 8 1 0
1825 304 7 7 1 0
943 12 4 5 1 0
1535 508 10 10 1 0
1589 578 10 14 1 0
1232 5 4 5 1 0
871 167 6 8 1 0
1404 74 4 5 1 0
654 12 4 5 1 0
863 113 4 5 1 0
54 199 6 8 1 0
986 17 4 5 1 0
966 9 4 5 1 0
757 84 4 5 1 0
294 41 4 5 1 0
198 48 4 5 1 0
232 143 6 8 1 0
1503 283 7 7 1 0
632 139 6 8 1 0
1743 442 11 12 1 0
3 101 4 5 1 0
1626 447 11 12 1 0
283 202 6 8 1 0
895 441 11 12 1 0
1592 537 10 10 1 0
1033 613 10 14 1 0
514 4 4 5 1 0
854 63 4 5 1 0
1442 255 7 7 1 0
1420 133 6 8 1 0
495 37 4 5 1 0
1148 160 6 8 1 0
1360 49 4 5 1 0
1512 85 4 5 1 0
1907 320 7 7 1 0
54 471 10 10 1 0
7 147 6 8 1 0
746 19 4 5 1 0
717 142 6 8 1 0
171 46 4 5 1 0
247 384 11 12 1 0
1283 72 4 5 1 0
976 441 11 12 1 0
226 449 11 12 1 0
1743 379 11 12 1 0
1033 67 4 5 1 0
315 273 7 7 1 0
777 170 6 8 1 0
1387 67 4 5 1 0
801 129 6 8 1 0
1577 73 4 5 1 0
276 247 6 8 1 0
799 52 4 5 1 0
607 591 10 14 1 0
862 12 4 5 1 0
196 305 7 7 1 0
1249 23 4 5 1 0
579 142 6 8 1 0
635 86 4 5 1 0
1665 23 4 5 1 0
215 3 4 5 1 0
155 150 6 8 1 0
770 143 6 8 1 0
1135 439 11 12 1 0
1461 374 11 12 1 0
1491 235 6 8 1 0
525 31 4 5 1 0
670 14 4 5 1 0
1437 181 6 8 1 0
1452 554 10 14 1 0
1670 44 4 5 1 0
993 104 4 5 1 0
1799 464 11 12 1 0
456 497 10 10 1 0
469 104 4 5 1 0
59 84 4 5 1 0
1851 296 7 7 1 0
170 272 7 7 1 0
1039 124 6 8 1 0
609 524 10 10 1 0
231 516 10 10 1 0
792 222 6 8 1 0
853 52 4 5 1 0
945 104 4 5 1 0
47 242 6 8 1 0
1148 97 4 5 1 0
1144 29 4 5 1 0
229 39 4 5 1 0
46 297 7 7 1 0
1843 170 6 8 1 0
1473 586 10 14 1 0
322 518 10 10 1 0
421 184 6 8 1 0
1633 143 6 8 1 0
325 248 6 8 1 0
17 236 6 8 1 0
1543 153 6 8 1 0
665 54 4 5 1 0
1080 14 4 5 1 0
1090 533 10 10 1 0
1106 452 11 12 1 0
244 247 6 8 1 0
75 529 10 10 1 0
525 148 6 8 1 0
170 224 6 8 1 0
958 104 4 5 1 0
810 129 6 8 1 0
968 97 4 5 1 0
581 123 6 8 1 0
707 69 4 5 1 0
258 242 6 8 1 0
1001 37 4 5 1 0
762 219 6 8 1 0
1663 92 4 5 1 0
971 120 6 8 1 0
797 140 6 8 1 0
1638 47 4 5 1 0
1722 149 6 8 1 0
1184 458 11 12 1 0
983 122 6 8 1 0
1390 599 10 14 1 0
226 50 4 5 1 0
895 474 10 10 1 0
657 446 11 12 1 0
500 189 6 8 1 0
1943 163 6 8 1 0
360 536 10 10 1 0
659 36 4 5 1 0
524 61 4 5 1 0
475 91 4 5 1 0
491 161 6 8 1 0
42 31 4 5 1 0
753 144 6 8 1 0
1826 374 11 12 1 0
314 92 4 5 1 0
112 17 4 5 1 0
113 62 4 5 1 0
237 151 6 8 1 0
416 147 6 8 1 0
687 211 6 8 1 0
1100 4 4 5 1 0
102 350 7 7 1 0
276 23 4 5 1 0
273 585 10 14 1 0
1688 3 4 5 1 0
1096 165 6 8 1 0
313 69 4 5 1 0
778 46 4 5 1 0
126 94 4 5 1 0
622 79 4 5 1 0
787 61 4 5 1 0
1198 11 4 5 1 0
409 72 4 5 1 0
548 201 6 8 1 0
378 247 6 8 1 0
962 86 4 5 1 0
1197 506 10 10 1 0
158 63 4 5 1 0
1429 203 6 8 1 0
1449 266 7 7 1 0
783 84 4 5 1 0
1804 184 6 8 1 0
298 246 6 8 1 0
1325 443 11 12 1 0
1517 277 7 7 1 0
1333 349 7 7 1 0
1337 436 11 12 1 0
1277 165 6 8 1 0
1962 128 6 8 1 0
266 55 4 5 1 0
609 97 4 5 1 0
1546 332 7 7 1 0
1079 147 6 8 1 0
461 143 6 8 1 0
914 153 6 8 1 0
1167 84 4 5 1 0
970 64 4 5 1 0
934 17 4 5 1 0
325 142 6 8 1 0
1251 145 6 8 1 0
1198 37 4 5 1 0
665 131 6 8 1 0
251 112 4 5 1 0
1859 585 10 14 1 0
1707 183 6 8 1 0
1988 53 4 5 1 0
506 404 11 12 1 0
973 49 4 5 1 0
1681 178 6 8 1 0
698 99 4 5 1 0
1500 122 6 8 1 0
1292 89 4 5 1 0
1451 438 11 12 1 0
141 44 4 5 1 0
1489 248 6 8 1 0
1621 9 4 5 1 0
1592 236 6 8 1 0
1036 16 4 5 1 0
1478 211 6 8 1 0
718 515 10 10 1 0
62 129 6 8 1 0
275 278 7 7 1 0
1490 39 4 5 1 0
1990 25 4 5 1 0
382 178 6 8 1 0
455 515 10 10 1 0
189 264 7 7 1 0
664 63 4 5 1 0
1263 83 4 5 1 0
1684 196 6 8 1 0
634 566 10 14 1 0
327 19 4 5 1 0
575 160 6 8 1 0
1661 136 6 8 1 0
1913 20 4 5 1 0
827 609 10 14 1 0
552 58 4 5 1 0
1123 26 4 5 1 0
15 208 6 8 1 0
417 279 7 7 1 0
209 101 4 5 1 0
1786 89 4 5 1 0
572 573 10 14 1 0
692 110 4 5 1 0
473 112 4 5 1 0
1147 12 4 5 1 0
897 121 6 8 1 0
86 352 7 7 1 0
447 214 6 8 1 0
1666 445 11 12 1 0
608 104 4 5 1 0
1038 113 4 5 1 0
1666 74 4 5 1 0
178 99 4 5 1 0
860 105 4 5 1 0
233 464 11 12 1 0
1638 414 11 12 1 0
262 78 4 5 1 0
239 553 10 14 1 0
382 91 4 5 1 0
378 94 4 5 1 0
945 605 10 14 1 0
1166 124 6 8 1 0
322 267 7 7 1 0
42 522 10 10 1 0
1034 539 10 10 1 0
273 366 7 7 1 0
332 84 4 5 1 0
847 610 10 14 1 0
331 318 7 7 1 0
1197 84 4 5 1 0
1336 99 4 5 1 0
1436 301 7 7 1 0
908 481 10 10 1 0
379 106 4 5 1 0
1083 355 7 7 1 0
1202 531 10 10 1 0
558 297 7 7 1 0
723 476 10 10 1 0
481 417 11 12 1 0
553 49 4 5 1 0
1262 1 4 5 1 0
780 102 4 5 1 0
309 141 6 8 1 0
1058 598 10 14 1 0
854 131 6 8 1 0
55 60 4 5 1 0
836 581 10 14 1 0
807 107 4 5 1 0
83 68 4 5 1 0
1379 362 7 7 1 0
1086 168 6 8 1 0
315 256 7 7 1 0
828 17 4 5 1 0
300 144 6 8 1 0
641 22 4 5 1 0
439 12 4 5 1 0
882 620 10 14 1 0
879 167 6 8 1 0
1699 39 4 5 1 0
903 175 6 8 1 0
56 519 10 10 1 0
929 454 11 12 1 0
538 86 4 5 1 0
106 286 7 7 1 0
552 33 4 5 1 0
1487 74 4 5 1 0
341 51 4 5 1 0
301 176 6 8 1 0
662 43 4 5 1 0
554 108 4 5 1 0
645 110 4 5 1 0
953 392 11 12 1 0
232 65 4 5 1 0
705 372 11 12 1 0
1943 269 7 7 1 0
975 164 6 8 1 0
333 259 7 7 1 0
1211 438 11 12 1 0
66 222 6 8 1 0
16 96 4 5 1 0
53 103 4 5 1 0
1035 36 4 5 1 0
430 506 10 10 1 0
374 544 10 10 1 0
715 191 6 8 1 0
252 485 10 10 1 0
757 229 6 8 1 0
542 58 4 5 1 0
377 124 6 8 1 0
1954 95 4 5 1 0
607 125 6 8 1 0
150 315 7 7 1 0
1855 24 4 5 1 0
452 403 11 12 1 0
72 59 4 5 1 0
733 83 4 5 1 0
347 193 6 8 1 0
671 21 4 5 1 0
537 391 11 12 1 0
2005 561 10 14 1 0
394 64 4 5 1 0
698 38 4 5 1 0
1844 81 4 5 1 0
79 80 4 5 1 0
476 73 4 5 1 0
368 58 4 5 1 0
1214 77 4 5 1 0
1492 139 6 8 1 0
818 80 4 5 1 0
157 213 6 8 1 0
1231 159 6 8 1 0
486 108 4 5 1 0
2 114 4 5 1 0
834 132 6 8 1 0
544 156 6 8 1 0
2014 231 6 8 1 0
1536 238 6 8 1 0
791 472 10 10 1 0
76 95 4 5 1 0
1833 53 4 5 1 0
1468 433 11 12 1 0
1046 157 6 8 1 0
1160 128 6 8 1 0
833 37 4 5 1 0
1230 497 10 10 1 0
532 72 4 5 1 0
548 157 6 8 1 0
1694 246 6 8 1 0
817 114 4 5 1 0
1913 16 4 5 1 0
103 591 10 14 1 0
1437 137 6 8 1 0
726 83 4 5 1 0
451 147 6 8 1 0
1495 194 6 8 1 0
985 128 6 8 1 0
421 140 6 8 1 0
397 352 7 7 1 0
515 342 7 7 1 0
1508 169 6 8 1 0
496 206 6 8 1 0
460 57 4 5 1 0
1478 524 10 10 1 0
465 21 4 5 1 0
1597 57 4 5 1 0
1728 125 6 8 1 0
779 53 4 5 1 0
1343 496 10 10 1 0
705 25 4 5 1 0
1563 202 6 8 1 0
445 86 4 5 1 0
645 78 4 5 1 0
243 38 4 5 1 0
1414 74 4 5 1 0
638 79 4 5 1 0
685 85 4 5 1 0
1465 277 7 7 1 0
363 140 6 8 1 0
1383 50 4 5 1 0
1996 85 4 5 1 0
1481 75 4 5 1 0
520 157 6 8 1 0
856 17 4 5 1 0
1513 97 4 5 1 0
513 179 6 8 1 0
1832 102 4 5 1 0
279 92 4 5 1 0
304 119 6 8 1 0
1227 104 4 5 1 0
476 67 4 5 1 0
446 260 7 7 1 0
41 187 6 8 1 0
858 445 11 12 1 0
1161 439 11 12 1 0
531 377 11 12 1 0
1005 56 4 5 1 0
1735 52 4 5 1 0
235 605 10 14 1 0
1892 80 4 5 1 0
1429 191 6 8 1 0
160 141 6 8 1 0
1379 440 11 12 1 0
1489 345 7 7 1 0
1877 118 6 8 1 0
28 205 6 8 1 0
539 205 6 8 1 0
227 14 4 5 1 0
1512 31 4 5 1 0
322 64 4 5 1 0
1127 7 4 5 1 0
667 240 6 8 1 0
98 252 7 7 1 0
1167 99 4 5 1 0
425 173 6 8 1 0
252 10 4 5 1 0
1999 106 4 5 1 0
1055 557 10 14 1 0
26 224 6 8 1 0
9 111 4 5 1 0
545 164 6 8 1 0
172 22 4 5 1 0
1165 153 6 8 1 0
800 77 4 5 1 0
1097 599 10 14 1 0
1762 444 11 12 1 0
690 138 6 8 1 0
475 145 6 8 1 0
199 584 10 14 1 0
736 142 6 8 1 0
964 140 6 8 1 0
481 58 4 5 1 0
1066 468 11 12 1 0
948 624 10 14 1 0
1058 157 6 8 1 0
2030 177 6 8 1 0
951 120 6 8 1 0
286 244 6 8 1 0
309 426 11 12 1 0
52 590 10 14 1 0
872 145 6 8 1 0
1975 518 10 10 1 0
296 47 4 5 1 0
720 365 7 7 1 0
1217 480 10 10 1 0
1577 61 4 5 1 0
1496 56 4 5 1 0
945 97 4 5 1 0
809 114 4 5 1 0
916 138 6 8 1 0
287 53 4 5 1 0
576 107 4 5 1 0
1813 252 7 7 1 0
1001 50 4 5 1 0
526 330 7 7 1 0
175 10 4 5 1 0
1330 596 10 14 1 0
712 5 4 5 1 0
1743 107 4 5 1 0
1826 509 10 10 1 0
523 202 6 8 1 0
560 33 4 5 1 0
648 123 6 8 1 0
916 392 11 12 1 0
1988 74 4 5 1 0
1301 444 11 12 1 0
408 248 6 8 1 0
991 87 4 5 1 0
204 8 4 5 1 0
1531 232 6 8 1 0
1253 352 7 7 1 0
930 23 4 5 1 0
431 110 4 5 1 0
174 278 7 7 1 0
2000 179 6 8 1 0
217 261 7 7 1 0
737 12 4 5 1 0
456 6 4 5 1 0
1437 8 4 5 1 0
951 375 11 12 1 0
513 288 7 7 1 0
494 48 4 5 1 0
595 177 6 8 1 0
49 62 4 5 1 0
619 30 4 5 1 0
1943 14 4 5 1 0
359 176 6 8 1 0
772 12 4 5 1 0
106 266 7 7 1 0
189 22 4 5 1 0
1617 519 10 10 1 0
669 211 6 8 1 0
509 148 6 8 1 0
793 123 6 8 1 0
202 57 4 5 1 0
914 131 6 8 1 0
1332 564 10 14 1 0
1780 83 4 5 1 0
1183 81 4 5 1 0
1847 422 11 12 1 0
147 231 6 8 1 0
57 183 6 8 1 0
1455 14 4 5 1 0
78 199 6 8 1 0
671 71 4 5 1 0
384 124 6 8 1 0
78 592 10 14 1 0
788 93 4 5 1 0
1479 198 6 8 1 0
1473 141 6 8 1 0
813 82 4 5 1 0
675 79 4 5 1 0
1386 415 11 12 1 0
1084 28 4 5 1 0
420 14 4 5 1 0
467 33 4 5 1 0
951 113 4 5 1 0
1448 177 6 8 1 0
94 136 6 8 1 0
319 5 4 5 1 0
1607 228 6 8 1 0
1407 23 4 5 1 0
972 43 4 5 1 0
1900 58 4 5 1 0
1457 523 10 10 1 0
554 170 6 8 1 0
1454 30 4 5 1 0
402 170 6 8 1 0
592 401 11 12 1 0
371 159 6 8 1 0
740 107 4 5 1 0
103 156 6 8 1 0
85 57 4 5 1 0
621 97 4 5 1 0
360 41 4 5 1 0
1825 177 6 8 1 0
1177 484 10 10 1 0
16 593 10 14 1 0
303 18 4 5 1 0
358 46 4 5 1 0
1845 136 6 8 1 0
1888 4 4 5 1 0
809 68 4 5 1 0
1962 83 4 5 1 0
936 393 11 12 1 0
1030 159 6 8 1 0
994 50 4 5 1 0
483 318 7 7 1 0
1000 486 10 10 1 0
501 63 4 5 1 0
1044 17 4 5 1 0
1324 242 6 8 1 0
637 65 4 5 1 0
1393 130 6 8 1 0
43 75 4 5 1 0
793 129 6 8 1 0
1267 459 11 12 1 0
993 43 4 5 1 0
994 23 4 5 1 0
1654 343 7 7 1 0
702 204 6 8 1 0
1883 399 11 12 1 0
801 397 11 12 1 0
98 512 10 10 1 0
923 555 10 14 1 0
1845 107 4 5 1 0
15 266 6 7 1 0
924 4 4 5 1 0
653 72 4 5 1 0
212 54 4 5 1 0
744 56 4 5 1 0
181 483 10 10 1 0
976 161 6 8 1 0
99 232 6 8 1 0
1646 149 6 8 1 0
1107 565 10 14 1 0
812 398 11 12 1 0
999 87 4 5 1 0
233 131 6 8 1 0
137 72 4 5 1 0
480 322 7 7 1 0
953 87 4 5 1 0
456 204 6 8 1 0
1548 111 4 5 1 0
180 22 4 5 1 0
676 215 6 8 1 0
25 527 10 10 1 0
375 85 4 5 1 0
223 41 4 5 1 0
1286 87 4 5 1 0
1746 235 6 8 1 0
466 135 6 8 1 0
1308 88 4 5 1 0
466 4 4 5 1 0
1285 104 4 5 1 0
1007 580 10 14 1 0
1686 148 6 8 1 0
759 143 6 8 1 0
949 43 4 5 1 0
1193 125 6 8 1 0
1313 539 10 10 1 0
1801 38 4 5 1 0
68 69 4 5 1 0
576 404 11 12 1 0
182 175 6 8 1 0
565 475 10 10 1 0
1154 39 4 5 1 0
211 317 7 7 1 0
611 113 4 5 1 0
79 46 4 5 1 0
1313 376 11 12 1 0
8 273 6 7 1 0
1547 177 6 8 1 0
381 10 4 5 1 0
29 264 6 7 1 0
1160 553 10 14 1 0
1729 533 10 10 1 0
828 90 4 5 1 0
1867 72 4 5 1 0
426 203 6 8 1 0
67 363 7 7 1 0
625 85 4 5 1 0
240 28 4 5 1 0
1002 137 6 8 1 0
1402 35 4 5 1 0
9 255 6 7 1 0
628 31 4 5 1 0
289 267 7 7 1 0
356 324 7 7 1 0
986 56 4 5 1 0
320 155 6 8 1 0
1763 263 7 7 1 0
779 2 4 5 1 0
167 482 10 10 1 0
708 84 4 5 1 0
1511 136 6 8 1 0
593 253 7 7 1 0
888 21 4 5 1 0
153 248 6 8 1 0
459 341 7 7 1 0
597 445 11 12 1 0
1008 49 4 5 1 0
866 157 6 8 1 0
363 279 7 7 1 0
1542 53 4 5 1 0
163 257 7 7 1 0
835 49 4 5 1 0
1930 15 4 5 1 0
635 516 10 10 1 0
731 606 10 14 1 0
417 405 11 12 1 0
1389 52 4 5 1 0
484 201 6 8 1 0
1565 350 7 7 1 0
930 478 10 10 1 0
525 158 6 8 1 0
1266 53 4 5 1 0
527 300 7 7 1 0
1078 112 4 5 1 0
1730 480 10 10 1 0
401 191 6 8 1 0
503 103 4 5 1 0
1470 17 4 5 1 0
1503 85 4 5 1 0
1537 265 7 7 1 0
380 266 7 7 1 0
1769 509 10 10 1 0
703 123 6 8 1 0
382 83 4 5 1 0
65 59 4 5 1 0
1366 57 4 5 1 0
949 57 4 5 1 0
477 193 6 8 1 0
642 65 4 5 1 0
1644 2 4 5 1 0
1523 178 6 8 1 0
1388 451 11 12 1 0
373 292 7 7 1 0
1849 58 4 5 1 0
1026 55 4 5 1 0
7 58 4 5 1 0
1464 187 6 8 1 0
1027 551 10 14 1 0
1307 479 10 10 1 0
965 16 4 5 1 0
822 37 4 5 1 0
793 61 4 5 1 0
459 364 7 7 1 0
270 490 10 10 1 0
1571 555 10 14 1 0
1999 28 4 5 1 0
450 79 4 5 1 0
579 593 10 14 1 0
906 364 7 7 1 0
1985 4 4 5 1 0
476 243 6 8 1 0
953 96 4 5 1 0
214 14 4 5 1 0
450 10 4 5 1 0
886 44 4 5 1 0
497 219 6 8 1 0
1488 300 7 7 1 0
277 596 10 14 1 0
1069 135 6 8 1 0
1653 59 4 5 1 0
662 379 11 12 1 0
1260 32 4 5 1 0
1237 443 11 12 1 0
136 420 11 12 1 0
1650 433 11 12 1 0
684 39 4 5 1 0
1583 498 10 10 1 0
81 124 6 8 1 0
1875 435 11 12 1 0
951 104 4 5 1 0
185 127 6 8 1 0
534 210 6 8 1 0
1193 381 11 12 1 0
328 300 7 7 1 0
278 120 6 8 1 0
844 50 4 5 1 0
94 63 4 5 1 0
487 211 6 8 1 0
1316 66 4 5 1 0
319 196 6 8 1 0
935 166 6 8 1 0
655 87 4 5 1 0
734 19 4 5 1 0
849 113 4 5 1 0
984 87 4 5 1 0
1930 516 10 10 1 0
300 519 10 10 1 0
1254 379 11 12 1 0
958 113 4 5 1 0
214 154 6 8 1 0
1137 21 4 5 1 0
40 262 6 7 1 0
1298 98 4 5 1 0
1354 430 11 12 1 0
1588 88 4 5 1 0
306 9 4 5 1 0
365 479 10 10 1 0
1391 106 4 5 1 0
952 141 6 8 1 0
374 405 11 12 1 0
1859 244 6 8 1 0
551 70 4 5 1 0
126 347 7 7 1 0
641 72 4 5 1 0
279 73 4 5 1 0
867 43 4 5 1 0
1057 91 4 5 1 0
410 2 4 5 1 0
409 52 4 5 1 0
261 68 4 5 1 0
1197 154 6 8 1 0
1594 280 7 7 1 0
937 104 4 5 1 0
790 75 4 5 1 0
1011 104 4 5 1 0
190 289 7 7 1 0
235 320 7 7 1 0
59 252 7 7 1 0
490 145 6 8 1 0
360 186 6 8 1 0
109 106 4 5 1 0
529 197 6 8 1 0
1280 94 4 5 1 0
832 176 6 8 1 0
384 336 7 7 1 0
1048 70 4 5 1 0
851 59 4 5 1 0
1194 356 7 7 1 0
1201 126 6 8 1 0
644 298 7 7 1 0
1480 133 6 8 1 0
1840 44 4 5 1 0
26 66 4 5 1 0
531 2 4 5 1 0
855 113 4 5 1 0
1876 64 4 5 1 0
1279 51 4 5 1 0
723 69 4 5 1 0
1655 73 4 5 1 0
937 87 4 5 1 0
439 231 6 8 1 0
454 97 4 5 1 0
1126 66 4 5 1 0
298 35 4 5 1 0
601 73 4 5 1 0
511 160 6 8 1 0
1637 36 4 5 1 0
983 95 4 5 1 0
1699 59 4 5 1 0
476 156 6 8 1 0
471 17 4 5 1 0
335 367 7 7 1 0
1401 251 6 7 1 0
551 305 7 7 1 0
838 18 4 5 1 0
1186 308 7 7 1 0
967 104 4 5 1 0
979 36 4 5 1 0
846 133 6 8 1 0
289 182 6 8 1 0
764 12 4 5 1 0
821 68 4 5 1 0
28 369 7 7 1 0
151 74 4 5 1 0
1959 184 6 8 1 0
803 167 6 8 1 0
121 211 6 8 1 0
626 72 4 5 1 0
864 36 4 5 1 0
1885 579 10 14 1 0
1699 126 6 8 1 0
1069 323 7 7 1 0
1408 138 6 8 1 0
