572 56 12 16 1 0
592 24 12 16 1 0
117 25 14 14 1 0
300 184 14 14 1 0
520 70 12 16 1 0
216 116 14 14 1 0
550 276 14 16 1 0
480 104 12 16 1 0
287 225 15 17 1 0
137 191 14 14 1 0
526 282 14 16 1 0
375 183 12 16 1 0
100 108 14 14 1 0
418 174 12 16 1 0
258 114 14 14 1 0
409 18 12 16 1 0
227 203 14 14 1 0
474 157 12 16 1 0
476 201 12 16 1 0
83 62 14 14 1 0
401 49 12 16 1 0
315 35 14 14 1 0
103 118 14 14 1 0
345 314 15 17 1 0
200 27 14 14 1 0
485 34 12 16 1 0
18 151 14 14 1 0
392 13 12 16 1 0
160 42 14 14 1 0
191 155 14 14 1 0
596 176 12 16 1 0
507 288 14 16 1 0
584 196 12 16 1 0
532 98 12 16 1 0
581 138 12 16 1 0
332 37 14 14 1 0
491 269 14 16 1 0
436 73 12 16 1 0
226 156 14 14 1 0
93 272 15 17 1 0
305 319 15 17 1 0
279 276 15 17 1 0
298 7 13 14 1 0
262 216 14 15 1 0
428 152 12 16 1 0
576 240 14 16 1 0
362 61 12 16 1 0
121 43 14 14 1 0
121 293 15 17 1 0
188 27 14 14 1 0
413 249 14 16 1 0
378 84 12 16 1 0
420 217 14 16 1 0
165 204 14 14 1 0
250 235 15 17 1 0
496 42 12 16 1 0
460 316 14 16 1 0
462 89 12 16 1 0
16 181 14 14 1 0
139 253 15 17 1 0
231 188 14 14 1 0
158 1 14 14 1 0
288 40 14 14 1 0
556 88 12 16 1 0
237 169 14 14 1 0
64 104 14 14 1 0
328 256 15 17 1 0
156 19 14 14 1 0
580 336 14 16 1 0
189 287 15 17 1 0
337 236 15 17 1 0
393 157 12 16 1 0
89 53 14 14 1 0
457 236 14 16 1 0
580 176 12 16 1 0
20 267 15 17 1 0
138 175 14 14 1 0
264 140 14 14 1 0
326 68 14 14 1 0
267 257 15 17 1 0
328 54 14 14 1 0
510 110 12 16 1 0
36 57 14 14 1 0
340 128 12 16 1 0
231 97 14 14 1 0
320 106 14 14 1 0
288 74 14 14 1 0
157 288 15 17 1 0
531 304 14 16 1 0
234 248 15 17 1 0
56 76 14 14 1 0
362 82 12 16 1 0
304 267 15 17 1 0
181 161 14 14 1 0
120 248 15 17 1 0
298 110 14 14 1 0
404 346 14 16 1 0
58 93 14 14 1 0
560 16 12 16 1 0
53 30 14 14 1 0
537 199 12 16 1 0
187 166 14 14 1 0
39 30 14 14 1 0
364 48 12 16 1 0
202 223 15 17 1 0
518 124 12 16 1 0
592 98 12 16 1 0
372 224 14 16 1 0
568 295 14 16 1 0
436 166 12 16 1 0
372 143 12 16 1 0
144 317 15 17 1 0
524 158 12 16 1 0
549 209 14 16 1 0
148 219 15 17 1 0
556 175 12 16 1 0
368 340 14 16 1 0
17 34 14 14 1 0
450 18 12 16 1 0
407 77 12 16 1 0
423 272 14 16 1 0
119 70 14 14 1 0
456 104 12 16 1 0
113 88 14 14 1 0
56 116 14 14 1 0
64 244 15 17 1 0
445 33 12 16 1 0
478 126 12 16 1 0
522 6 12 16 1 0
334 202 14 14 1 0
178 252 15 17 1 0
53 158 14 14 1 0
47 311 15 17 1 0
444 100 12 16 1 0
542 125 12 16 1 0
517 44 12 16 1 0
244 219 15 17 1 0
433 226 14 16 1 0
87 75 14 14 1 0
173 336 15 17 1 0
495 82 12 16 1 0
226 132 14 14 1 0
552 68 12 16 1 0
89 120 14 14 1 0
264 177 14 14 1 0
344 253 15 17 1 0
78 91 14 14 1 0
546 231 14 16 1 0
263 192 14 14 1 0
404 88 12 16 1 0
324 5 13 14 1 0
172 32 14 14 1 0
401 327 14 16 1 0
345 9 12 16 1 0
310 218 15 17 1 0
381 277 14 16 1 0
338 180 14 14 1 0
481 75 12 16 1 0
560 112 12 16 1 0
1 157 14 14 1 0
469 275 14 16 1 0
234 260 15 17 1 0
373 123 12 16 1 0
305 130 14 14 1 0
404 61 12 16 1 0
533 326 14 16 1 0
53 276 15 17 1 0
472 173 12 16 1 0
201 0 14 14 1 0
520 170 12 16 1 0
195 203 14 14 1 0
85 331 15 17 1 0
591 269 14 16 1 0
267 78 14 14 1 0
37 81 14 14 1 0
156 159 14 14 1 0
501 336 14 16 1 0
220 124 14 14 1 0
354 22 12 16 1 0
400 136 12 16 1 0
286 176 14 14 1 0
218 320 15 17 1 0
509 225 14 16 1 0
396 233 14 16 1 0
348 276 15 17 1 0
496 132 12 16 1 0
111 221 15 17 1 0
331 119 14 14 1 0
564 148 12 16 1 0
579 113 12 16 1 0
382 173 12 16 1 0
20 76 14 14 1 0
484 20 12 16 1 0
265 323 15 17 1 0
84 21 14 14 1 0
23 123 14 14 1 0
284 135 14 14 1 0
192 128 14 14 1 0
443 52 12 16 1 0
293 256 15 17 1 0
451 118 12 16 1 0
39 281 15 17 1 0
168 258 15 17 1 0
293 21 14 14 1 0
