3630 1224 58 77 1 0
1656 624 27 27 1 0
3760 1101 58 77 1 0
1725 1027 29 37 1 0
515 1124 40 40 1 0
1188 490 24 28 1 0
1603 471 20 22 1 0
4177 710 30 29 1 0
2798 593 29 34 1 0
3052 1167 52 60 1 0
1561 463 20 22 1 0
3051 576 29 34 1 0
4593 967 43 42 1 0
2076 560 20 22 1 0
4754 1017 39 38 1 0
1777 946 29 37 1 0
3212 1174 52 60 1 0
3855 686 30 29 1 0
1226 439 24 28 1 0
3993 764 43 42 1 0
770 1125 39 41 1 0
1419 900 29 37 1 0
4091 963 43 42 1 0
4428 1189 58 77 1 0
399 1099 40 40 1 0
167 1055 40 40 1 0
1205 518 24 28 1 0
4197 1099 58 77 1 0
560 350 24 28 1 0
1073 887 29 37 1 0
4505 711 30 29 1 0
3954 727 30 29 1 0
930 1082 39 42 1 0
3396 1148 52 60 1 0
4441 812 43 42 1 0
3580 1130 43 42 1 0
1566 715 27 27 1 0
544 376 24 28 1 0
2112 482 20 22 1 0
11 1100 40 40 1 0
3259 779 43 42 1 0
1605 963 29 37 1 0
1194 858 29 37 1 0
1417 781 29 37 1 0
1296 657 27 27 1 0
3824 905 43 42 1 0
1520 506 20 22 1 0
831 427 24 28 1 0
1130 445 24 28 1 0
2052 520 20 22 1 0
2756 757 29 34 1 0
3726 1253 58 77 1 0
1532 480 20 22 1 0
3541 643 30 29 1 0
4001 1157 58 77 1 0
1328 1062 39 42 1 0
2924 591 29 34 1 0
63 1113 40 40 1 0
4513 998 43 42 1 0
3497 1073 52 60 1 0
4627 1464 58 77 1 0
1007 1102 39 42 1 0
4516 1342 58 77 1 0
3340 1114 52 60 1 0
1640 1099 29 37 1 0
1959 520 20 22 1 0
2743 631 29 34 1 0
2074 469 20 22 1 0
408 326 24 28 1 0
3805 787 43 42 1 0
3517 898 43 42 1 0
2873 614 29 34 1 0
1768 559 20 22 1 0
2833 594 29 34 1 0
1717 493 20 22 1 0
254 303 24 28 1 0
1154 1154 39 42 1 0
2858 876 29 34 1 0
1381 445 20 22 1 0
4338 1129 58 77 1 0
1686 464 20 22 1 0
678 397 24 28 1 0
1683 494 20 22 1 0
3420 895 43 42 1 0
1153 1095 39 42 1 0
191 1102 40 40 1 0
4631 779 43 42 1 0
105 1091 40 40 1 0
3819 681 30 29 1 0
3848 756 43 42 1 0
4444 717 30 29 1 0
4734 735 30 29 1 0
4109 690 30 29 1 0
976 443 24 28 1 0
1433 1190 39 42 1 0
2978 635 29 34 1 0
2938 1521 101 128 1 0
4594 1012 43 42 1 0
4433 942 43 42 1 0
1432 502 20 22 1 0
3643 709 30 29 1 0
1867 556 20 22 1 0
1443 452 20 22 1 0
3233 661 29 34 1 0
3871 816 43 42 1 0
858 1113 39 42 1 0
1924 476 20 22 1 0
1265 488 22 25 1 0
1473 519 20 22 1 0
312 1126 40 40 1 0
2109 528 20 22 1 0
4786 765 36 35 1 0
3619 639 30 29 1 0
3709 761 43 42 1 0
3413 625 30 29 1 0
4635 1323 58 77 1 0
4148 1203 58 77 1 0
1367 529 20 22 1 0
3280 1110 52 60 1 0
2028 483 20 22 1 0
4541 1170 58 77 1 0
2005 534 20 22 1 0
2776 629 29 34 1 0
1355 450 20 22 1 0
3345 811 43 42 1 0
1993 468 20 22 1 0
3672 901 43 42 1 0
3049 624 29 34 1 0
4482 761 43 42 1 0
3908 669 30 29 1 0
581 1111 40 40 1 0
670 1045 40 40 1 0
2911 659 29 34 1 0
2010 807 27 27 1 0
3691 710 30 29 1 0
1316 640 27 27 1 0
1065 437 24 28 1 0
1743 735 29 37 1 0
628 362 24 28 1 0
1776 512 20 22 1 0
1453 483 20 22 1 0
4000 965 43 42 1 0
1799 490 20 22 1 0
1963 927 28 32 1 0
4583 825 43 42 1 0
3575 656 30 29 1 0
1489 791 29 37 1 0
3718 676 30 29 1 0
2060 695 27 27 1 0
1941 550 20 22 1 0
249 1142 40 40 1 0
1714 638 27 27 1 0
4689 1270 58 77 1 0
4319 750 43 42 1 0
2133 467 20 22 1 0
1193 910 29 37 1 0
2857 659 29 34 1 0
1745 506 20 22 1 0
1825 522 20 22 1 0
3103 1247 101 128 1 0
863 462 24 28 1 0
3153 1102 52 60 1 0
4673 918 43 42 1 0
793 430 24 28 1 0
229 1094 40 40 1 0
3583 716 30 29 1 0
1594 541 20 22 1 0
2019 657 27 27 1 0
484 337 24 28 1 0
1513 894 29 37 1 0
3480 1230 52 60 1 0
1559 819 29 37 1 0
3921 1327 58 77 1 0
160 1145 40 40 1 0
4211 980 43 42 1 0
4367 1201 58 77 1 0
4668 806 43 42 1 0
4782 1200 50 59 1 0
1602 911 29 37 1 0
1963 471 20 22 1 0
4325 725 30 29 1 0
261 585 24 28 1 0
302 1178 40 40 1 0
4119 806 43 42 1 0
1685 526 20 22 1 0
980 422 24 28 1 0
738 1068 39 41 1 0
3355 913 43 42 1 0
1457 616 27 27 1 0
1395 603 27 27 1 0
2839 558 29 34 1 0
3473 855 43 42 1 0
3690 1079 58 77 1 0
1656 712 27 27 1 0
1633 479 20 22 1 0
1906 503 20 22 1 0
789 398 24 28 1 0
1998 1357 101 128 1 0
3898 927 43 42 1 0
4393 727 30 29 1 0
3762 740 30 29 1 0
4063 723 30 29 1 0
3092 575 29 34 1 0
1486 962 29 37 1 0
4247 763 43 42 1 0
3121 650 29 34 1 0
3332 607 29 34 1 0
1567 507 20 22 1 0
4225 723 30 29 1 0
3344 1254 101 128 1 0
1874 476 20 22 1 0
3379 653 30 29 1 0
4653 742 30 29 1 0
3834 1117 58 77 1 0
3755 699 30 29 1 0
3183 639 29 34 1 0
1237 637 27 27 1 0
426 414 24 28 1 0
3591 766 43 42 1 0
3645 1119 58 77 1 0
1849 494 20 22 1 0
348 533 24 28 1 0
900 424 24 28 1 0
4109 1090 58 77 1 0
1093 1135 39 42 1 0
633 390 24 28 1 0
3456 676 30 29 1 0
4726 823 30 29 1 0
418 1119 40 40 1 0
2993 1154 52 60 1 0
666 372 24 28 1 0
742 421 24 28 1 0
2285 1483 101 128 1 0
1974 1154 28 34 1 0
1804 580 20 22 1 0
320 391 24 28 1 0
4422 758 43 42 1 0
1130 482 24 28 1 0
4135 739 30 29 1 0
4409 694 30 29 1 0
3491 625 30 29 1 0
3011 619 29 34 1 0
1606 503 20 22 1 0
1401 1050 39 42 1 0
2736 864 29 34 1 0
811 398 24 28 1 0
