1064 379 3 5 1 0
416 446 4 4 1 0
1101 423 3 5 1 0
375 245 3 3 1 0
378 206 3 3 1 0
912 268 3 3 1 0
415 600 10 11 1 0
888 196 3 3 1 0
886 162 3 3 1 0
920 391 3 5 1 0
773 432 3 5 1 0
781 389 3 5 1 0
549 243 3 3 1 0
723 381 3 5 1 0
139 406 4 4 1 0
910 384 3 5 1 0
624 158 3 3 1 0
737 622 10 11 1 0
196 399 4 4 1 0
542 388 4 4 1 0
860 157 3 3 1 0
831 224 3 3 1 0
918 290 3 3 1 0
962 237 3 3 1 0
694 377 3 5 1 0
757 412 3 5 1 0
915 184 3 3 1 0
913 171 3 3 1 0
885 154 3 3 1 0
373 399 4 4 1 0
180 447 4 4 1 0
150 403 4 4 1 0
487 444 4 4 1 0
523 403 4 4 1 0
293 434 4 4 1 0
487 253 3 3 1 0
944 227 3 3 1 0
897 435 3 5 1 0
972 621 10 11 1 0
808 178 3 3 1 0
1136 386 3 5 1 0
398 433 4 4 1 0
367 242 3 3 1 0
923 370 3 5 1 0
870 195 3 3 1 0
752 364 3 5 1 0
469 220 3 3 1 0
824 174 3 3 1 0
717 430 3 5 1 0
532 414 4 4 1 0
433 182 3 3 1 0
228 224 3 3 1 0
115 416 4 4 1 0
545 574 10 11 1 0
1088 591 10 11 1 0
645 218 3 3 1 0
1105 375 3 5 1 0
523 419 4 4 1 0
249 258 3 3 1 0
648 411 3 5 1 0
351 403 4 4 1 0
885 179 3 3 1 0
3 376 4 4 1 0
185 599 10 11 1 0
697 182 3 3 1 0
718 157 3 3 1 0
1118 407 3 5 1 0
928 411 3 5 1 0
761 365 3 5 1 0
707 429 3 5 1 0
1018 585 10 11 1 0
646 249 3 3 1 0
923 276 3 3 1 0
470 199 3 3 1 0
779 408 3 5 1 0
247 185 3 3 1 0
749 291 3 3 1 0
1011 425 3 5 1 0
170 427 4 4 1 0
1061 386 3 5 1 0
107 421 4 4 1 0
830 372 3 5 1 0
902 189 3 3 1 0
674 366 3 5 1 0
627 336 3 5 1 0
868 379 3 5 1 0
1048 385 3 5 1 0
639 248 3 3 1 0
665 429 3 5 1 0
188 426 4 4 1 0
310 426 4 4 1 0
856 622 10 11 1 0
568 181 3 3 1 0
219 242 3 3 1 0
251 444 4 4 1 0
633 416 3 5 1 0
1044 332 3 5 1 0
744 210 3 3 1 0
1049 395 3 5 1 0
511 381 4 4 1 0
575 201 3 3 1 0
936 173 3 3 1 0
774 190 3 3 1 0
438 163 3 3 1 0
490 172 3 3 1 0
955 394 3 5 1 0
1066 357 3 5 1 0
1193 390 3 5 1 0
968 397 3 5 1 0
769 205 3 3 1 0
777 438 3 5 1 0
761 232 3 3 1 0
422 159 3 3 1 0
540 210 3 3 1 0
1024 425 3 5 1 0
1004 336 3 5 1 0
624 205 3 3 1 0
506 386 4 4 1 0
519 375 4 4 1 0
785 189 3 3 1 0
176 416 4 4 1 0
82 429 4 4 1 0
742 380 3 5 1 0
339 408 4 4 1 0
960 377 3 5 1 0
496 252 3 3 1 0
1154 367 3 5 1 0
772 171 3 3 1 0
446 395 4 4 1 0
1088 404 3 5 1 0
169 379 4 4 1 0
913 244 3 3 1 0
658 368 3 5 1 0
393 278 3 3 1 0
838 279 3 3 1 0
677 576 10 11 1 0
1041 370 3 5 1 0
918 201 3 3 1 0
410 412 4 4 1 0
1111 368 3 5 1 0
202 421 4 4 1 0
710 417 3 5 1 0
592 209 3 3 1 0
934 399 3 5 1 0
230 255 3 3 1 0
822 185 3 3 1 0
949 426 3 5 1 0
236 224 3 3 1 0
282 630 10 11 1 0
642 195 3 3 1 0
475 168 3 3 1 0
1026 334 3 5 1 0
832 423 3 5 1 0
649 274 3 3 1 0
393 204 3 3 1 0
1039 409 3 5 1 0
11 432 4 4 1 0
430 393 4 4 1 0
604 176 3 3 1 0
425 383 4 4 1 0
278 375 4 4 1 0
500 385 4 4 1 0
1107 391 3 5 1 0
918 163 3 3 1 0
740 159 3 3 1 0
819 378 3 5 1 0
680 217 3 3 1 0
418 234 3 3 1 0
897 194 3 3 1 0
976 393 3 5 1 0
919 265 3 3 1 0
271 600 10 11 1 0
908 155 3 3 1 0
911 265 3 3 1 0
888 621 10 11 1 0
1060 420 3 5 1 0
301 206 3 3 1 0
755 184 3 3 1 0
885 224 3 3 1 0
1146 366 3 5 1 0
807 365 3 5 1 0
489 402 4 4 1 0
97 384 4 4 1 0
928 381 3 5 1 0
260 288 3 3 1 0
1130 393 3 5 1 0
699 391 3 5 1 0
757 387 3 5 1 0
461 224 3 3 1 0
416 207 3 3 1 0
649 183 3 3 1 0
973 421 3 5 1 0
912 437 3 5 1 0
734 586 10 11 1 0
116 379 4 4 1 0
867 411 3 5 1 0
504 368 4 4 1 0
797 201 3 3 1 0
539 431 4 4 1 0
878 376 3 5 1 0
830 184 3 3 1 0
711 390 3 5 1 0
300 397 4 4 1 0
941 286 3 3 1 0
247 210 3 3 1 0
771 622 10 11 1 0
1158 441 3 5 1 0
216 282 3 3 1 0
794 171 3 3 1 0
853 339 3 5 1 0
347 422 4 4 1 0
391 230 3 3 1 0
328 597 10 11 1 0
710 408 3 5 1 0
869 368 3 5 1 0
743 274 3 3 1 0
1046 408 3 5 1 0
43 435 4 4 1 0
527 374 4 4 1 0
607 160 3 3 1 0
616 179 3 3 1 0
603 190 3 3 1 0
619 366 3 5 1 0
948 586 10 11 1 0
724 411 3 5 1 0
489 194 3 3 1 0
379 221 3 3 1 0
265 425 4 4 1 0
618 275 3 3 1 0
393 188 3 3 1 0
699 398 3 5 1 0
653 210 3 3 1 0
912 155 3 3 1 0
545 224 3 3 1 0
930 245 3 3 1 0
671 377 3 5 1 0
713 158 3 3 1 0
835 384 3 5 1 0
789 158 3 3 1 0
72 446 4 4 1 0
390 443 4 4 1 0
653 421 3 5 1 0
233 396 4 4 1 0
378 383 4 4 1 0
459 193 3 3 1 0
1190 400 3 5 1 0
337 245 3 3 1 0
830 283 3 3 1 0
549 278 3 3 1 0
650 197 3 3 1 0
910 289 3 3 1 0
936 196 3 3 1 0
902 264 3 3 1 0
345 194 3 3 1 0
235 238 3 3 1 0
904 292 3 3 1 0
921 438 3 5 1 0
216 434 4 4 1 0
944 236 3 3 1 0
555 185 3 3 1 0
292 394 4 4 1 0
944 278 3 3 1 0
940 271 3 3 1 0
656 221 3 3 1 0
600 231 3 3 1 0
879 370 3 5 1 0
397 232 3 3 1 0
257 295 3 3 1 0
900 332 3 4 1 0
215 410 4 4 1 0
1057 373 3 5 1 0
892 398 3 5 1 0
939 189 3 3 1 0
260 275 3 3 1 0
862 385 3 5 1 0
644 233 3 3 1 0
753 379 3 5 1 0
1168 394 3 5 1 0
288 251 3 3 1 0
923 284 3 3 1 0
132 435 4 4 1 0
657 157 3 3 1 0
715 273 3 3 1 0
818 432 3 5 1 0
285 426 4 4 1 0
7 399 4 4 1 0
242 188 3 3 1 0
951 377 3 5 1 0
249 279 3 3 1 0
494 426 4 4 1 0
436 410 4 4 1 0
268 420 4 4 1 0
584 157 3 3 1 0
700 341 3 5 1 0
1034 364 3 5 1 0
549 159 3 3 1 0
265 297 3 3 1 0
358 223 3 3 1 0
600 182 3 3 1 0
117 422 4 4 1 0
1050 364 3 5 1 0
524 205 3 3 1 0
353 595 10 11 1 0
922 269 3 3 1 0
412 192 3 3 1 0
391 243 3 3 1 0
1023 364 3 5 1 0
315 253 3 3 1 0
49 448 4 4 1 0
871 331 3 5 1 0
312 162 3 3 1 0
300 165 3 3 1 0
86 383 4 4 1 0
822 192 3 3 1 0
769 379 3 5 1 0
878 392 3 5 1 0
530 443 4 4 1 0
1015 438 3 5 1 0
533 238 3 3 1 0
355 622 10 11 1 0
937 212 3 3 1 0
798 230 3 3 1 0
683 203 3 3 1 0
273 288 3 3 1 0
822 283 3 3 1 0
783 170 3 3 1 0
629 191 3 3 1 0
889 413 3 5 1 0
826 374 3 5 1 0
276 435 4 4 1 0
177 383 4 4 1 0
952 367 3 5 1 0
922 236 3 3 1 0
943 404 3 5 1 0
399 183 3 3 1 0
807 580 10 11 1 0
698 208 3 3 1 0
609 364 3 5 1 0
1174 367 3 5 1 0
468 184 3 3 1 0
416 278 3 3 1 0
368 417 4 4 1 0
588 234 3 3 1 0
879 155 3 3 1 0
1165 427 3 5 1 0
329 408 4 4 1 0
333 443 4 4 1 0
879 203 3 3 1 0
761 388 3 5 1 0
862 197 3 3 1 0
960 411 3 5 1 0
961 279 3 3 1 0
833 431 3 5 1 0
818 240 3 3 1 0
826 216 3 3 1 0
339 436 4 4 1 0
695 370 3 5 1 0
309 399 4 4 1 0
688 216 3 3 1 0
1008 383 3 5 1 0
447 179 3 3 1 0
831 232 3 3 1 0
356 387 4 4 1 0
631 202 3 3 1 0
967 377 3 5 1 0
479 180 3 3 1 0
50 426 4 4 1 0
815 419 3 5 1 0
750 429 3 5 1 0
765 158 3 3 1 0
757 212 3 3 1 0
681 178 3 3 1 0
682 197 3 3 1 0
622 378 3 5 1 0
436 398 4 4 1 0
622 413 3 5 1 0
710 218 3 3 1 0
382 245 3 3 1 0
837 215 3 3 1 0
822 419 3 5 1 0
1088 389 3 5 1 0
625 239 3 3 1 0
303 376 4 4 1 0
891 213 3 3 1 0
981 368 3 5 1 0
1072 438 3 5 1 0
15 377 4 4 1 0
859 182 3 3 1 0
1113 428 3 5 1 0
405 228 3 3 1 0
936 392 3 5 1 0
1160 381 3 5 1 0
780 287 3 3 1 0
735 152 3 3 1 0
1051 587 10 11 1 0
644 201 3 3 1 0
800 388 3 5 1 0
805 384 3 5 1 0
865 184 3 3 1 0
944 367 3 5 1 0
663 379 3 5 1 0
901 245 3 3 1 0
935 378 3 5 1 0
319 214 3 3 1 0
997 391 3 5 1 0
716 437 3 5 1 0
655 344 3 5 1 0
932 385 3 5 1 0
1008 420 3 5 1 0
831 238 3 3 1 0
878 178 3 3 1 0
901 216 3 3 1 0
377 280 3 3 1 0
267 275 3 3 1 0
819 413 3 5 1 0
430 197 3 3 1 0
325 414 4 4 1 0
968 437 3 5 1 0
1185 389 3 5 1 0
370 381 4 4 1 0
205 444 4 4 1 0
30 388 4 4 1 0
130 446 4 4 1 0
1028 396 3 5 1 0
784 179 3 3 1 0
955 291 3 3 1 0
833 622 10 11 1 0
1034 620 10 11 1 0
1035 405 3 5 1 0
1070 365 3 5 1 0
1088 421 3 5 1 0
91 400 4 4 1 0
323 164 3 3 1 0
257 280 3 3 1 0
559 220 3 3 1 0
842 156 3 3 1 0
440 589 10 11 1 0
650 427 3 5 1 0
685 251 3 3 1 0
338 281 3 3 1 0
767 413 3 5 1 0
945 392 3 5 1 0
3 434 4 4 1 0
28 418 4 4 1 0
798 207 3 3 1 0
388 162 3 3 1 0
607 182 3 3 1 0
791 239 3 3 1 0
1070 411 3 5 1 0
850 164 3 3 1 0
526 383 4 4 1 0
1054 413 3 5 1 0
872 206 3 3 1 0
266 433 4 4 1 0
749 284 3 3 1 0
493 221 3 3 1 0
183 372 4 4 1 0
370 168 3 3 1 0
919 413 3 5 1 0
271 206 3 3 1 0
801 173 3 3 1 0
741 399 3 5 1 0
330 422 4 4 1 0
232 432 4 4 1 0
1194 383 3 5 1 0
140 376 4 4 1 0
309 217 3 3 1 0
757 176 3 3 1 0
417 164 3 3 1 0
918 402 3 5 1 0
847 387 3 5 1 0
950 266 3 3 1 0
629 269 3 3 1 0
402 368 4 4 1 0
829 194 3 3 1 0
572 210 3 3 1 0
632 229 3 3 1 0
702 375 3 5 1 0
647 379 3 5 1 0
1180 422 3 5 1 0
754 235 3 3 1 0
887 370 3 5 1 0
928 201 3 3 1 0
587 178 3 3 1 0
692 427 3 5 1 0
101 421 4 4 1 0
872 165 3 3 1 0
824 429 3 5 1 0
641 276 3 3 1 0
360 415 4 4 1 0
844 275 3 3 1 0
692 157 3 3 1 0
724 182 3 3 1 0
535 187 3 3 1 0
615 224 3 3 1 0
911 202 3 3 1 0
842 215 3 3 1 0
646 243 3 3 1 0
20 418 4 4 1 0
186 382 4 4 1 0
928 188 3 3 1 0
949 209 3 3 1 0
18 399 4 4 1 0
462 369 4 4 1 0
687 416 3 5 1 0
833 393 3 5 1 0
511 401 4 4 1 0
141 445 4 4 1 0
1176 379 3 5 1 0
331 278 3 3 1 0
60 448 4 4 1 0
457 430 4 4 1 0
934 267 3 3 1 0
512 431 4 4 1 0
695 248 3 3 1 0
241 441 4 4 1 0
459 389 4 4 1 0
875 245 3 3 1 0
20 388 4 4 1 0
397 390 4 4 1 0
968 281 3 3 1 0
323 446 4 4 1 0
630 170 3 3 1 0
992 419 3 5 1 0
460 209 3 3 1 0
934 405 3 5 1 0
631 440 3 5 1 0
773 390 3 5 1 0
631 275 3 3 1 0
777 203 3 3 1 0
807 616 10 11 1 0
629 423 3 5 1 0
654 238 3 3 1 0
331 373 4 4 1 0
637 186 3 3 1 0
1120 368 3 5 1 0
1084 416 3 5 1 0
815 368 3 5 1 0
1078 365 3 5 1 0
412 213 3 3 1 0
1017 420 3 5 1 0
195 421 4 4 1 0
1063 369 3 5 1 0
953 239 3 3 1 0
45 397 4 4 1 0
826 407 3 5 1 0
842 364 3 5 1 0
840 424 3 5 1 0
1134 373 3 5 1 0
761 375 3 5 1 0
11 390 4 4 1 0
541 419 4 4 1 0
496 195 3 3 1 0
31 404 4 4 1 0
469 278 3 3 1 0
230 374 4 4 1 0
3 392 4 4 1 0
122 417 4 4 1 0
733 187 3 3 1 0
133 622 10 11 1 0
688 442 3 5 1 0
493 415 4 4 1 0
296 281 3 3 1 0
1138 435 3 5 1 0
882 270 3 3 1 0
752 213 3 3 1 0
135 427 4 4 1 0
541 237 3 3 1 0
913 164 3 3 1 0
107 384 4 4 1 0
299 175 3 3 1 0
852 176 3 3 1 0
666 365 3 5 1 0
910 190 3 3 1 0
949 439 3 5 1 0
384 617 10 11 1 0
830 272 3 3 1 0
1080 390 3 5 1 0
154 429 4 4 1 0
450 409 4 4 1 0
1057 425 3 5 1 0
791 180 3 3 1 0
456 398 4 4 1 0
341 246 3 3 1 0
725 431 3 5 1 0
551 186 3 3 1 0
210 592 10 11 1 0
796 288 3 3 1 0
1095 415 3 5 1 0
739 174 3 3 1 0
240 209 3 3 1 0
408 364 4 4 1 0
548 167 3 3 1 0
727 440 3 5 1 0
678 164 3 3 1 0
711 377 3 5 1 0
986 387 3 5 1 0
718 209 3 3 1 0
639 213 3 3 1 0
1100 406 3 5 1 0
906 284 3 3 1 0
305 446 4 4 1 0
691 365 3 5 1 0
940 248 3 3 1 0
965 365 3 5 1 0
709 211 3 3 1 0
446 282 3 3 1 0
494 178 3 3 1 0
570 221 3 3 1 0
333 413 4 4 1 0
703 160 3 3 1 0
240 397 4 4 1 0
214 383 4 4 1 0
649 337 3 5 1 0
434 195 3 3 1 0
608 434 3 5 1 0
354 185 3 3 1 0
362 212 3 3 1 0
840 342 3 5 1 0
848 410 3 5 1 0
931 271 3 3 1 0
612 159 3 3 1 0
577 438 3 4 1 0
829 187 3 3 1 0
299 602 10 11 1 0
353 424 4 4 1 0
469 434 4 4 1 0
148 378 4 4 1 0
1178 392 3 5 1 0
526 237 3 3 1 0
824 158 3 3 1 0
611 177 3 3 1 0
102 434 4 4 1 0
722 364 3 5 1 0
504 397 4 4 1 0
302 425 4 4 1 0
172 605 10 11 1 0
840 286 3 3 1 0
332 387 4 4 1 0
1070 366 3 5 1 0
791 375 3 5 1 0
400 241 3 3 1 0
118 447 4 4 1 0
166 426 4 4 1 0
345 188 3 3 1 0
283 183 3 3 1 0
430 432 4 4 1 0
929 192 3 3 1 0
789 230 3 3 1 0
114 384 4 4 1 0
894 377 3 5 1 0
1000 396 3 5 1 0
836 368 3 5 1 0
615 190 3 3 1 0
644 288 3 3 1 0
818 199 3 3 1 0
483 409 4 4 1 0
645 159 3 3 1 0
210 400 4 4 1 0
215 447 4 4 1 0
803 427 3 5 1 0
241 595 10 11 1 0
1161 395 3 5 1 0
759 292 3 3 1 0
904 371 3 5 1 0
565 249 3 3 1 0
407 395 4 4 1 0
622 182 3 3 1 0
764 175 3 3 1 0
900 179 3 3 1 0
223 288 3 3 1 0
913 235 3 3 1 0
205 377 4 4 1 0
120 436 4 4 1 0
1031 369 3 5 1 0
48 376 4 4 1 0
1145 390 3 5 1 0
796 412 3 5 1 0
523 430 4 4 1 0
814 190 3 3 1 0
712 346 3 5 1 0
1114 388 3 5 1 0
1179 364 3 5 1 0
391 411 4 4 1 0
429 444 4 4 1 0
679 172 3 3 1 0
260 375 4 4 1 0
726 218 3 3 1 0
955 220 3 3 1 0
554 209 3 3 1 0
860 395 3 5 1 0
1108 409 3 5 1 0
957 245 3 3 1 0
459 447 4 4 1 0
795 190 3 3 1 0
109 379 4 4 1 0
883 379 3 5 1 0
441 628 10 11 1 0
543 188 3 3 1 0
654 377 3 5 1 0
631 586 10 11 1 0
829 416 3 5 1 0
451 441 4 4 1 0
778 175 3 3 1 0
924 395 3 5 1 0
539 192 3 3 1 0
303 388 4 4 1 0
638 228 3 3 1 0
824 389 3 5 1 0
313 433 4 4 1 0
276 233 3 3 1 0
928 264 3 3 1 0
40 411 4 4 1 0
803 277 3 3 1 0
404 378 4 4 1 0
938 222 3 3 1 0
634 157 3 3 1 0
817 182 3 3 1 0
448 214 3 3 1 0
298 184 3 3 1 0
434 210 3 3 1 0
214 252 3 3 1 0
900 407 3 5 1 0
364 232 3 3 1 0
489 369 4 4 1 0
84 396 4 4 1 0
244 374 4 4 1 0
222 377 4 4 1 0
1013 369 3 5 1 0
367 279 3 3 1 0
679 365 3 5 1 0
858 417 3 5 1 0
1011 410 3 5 1 0
611 244 3 3 1 0
1153 425 3 5 1 0
817 404 3 5 1 0
538 256 3 3 1 0
199 428 4 4 1 0
1106 367 3 5 1 0
358 164 3 3 1 0
546 374 4 4 1 0
653 430 3 5 1 0
947 412 3 5 1 0
386 597 10 11 1 0
686 157 3 3 1 0
856 410 3 5 1 0
439 445 4 4 1 0
80 415 4 4 1 0
831 156 3 3 1 0
267 232 3 3 1 0
805 372 3 5 1 0
1048 333 3 5 1 0
380 163 3 3 1 0
347 392 4 4 1 0
904 290 3 3 1 0
1076 386 3 5 1 0
442 429 4 4 1 0
721 389 3 5 1 0
1189 435 3 5 1 0
632 212 3 3 1 0
357 196 3 3 1 0
385 234 3 3 1 0
269 252 3 3 1 0
643 367 3 5 1 0
928 425 3 5 1 0
557 161 3 3 1 0
228 236 3 3 1 0
880 162 3 3 1 0
1170 438 3 5 1 0
477 612 10 11 1 0
789 213 3 3 1 0
455 185 3 3 1 0
855 382 3 5 1 0
640 340 3 5 1 0
942 369 3 5 1 0
1167 368 3 5 1 0
693 288 3 3 1 0
911 374 3 5 1 0
912 394 3 5 1 0
233 444 4 4 1 0
252 232 3 3 1 0
797 368 3 5 1 0
491 205 3 3 1 0
684 294 3 3 1 0
987 418 3 5 1 0
1049 427 3 5 1 0
912 581 10 11 1 0
444 169 3 3 1 0
891 382 3 5 1 0
549 441 4 4 1 0
606 209 3 3 1 0
899 163 3 3 1 0
993 438 3 5 1 0
877 410 3 5 1 0
750 336 3 5 1 0
600 157 3 3 1 0
743 411 3 5 1 0
893 370 3 5 1 0
294 244 3 3 1 0
255 250 3 3 1 0
406 435 4 4 1 0
788 194 3 3 1 0
804 217 3 3 1 0
849 428 3 5 1 0
222 418 4 4 1 0
561 430 4 4 1 0
794 337 3 5 1 0
290 289 3 3 1 0
401 413 4 4 1 0
722 442 3 5 1 0
389 217 3 3 1 0
740 439 3 5 1 0
813 216 3 3 1 0
602 198 3 3 1 0
1128 430 3 5 1 0
933 211 3 3 1 0
551 432 4 4 1 0
572 278 3 3 1 0
892 429 3 5 1 0
289 399 4 4 1 0
174 378 4 4 1 0
113 436 4 4 1 0
221 273 3 3 1 0
858 430 3 5 1 0
810 240 3 3 1 0
552 223 3 3 1 0
603 366 3 5 1 0
234 424 4 4 1 0
256 181 3 3 1 0
453 220 3 3 1 0
432 237 3 3 1 0
56 436 4 4 1 0
475 428 4 4 1 0
179 429 4 4 1 0
605 232 3 3 1 0
984 403 3 5 1 0
475 445 4 4 1 0
731 335 3 5 1 0
21 412 4 4 1 0
13 406 4 4 1 0
767 387 3 5 1 0
263 182 3 3 1 0
534 209 3 3 1 0
841 392 3 5 1 0
347 235 3 3 1 0
925 224 3 3 1 0
529 186 3 3 1 0
1136 365 3 5 1 0
1001 437 3 5 1 0
169 442 4 4 1 0
418 625 10 11 1 0
623 197 3 3 1 0
198 378 4 4 1 0
633 241 3 3 1 0
413 181 3 3 1 0
914 407 3 5 1 0
285 393 4 4 1 0
853 366 3 5 1 0
1133 382 3 5 1 0
225 409 4 4 1 0
732 388 3 5 1 0
940 243 3 3 1 0
621 164 3 3 1 0
904 200 3 3 1 0
1076 411 3 5 1 0
564 159 3 3 1 0
325 372 4 4 1 0
1066 428 3 5 1 0
975 363 3 5 1 0
689 197 3 3 1 0
25 379 4 4 1 0
247 245 3 3 1 0
837 195 3 3 1 0
773 403 3 5 1 0
638 180 3 3 1 0
836 438 3 5 1 0
587 434 3 4 1 0
979 419 3 5 1 0
983 376 3 5 1 0
937 427 3 5 1 0
156 425 4 4 1 0
493 277 3 3 1 0
871 181 3 3 1 0
689 405 3 5 1 0
1023 381 3 5 1 0
708 368 3 5 1 0
442 219 3 3 1 0
906 183 3 3 1 0
77 374 4 4 1 0
939 383 3 5 1 0
1068 390 3 5 1 0
1057 366 3 5 1 0
914 283 3 3 1 0
481 252 3 3 1 0
628 163 3 3 1 0
619 241 3 3 1 0
654 287 3 3 1 0
578 159 3 3 1 0
1059 401 3 5 1 0
1052 436 3 5 1 0
940 619 10 11 1 0
892 181 3 3 1 0
339 420 4 4 1 0
836 271 3 3 1 0
364 402 4 4 1 0
629 248 3 3 1 0
873 387 3 5 1 0
730 380 3 5 1 0
377 231 3 3 1 0
422 214 3 3 1 0
880 193 3 3 1 0
905 231 3 3 1 0
209 428 4 4 1 0
211 632 10 11 1 0
853 156 3 3 1 0
761 441 3 5 1 0
299 292 3 3 1 0
1094 396 3 5 1 0
443 207 3 3 1 0
804 169 3 3 1 0
195 448 4 4 1 0
322 436 4 4 1 0
357 245 3 3 1 0
730 174 3 3 1 0
962 285 3 3 1 0
277 252 3 3 1 0
550 200 3 3 1 0
963 402 3 5 1 0
237 270 3 3 1 0
915 623 10 11 1 0
640 244 3 3 1 0
926 159 3 3 1 0
617 204 3 3 1 0
540 224 3 3 1 0
160 436 4 4 1 0
447 389 4 4 1 0
1037 331 3 5 1 0
978 401 3 5 1 0
772 339 3 5 1 0
710 381 3 5 1 0
900 418 3 5 1 0
769 234 3 3 1 0
532 402 4 4 1 0
901 155 3 3 1 0
52 392 4 4 1 0
290 200 3 3 1 0
593 160 3 3 1 0
1003 623 10 11 1 0
262 245 3 3 1 0
746 188 3 3 1 0
872 220 3 3 1 0
594 178 3 3 1 0
319 625 10 11 1 0
1088 377 3 5 1 0
1116 373 3 5 1 0
402 199 3 3 1 0
822 337 3 5 1 0
887 282 3 3 1 0
675 370 3 5 1 0
1037 336 3 5 1 0
1012 337 3 5 1 0
799 239 3 3 1 0
758 156 3 3 1 0
614 171 3 3 1 0
623 366 3 5 1 0
725 156 3 3 1 0
386 380 4 4 1 0
611 438 3 5 1 0
884 214 3 3 1 0
588 200 3 3 1 0
970 406 3 5 1 0
279 216 3 3 1 0
1187 366 3 5 1 0
807 240 3 3 1 0
271 375 4 4 1 0
805 203 3 3 1 0
898 203 3 3 1 0
898 371 3 5 1 0
451 383 4 4 1 0
768 224 3 3 1 0
994 401 3 5 1 0
503 419 4 4 1 0
855 374 3 5 1 0
900 327 3 3 1 0
830 381 3 5 1 0
626 402 3 5 1 0
304 416 4 4 1 0
192 433 4 4 1 0
290 420 4 4 1 0
784 312 3 3 1 0
921 174 3 3 1 0
232 280 3 3 1 0
583 200 3 3 1 0
35 377 4 4 1 0
439 390 4 4 1 0
1055 399 3 5 1 0
529 168 3 3 1 0
864 172 3 3 1 0
676 176 3 3 1 0
477 202 3 3 1 0
986 584 10 11 1 0
893 156 3 3 1 0
610 277 3 3 1 0
62 427 4 4 1 0
424 204 3 3 1 0
921 183 3 3 1 0
517 384 4 4 1 0
1034 325 3 5 1 0
418 396 4 4 1 0
303 251 3 3 1 0
707 156 3 3 1 0
762 191 3 3 1 0
201 294 3 3 1 0
826 439 3 5 1 0
74 376 4 4 1 0
338 368 4 4 1 0
540 409 4 4 1 0
814 230 3 3 1 0
970 289 3 3 1 0
191 406 4 4 1 0
277 425 4 4 1 0
830 180 3 3 1 0
682 439 3 5 1 0
901 380 3 5 1 0
21 407 4 4 1 0
749 180 3 3 1 0
502 404 4 4 1 0
715 166 3 3 1 0
581 210 3 3 1 0
696 196 3 3 1 0
766 183 3 3 1 0
307 182 3 3 1 0
782 234 3 3 1 0
960 261 3 3 1 0
352 281 3 3 1 0
774 186 3 3 1 0
869 402 3 5 1 0
788 334 3 5 1 0
257 448 4 4 1 0
707 184 3 3 1 0
287 444 4 4 1 0
237 217 3 3 1 0
883 421 3 5 1 0
875 171 3 3 1 0
162 427 4 4 1 0
643 418 3 5 1 0
945 417 3 5 1 0
815 439 3 5 1 0
630 178 3 3 1 0
361 436 4 4 1 0
214 298 3 3 1 0
809 156 3 3 1 0
602 248 3 3 1 0
928 152 3 3 1 0
59 416 4 4 1 0
144 428 4 4 1 0
708 165 3 3 1 0
563 438 4 4 1 0
991 428 3 5 1 0
910 414 3 5 1 0
589 220 3 3 1 0
428 406 4 4 1 0
295 253 3 3 1 0
1126 365 3 5 1 0
931 439 3 5 1 0
980 293 3 3 1 0
287 173 3 3 1 0
642 183 3 3 1 0
993 368 3 5 1 0
689 166 3 3 1 0
1001 418 3 5 1 0
294 162 3 3 1 0
976 377 3 5 1 0
609 198 3 3 1 0
957 262 3 3 1 0
786 207 3 3 1 0
354 207 3 3 1 0
1024 375 3 5 1 0
40 376 4 4 1 0
342 208 3 3 1 0
932 225 3 3 1 0
1188 379 3 5 1 0
799 287 3 3 1 0
403 167 3 3 1 0
497 371 4 4 1 0
941 197 3 3 1 0
1038 383 3 5 1 0
744 393 3 5 1 0
733 412 3 5 1 0
309 204 3 3 1 0
879 588 10 11 1 0
952 338 3 5 1 0
1032 387 3 5 1 0
393 383 4 4 1 0
390 194 3 3 1 0
772 286 3 3 1 0
533 422 4 4 1 0
800 186 3 3 1 0
560 242 3 3 1 0
43 381 4 4 1 0
750 390 3 5 1 0
745 230 3 3 1 0
1127 379 3 5 1 0
907 171 3 3 1 0
902 391 3 5 1 0
223 446 4 4 1 0
816 175 3 3 1 0
243 631 10 11 1 0
723 195 3 3 1 0
166 415 4 4 1 0
502 432 4 4 1 0
655 383 3 5 1 0
899 274 3 3 1 0
638 220 3 3 1 0
235 406 4 4 1 0
421 180 3 3 1 0
575 179 3 3 1 0
715 191 3 3 1 0
369 233 3 3 1 0
813 272 3 3 1 0
255 212 3 3 1 0
861 367 3 5 1 0
978 282 3 3 1 0
960 435 3 5 1 0
544 212 3 3 1 0
678 422 3 5 1 0
1082 434 3 5 1 0
1154 384 3 5 1 0
957 270 3 3 1 0
104 378 4 4 1 0
629 368 3 5 1 0
465 593 10 11 1 0
696 218 3 3 1 0
327 222 3 3 1 0
650 369 3 5 1 0
721 401 3 5 1 0
680 406 3 5 1 0
817 155 3 3 1 0
920 216 3 3 1 0
242 250 3 3 1 0
929 175 3 3 1 0
1030 438 3 5 1 0
220 397 4 4 1 0
411 163 3 3 1 0
833 212 3 3 1 0
296 384 4 4 1 0
868 272 3 3 1 0
811 280 3 3 1 0
213 420 4 4 1 0
613 212 3 3 1 0
818 274 3 3 1 0
975 438 3 5 1 0
279 170 3 3 1 0
59 386 4 4 1 0
675 403 3 5 1 0
820 366 3 5 1 0
577 244 3 3 1 0
984 438 3 5 1 0
318 193 3 3 1 0
263 218 3 3 1 0
277 272 3 3 1 0
1083 368 3 5 1 0
315 415 4 4 1 0
266 283 3 3 1 0
520 585 10 11 1 0
182 421 4 4 1 0
500 173 3 3 1 0
772 585 10 11 1 0
366 224 3 3 1 0
428 279 3 3 1 0
899 401 3 5 1 0
520 381 4 4 1 0
1097 379 3 5 1 0
59 380 4 4 1 0
456 282 3 3 1 0
35 445 4 4 1 0
571 160 3 3 1 0
508 385 4 4 1 0
443 411 4 4 1 0
804 401 3 5 1 0
225 372 4 4 1 0
328 287 3 3 1 0
355 234 3 3 1 0
280 204 3 3 1 0
797 335 3 5 1 0
246 216 3 3 1 0
901 230 3 3 1 0
791 291 3 3 1 0
1002 368 3 5 1 0
718 363 3 5 1 0
1056 390 3 5 1 0
966 389 3 5 1 0
603 435 3 5 1 0
841 236 3 3 1 0
629 400 3 5 1 0
674 432 3 5 1 0
799 158 3 3 1 0
171 434 4 4 1 0
1063 438 3 5 1 0
405 213 3 3 1 0
633 369 3 5 1 0
857 174 3 3 1 0
312 384 4 4 1 0
719 413 3 5 1 0
521 186 3 3 1 0
921 155 3 3 1 0
820 216 3 3 1 0
331 401 4 4 1 0
1074 614 10 11 1 0
1149 437 3 5 1 0
483 172 3 3 1 0
987 366 3 5 1 0
812 393 3 5 1 0
954 279 3 3 1 0
896 270 3 3 1 0
849 397 3 5 1 0
467 165 3 3 1 0
791 368 3 5 1 0
961 268 3 3 1 0
748 368 3 5 1 0
787 429 3 5 1 0
585 438 3 4 1 0
888 400 3 5 1 0
717 179 3 3 1 0
993 339 3 5 1 0
837 586 10 11 1 0
768 363 3 5 1 0
271 215 3 3 1 0
90 420 4 4 1 0
424 397 4 4 1 0
701 365 3 5 1 0
735 157 3 3 1 0
789 197 3 3 1 0
622 172 3 3 1 0
224 382 4 4 1 0
967 272 3 3 1 0
1007 409 3 5 1 0
964 419 3 5 1 0
2 406 4 4 1 0
932 286 3 3 1 0
669 590 10 11 1 0
562 209 3 3 1 0
642 189 3 3 1 0
360 379 4 4 1 0
896 286 3 3 1 0
640 382 3 5 1 0
836 411 3 5 1 0
1081 378 3 5 1 0
910 215 3 3 1 0
688 177 3 3 1 0
934 371 3 5 1 0
536 168 3 3 1 0
860 163 3 3 1 0
305 163 3 3 1 0
1119 415 3 5 1 0
808 186 3 3 1 0
537 278 3 3 1 0
797 407 3 5 1 0
1042 401 3 5 1 0
161 376 4 4 1 0
223 433 4 4 1 0
129 417 4 4 1 0
895 186 3 3 1 0
846 428 3 5 1 0
698 168 3 3 1 0
653 366 3 5 1 0
582 226 3 3 1 0
956 415 3 5 1 0
369 201 3 3 1 0
718 219 3 3 1 0
731 365 3 5 1 0
275 281 3 3 1 0
267 190 3 3 1 0
267 440 4 4 1 0
205 285 3 3 1 0
774 233 3 3 1 0
262 199 3 3 1 0
561 406 4 4 1 0
896 222 3 3 1 0
1030 379 3 5 1 0
1120 383 3 5 1 0
680 412 3 5 1 0
319 293 3 3 1 0
889 243 3 3 1 0
492 400 4 4 1 0
322 182 3 3 1 0
967 415 3 5 1 0
984 281 3 3 1 0
319 418 4 4 1 0
1118 400 3 5 1 0
283 287 3 3 1 0
451 161 3 3 1 0
708 282 3 3 1 0
470 371 4 4 1 0
891 271 3 3 1 0
929 168 3 3 1 0
936 417 3 5 1 0
706 175 3 3 1 0
624 216 3 3 1 0
14 412 4 4 1 0
655 250 3 3 1 0
524 227 3 3 1 0
27 401 4 4 1 0
90 432 4 4 1 0
837 419 3 5 1 0
636 207 3 3 1 0
343 288 3 3 1 0
941 263 3 3 1 0
1167 384 3 5 1 0
230 415 4 4 1 0
534 200 3 3 1 0
638 165 3 3 1 0
1037 398 3 5 1 0
835 401 3 5 1 0
397 446 4 4 1 0
342 220 3 3 1 0
106 444 4 4 1 0
639 238 3 3 1 0
700 271 3 3 1 0
497 441 4 4 1 0
397 169 3 3 1 0
349 438 4 4 1 0
624 420 3 5 1 0
1018 380 3 5 1 0
920 422 3 5 1 0
322 427 4 4 1 0
458 160 3 3 1 0
670 420 3 5 1 0
637 417 3 5 1 0
546 383 4 4 1 0
538 244 3 3 1 0
702 200 3 3 1 0
248 285 3 3 1 0
360 186 3 3 1 0
349 411 4 4 1 0
347 159 3 3 1 0
156 378 4 4 1 0
806 343 3 5 1 0
751 174 3 3 1 0
260 233 3 3 1 0
734 211 3 3 1 0
813 333 3 5 1 0
67 416 4 4 1 0
1042 374 3 5 1 0
82 447 4 4 1 0
917 191 3 3 1 0
903 237 3 3 1 0
741 153 3 3 1 0
253 273 3 3 1 0
583 594 10 11 1 0
659 412 3 5 1 0
685 374 3 5 1 0
942 435 3 5 1 0
337 162 3 3 1 0
649 169 3 3 1 0
452 192 3 3 1 0
662 433 3 5 1 0
1064 391 3 5 1 0
704 370 3 5 1 0
937 182 3 3 1 0
1163 364 3 5 1 0
907 404 3 5 1 0
9 415 4 4 1 0
1180 438 3 5 1 0
285 438 4 4 1 0
542 402 4 4 1 0
375 190 3 3 1 0
387 277 3 3 1 0
949 251 3 3 1 0
868 393 3 5 1 0
