24 90 11 12 1 1
283 114 13 14 1 1
175 31 8 9 1 1
357 153 13 14 1 1
346 214 12 16 1 1
402 82 9 10 1 1
386 75 10 11 1 1
26 52 11 12 1 1
391 100 13 14 1 1
234 86 10 11 1 1
233 151 16 23 1 1
113 168 22 30 1 1
201 143 16 23 1 1
132 53 11 12 1 1
150 141 22 30 1 1
407 186 12 16 1 1
400 113 13 14 1 1
190 140 16 23 1 1
383 254 12 16 1 1
255 176 16 23 1 1
372 105 13 14 1 1
253 60 8 9 1 1
30 100 11 12 1 1
282 63 8 9 1 1
286 76 9 10 1 1
405 201 12 16 1 1
410 36 8 9 1 1
412 129 13 14 1 1
342 100 13 14 1 1
109 66 11 12 1 1
228 167 16 23 1 1
205 41 8 9 1 1
386 148 13 14 1 1
389 124 13 14 1 1
247 121 13 14 1 1
313 125 13 14 1 1
355 56 8 9 1 1
160 47 8 9 1 1
420 57 8 9 1 1
242 43 8 9 1 1
404 64 8 9 1 1
58 154 22 30 1 1
188 201 16 23 1 1
249 27 8 9 1 1
128 17 9 10 1 1
127 105 11 12 1 1
257 155 16 23 1 1
6 79 11 12 1 1
100 56 11 12 1 1
392 59 8 9 1 1
290 144 13 14 1 1
375 89 11 12 1 1
125 118 11 12 1 1
260 82 10 11 1 1
162 31 8 9 1 1
261 71 8 9 1 1
389 220 12 16 1 1
239 25 8 9 1 1
355 256 12 16 1 1
398 94 13 14 1 1
401 54 8 9 1 1
364 132 13 14 1 1
365 176 12 16 1 1
155 91 11 12 1 1
394 163 12 15 1 1
316 116 13 14 1 1
152 156 22 30 1 1
175 6 8 9 1 1
286 50 8 9 1 1
329 13 8 9 1 1
318 36 8 9 1 1
8 61 11 12 1 1
164 5 8 9 1 1
150 42 8 9 1 1
55 62 11 12 1 1
153 188 22 30 1 1
226 186 16 23 1 1
119 88 11 12 1 1
203 12 8 9 1 1
183 72 11 12 1 1
226 204 16 23 1 1
261 43 8 9 1 1
395 20 8 9 1 1
322 110 13 14 1 1
127 139 11 12 1 1
86 125 11 12 1 1
415 89 10 11 1 1
179 147 16 23 1 1
66 76 11 12 1 1
241 219 16 23 1 1
299 73 10 11 1 1
258 113 13 14 1 1
367 94 13 14 1 1
380 204 12 16 1 1
