456 213 22 26 1 0
452 238 22 26 1 0
554 120 10 16 1 0
516 161 19 27 1 0
148 228 27 32 1 0
431 185 19 27 1 0
525 129 19 27 1 0
563 300 26 38 1 0
184 227 27 32 1 0
322 243 21 25 1 0
416 275 26 38 1 0
493 269 26 38 1 0
352 371 30 42 1 0
486 350 34 56 1 0
532 96 10 16 1 0
413 164 19 27 1 0
474 114 10 16 1 0
488 120 10 16 1 0
543 148 19 27 1 0
465 299 26 38 1 0
489 104 10 16 1 0
528 111 10 16 1 0
394 156 19 27 1 0
455 135 19 27 1 0
200 313 24 28 1 0
80 238 27 32 1 0
155 271 27 32 1 0
529 208 22 26 1 0
156 354 39 46 1 0
308 402 30 42 1 0
413 363 34 56 1 0
513 196 22 26 1 0
397 203 22 26 1 0
459 117 10 16 1 0
565 83 10 16 1 0
10 320 31 33 1 0
290 232 21 25 1 0
485 382 34 56 3 0
550 237 22 26 1 0
474 183 19 27 1 0
516 109 10 16 1 0
431 291 26 38 1 0
504 178 19 27 1 0
445 265 26 38 1 0
557 254 22 26 1 0
92 397 39 46 1 0
540 128 19 27 1 0
284 342 30 42 1 0
354 227 21 25 1 0
445 158 19 27 1 0
353 306 23 32 1 0
302 204 21 25 1 0
560 185 19 27 1 0
563 136 19 27 1 0
388 278 26 38 1 0
488 132 19 27 1 0
222 254 27 32 1 0
407 327 26 38 1 0
30 336 32 38 1 0
414 130 19 27 1 0
294 286 24 28 1 0
494 153 19 27 1 0
505 123 10 16 1 0
490 208 22 26 1 0
350 324 23 32 1 0
25 280 32 38 1 0
271 425 39 46 1 0
557 219 22 26 1 0
220 342 39 46 1 0
558 167 19 27 1 0
201 200 28 22 1 0
233 405 39 46 1 0
565 335 34 56 1 0
570 365 34 56 1 0
310 175 17 21 1 0
60 311 32 38 1 0
371 427 30 42 1 0
563 99 10 16 1 0
141 320 32 38 1 0
365 170 17 21 1 0
553 102 10 16 1 0
342 159 17 21 1 0
517 250 22 26 1 0
114 233 27 32 1 0
506 241 22 26 1 0
109 266 27 32 1 0
568 149 19 27 1 0
505 296 26 38 1 0
262 198 21 25 1 0
240 227 21 25 1 0
