272 499 23 31 1 0
583 317 15 15 1 0
151 377 15 23 1 0
752 297 9 12 1 0
751 379 15 23 1 0
945 323 9 12 1 0
161 402 15 23 1 0
203 305 8 8 1 0
458 367 15 15 1 0
553 376 15 23 1 0
708 377 15 23 1 0
435 498 23 31 1 0
666 309 15 15 1 0
649 375 15 23 1 0
279 373 15 23 1 0
957 381 15 23 1 0
168 390 15 23 1 0
211 290 8 8 1 0
764 297 9 12 1 0
59 326 7 11 1 0
194 305 8 8 1 0
262 374 15 23 1 0
146 333 15 15 1 0
610 320 15 15 1 0
231 386 15 23 1 0
585 334 15 15 1 0
224 270 8 8 1 0
104 251 8 8 1 0
252 381 15 23 1 0
532 374 15 23 1 0
926 316 9 12 1 0
781 379 15 23 1 0
196 258 8 8 1 0
577 368 15 15 1 0
568 387 15 23 1 0
581 326 15 15 1 0
951 358 9 12 1 0
584 359 15 15 1 0
625 330 15 15 1 0
443 377 15 23 1 0
136 365 15 15 1 0
493 351 15 15 1 0
664 385 15 23 1 0
357 480 23 31 1 0
725 373 15 23 1 0
79 351 15 15 1 0
234 360 15 15 1 0
176 265 8 8 1 0
949 343 9 12 1 0
172 332 15 15 1 0
892 392 15 23 1 0
106 390 15 23 1 0
206 381 15 23 1 0
219 285 8 8 1 0
633 348 15 15 1 0
196 328 15 15 1 0
812 423 15 23 1 0
392 370 15 15 1 0
870 485 23 31 1 0
631 319 15 15 1 0
703 325 15 15 1 0
763 358 15 15 2 0
45 332 7 11 1 0
294 385 15 23 2 0
105 360 15 15 1 0
145 349 15 15 1 0
33 325 7 11 1 0
182 261 8 8 1 0
633 372 15 23 1 0
122 374 15 23 1 0
187 336 15 15 1 0
38 376 15 23 1 0
51 478 23 31 2 0
188 492 23 31 1 0
850 396 15 23 1 0
216 272 8 8 1 0
114 261 8 8 1 0
724 393 15 23 1 0
351 376 15 23 1 0
96 249 8 8 1 0
428 362 15 15 1 0
294 390 15 23 2 0
921 334 15 15 1 0
432 376 15 23 1 0
160 365 15 15 1 0
116 498 23 31 1 0
142 392 15 23 1 0
220 278 8 8 1 0
124 360 15 15 1 0
620 384 15 23 1 0
763 341 15 15 1 0
169 265 8 8 1 0
558 363 15 15 1 0
48 360 7 11 1 0
809 322 15 15 2 0
267 352 15 15 1 0
13 352 7 11 1 0
608 498 23 31 1 0
652 331 15 15 1 0
755 356 15 15 2 0
613 365 15 15 1 0
297 372 15 23 1 0
155 343 15 15 1 0
246 355 15 15 1 0
83 380 15 23 1 0
954 396 15 23 1 0
840 336 15 15 1 0
382 365 15 15 1 0
496 392 15 23 1 0
96 346 15 15 1 0
601 380 15 23 1 0
193 396 15 23 1 0
31 349 7 11 1 0
22 342 7 11 1 0
99 374 15 23 1 0
12 366 7 11 1 0
13 309 7 11 1 0
599 356 15 15 1 0
2 370 7 11 1 0
695 385 15 23 1 0
721 486 23 31 1 0
522 500 23 31 1 0
935 400 15 23 1 0
27 486 23 31 1 0
196 368 15 15 1 0
817 375 15 23 2 0
194 312 8 8 1 0
42 481 23 31 2 0
172 273 8 8 1 0
335 383 15 23 1 0
568 339 15 15 1 0
371 366 15 15 1 0
622 408 15 23 1 0
323 371 15 15 1 0
179 363 15 15 1 0
809 372 15 23 2 0
225 320 15 15 1 0
805 332 15 15 1 0
54 342 7 11 1 0
817 320 15 15 2 0
28 369 7 11 1 0
583 387 15 23 1 0
413 364 15 15 1 0
464 336 15 15 1 0
785 341 15 15 1 0
919 344 15 15 1 0
438 358 15 15 1 0
131 324 15 15 1 0
468 377 15 23 1 0
73 375 15 23 1 0
80 256 8 8 1 0
425 388 15 23 1 0
891 378 15 23 1 0
651 316 15 15 1 0
