1425 360 17 22 1 0
646 130 15 16 1 0
1508 223 15 16 1 0
1234 187 15 16 1 0
329 138 15 16 1 0
1365 88 15 16 1 0
713 440 37 51 1 0
180 141 15 16 1 0
1059 74 15 16 1 0
1390 17 15 16 1 0
1092 464 37 51 1 0
305 180 15 16 1 0
368 83 15 16 1 0
77 42 15 16 1 0
449 206 15 16 1 0
1078 105 15 16 1 0
881 94 15 16 1 0
988 449 37 51 1 0
510 273 15 16 1 0
992 322 17 22 1 0
1455 238 15 16 1 0
1236 273 15 16 1 0
1246 111 15 16 1 0
782 139 15 16 1 0
231 105 15 16 1 0
208 382 17 18 1 0
372 177 15 16 1 0
1443 19 15 16 1 0
1042 233 15 16 1 0
1000 235 15 16 1 0
793 449 37 51 1 0
994 352 17 22 1 0
498 427 37 51 1 0
1406 84 15 16 1 0
966 91 15 16 1 0
993 89 15 16 1 0
1678 100 15 16 1 0
1352 98 15 16 1 0
973 294 15 16 1 0
717 75 15 16 1 0
172 110 15 16 1 0
1112 309 15 16 1 0
763 377 17 22 1 0
1453 456 37 51 1 0
1362 304 15 16 1 0
1584 8 15 16 1 0
80 365 17 22 1 0
1180 295 15 16 1 0
461 147 15 16 1 0
1465 367 17 22 1 0
1399 178 15 16 1 0
426 84 15 16 1 0
1506 360 17 22 1 0
461 27 15 16 1 0
120 236 15 16 1 0
416 418 37 51 1 0
1298 369 17 22 1 0
1372 149 15 16 1 0
66 118 15 16 1 0
111 41 15 16 1 0
742 45 15 16 1 0
410 240 15 16 1 0
224 230 15 16 1 0
1304 187 15 16 1 0
1324 167 15 16 1 0
1547 228 15 16 1 0
1030 301 15 16 1 0
67 300 15 16 1 0
657 518 49 50 1 0
298 52 15 16 1 0
1346 14 15 16 1 0
1078 304 15 16 1 0
484 216 15 16 1 0
876 58 15 16 1 0
1150 411 37 51 1 0
365 225 15 16 1 0
325 263 15 16 1 0
904 174 15 16 1 0
776 44 15 16 1 0
1552 95 15 16 1 0
1605 261 15 16 1 0
374 4 15 16 1 0
1311 96 15 16 1 0
1142 256 15 16 1 0
941 48 15 16 1 0
835 142 15 16 1 0
1742 95 15 16 1 0
561 371 17 22 1 0
1508 283 15 16 1 0
998 121 15 16 1 0
1108 68 15 16 1 0
468 92 15 16 1 0
1350 278 15 16 1 0
1255 352 17 22 1 0
377 57 15 16 1 0
1431 219 15 16 1 0
1281 482 49 50 1 0
456 244 15 16 1 0
1149 328 17 22 1 0
1312 218 15 16 1 0
1577 258 15 16 1 0
900 517 49 50 1 0
1372 17 15 16 1 0
193 167 15 16 1 0
120 306 15 16 1 0
1124 151 15 16 1 0
708 48 15 16 1 0
251 38 15 16 1 0
290 111 15 16 1 0
425 63 15 16 1 0
210 44 15 16 1 0
808 525 49 50 1 0
459 217 15 16 1 0
574 200 15 16 1 0
941 217 15 16 1 0
246 77 15 16 1 0
1050 285 15 16 1 0
1463 35 15 16 1 0
1191 90 15 16 1 0
1108 264 15 16 1 0
1281 421 37 51 1 0
501 222 15 16 1 0
268 146 15 16 1 0
1414 324 17 22 1 0
1203 434 37 51 1 0
1060 422 37 51 1 0
24 44 15 16 1 0
724 46 15 16 1 0
508 386 17 22 1 0
1096 123 15 16 1 0
1040 253 15 16 1 0
784 95 15 16 1 0
1547 338 17 22 1 0
857 177 15 16 1 0
139 366 17 22 1 0
1287 151 15 16 1 0
309 242 15 16 1 0
1083 72 15 16 1 0
1429 104 15 16 1 0
135 60 15 16 1 0
329 46 15 16 1 0
392 558 40 50 1 0
1651 374 17 22 1 0
1116 196 15 16 1 0
1107 107 15 16 1 0
969 56 15 16 1 0
63 38 15 16 1 0
307 415 37 51 1 0
1427 249 15 16 1 0
640 438 37 51 1 0
1282 208 15 16 1 0
1020 81 15 16 1 0
1406 156 15 16 1 0
498 209 15 16 1 0
916 260 15 16 1 0
1086 151 15 16 1 0
1795 341 16 20 1 0
1025 179 15 16 1 0
998 143 15 16 1 0
1350 202 15 16 1 0
1278 97 15 16 1 0
601 197 15 16 1 0
118 367 17 22 1 0
285 371 17 22 1 0
1317 277 15 16 1 0
713 130 15 16 1 0
1021 204 15 16 1 0
1357 331 17 22 1 0
1522 92 15 16 1 0
257 162 15 16 1 0
1264 166 15 16 1 0
1094 346 17 22 1 0
1626 351 17 22 1 0
757 81 15 16 1 0
1368 420 37 51 1 0
1105 561 49 50 1 0
669 42 15 16 1 0
15 56 15 16 1 0
438 10 15 16 1 0
974 318 17 22 1 0
415 131 15 16 1 0
928 202 15 16 1 0
382 245 15 16 1 0
644 41 15 16 1 0
1058 123 15 16 1 0
285 9 15 16 1 0
1649 297 15 16 1 0
1197 234 15 16 1 0
1051 182 15 16 1 0
1410 218 15 16 1 0
162 41 15 16 1 0
604 214 15 16 1 0
485 33 15 16 1 0
421 502 49 50 1 0
157 237 15 16 1 0
59 226 15 16 1 0
192 262 15 16 1 0
570 261 15 16 1 0
1049 316 17 22 1 0
1590 265 15 16 1 0
1035 361 17 22 1 0
1479 170 15 16 1 0
922 112 15 16 1 0
685 38 15 16 1 0
938 315 17 22 1 0
1499 94 15 16 1 0
1389 242 15 16 1 0
1738 335 17 22 1 0
337 174 15 16 1 0
205 219 15 16 1 0
1121 287 15 16 1 0
1213 314 17 22 1 0
102 234 15 16 1 0
174 67 15 16 1 0
1319 239 15 16 1 0
1694 304 15 16 1 0
53 151 15 16 1 0
1307 70 15 16 1 0
603 24 15 16 1 0
1229 255 15 16 1 0
1294 267 15 16 1 0
1230 92 15 16 1 0
842 52 15 16 1 0
933 92 15 16 1 0
1424 277 15 16 1 0
57 87 15 16 1 0
994 257 15 16 1 0
1347 163 15 16 1 0
232 276 15 16 1 0
45 191 15 16 1 0
737 136 15 16 1 0
282 272 15 16 1 0
1552 258 15 16 1 0
538 57 15 16 1 0
992 204 15 16 1 0
819 51 15 16 1 0
1281 247 15 16 1 0
559 392 17 22 1 0
1175 126 15 16 1 0
546 147 15 16 1 0
549 529 49 50 1 0
1023 535 49 50 1 0
1272 116 15 16 1 0
34 61 15 16 1 0
289 85 15 16 1 0
422 214 15 16 1 0
1408 64 15 16 1 0
1135 101 15 16 1 0
616 85 15 16 1 0
1377 347 17 22 1 0
1133 374 17 22 1 0
915 58 15 16 1 0
1173 399 37 51 1 0
233 387 17 18 1 0
1586 93 15 16 1 0
127 168 15 16 1 0
872 202 15 16 1 0
874 219 15 16 1 0
887 252 15 16 1 0
368 378 17 22 1 0
552 23 15 16 1 0
1781 94 15 16 1 0
1079 261 15 16 1 0
1136 71 15 16 1 0
455 379 17 22 1 0
1387 155 15 16 1 0
589 94 15 16 1 0
603 130 15 16 1 0
1107 409 37 51 1 0
448 42 15 16 1 0
1510 144 15 16 1 0
1203 264 15 16 1 0
101 160 15 16 1 0
1562 357 17 22 1 0
1361 231 15 16 1 0
1131 226 15 16 1 0
1198 188 15 16 1 0
799 80 15 16 1 0
1529 299 15 16 1 0
1210 133 15 16 1 0
965 148 15 16 1 0
1363 191 15 16 1 0
60 58 15 16 1 0
1062 204 15 16 1 0
322 85 15 16 1 0
844 91 15 16 1 0
1598 570 17 22 1 0
165 306 15 16 1 0
617 231 15 16 1 0
1322 302 15 16 1 0
184 240 15 16 1 0
937 169 15 16 1 0
98 101 15 16 1 0
1692 394 17 22 1 0
1694 344 17 22 1 0
1472 143 15 16 1 0
514 35 15 16 1 0
7 260 15 16 1 0
592 115 15 16 1 0
955 204 15 16 1 0
1624 93 15 16 1 0
904 96 15 16 1 0
607 276 15 16 1 0
40 308 15 16 1 0
19 108 15 16 1 0
322 561 27 36 1 0
1178 310 15 16 1 0
1218 101 15 16 1 0
642 285 15 16 1 0
1268 69 15 16 1 0
995 69 15 16 1 0
538 262 15 16 1 0
1017 63 15 16 1 0
1164 179 15 16 1 0
