76 339 12 10 1 0
731 283 8 11 1 0
227 191 6 7 1 1
135 218 6 6 1 0
82 241 6 6 1 0
455 160 5 6 1 1
868 394 8 11 1 0
340 119 5 6 1 0
20 242 10 11 1 0
522 201 6 7 1 1
603 221 6 7 1 0
619 335 11 12 1 0
758 446 12 13 1 0
257 191 6 7 1 0
374 348 11 12 1 0
102 207 6 6 1 0
60 175 6 6 1 1
520 146 5 6 1 1
13 239 10 11 1 0
459 281 6 7 1 0
664 219 6 7 1 0
773 432 11 12 1 0
504 198 6 7 1 1
482 160 5 6 1 1
913 358 8 11 1 0
112 256 10 11 1 0
534 201 6 7 1 1
229 223 6 7 1 0
341 486 13 14 1 0
514 170 5 6 1 1
440 249 6 7 1 0
175 196 6 7 1 1
419 247 8 9 1 0
698 313 8 11 1 0
411 162 5 6 1 1
546 200 6 7 1 1
690 365 8 11 1 0
824 449 12 13 1 0
551 223 6 7 1 0
564 211 6 7 1 0
638 268 6 7 1 0
409 313 11 12 1 0
266 281 10 11 1 0
837 390 8 11 1 0
246 203 6 7 1 0
693 449 12 13 1 0
588 262 6 7 1 0
784 368 8 11 1 0
497 163 5 6 1 1
430 167 5 6 1 1
904 372 8 11 1 0
317 315 11 12 1 0
67 232 6 6 1 0
654 276 6 7 1 0
763 464 12 13 1 0
848 368 8 11 1 0
233 206 6 7 1 0
452 249 6 7 1 0
523 336 11 12 1 0
209 213 6 7 1 0
954 408 8 11 1 0
448 186 6 7 1 1
656 316 11 12 1 0
314 335 11 12 1 0
510 223 6 7 1 0
318 359 11 12 1 0
277 212 6 7 1 0
223 267 10 11 1 0
473 314 6 7 1 0
71 290 10 11 1 0
586 240 6 7 1 0
581 179 6 7 1 1
272 342 11 12 1 0
493 139 5 6 1 1
677 257 8 11 1 0
201 194 6 7 1 1
423 235 6 7 1 0
565 194 6 7 1 1
122 238 6 6 1 0
386 303 11 12 1 0
244 213 6 7 1 0
305 369 11 12 1 0
591 204 6 7 1 1
810 464 12 13 1 0
928 477 12 13 1 0
567 255 6 7 1 0
1 331 10 11 1 0
36 192 6 6 1 1
599 238 6 7 1 0
621 258 6 7 1 0
580 239 6 7 1 0
444 164 5 6 1 1
299 286 10 11 1 0
229 280 10 11 1 0
601 193 6 7 1 1
590 187 6 7 1 1
271 291 10 11 1 0
558 243 6 7 1 0
531 190 6 7 1 1
54 186 6 6 1 1
471 366 11 12 1 0
577 222 6 7 1 0
37 239 6 6 1 0
409 393 11 12 1 0
640 327 11 12 1 0
160 219 6 7 1 0
540 191 6 7 1 1
855 358 8 11 1 0
449 479 13 14 1 0
170 213 6 7 1 0
104 346 12 10 1 0
549 340 11 12 1 0
659 255 6 7 1 0
520 227 6 7 1 0
534 296 6 7 1 0
188 192 6 7 1 1
722 321 8 11 1 0
405 152 5 6 1 1
442 179 5 6 1 1
424 166 5 6 1 1
687 260 8 11 1 0
632 346 11 12 1 0
973 420 8 11 1 0
529 206 6 7 1 0
557 222 6 7 1 0
343 304 11 12 1 0
213 193 6 7 1 1
508 189 6 7 1 1
226 404 12 10 1 0
220 230 6 7 1 0
383 147 5 6 1 1
267 325 11 12 1 0
256 199 6 7 1 0
206 224 6 7 1 0
335 125 5 6 1 0
63 206 6 6 1 0
112 202 6 6 1 0
781 458 12 13 1 0
163 203 6 7 1 0
441 345 11 12 1 0
578 262 6 7 1 0
591 228 6 7 1 0
318 441 13 14 1 0
220 200 6 7 1 0
284 292 10 11 1 0
815 366 8 11 1 0
512 146 5 6 1 1
642 228 6 7 1 0
610 349 11 12 1 0
753 392 8 11 1 0
490 197 6 7 1 1
193 210 6 7 1 0
589 251 6 7 1 0
534 188 6 7 1 1
493 310 6 7 1 0
53 252 10 11 1 0
532 170 5 6 1 1
892 369 8 11 1 0
528 232 6 7 1 0
687 464 12 13 1 0
470 167 5 6 1 1
1022 401 9 11 1 0
476 328 11 12 1 0
154 351 12 10 1 0
716 406 8 11 1 0
473 193 6 7 1 1
532 219 6 7 1 0
625 271 6 7 1 0
383 390 11 12 1 0
562 342 11 12 1 0
378 146 5 6 1 1
374 317 11 12 1 0
480 142 5 6 1 1
296 322 11 12 1 0
330 118 5 6 1 0
182 212 6 7 1 0
492 184 6 7 1 1
463 182 6 7 1 1
84 204 6 6 1 0
800 362 8 11 1 0
504 143 5 6 1 1
800 380 8 11 1 0
354 296 11 12 1 0
743 296 8 11 1 0
753 360 8 11 1 0
613 262 6 7 1 0
455 142 5 6 1 1
733 363 8 11 1 0
395 153 5 6 1 1
634 254 6 7 1 0
369 304 11 12 1 0
686 270 8 11 1 0
258 212 6 7 1 0
603 247 6 7 1 0
264 203 6 7 1 0
374 140 5 6 1 1
