273 222 15 22 1 0
463 197 15 20 1 0
532 81 6 6 1 1
244 441 24 32 1 0
295 294 28 32 1 0
536 60 6 6 1 1
255 339 24 32 1 0
290 394 24 32 1 0
512 174 15 20 1 0
565 52 0 0 1 1
618 23 0 0 1 1
256 229 15 22 1 0
465 130 9 10 1 0
382 189 15 20 1 0
507 249 15 22 1 0
594 78 6 6 1 1
372 212 15 20 1 0
323 262 15 22 1 0
530 96 6 6 1 1
440 163 15 20 1 0
583 32 0 0 1 1
613 10 0 0 1 1
387 405 24 32 1 0
508 103 6 6 1 1
636 77 6 6 1 1
412 100 6 6 1 1
320 310 24 32 1 0
170 240 13 22 1 0
419 228 15 22 1 0
530 104 6 6 1 1
135 405 24 31 1 0
546 115 9 10 1 0
511 68 6 6 1 1
507 57 0 0 1 1
636 53 0 0 1 1
358 393 24 32 1 0
211 265 15 22 1 0
372 161 15 20 1 0
319 182 15 20 1 0
460 304 24 32 1 0
628 111 9 10 1 0
365 222 15 22 1 0
157 296 0 0 1 0
201 356 24 32 1 0
513 75 6 6 1 1
417 284 15 22 1 0
424 214 15 20 1 0
452 256 15 22 1 0
502 88 6 6 1 1
626 73 6 6 1 1
418 178 15 20 1 0
556 62 6 6 1 1
293 261 15 22 1 0
568 80 6 6 1 1
597 55 0 0 1 1
510 157 15 20 1 0
516 116 9 10 1 0
393 162 15 20 1 0
492 142 11 10 1 0
520 66 6 6 1 1
438 184 15 20 1 0
597 292 28 32 1 0
545 139 11 10 1 0
359 361 24 32 1 0
491 120 9 10 1 0
393 298 24 32 1 0
630 99 6 6 1 1
525 138 11 10 1 0
540 132 11 10 1 0
552 153 11 10 1 0
412 147 11 10 1 0
346 117 9 10 1 0
452 140 11 10 1 0
543 89 6 6 1 1
405 212 15 20 1 0
263 180 15 20 1 0
422 258 15 22 1 0
377 346 24 32 1 0
524 158 15 20 1 0
215 398 24 32 1 0
539 184 15 20 1 0
510 208 15 20 1 0
331 239 15 22 1 0
485 245 15 22 1 0
611 198 15 20 1 0
526 110 9 10 1 0
461 145 11 10 1 0
573 74 6 6 1 1
586 93 6 6 1 1
558 403 24 32 1 0
460 106 6 6 1 0
325 200 15 20 1 0
539 282 15 22 1 0
460 218 20 13 1 0
276 302 24 32 1 0
259 164 15 20 1 0
569 110 9 10 1 0
480 210 15 20 1 0
116 338 24 31 1 0
610 27 0 0 1 1
354 211 15 20 1 0
472 105 6 6 1 1
544 78 6 6 1 1
454 102 6 6 1 1
334 433 24 32 1 0
404 194 15 20 1 0
476 132 11 10 1 0
470 172 15 20 1 0
623 140 11 10 1 0
526 86 6 6 1 1
559 142 11 10 1 0
407 107 6 6 1 0
343 238 15 22 1 0
380 203 15 20 1 0
509 81 6 6 1 1
53 437 24 31 1 0
551 343 24 32 1 0
450 236 15 22 1 0
511 97 6 6 1 1
432 172 15 20 1 0
571 61 6 6 1 1
576 131 9 10 1 0
438 216 20 13 1 0
500 138 11 10 1 0
351 199 15 20 1 0
634 23 0 0 1 1
573 52 0 0 1 1
194 306 24 32 1 0
589 26 0 0 1 1
569 33 0 0 1 1
579 37 0 0 1 1
506 110 9 10 1 0
371 128 9 10 1 0
423 109 9 10 1 0
500 193 15 20 1 0
488 102 6 6 1 1
256 269 15 22 1 0
548 99 6 6 1 1
426 202 15 20 1 0
523 72 6 6 1 1
