93 81 17 19 1 1
416 66 37 38 1 0
116 95 17 19 1 0
361 129 25 26 1 0
432 223 35 32 1 0
711 47 38 39 1 0
352 148 25 26 1 0
167 87 17 19 1 0
128 88 17 19 1 0
691 86 38 39 1 0
461 200 53 56 1 0
304 104 25 26 1 0
489 163 35 32 1 0
659 68 38 39 1 1
244 90 30 39 1 0
542 89 37 38 1 0
568 56 38 39 1 0
389 132 35 32 1 0
324 81 25 26 1 0
330 152 25 26 1 0
416 156 35 32 1 0
527 133 37 38 1 0
288 81 17 19 1 0
504 194 53 56 1 0
442 163 35 32 1 0
378 153 25 26 1 0
416 93 37 38 1 0
472 104 37 38 1 0
524 229 53 56 1 0
409 179 35 32 1 0
637 214 53 56 1 0
31 80 17 19 1 1
362 79 25 26 1 0
610 233 53 56 1 0
194 90 17 19 1 0
