392 200 11 17 1 0
567 257 11 17 1 0
120 269 16 18 1 0
413 9 9 12 1 0
570 26 9 12 1 0
84 351 16 18 1 0
260 208 9 13 1 0
359 345 11 17 1 0
220 12 8 10 1 0
154 130 9 13 1 0
137 115 9 13 1 0
494 41 9 12 1 0
544 93 9 12 1 0
335 343 11 17 1 0
508 89 9 12 1 0
124 60 8 10 1 0
446 15 9 12 1 0
224 74 8 10 1 0
355 58 9 12 1 0
325 116 9 12 1 0
113 62 8 10 1 0
222 25 8 10 1 0
52 78 8 10 1 0
428 10 9 12 1 0
449 247 11 17 1 0
174 76 8 10 1 0
508 371 11 17 1 0
216 190 9 13 1 0
163 67 8 10 1 0
283 341 11 17 1 0
34 172 9 13 1 0
114 26 8 10 1 0
394 241 11 17 1 0
32 127 9 13 1 0
566 150 9 12 1 0
487 263 11 17 1 0
453 68 9 12 1 0
61 226 16 18 1 0
343 269 11 17 1 0
129 196 9 13 1 0
12 3 8 10 1 0
437 370 11 17 1 0
226 260 16 18 1 0
59 19 8 10 1 0
273 99 9 12 1 0
246 22 8 10 1 0
148 55 8 10 1 0
407 122 9 12 1 0
411 275 11 17 1 0
345 245 11 17 1 0
459 19 9 12 1 0
451 87 9 12 1 0
24 105 9 13 1 0
221 50 8 10 1 0
164 285 16 18 1 0
78 310 16 18 1 0
139 64 8 10 1 0
8 300 16 18 1 0
391 257 11 17 1 0
506 303 11 17 1 0
211 186 9 13 1 0
553 60 9 12 1 0
476 343 11 17 1 0
23 30 8 10 1 0
163 298 16 18 1 0
299 46 9 12 1 0
301 10 9 12 1 0
303 72 9 12 1 0
331 109 9 12 1 0
177 119 9 13 1 0
327 224 11 17 1 0
411 194 9 12 1 0
351 80 9 12 1 0
279 142 9 12 1 0
146 232 16 18 1 0
320 284 11 17 1 0
253 114 9 13 1 0
572 85 9 12 1 0
49 259 16 18 1 0
57 236 16 18 1 0
106 102 8 10 1 0
239 171 9 13 1 0
431 183 9 12 1 0
479 100 9 12 1 0
262 186 9 12 1 0
559 267 11 17 1 0
220 142 9 13 1 0
233 236 16 18 1 0
539 308 11 17 1 0
355 133 9 12 1 0
308 104 9 12 1 0
179 61 8 10 1 0
269 200 13 16 1 0
548 352 11 17 1 0
148 77 8 10 1 0
123 255 16 18 1 0
51 43 8 10 1 0
211 9 8 10 1 0
568 63 9 12 1 0
250 278 16 18 1 0
90 280 16 18 1 0
552 30 9 12 1 0
89 265 16 18 1 0
86 242 16 18 1 0
78 40 8 10 1 0
96 175 9 13 1 0
17 40 8 10 1 0
490 250 11 17 1 0
37 39 8 10 1 0
428 236 11 17 1 0
510 279 11 17 1 0
351 123 9 12 1 0
275 119 9 12 1 0
407 141 9 12 1 0
211 101 8 10 1 0
373 238 11 17 1 0
120 73 8 10 1 0
365 199 11 17 1 0
431 324 11 17 1 0
397 324 11 17 1 0
345 285 11 17 1 0
466 110 9 12 1 0
69 209 9 13 1 0
385 58 9 12 1 0
277 78 9 12 1 0
212 245 16 18 1 0
111 152 9 13 1 0
203 16 8 10 1 0
15 244 16 18 1 0
302 138 9 12 1 0
182 34 8 10 1 0
73 70 8 10 1 0
82 190 9 13 1 0
458 263 11 17 1 0
344 322 11 17 1 0
192 88 8 10 1 0
43 208 9 13 1 0
566 282 11 17 1 0
478 275 11 17 1 0
135 243 16 18 1 0
175 190 9 13 1 0
42 246 16 18 1 0
410 260 11 17 1 0
485 322 11 17 1 0
64 251 16 18 1 0
500 329 11 17 1 0
445 118 9 12 1 0
522 275 11 17 1 0
127 159 9 13 1 0
542 39 9 12 1 0
209 302 16 18 1 0
540 166 9 12 1 0
173 130 9 13 1 0
382 90 9 12 1 0
269 319 16 18 1 0
398 4 9 12 1 0
503 115 9 12 1 0
502 217 11 17 1 0
255 237 16 18 1 0
519 343 11 17 1 0
176 45 8 10 1 0
377 21 9 12 1 0
309 166 9 12 1 0
200 64 8 10 1 0
545 1 9 12 1 0
460 372 11 17 1 0
411 298 11 17 1 0
524 2 9 12 1 0
273 33 9 12 1 0
60 281 16 18 1 0
128 330 16 18 1 0
55 162 9 13 1 0
522 300 11 17 1 0
485 193 9 12 1 0
390 55 9 12 1 0
39 295 16 18 1 0
531 207 11 17 1 0
525 85 9 12 1 0
561 89 9 12 1 0
47 129 9 13 1 0
264 71 9 12 1 0
100 10 8 10 1 0
249 341 16 18 1 0
145 215 9 13 1 0
305 118 9 12 1 0
91 201 9 13 1 0
470 40 9 12 1 0
115 5 8 10 1 0
356 218 11 17 1 0
470 244 11 17 1 0
487 340 11 17 1 0
87 117 9 13 1 0
508 39 9 12 1 0
323 78 9 12 1 0
405 174 9 12 1 0
421 17 9 12 1 0
526 115 9 12 1 0
56 68 8 10 1 0
0 12 8 10 1 0
335 118 9 12 1 0
364 19 9 12 1 0
48 315 16 18 1 0
82 326 16 18 1 0
113 35 8 10 1 0
387 10 9 12 1 0
536 59 9 12 1 0
335 172 9 12 1 0
22 16 8 10 1 0
458 286 11 17 1 0
483 37 9 12 1 0
566 168 9 12 1 0
501 58 9 12 1 0
339 65 9 12 1 0
308 268 11 17 1 0
507 77 9 12 1 0
562 242 11 17 1 0
11 318 16 18 1 0
108 262 16 18 1 0
527 264 11 17 1 0
377 295 11 17 1 0
37 8 8 10 1 0
38 64 8 10 1 0
176 101 8 10 1 0
170 226 16 18 1 0
426 102 9 12 1 0
416 97 9 12 1 0
504 264 11 17 1 0
457 203 11 17 1 0
89 41 8 10 1 0
320 307 11 17 1 0
454 48 9 12 1 0
545 137 9 12 1 0
417 325 11 17 1 0
108 45 8 10 1 0
256 72 8 10 1 0
368 155 9 12 1 0
5 60 8 10 1 0
25 211 9 13 1 0
125 28 8 10 1 0
97 69 8 10 1 0
516 117 9 12 1 0
59 190 9 13 1 0
431 157 9 12 1 0
454 123 9 12 1 0
377 56 9 12 1 0
381 339 11 17 1 0
540 213 11 17 1 0
169 186 9 13 1 0
514 171 9 12 1 0
434 261 11 17 1 0
156 96 8 10 1 0
141 303 16 18 1 0
289 51 9 12 1 0
418 152 9 12 1 0
213 256 16 18 1 0
354 307 11 17 1 0
399 61 9 12 1 0
378 112 9 12 1 0
572 140 9 12 1 0
528 181 9 12 1 0
95 351 16 18 1 0
26 44 8 10 1 0
41 59 8 10 1 0
239 143 9 13 1 0
248 79 8 10 1 0
479 374 11 17 1 0
6 360 16 18 1 0
342 153 9 12 1 0
127 71 8 10 1 0
559 66 9 12 1 0
470 262 11 17 1 0
51 175 9 13 1 0
146 344 16 18 1 0
549 270 11 17 1 0
567 321 11 17 1 0
571 106 9 12 1 0
146 101 8 10 1 0
493 293 11 17 1 0
392 119 9 12 1 0
101 62 8 10 1 0
309 53 9 12 1 0
31 151 9 13 1 0
454 143 9 12 1 0
337 244 11 17 1 0
175 274 16 18 1 0
19 261 16 18 1 0
202 312 16 18 1 0
244 94 8 10 1 0
198 173 9 13 1 0
507 362 11 17 1 0
438 67 9 12 1 0
46 5 8 10 1 0
452 271 11 17 1 0
369 130 9 12 1 0
347 295 11 17 1 0
541 289 11 17 1 0
451 77 9 12 1 0
81 297 16 18 1 0
125 218 12 15 1 0
15 202 9 13 1 0
170 210 9 13 1 0
76 129 9 13 1 0
191 262 16 18 1 0
215 221 16 18 1 0
359 112 9 12 1 0
391 294 11 17 1 0
557 41 9 12 1 0
546 56 9 12 1 0
365 318 11 17 1 0
417 308 11 17 1 0
468 155 9 12 1 0
459 238 11 17 1 0
204 198 9 13 1 0
364 363 11 17 1 0
530 143 9 12 1 0
184 341 16 18 1 0
488 151 9 12 1 0
555 11 9 12 1 0
365 170 9 12 1 0
141 320 16 18 1 0
241 316 16 18 1 0
344 362 11 17 1 0
519 247 11 17 1 0
119 284 16 18 1 0
96 253 16 18 1 0
151 40 8 10 1 0
480 237 11 17 1 0
190 248 16 18 1 0
201 230 16 18 1 0
330 156 9 12 1 0
203 69 8 10 1 0
406 38 9 12 1 0
187 186 9 13 1 0
323 68 9 12 1 0
137 52 8 10 1 0
126 119 9 13 1 0
399 150 9 12 1 0
461 319 11 17 1 0
259 94 8 10 1 0
149 263 16 18 1 0
132 35 8 10 1 0
99 34 8 10 1 0
457 165 9 12 1 0
72 142 9 13 1 0
218 69 8 10 1 0
553 318 11 17 1 0
557 141 9 12 1 0
375 311 11 17 1 0
183 256 16 18 1 0
567 358 11 17 1 0
565 306 11 17 1 0
139 167 9 13 1 0
15 79 8 10 1 0
551 283 11 17 1 0
79 20 8 10 1 0
391 134 9 12 1 0
188 103 9 13 1 0
435 311 11 17 1 0
182 24 8 10 1 0
245 142 9 13 1 0
161 50 8 10 1 0
389 170 9 12 1 0
77 63 8 10 1 0
73 12 8 10 1 0
301 285 11 17 1 0
226 93 8 10 1 0
345 168 9 12 1 0
210 76 8 10 1 0
342 17 9 12 1 0
61 41 8 10 1 0
159 169 9 13 1 0
291 313 11 17 1 0
533 354 11 17 1 0
428 75 9 12 1 0
44 31 8 10 1 0
26 70 8 10 1 0
67 33 8 10 1 0
450 311 11 17 1 0
566 196 9 12 1 0
61 297 16 18 1 0
447 202 11 17 1 0
403 72 9 12 1 0
23 342 16 18 1 0
503 149 9 12 1 0
443 161 9 12 1 0
229 345 16 18 1 0
0 167 9 13 1 0
182 65 8 10 1 0
377 32 9 12 1 0
455 214 11 17 1 0
54 339 16 18 1 0
574 2 9 12 1 0
295 221 11 17 1 0
319 352 11 17 1 0
192 191 9 13 1 0
365 285 11 17 1 0
245 251 16 18 1 0
103 29 8 10 1 0
124 144 9 13 1 0
372 255 11 17 1 0
278 45 9 12 1 0
325 9 9 12 1 0
3 132 9 13 1 0
572 15 9 12 1 0
500 341 11 17 1 0
312 227 11 17 1 0
468 65 9 12 1 0
190 5 8 10 1 0
104 192 9 13 1 0
444 72 9 12 1 0
109 312 16 18 1 0
511 289 11 17 1 0
242 72 8 10 1 0
497 83 9 12 1 0
500 36 9 12 1 0
302 252 11 17 1 0
541 251 11 17 1 0
199 42 8 10 1 0
265 239 16 18 1 0
158 29 8 10 1 0
319 50 9 12 1 0
536 366 11 17 1 0
424 28 9 12 1 0
157 229 16 18 1 0
403 54 9 12 1 0
339 52 9 12 1 0
43 353 16 18 1 0
34 194 9 13 1 0
14 164 9 13 1 0
303 128 9 12 1 0
95 217 10 14 1 0
175 69 8 10 1 0
316 150 9 12 1 0
313 112 9 12 1 0
319 333 11 17 1 0
69 86 8 10 1 0
