322 566 7 9 1 0
256 838 12 13 1 0
33 571 7 9 1 0
213 737 12 13 1 0
566 607 7 9 1 0
408 753 12 13 1 0
240 338 6 8 1 1
156 622 7 9 1 0
296 546 7 9 1 0
746 895 12 13 1 0
275 737 12 13 1 0
261 931 12 13 1 0
330 943 12 13 1 0
866 1172 15 20 1 0
63 555 7 9 1 0
338 221 4 4 1 1
375 863 12 13 1 0
145 1136 15 20 1 0
175 262 4 4 1 1
365 620 7 9 1 0
365 723 12 13 1 0
685 624 7 9 1 0
459 558 7 9 1 0
588 930 12 13 1 0
40 1080 15 20 1 0
859 531 7 9 1 0
137 431 6 8 1 1
245 641 7 9 1 0
200 295 4 4 1 1
348 176 4 4 1 1
736 466 6 8 1 0
286 590 7 9 1 0
101 256 4 4 1 1
294 379 6 8 1 1
426 813 12 13 1 0
5 273 4 4 1 1
171 546 7 9 1 0
839 558 7 9 1 0
228 1003 15 20 1 0
640 705 12 13 1 0
743 400 6 8 1 0
171 421 6 8 1 1
812 442 6 8 1 0
588 717 12 13 1 0
491 550 7 9 1 0
425 699 12 13 1 0
419 364 6 8 1 1
7 357 6 8 1 1
77 256 4 4 1 1
837 1218 15 20 1 0
304 766 12 13 1 0
358 882 12 13 1 0
340 852 12 13 1 0
182 327 6 8 1 1
625 518 7 9 1 0
63 661 7 9 1 0
191 557 7 9 1 0
153 812 12 13 1 0
504 880 12 13 1 0
167 1051 15 20 1 0
553 748 12 13 1 0
63 471 6 8 1 1
474 903 12 13 1 0
199 251 4 4 1 1
12 532 7 9 1 0
293 524 7 9 1 0
572 728 12 13 1 0
162 533 7 9 1 0
486 862 12 13 1 0
589 758 12 13 1 0
77 431 6 8 1 1
320 1038 15 20 1 0
89 1134 15 20 1 0
407 776 12 13 1 0
537 643 7 9 1 0
505 772 12 13 1 0
166 269 4 4 1 1
545 669 12 13 1 0
849 479 6 8 1 0
178 240 4 4 1 1
362 514 7 9 1 0
492 690 12 13 1 0
852 803 12 13 1 0
39 773 12 13 2 0
446 565 7 9 1 0
233 197 4 4 1 1
287 582 7 9 1 0
527 648 7 9 1 0
343 584 7 9 1 0
87 443 6 8 1 1
255 255 4 4 1 1
246 730 12 13 1 0
741 1312 15 20 1 0
240 867 12 13 1 0
307 322 6 8 1 1
47 303 4 4 1 1
239 958 12 13 1 0
26 176 4 4 1 1
351 373 6 8 1 1
953 622 7 9 1 0
272 626 7 9 1 0
333 582 7 9 1 0
82 593 7 9 1 0
302 450 6 8 1 1
522 693 12 13 1 0
232 447 6 8 1 1
203 530 7 9 1 0
105 711 12 13 1 0
26 572 7 9 1 0
18 262 4 4 1 1
382 314 5 7 1 1
267 263 4 4 1 1
250 389 6 8 1 1
68 377 6 8 1 1
633 662 7 9 1 0
795 492 6 8 1 0
500 698 12 13 1 0
182 375 6 8 1 1
259 204 4 4 1 1
207 536 7 9 1 0
284 168 4 4 1 1
274 805 12 13 1 0
341 298 4 4 1 1
446 887 12 13 1 0
186 245 4 4 1 1
75 318 6 8 1 1
430 332 6 8 1 1
402 385 6 8 1 1
307 484 6 8 1 1
513 1109 15 20 1 0
631 921 12 13 1 0
202 377 6 8 1 1
581 490 6 8 1 1
333 487 6 8 1 1
144 216 4 4 1 1
516 862 12 13 1 0
81 382 6 8 1 1
20 356 6 8 1 1
4 263 4 4 1 1
365 1115 15 20 1 0
299 798 12 13 1 0
934 760 12 13 1 0
326 170 4 4 1 1
97 678 12 13 1 0
458 608 7 9 1 0
258 536 7 9 1 0
413 576 7 9 1 0
208 146 4 4 1 1
881 551 7 9 1 0
425 787 12 13 1 0
591 661 7 9 1 0
625 688 12 13 1 0
127 388 6 8 1 1
230 584 7 9 1 0
244 255 4 4 1 1
711 1158 15 20 1 0
587 1000 15 20 1 0
542 548 7 9 1 0
438 548 7 9 1 0
284 924 12 13 1 0
896 684 12 13 1 0
226 650 7 9 1 0
779 1033 15 20 1 0
593 642 7 9 1 0
279 529 7 9 1 0
405 423 6 8 1 1
119 167 4 4 1 1
56 283 4 4 1 1
208 157 4 4 1 1
185 335 6 8 1 1
118 367 6 8 1 1
475 682 12 13 1 0
135 1118 15 20 1 0
42 719 12 13 1 0
325 808 12 13 1 0
43 621 7 9 1 0
223 455 6 8 1 1
649 624 7 9 1 0
432 464 6 8 1 1
574 609 7 9 1 0
316 159 4 4 1 1
490 683 12 13 1 0
105 736 12 13 1 0
153 223 4 4 1 1
94 905 12 13 1 0
224 348 6 8 1 1
751 1201 15 20 1 0
116 777 12 13 1 0
450 496 7 9 1 0
93 829 12 13 1 0
3 781 12 13 1 0
379 728 12 13 1 0
812 819 12 13 1 0
65 163 4 4 1 1
146 190 4 4 1 1
128 958 12 13 1 0
140 161 4 4 1 1
213 198 4 4 1 1
390 332 6 8 1 1
497 637 7 9 1 0
563 889 12 13 1 0
129 754 12 13 1 0
590 742 12 13 1 0
363 564 7 9 1 0
757 1143 15 20 1 0
68 912 12 13 1 0
441 480 6 8 1 1
564 543 7 9 1 0
817 865 12 13 1 0
438 356 6 8 1 1
453 643 7 9 1 0
204 825 12 13 1 0
254 675 12 13 1 0
348 566 7 9 1 0
316 596 7 9 1 0
288 413 6 8 1 1
153 788 12 13 1 0
192 580 7 9 1 0
781 485 6 8 1 0
865 932 12 13 1 0
217 573 7 9 1 0
296 164 4 4 1 1
795 536 7 9 1 0
280 997 15 20 1 0
64 958 12 13 1 0
282 781 12 13 1 0
361 1145 15 20 1 0
538 677 12 13 1 0
326 399 6 8 1 1
95 888 12 13 1 0
308 741 12 13 1 0
76 553 7 9 1 0
423 723 12 13 1 0
258 668 12 13 1 0
298 160 4 4 1 1
741 792 12 13 1 0
216 926 12 13 1 0
308 990 15 20 1 0
190 168 4 4 1 1
895 1316 15 20 1 0
638 521 7 9 1 0
283 732 12 13 1 0
498 648 7 9 1 0
206 364 6 8 1 1
72 296 4 4 1 1
678 504 7 9 1 0
321 258 4 4 1 1
338 188 4 4 1 1
168 192 4 4 1 1
422 546 7 9 1 0
451 358 6 8 1 1
520 668 12 13 1 0
37 541 7 9 1 0
403 333 6 8 1 1
228 369 6 8 1 1
572 923 12 13 1 0
212 692 12 13 1 0
533 494 6 8 1 0
138 457 6 8 1 1
23 190 4 4 1 1
280 661 7 9 1 0
765 1066 15 20 1 0
23 509 7 9 1 0
479 596 7 9 1 0
567 844 12 13 1 0
539 762 12 13 1 0
95 543 7 9 1 0
375 241 4 4 1 1
331 362 6 8 1 1
150 652 7 9 1 0
220 339 6 8 1 1
248 201 4 4 1 1
376 773 12 13 1 0
251 511 7 9 1 0
259 176 4 4 1 1
167 897 12 13 1 0
401 476 6 8 1 1
173 252 4 4 1 1
165 370 6 8 1 1
101 757 12 13 1 0
64 252 4 4 1 1
224 203 4 4 1 1
979 613 7 9 1 0
457 921 12 13 1 0
394 576 7 9 1 0
55 376 6 8 1 1
314 670 12 13 1 0
545 508 7 9 1 0
386 352 6 8 1 1
464 405 6 8 1 1
232 1101 15 20 1 0
523 1009 15 20 1 0
192 520 7 9 1 0
294 436 6 8 1 1
357 1161 15 20 1 0
721 556 7 9 1 0
168 339 6 8 1 1
110 460 6 8 1 1
427 593 7 9 1 0
318 330 6 8 1 1
523 530 7 9 1 0
817 529 7 9 1 0
151 269 4 4 1 1
423 421 6 8 1 1
191 193 4 4 1 1
46 447 6 8 1 1
313 865 12 13 1 0
199 756 12 13 1 0
109 937 12 13 1 0
122 346 6 8 1 1
405 844 12 13 1 0
586 1144 15 20 1 0
389 260 4 4 1 1
71 283 4 4 1 1
96 218 4 4 1 1
784 972 15 20 1 0
628 582 7 9 1 0
181 158 4 4 1 1
284 542 7 9 1 0
581 670 12 13 1 0
258 165 4 4 1 1
80 284 4 4 1 1
749 373 6 8 1 0
417 288 4 4 1 1
959 562 7 9 1 0
174 706 12 13 1 0
253 360 6 8 1 1
116 510 7 9 1 0
204 681 12 13 1 0
679 777 12 13 1 0
569 1001 15 20 1 0
164 560 7 9 1 0
378 210 4 4 1 1
226 277 4 4 1 1
499 526 7 9 1 0
516 546 7 9 1 0
146 151 4 4 1 1
372 460 6 8 1 1
170 387 6 8 1 1
633 829 12 13 1 0
574 1132 15 20 1 0
403 362 6 8 1 1
88 1160 15 20 1 0
734 485 6 8 1 0
372 258 4 4 1 1
125 196 4 4 1 1
243 173 4 4 1 1
420 559 7 9 1 0
780 472 6 8 1 0
25 534 7 9 1 0
95 779 12 13 1 0
253 1020 15 20 1 0
215 287 4 4 1 1
250 485 6 8 1 1
357 527 7 9 1 0
412 629 7 9 1 0
112 578 7 9 1 0
9 705 12 13 1 0
626 948 12 13 1 0
243 382 6 8 1 1
415 533 7 9 1 0
316 214 4 4 1 1
373 350 6 8 1 1
449 670 12 13 1 0
547 979 15 20 1 0
2 1192 15 20 1 0
36 190 4 4 1 1
157 1154 15 20 1 0
588 617 7 9 1 0
480 611 7 9 1 0
272 202 4 4 1 1
297 287 4 4 1 1
47 281 4 4 1 1
924 1162 15 20 1 0
537 564 7 9 1 0
235 267 4 4 1 1
388 240 4 4 1 1
177 818 12 13 1 0
432 345 6 8 1 1
486 403 6 8 1 1
582 893 12 13 1 0
110 837 12 13 1 0
143 556 7 9 1 0
674 691 12 13 1 0
368 816 12 13 1 0
135 836 12 13 1 0
204 181 4 4 1 1
405 301 4 4 1 1
207 816 12 13 1 0
175 556 7 9 1 0
356 228 4 4 1 1
472 666 7 9 1 0
17 805 12 13 1 0
364 449 6 8 1 1
250 552 7 9 1 0
74 510 7 9 1 0
94 698 12 13 1 0
244 359 6 8 1 1
187 350 6 8 1 1
919 539 7 9 1 0
750 439 6 8 1 0
193 573 7 9 1 0
490 416 6 8 1 1
273 368 6 8 1 1
502 477 6 8 1 1
632 774 12 13 1 0
683 531 7 9 1 0
597 874 12 13 1 0
106 369 6 8 1 1
502 689 12 13 1 0
72 625 7 9 1 0
106 346 6 8 1 1
443 722 12 13 1 0
616 761 12 13 1 0
669 378 6 8 1 0
7 288 4 5 1 1
82 206 4 4 1 1
150 478 6 8 1 1
448 460 6 8 1 1
141 788 12 13 1 0
887 559 7 9 1 0
373 636 7 9 1 0
512 1317 15 20 1 0
126 208 4 4 1 1
502 737 12 13 1 0
110 529 7 9 1 0
72 641 7 9 1 0
330 683 12 13 1 0
87 669 12 13 1 0
60 545 7 9 1 0
351 239 4 4 1 1
686 411 6 8 1 0
438 313 6 8 1 1
224 782 12 13 1 0
181 167 4 4 1 1
401 278 4 4 1 1
43 273 4 4 1 1
416 419 6 8 1 1
162 162 4 4 1 1
420 742 12 13 1 0
698 538 7 9 1 0
324 275 4 4 1 1
446 1153 15 20 1 0
735 475 6 8 1 0
179 610 7 9 1 0
383 272 4 4 1 1
333 279 4 4 1 1
274 510 7 9 1 0
72 206 4 4 1 1
77 179 4 4 1 1
186 393 6 8 1 1
132 474 6 8 1 1
283 948 12 13 1 0
66 190 4 4 1 1
88 256 4 4 1 1
606 636 7 9 1 0
238 450 6 8 1 1
710 384 6 8 1 0
212 942 12 13 1 0
338 165 4 4 1 1
524 539 7 9 1 0
237 541 7 9 1 0
456 799 12 13 1 0
314 483 6 8 1 1
65 451 6 8 1 1
116 338 6 8 1 1
526 571 7 9 1 0
269 488 6 8 1 1
230 714 12 13 1 0
265 749 12 13 1 0
247 609 7 9 1 0
775 849 12 13 1 0
506 1009 15 20 1 0
772 473 6 8 1 0
19 625 7 9 1 0
538 636 7 9 1 0
29 962 12 13 1 0
583 652 7 9 1 0
260 295 4 4 1 1
434 437 6 8 1 1
209 872 12 13 1 0
629 745 12 13 1 0
231 604 7 9 1 0
266 229 4 4 1 1
22 389 6 8 1 1
149 161 4 4 1 1
690 714 12 13 1 0
392 417 6 8 1 1
372 505 7 9 1 0
881 500 7 9 1 0
691 477 6 8 1 0
225 643 7 9 1 0
270 194 4 4 1 1
663 368 6 8 1 0
186 787 12 13 1 0
255 193 4 4 1 1
196 231 4 4 1 1
331 176 4 4 1 1
586 783 12 13 1 0
167 240 4 4 1 1
277 1133 15 20 1 0
411 582 7 9 1 0
598 810 12 13 1 0
78 474 6 8 1 1
298 724 12 13 1 0
76 461 6 8 1 1
271 795 12 13 1 0
63 338 6 8 1 1
769 575 7 9 1 0
869 410 6 8 1 0
915 650 7 9 1 0
763 1093 15 20 1 0
335 594 7 9 1 0
112 473 6 8 1 1
78 765 12 13 1 0
184 662 7 9 1 0
564 707 12 13 1 0
693 1060 15 20 1 0
196 794 12 13 1 0
567 650 7 9 1 0
979 1190 15 20 1 0
63 329 6 8 1 1
166 263 4 4 1 1
134 706 12 13 1 0
116 240 4 4 1 1
168 1030 15 20 1 0
290 365 6 8 1 1
235 206 4 4 1 1
89 622 7 9 1 0
358 395 6 8 1 1
328 240 4 4 1 1
472 589 7 9 1 0
685 1027 15 20 1 0
449 820 12 13 1 0
470 620 7 9 1 0
182 721 12 13 1 0
370 906 12 13 1 0
261 547 7 9 1 0
918 522 7 9 1 0
85 1117 15 20 1 0
262 397 6 8 1 1
231 172 4 4 1 1
350 423 6 8 1 1
350 206 4 4 1 1
400 531 7 9 1 0
12 446 6 8 1 1
803 468 6 8 1 0
414 443 6 8 1 1
334 999 15 20 1 0
14 693 12 13 1 0
545 903 12 13 1 0
548 1143 15 20 1 0
643 567 7 9 1 0
572 812 12 13 1 0
36 334 6 8 1 1
190 142 4 4 1 1
93 747 12 13 1 0
168 378 6 8 1 1
753 817 12 13 1 0
142 282 4 4 1 1
516 908 12 13 1 0
5 1074 15 20 1 0
174 172 4 4 1 1
402 443 6 8 1 1
170 453 6 8 1 1
328 523 7 9 1 0
182 832 12 13 1 0
577 496 7 9 1 0
605 541 7 9 1 0
342 286 4 4 1 1
138 608 7 9 1 0
646 1040 15 20 1 0
525 1078 15 20 1 0
700 809 12 13 1 0
328 733 12 13 1 0
209 245 4 4 1 1
748 517 7 9 1 0
307 750 12 13 1 0
547 793 12 13 1 0
151 576 7 9 1 0
709 497 7 9 1 0
274 294 4 4 1 1
279 474 6 8 1 1
36 752 12 13 1 0
246 295 4 4 1 1
679 604 7 9 1 0
190 310 5 6 1 1
805 619 7 9 1 0
152 275 4 4 1 1
107 647 7 9 1 0
387 402 6 8 1 1
672 722 12 13 1 0
106 526 7 9 1 0
233 471 6 8 1 1
218 545 7 9 1 0
38 317 6 8 1 1
340 381 6 8 1 1
135 917 12 13 1 0
416 517 7 9 1 0
222 176 4 4 1 1
606 746 12 13 1 0
148 304 4 5 1 1
200 197 4 4 1 1
753 576 7 9 1 0
161 550 7 9 1 0
693 1011 15 20 1 0
150 831 12 13 1 0
118 609 7 9 1 0
204 473 6 8 1 1
207 596 7 9 1 0
230 620 7 9 1 0
25 459 6 8 1 1
122 178 4 4 1 1
53 651 7 9 1 0
291 536 7 9 1 0
456 411 6 8 1 1
788 371 6 8 1 0
370 594 7 9 1 0
71 519 7 9 1 0
186 249 4 4 1 1
227 562 7 9 1 0
176 851 12 13 1 0
127 1095 15 20 1 0
122 741 12 13 1 0
217 626 7 9 1 0
351 721 12 13 1 0
26 718 12 13 1 0
404 609 7 9 1 0
586 512 7 9 1 0
757 402 6 8 1 0
233 297 4 4 1 1
404 1162 15 20 1 0
374 307 5 6 1 1
460 647 7 9 1 0
620 649 7 9 1 0
927 507 7 9 1 0
807 700 12 13 1 0
730 540 7 9 1 0
139 253 4 4 1 1
206 329 6 8 1 1
93 519 7 9 1 0
273 541 7 9 1 0
69 533 7 9 1 0
804 381 6 8 1 0
509 674 12 13 1 0
322 581 7 9 1 0
292 596 7 9 1 0
654 472 6 8 1 0
175 691 12 13 1 0
580 1047 15 20 1 0
156 283 4 4 1 1
25 429 6 8 1 1
119 626 7 9 1 0
9 365 6 8 1 1
623 494 6 8 1 0
356 508 7 9 1 0
515 479 6 8 1 1
15 648 7 9 1 0
370 764 12 13 1 0
57 409 6 8 1 1
195 526 7 9 1 0
169 427 6 8 1 1
410 652 7 9 1 0
234 517 7 9 1 0
502 537 7 9 1 0
29 555 7 9 1 0
384 478 6 8 1 1
240 420 6 8 1 1
545 650 7 9 1 0
263 368 6 8 1 1
225 972 15 20 1 0
181 448 6 8 1 1
473 632 7 9 1 0
833 530 7 9 1 0
470 554 7 9 1 0
160 521 7 9 1 0
538 663 7 9 1 0
48 488 6 8 1 1
236 554 7 9 1 0
223 196 4 4 1 1
791 462 6 8 1 0
42 555 7 9 1 0
424 621 7 9 1 0
304 364 6 8 1 1
726 362 6 8 1 0
99 964 12 13 1 0
601 698 12 13 1 0
295 908 12 13 1 0
51 319 6 8 1 1
230 356 6 8 1 1
342 366 6 8 1 1
770 885 12 13 1 0
19 527 7 9 1 0
5 873 12 13 1 0
41 729 12 13 1 0
145 529 7 9 1 0
322 414 6 8 1 1
44 680 12 13 1 0
262 332 6 8 1 1
531 784 12 13 1 0
552 620 7 9 1 0
11 935 12 13 1 0
266 575 7 9 1 0
450 379 6 8 1 1
241 895 12 13 1 0
256 601 7 9 1 0
57 177 4 4 1 1
228 761 12 13 1 0
274 1216 15 20 1 0
755 446 6 8 1 0
502 494 6 8 1 0
537 740 12 13 1 0
368 313 5 7 1 1
55 632 7 9 1 0
307 215 4 4 1 1
350 397 6 8 1 1
21 400 6 8 1 1
401 707 12 13 1 0
339 516 7 9 1 0
245 661 7 9 1 0
334 642 7 9 1 0
263 568 7 9 1 0
261 1112 15 20 1 0
22 889 12 13 1 0
151 254 4 4 1 1
150 334 6 8 1 1
172 920 12 13 1 0
273 865 12 13 1 0
450 786 12 13 1 0
214 431 6 8 1 1
638 366 6 8 1 0
534 553 7 9 1 0
33 294 4 4 1 1
522 508 7 9 1 0
531 939 12 13 1 0
43 167 4 4 1 1
108 1117 15 20 1 0
551 706 12 13 1 0
42 407 6 8 1 1
831 562 7 9 1 0
29 582 7 9 1 0
892 516 7 9 1 0
367 746 12 13 1 0
159 685 12 13 1 0
337 242 4 4 1 1
390 626 7 9 1 0
404 935 12 13 1 0
698 386 6 8 1 0
198 340 6 8 1 1
63 895 12 13 1 0
449 717 12 13 1 0
664 1162 15 20 1 0
307 534 7 9 1 0
59 564 7 9 1 0
167 204 4 4 1 1
384 343 6 8 1 1
98 661 7 9 1 0
76 347 6 8 1 1
265 706 12 13 1 0
86 299 4 4 1 1
588 681 12 13 1 0
334 750 12 13 1 0
116 518 7 9 1 0
765 917 12 13 1 0
187 625 7 9 1 0
490 566 7 9 1 0
57 671 12 13 1 0
377 549 7 9 1 0
110 619 7 9 1 0
207 511 7 9 1 0
72 336 6 8 1 1
331 220 4 4 1 1
22 342 6 8 1 1
6 338 6 8 1 1
198 728 12 13 1 0
743 756 12 13 1 0
554 722 12 13 1 0
928 1141 15 20 1 0
88 330 6 8 1 1
183 514 7 9 1 0
252 284 4 4 1 1
625 725 12 13 1 0
125 143 4 4 1 1
397 984 15 20 1 0
671 795 12 13 1 0
787 1176 15 20 1 0
405 522 7 9 1 0
83 646 7 9 1 0
325 233 4 4 1 1
159 191 4 4 1 1
485 436 6 8 1 1
70 717 12 13 1 0
101 1011 15 20 1 0
48 573 7 9 1 0
355 568 7 9 1 0
220 314 5 6 1 1
127 547 7 9 1 0
143 627 7 9 1 0
351 544 7 9 1 0
118 436 6 8 1 1
372 417 6 8 1 1
100 395 6 8 1 1
188 473 6 8 1 1
734 514 7 9 1 0
632 850 12 13 1 0
572 768 12 13 1 0
845 490 6 8 1 0
72 423 6 8 1 1
319 552 7 9 1 0
348 189 4 4 1 1
405 308 5 6 1 1
328 284 4 4 1 1
288 611 7 9 1 0
459 708 12 13 1 0
127 535 7 9 1 0
542 478 6 8 1 1
423 768 12 13 1 0
780 834 12 13 1 0
72 806 12 13 1 0
737 511 7 9 1 0
319 390 6 8 1 1
73 1010 15 20 1 0
340 257 4 4 1 1
507 711 12 13 1 0
667 843 12 13 1 0
42 430 6 8 1 1
96 460 6 8 1 1
598 630 7 9 1 0
216 564 7 9 1 0
404 353 6 8 1 1
392 208 4 4 1 1
107 274 4 4 1 1
347 270 4 4 1 1
57 422 6 8 1 1
734 397 6 8 1 0
405 672 12 13 1 0
274 498 7 9 1 0
368 400 6 8 1 1
613 693 12 13 1 0
68 348 6 8 1 1
478 370 6 8 1 1
759 444 6 8 1 0
405 624 7 9 1 0
397 376 6 8 1 1
239 358 6 8 1 1
105 788 12 13 1 0
640 1194 15 20 1 0
27 488 6 8 1 1
831 828 12 13 1 0
365 241 4 4 1 1
736 918 12 13 1 0
170 764 12 13 1 0
487 1086 15 20 1 0
668 890 12 13 1 0
132 224 4 4 1 1
776 549 7 9 1 0
439 524 7 9 1 0
248 342 6 8 1 1
674 823 12 13 1 0
28 444 6 8 1 1
309 525 7 9 1 0
22 754 12 13 1 0
121 690 12 13 1 0
100 319 6 8 1 1
767 652 7 9 1 0
604 341 6 8 1 1
396 692 12 13 1 0
294 474 6 8 1 1
174 579 7 9 1 0
955 818 12 13 1 0
197 549 7 9 1 0
237 777 12 13 1 0
202 315 6 8 1 1
768 407 6 8 1 0
318 611 7 9 1 0
38 356 6 8 1 1
14 522 7 9 1 0
440 862 12 13 1 0
591 548 7 9 1 0
166 601 7 9 1 0
525 660 7 9 1 0
488 528 7 9 1 0
177 494 6 8 1 0
849 1005 15 20 1 0
387 702 12 13 1 0
844 641 7 9 1 0
35 1001 15 20 1 0
250 800 12 13 1 0
519 746 12 13 1 0
318 169 4 4 1 1
713 720 12 13 1 0
86 315 6 8 1 1
417 568 7 9 1 0
410 1021 15 20 1 0
18 681 12 13 1 0
341 504 7 9 1 0
348 281 4 4 1 1
98 414 6 8 1 1
42 258 4 4 1 1
727 731 12 13 1 0
478 761 12 13 1 0
421 869 12 13 1 0
416 383 6 8 1 1
477 478 6 8 1 1
49 335 6 8 1 1
388 315 6 8 1 1
676 1143 15 20 1 0
178 672 12 13 1 0
178 303 4 4 1 1
649 717 12 13 1 0
42 802 12 13 1 0
21 844 12 13 1 0
645 411 6 8 1 0
303 354 6 8 1 1
183 216 4 4 1 1
431 517 7 9 1 0
464 395 6 8 1 1
639 810 12 13 1 0
394 474 6 8 1 1
571 1104 15 20 1 0
621 803 12 13 1 0
136 367 6 8 1 1
747 467 6 8 1 0
234 706 12 13 1 0
466 523 7 9 1 0
13 157 4 4 1 1
622 832 12 13 1 0
358 613 7 9 1 0
520 526 7 9 1 0
177 194 4 4 1 1
246 546 7 9 1 0
493 616 7 9 1 0
778 1093 15 20 1 0
965 1018 13 16 1 0
408 268 4 4 1 1
434 394 6 8 1 1
172 751 12 13 1 0
40 515 7 9 1 0
571 851 12 13 1 0
73 326 6 8 1 1
98 299 4 4 1 1
422 802 12 13 1 0
933 496 7 9 1 0
214 1045 15 20 1 0
112 296 4 4 1 1
235 665 7 9 1 0
344 482 6 8 1 1
936 998 15 20 1 0
145 238 4 4 1 1
272 660 7 9 1 0
665 760 12 13 1 0
15 391 6 8 1 1
399 493 6 8 1 0
72 755 12 13 1 0
314 236 4 4 1 1
505 590 7 9 1 0
452 533 7 9 1 0
192 969 12 13 1 0
279 628 7 9 1 0
792 787 12 13 1 0
721 770 12 13 1 0
302 336 6 8 1 1
405 1143 15 20 1 0
414 819 12 13 1 0
334 270 4 4 1 1
7 507 7 9 1 0
172 357 6 8 1 1
455 519 7 9 1 0
60 445 6 8 1 1
167 636 7 9 1 0
63 532 7 9 1 0
204 173 4 4 1 1
150 569 7 9 1 0
483 746 12 13 1 0
895 1003 15 20 1 0
356 776 12 13 1 0
848 885 12 13 1 0
429 564 7 9 1 0
4 316 4 5 1 1
666 532 7 9 1 0
696 1199 15 20 1 0
177 359 6 8 1 1
302 303 4 4 1 1
332 839 12 13 1 0
582 545 7 9 1 0
754 563 7 9 1 0
194 698 12 13 1 0
230 595 7 9 1 0
211 205 4 4 1 1
101 511 7 9 1 0
431 674 12 13 1 0
780 370 6 8 1 0
32 774 12 13 2 0
390 567 7 9 1 0
558 590 7 9 1 0
261 527 7 9 1 0
631 693 12 13 1 0
947 1126 15 20 1 0
230 849 12 13 1 0
394 661 7 9 1 0
160 307 4 5 1 1
466 463 6 8 1 1
59 527 7 9 1 0
454 332 6 8 1 1
291 662 7 9 1 0
467 944 12 13 1 0
255 576 7 9 1 0
338 426 6 8 1 1
739 1019 15 20 1 0
332 720 12 13 1 0
370 271 4 4 1 1
223 719 12 13 1 0
783 460 6 8 1 0
12 566 7 9 1 0
398 322 6 8 1 1
200 663 7 9 1 0
164 615 7 9 1 0
83 715 12 13 1 0
37 877 12 13 1 0
117 631 7 9 1 0
382 386 6 8 1 1
886 877 12 13 1 0
10 421 6 8 1 1
476 639 7 9 1 0
866 1143 15 20 1 0
276 681 12 13 1 0
213 422 6 8 1 1
418 612 7 9 1 0
272 691 12 13 1 0
196 419 6 8 1 1
252 755 12 13 1 0
92 343 6 8 1 1
362 489 6 8 1 1
314 721 12 13 1 0
108 387 6 8 1 1
3 190 4 4 1 1
85 170 4 4 1 1
152 171 4 4 1 1
50 253 4 4 1 1
121 826 12 13 1 0
391 384 6 8 1 1
238 699 12 13 1 0
481 521 7 9 1 0
54 162 4 4 1 1
270 391 6 8 1 1
174 285 4 4 1 1
354 589 7 9 1 0
3 1223 15 20 1 0
526 563 7 9 1 0
65 180 4 4 1 1
171 636 7 9 1 0
784 1225 15 20 1 0
803 810 12 13 1 0
151 261 4 4 1 1
184 553 7 9 1 0
587 539 7 9 1 0
108 605 7 9 1 0
447 436 6 8 1 1
708 897 12 13 1 0
272 460 6 8 1 1
9 964 12 14 1 0
508 667 7 9 1 0
214 312 4 5 1 1
670 866 12 13 1 0
141 166 4 4 1 1
472 728 12 13 1 0
302 1153 15 20 1 0
30 251 4 4 1 1
333 448 6 8 1 1
313 665 7 9 1 0
419 304 5 6 1 1
554 778 12 13 1 0
426 636 7 9 1 0
136 189 4 4 1 1
398 399 6 8 1 1
90 943 12 13 1 0
224 800 12 13 1 0
284 392 6 8 1 1
112 403 6 8 1 1
62 236 4 4 1 1
56 206 4 4 1 1
452 686 12 13 1 0
8 587 7 9 1 0
468 773 12 13 1 0
593 589 7 9 1 0
847 1069 15 20 1 0
144 851 12 13 1 0
87 539 7 9 1 0
131 519 7 9 1 0
926 611 7 9 1 0
171 594 7 9 1 0
248 171 4 4 1 1
17 253 4 4 1 1
192 268 4 4 1 1
384 461 6 8 1 1
961 966 12 13 1 0
37 1108 15 20 1 0
195 332 6 8 1 1
255 424 6 8 1 1
577 542 7 9 1 0
509 758 12 13 1 0
57 712 12 13 1 0
591 861 12 13 1 0
369 468 6 8 1 1
352 216 4 4 1 1
20 735 12 13 1 0
48 687 12 13 1 0
859 505 7 9 1 0
4 378 6 8 1 1
87 180 4 4 1 1
373 656 7 9 1 0
58 307 5 7 1 1
559 560 7 9 1 0
336 601 7 9 1 0
976 541 7 9 1 0
358 402 6 8 1 1
513 494 6 8 1 0
251 720 12 13 1 0
678 735 12 13 1 0
424 576 7 9 1 0
535 699 12 13 1 0
964 602 7 9 1 0
180 805 12 13 1 0
122 764 12 13 1 0
322 352 6 8 1 1
784 693 12 13 1 0
195 375 6 8 1 1
56 517 7 9 1 0
3 740 12 13 1 0
277 423 6 8 1 1
66 765 12 13 1 0
741 862 12 13 1 0
432 841 12 13 1 0
551 584 7 9 1 0
322 796 12 13 1 0
379 536 7 9 1 0
391 508 7 9 1 0
367 1026 15 20 1 0
191 1117 15 20 1 0
348 255 4 4 1 1
100 633 7 9 1 0
140 261 4 4 1 1
599 497 7 9 1 0
376 790 12 13 1 0
716 832 12 13 1 0
379 493 6 8 1 0
280 241 4 4 1 1
435 956 12 13 1 0
868 521 7 9 1 0
94 383 6 8 1 1
822 879 12 13 1 0
184 946 12 13 1 0
458 1002 15 20 1 0
661 551 7 9 1 0
209 568 7 9 1 0
181 894 12 13 1 0
217 609 7 9 1 0
337 912 12 13 1 0
92 689 12 13 1 0
209 620 7 9 1 0
306 697 12 13 1 0
507 818 12 13 1 0
76 161 4 4 1 1
106 436 6 8 1 1
303 647 7 9 1 0
364 306 4 5 1 1
386 298 4 4 1 1
230 387 6 8 1 1
278 348 6 8 1 1
660 669 12 13 1 0
305 615 7 9 1 0
62 483 6 8 1 1
260 197 4 4 1 1
500 661 7 9 1 0
312 507 7 9 1 0
173 143 4 4 1 1
176 437 6 8 1 1
389 922 12 13 1 0
275 533 7 9 1 0
611 848 12 13 1 0
617 538 7 9 1 0
137 930 12 13 1 0
736 1183 15 20 1 0
406 767 12 13 1 0
473 513 7 9 1 0
311 774 12 13 1 0
977 571 7 9 1 0
99 600 7 9 1 0
224 485 6 8 1 1
224 734 12 13 1 0
270 586 7 9 1 0
336 232 4 4 1 1
328 478 6 8 1 1
719 513 7 9 1 0
293 842 12 13 1 0
639 1061 15 20 1 0
415 496 7 9 1 0
84 219 4 4 1 1
360 324 6 8 1 1
648 508 7 9 1 0
634 892 12 13 1 0
284 1036 15 20 1 0
80 483 6 8 1 1
82 214 4 4 1 1
650 569 7 9 1 0
223 240 4 4 1 1
105 596 7 9 1 0
809 455 6 8 1 0
315 540 7 9 1 0
403 548 7 9 1 0
326 615 7 9 1 0
513 556 7 9 1 0
877 482 6 8 1 0
472 414 6 8 1 1
706 847 12 13 1 0
562 634 7 9 1 0
402 264 4 4 1 1
309 435 6 8 1 1
634 415 6 8 1 0
686 524 7 9 1 0
143 724 12 13 1 0
146 690 12 13 1 0
536 809 12 13 1 0
447 868 12 13 1 0
554 758 12 13 1 0
163 420 6 8 1 1
305 732 12 13 1 0
412 667 7 9 1 0
278 830 12 13 1 0
434 381 6 8 1 1
593 827 12 13 1 0
95 528 7 9 1 0
364 278 4 4 1 1
672 937 12 13 1 0
438 332 6 8 1 1
416 591 7 9 1 0
347 523 7 9 1 0
850 661 7 9 1 0
77 1083 15 20 1 0
233 240 4 4 1 1
190 685 12 13 1 0
553 548 7 9 1 0
565 564 7 9 1 0
36 579 7 9 1 0
402 594 7 9 1 0
69 864 12 13 1 0
203 383 6 8 1 1
308 472 6 8 1 1
288 517 7 9 1 0
354 182 4 4 1 1
148 588 7 9 1 0
226 285 4 4 1 1
245 303 4 4 1 1
78 273 4 4 1 1
336 370 6 8 1 1
957 916 12 13 1 0
518 880 12 13 1 0
158 405 6 8 1 1
161 483 6 8 1 1
16 547 7 9 1 0
330 289 4 4 1 1
853 438 6 8 1 0
92 272 4 4 1 1
283 670 12 13 1 0
11 715 12 13 1 0
339 670 12 13 1 0
214 357 6 8 1 1
214 830 12 13 1 0
473 470 6 8 1 1
407 683 12 13 1 0
564 1210 15 20 1 0
758 371 6 8 1 0
308 562 7 9 1 0
10 541 7 9 1 0
15 190 4 4 1 1
384 361 6 8 1 1
369 212 4 4 1 1
281 704 12 13 1 0
250 497 7 9 1 0
19 564 7 9 1 0
321 241 4 4 1 1
16 602 7 9 1 0
520 599 7 9 1 0
355 642 7 9 1 0
52 814 12 13 1 0
215 1210 15 20 1 0
232 485 6 8 1 1
65 569 7 9 1 0
827 477 6 8 1 0
813 555 7 9 1 0
139 204 4 4 1 1
269 246 4 4 1 1
502 625 7 9 1 0
183 735 12 13 1 0
453 579 7 9 1 0
479 1314 15 20 1 0
85 525 7 9 1 0
144 566 7 9 1 0
681 918 12 13 1 0
43 529 7 9 1 0
198 618 7 9 1 0
145 314 5 7 1 1
380 953 12 13 1 0
62 849 12 13 1 0
287 336 6 8 1 1
256 391 6 8 1 1
51 232 4 4 1 1
31 501 7 9 1 0
773 450 6 8 1 0
123 643 7 9 1 0
524 621 7 9 1 0
299 569 7 9 1 0
220 950 12 13 1 0
832 928 12 13 1 0
301 637 7 9 1 0
158 540 7 9 1 0
883 1248 15 20 1 0
518 630 7 9 1 0
309 287 4 4 1 1
209 772 12 13 1 0
475 550 7 9 1 0
309 515 7 9 1 0
295 689 12 13 1 0
96 576 7 9 1 0
30 279 4 4 1 1
33 595 7 9 1 0
499 512 7 9 1 0
427 234 4 4 1 1
323 826 12 13 1 0
44 539 7 9 1 0
248 268 4 4 1 1
32 675 12 13 1 0
107 889 12 13 1 0
485 462 6 8 1 1
224 528 7 9 1 0
730 984 15 20 1 0
299 199 4 4 1 1
362 213 4 4 1 1
294 186 4 4 1 1
601 522 7 9 1 0
158 966 12 13 1 0
22 826 12 13 1 0
669 977 15 20 1 0
419 437 6 8 1 1
264 344 6 8 1 1
784 900 12 13 1 0
373 323 6 8 1 1
488 518 7 9 1 0
188 284 4 4 1 1
312 583 7 9 1 0
26 644 7 9 1 0
894 534 7 9 1 0
512 464 6 8 1 1
391 887 12 13 1 0
776 526 7 9 1 0
597 681 12 13 1 0
380 1015 15 20 1 0
832 854 12 13 1 0
183 544 7 9 1 0
706 871 12 13 1 0
284 575 7 9 1 0
719 375 6 8 1 0
668 956 12 13 1 0
933 847 12 13 1 0
968 849 12 13 1 0
771 377 6 8 1 0
225 537 7 9 1 0
40 229 4 4 1 1
837 498 7 9 1 0
128 578 7 9 1 0
431 303 4 4 1 1
970 631 7 9 1 0
154 445 6 8 1 1
331 696 12 13 1 0
348 451 6 8 1 1
18 323 5 7 1 1
284 450 6 8 1 1
377 332 6 8 1 1
453 449 6 8 1 1
187 602 7 9 1 0
437 902 12 13 1 0
605 774 12 13 1 0
326 162 4 4 1 1
135 668 12 13 1 0
499 946 12 13 1 0
377 603 7 9 1 0
443 631 7 9 1 0
153 341 6 8 1 1
151 316 6 8 1 1
46 204 4 4 1 1
126 727 12 13 1 0
818 1116 15 20 1 0
164 357 6 8 1 1
644 992 15 20 1 0
179 267 4 4 1 1
419 390 6 8 1 1
300 178 4 4 1 1
297 1015 15 20 1 0
394 552 7 9 1 0
309 704 12 13 1 0
214 553 7 9 1 0
332 201 4 4 1 1
378 286 4 4 1 1
732 645 7 9 1 0
110 820 12 13 1 0
335 555 7 9 1 0
567 376 6 8 1 1
835 964 12 13 1 0
379 558 7 9 1 0
62 220 4 4 1 1
873 765 12 13 1 0
532 468 6 8 1 1
881 391 6 8 1 0
398 816 12 13 1 0
105 676 12 13 1 0
362 254 4 4 1 1
409 734 12 13 1 0
974 433 6 8 1 0
279 557 7 9 1 0
577 703 12 13 1 0
78 543 7 9 1 0
365 937 12 13 1 0
307 1113 15 20 1 0
276 327 6 8 1 1
319 201 4 4 1 1
424 712 12 13 1 0
586 703 12 13 1 0
47 1175 15 20 1 0
38 828 12 13 1 0
908 860 12 13 1 0
130 602 7 9 1 0
378 677 12 13 1 0
355 800 12 13 1 0
444 512 7 9 1 0
329 536 7 9 1 0
12 594 7 9 1 0
396 516 7 9 1 0
721 946 12 13 1 0
497 571 7 9 1 0
474 574 7 9 1 0
327 770 12 13 1 0
268 644 7 9 1 0
356 314 5 6 1 1
382 546 7 9 1 0
572 860 12 13 1 0
129 879 12 13 1 0
917 927 12 13 1 0
25 155 4 4 1 1
326 307 4 5 1 1
222 262 4 4 1 1
910 1142 15 20 1 0
76 332 6 8 1 1
500 968 12 13 1 0
238 526 7 9 1 0
225 296 4 4 1 1
199 257 4 4 1 1
259 461 6 8 1 1
738 376 6 8 1 0
706 361 6 8 1 0
713 787 12 13 1 0
636 494 6 8 1 0
104 328 6 8 1 1
125 443 6 8 1 1
163 330 6 8 1 1
713 485 6 8 1 0
41 921 12 13 1 0
451 732 12 13 1 0
13 305 5 6 1 1
957 1174 15 20 1 0
41 375 6 8 1 1
288 558 7 9 1 0
384 716 12 13 1 0
705 961 12 13 1 0
661 502 7 9 1 0
20 270 4 4 1 1
126 620 7 9 1 0
176 200 4 4 1 1
445 701 12 13 1 0
5 242 4 4 1 1
284 644 7 9 1 0
141 762 12 13 1 0
72 613 7 9 1 0
50 742 12 13 1 0
341 897 12 13 1 0
205 493 6 8 1 0
41 387 6 8 1 1
88 405 6 8 1 1
381 295 4 4 1 1
158 354 6 8 1 1
24 420 6 8 1 1
855 494 6 8 1 0
322 363 6 8 1 1
48 461 6 8 1 1
570 534 7 9 1 0
130 165 4 4 1 1
84 226 4 4 1 1
305 579 7 9 1 0
611 1062 15 20 1 0
726 568 7 9 1 0
96 435 6 8 1 1
50 356 6 8 1 1
854 454 6 8 1 0
144 534 7 9 1 0
147 603 7 9 1 0
10 472 6 8 1 1
882 478 6 8 1 0
94 866 12 13 1 0
316 682 12 13 1 0
171 217 4 4 1 1
531 668 12 13 1 0
689 503 7 9 1 0
220 144 4 4 1 1
52 583 7 9 1 0
160 866 12 13 1 0
255 909 12 13 1 0
249 163 4 4 1 1
199 538 7 9 1 0
253 1161 15 20 1 0
2 156 4 4 1 1
219 634 7 9 1 0
763 754 12 13 1 0
575 742 12 13 1 0
383 573 7 9 1 0
292 791 12 13 1 0
690 359 6 8 1 0
194 586 7 9 1 0
751 801 12 13 1 0
734 659 7 9 1 0
304 541 7 9 1 0
619 660 7 9 1 0
525 715 12 13 1 0
372 438 6 8 1 1
888 1064 15 20 1 0
8 499 7 9 1 0
217 459 6 8 1 1
225 554 7 9 1 0
357 701 12 13 1 0
320 692 12 13 1 0
292 674 12 13 1 0
135 152 4 4 1 1
74 217 4 4 1 1
387 1023 15 20 1 0
130 801 12 13 1 0
303 164 4 4 1 1
166 783 12 13 1 0
125 654 7 9 1 0
188 236 4 4 1 1
396 343 6 8 1 1
86 731 12 13 1 0
215 180 4 4 1 1
357 670 12 13 1 0
514 442 6 8 1 1
67 274 4 4 1 1
289 352 6 8 1 1
900 892 12 13 1 0
432 536 7 9 1 0
