1275 285 12 15 1 0
768 120 8 9 1 0
706 150 8 9 1 0
470 142 8 10 1 0
1058 68 8 7 1 0
730 153 8 9 1 0
1233 402 12 15 1 0
742 143 8 9 1 0
871 215 9 11 1 0
999 231 9 11 1 0
560 334 13 15 1 0
387 135 8 10 1 0
390 147 8 10 1 0
798 203 9 11 1 0
608 70 4 7 1 0
1013 189 9 11 1 0
605 145 8 9 1 0
1272 69 8 7 1 0
1100 266 9 11 1 0
620 147 8 9 1 0
888 85 8 7 1 0
1016 88 8 7 1 0
898 288 13 15 1 0
948 252 9 11 1 0
266 170 8 10 1 0
1121 213 9 11 1 0
813 160 8 9 1 0
1307 78 8 7 1 0
1198 79 8 7 1 0
961 145 8 9 1 0
1265 133 8 7 1 0
1225 263 9 11 1 0
969 203 9 11 1 0
1109 325 12 15 1 0
1120 69 8 7 1 0
718 304 13 15 1 0
809 216 9 11 1 0
1087 211 9 11 1 0
994 79 8 7 1 0
1135 66 8 7 1 0
648 151 8 9 1 0
1040 172 8 10 1 0
1112 352 12 15 1 0
341 346 16 18 1 0
526 146 8 9 1 0
617 138 8 9 1 0
819 126 8 9 1 0
1095 93 8 7 1 0
937 172 8 10 1 0
1046 193 9 11 1 0
1008 208 9 11 1 0
513 92 6 8 1 0
999 222 9 11 1 0
816 267 9 11 1 0
915 355 13 15 1 0
796 190 9 11 1 0
839 163 8 9 1 0
407 145 8 10 1 0
1182 82 8 7 1 0
480 130 8 10 1 0
1057 165 8 10 1 0
908 76 8 7 1 0
1150 68 8 7 1 0
661 145 8 9 1 0
816 81 8 7 1 0
1009 240 9 11 1 0
836 71 8 7 1 0
778 106 8 7 1 0
557 294 13 15 1 0
1000 129 8 9 1 0
782 146 8 9 1 0
780 157 8 9 1 0
830 178 8 9 1 0
743 133 8 9 1 0
574 147 8 9 1 0
887 175 8 9 1 0
1038 184 9 11 1 0
886 218 9 11 1 0
692 226 9 11 1 0
748 165 8 9 1 0
699 242 9 11 1 0
801 83 8 7 1 0
1084 193 9 11 1 0
1029 147 8 9 1 0
488 144 8 9 1 0
1070 238 9 11 1 0
817 171 8 9 1 0
899 226 9 11 1 0
1224 87 8 7 1 0
360 140 8 10 1 0
429 138 8 10 1 0
1333 81 8 7 1 0
1167 66 8 7 1 0
1076 172 9 11 1 0
1264 90 8 7 1 0
312 83 6 7 1 0
584 124 8 9 1 0
1116 81 8 7 1 0
922 231 9 11 1 0
558 131 8 9 1 0
454 142 8 10 1 0
1020 159 8 9 1 0
574 88 4 7 1 0
807 155 8 9 1 0
990 279 9 11 1 0
766 185 9 11 1 0
932 137 8 9 1 0
669 123 8 9 1 0
554 92 4 7 1 0
688 157 8 9 1 0
713 100 7 8 1 0
1288 83 8 7 1 0
675 172 8 9 1 0
746 281 13 15 1 0
873 178 8 9 1 0
753 80 8 7 1 0
999 138 8 9 1 0
442 330 16 18 1 0
908 144 8 9 1 0
1101 199 9 11 1 0
958 228 9 11 1 0
824 185 9 11 1 0
607 120 8 9 1 0
955 188 9 11 1 0
1314 309 12 15 1 0
679 399 13 15 1 0
422 147 8 10 1 0
654 303 13 15 1 0
798 124 8 9 1 0
846 258 9 11 1 0
1020 69 8 7 1 0
842 168 8 9 1 0
1073 67 8 7 1 0
955 76 8 7 1 0
969 172 8 10 1 0
733 123 8 9 1 0
1122 87 8 7 1 0
893 142 8 9 1 0
748 186 9 11 1 0
517 125 8 9 1 0
1188 93 8 7 1 0
1080 224 9 11 1 0
391 340 16 18 1 0
754 117 8 9 1 0
652 64 4 7 1 0
942 261 9 11 1 0
1066 277 9 11 1 0
635 146 8 9 1 0
526 121 8 9 1 0
554 122 8 9 1 0
899 150 8 9 1 0
699 132 8 9 1 0
619 280 13 15 1 0
595 161 8 9 1 0
620 159 8 9 1 0
953 154 8 9 1 0
1261 333 12 15 1 0
644 164 8 9 1 0
985 162 8 9 1 0
101 345 16 18 1 0
1106 188 9 11 1 0
1188 221 9 11 1 0
1099 78 8 7 1 0
709 347 13 15 1 0
822 82 8 7 1 0
882 272 9 11 1 0
404 101 6 7 1 0
987 190 9 11 1 0
962 135 8 9 1 0
210 385 16 18 1 0
1329 91 8 7 1 0
92 411 16 18 1 0
1067 421 12 15 1 0
767 272 9 11 1 0
1002 146 8 9 1 0
894 234 9 11 1 0
998 198 9 11 1 0
580 149 8 9 1 0
806 177 8 10 1 0
1011 254 9 11 1 0
1070 255 9 11 1 0
955 215 9 11 1 0
190 87 6 7 1 0
1220 105 8 7 1 0
606 113 8 9 1 0
797 79 8 7 1 0
829 70 8 7 1 0
1058 76 8 7 1 0
1199 344 12 15 1 0
407 341 16 18 1 0
1100 221 9 11 1 0
149 352 16 18 1 0
851 138 8 9 1 0
690 218 9 11 1 0
668 254 9 11 1 0
634 93 4 7 1 0
1070 70 8 7 1 0
542 103 4 7 1 0
1289 97 8 7 1 0
782 249 9 11 1 0
238 103 6 7 1 0
659 160 8 9 1 0
638 118 8 9 1 0
946 165 8 10 1 0
1202 311 12 15 1 0
948 66 8 7 1 0
284 350 16 18 1 0
633 268 9 11 1 0
1085 213 9 11 1 0
991 69 8 7 1 0
859 174 8 9 1 0
541 119 8 9 1 0
827 150 8 9 1 0
695 96 4 7 1 0
948 301 13 15 1 0
773 391 13 15 1 0
792 98 8 7 1 0
861 160 8 9 1 0
876 71 8 7 1 0
932 273 9 11 1 0
1274 128 8 7 1 0
731 191 9 11 1 0
349 380 16 18 1 0
779 235 9 11 1 0
799 210 9 11 1 0
1013 86 8 7 1 0
510 141 8 9 1 0
746 216 9 11 1 0
981 76 8 7 1 0
732 65 6 7 1 0
877 191 9 11 1 0
287 167 8 10 1 0
522 313 16 18 1 0
1046 209 9 11 1 0
1029 72 8 7 1 0
1236 70 8 7 1 0
1248 87 8 7 1 0
690 285 13 15 1 0
368 146 8 10 1 0
1150 262 9 11 1 0
699 265 9 11 1 0
684 189 9 11 1 0
841 234 9 11 1 0
762 354 13 15 1 0
993 174 8 10 1 0
982 180 9 11 1 0
1147 77 8 7 1 0
925 177 8 10 1 0
571 137 8 9 1 0
1103 394 12 15 1 0
944 222 9 11 1 0
735 334 13 15 1 0
646 129 8 9 1 0
1211 362 12 15 1 0
1027 231 9 11 1 0
698 92 4 7 1 0
1010 219 9 11 1 0
946 231 9 11 1 0
1031 269 9 11 1 0
591 120 8 9 1 0
1010 165 8 9 1 0
610 298 13 15 1 0
975 138 8 9 1 0
498 89 7 8 1 0
807 137 8 9 1 0
666 64 4 7 1 0
671 145 8 9 1 0
1039 73 8 7 1 0
1190 73 8 7 1 0
486 366 16 18 1 0
538 92 4 7 1 0
853 80 8 7 1 0
536 130 8 9 1 0
774 134 8 9 1 0
915 133 8 9 1 0
977 72 8 7 1 0
917 159 8 9 1 0
559 118 8 9 1 0
642 331 13 15 1 0
1313 83 8 7 1 0
634 155 8 9 1 0
1158 251 9 11 1 0
552 148 8 9 1 0
939 72 8 7 1 0
1206 82 8 7 1 0
565 153 8 9 1 0
825 125 8 9 1 0
792 183 9 11 1 0
1027 198 9 11 1 0
239 394 16 18 1 0
833 375 13 15 1 0
950 149 8 9 1 0
1288 72 8 7 1 0
966 388 13 15 1 0
1107 243 9 11 1 0
731 175 8 9 1 0
464 124 8 10 1 0
742 178 8 10 1 0
535 147 8 9 1 0
803 129 8 9 1 0
637 165 8 9 1 0
686 206 9 11 1 0
997 164 8 9 1 0
976 167 8 10 1 0
742 227 9 11 1 0
504 122 8 9 1 0
840 78 8 7 1 0
1083 175 9 11 1 0
561 148 8 9 1 0
915 306 13 15 1 0
819 319 13 15 1 0
719 167 8 9 1 0
857 162 8 9 1 0
1213 71 8 7 1 0
939 130 8 9 1 0
1265 256 11 14 1 0
1172 315 12 15 1 0
1088 306 10 13 1 0
953 239 9 11 1 0
1014 143 8 9 1 0
773 196 9 11 1 0
846 123 8 9 1 0
1312 361 12 15 1 0
685 122 8 9 1 0
594 69 4 7 1 0
759 218 9 11 1 0
1164 263 9 11 1 0
895 61 8 7 1 0
1182 287 12 15 1 0
515 134 8 9 1 0
911 198 9 11 1 0
795 150 8 9 1 0
1139 217 9 11 1 0
1103 253 9 11 1 0
855 208 9 11 1 0
320 137 8 10 1 0
1073 74 8 7 1 0
786 288 13 15 1 0
904 72 8 7 1 0
436 126 8 10 1 0
460 133 8 10 1 0
1131 72 8 7 1 0
511 397 16 18 1 0
488 325 16 18 1 0
780 180 9 11 1 0
1104 64 8 7 1 0
1003 182 9 11 1 0
858 130 8 9 1 0
953 179 9 11 1 0
273 143 8 10 1 0
1037 318 13 15 1 0
856 154 8 9 1 0
857 193 9 11 1 0
991 347 13 15 1 0
1253 96 8 7 1 0
735 201 9 11 1 0
606 137 8 9 1 0
845 204 9 11 1 0
1123 211 9 11 1 0
402 135 8 10 1 0
580 116 8 9 1 0
924 67 8 7 1 0
1115 383 12 15 1 0
710 120 8 9 1 0
653 135 8 9 1 0
342 70 6 7 1 0
926 217 9 11 1 0
771 127 8 9 1 0
1169 87 8 7 1 0
767 259 9 11 1 0
702 169 8 9 1 0
787 163 8 9 1 0
959 195 9 11 1 0
713 158 8 9 1 0
996 268 9 11 1 0
727 119 8 9 1 0
1174 101 8 7 1 0
836 288 13 15 1 0
990 360 13 15 1 0
1116 71 8 7 1 0
717 136 8 9 1 0
1054 187 9 11 1 0
871 166 8 9 1 0
673 181 9 11 1 0
960 251 9 11 1 0
186 361 16 18 1 0
1160 79 8 7 1 0
619 70 4 7 1 0
860 73 8 7 1 0
932 185 9 11 1 0
629 127 8 9 1 0
430 73 6 7 1 0
847 247 9 11 1 0
581 390 13 15 1 0
797 334 13 15 1 0
494 135 8 9 1 0
1268 305 12 15 1 0
652 170 8 9 1 0
719 82 7 8 1 0
900 66 8 7 1 0
872 57 8 7 1 0
977 87 8 7 1 0
889 207 9 11 1 0
963 75 8 7 1 0
905 170 8 9 1 0
814 223 9 11 1 0
1134 79 8 7 1 0
1260 84 8 7 1 0
799 171 8 9 1 0
1151 294 12 15 1 0
833 144 8 9 1 0
1185 278 12 15 1 0
838 138 8 9 1 0
1236 83 8 7 1 0
440 138 8 10 1 0
861 64 8 7 1 0
607 128 8 9 1 0
842 155 8 9 1 0
1240 75 8 7 1 0
674 273 9 11 1 0
759 148 8 9 1 0
579 318 13 15 1 0
598 127 8 9 1 0
590 140 8 9 1 0
1050 231 9 11 1 0
1085 73 8 7 1 0
768 167 8 10 1 0
1043 220 9 11 1 0
1061 205 9 11 1 0
1115 235 9 11 1 0
707 378 13 15 1 0
980 148 8 9 1 0
1034 237 9 11 1 0
435 366 16 18 1 0
1169 242 9 11 1 0
1036 291 13 15 1 0
1012 68 8 7 1 0
845 67 8 7 1 0
952 141 8 9 1 0
916 208 9 11 1 0
1145 230 9 11 1 0
1019 261 9 11 1 0
535 356 16 18 1 0
834 192 9 11 1 0
817 298 13 15 1 0
1055 245 9 11 1 0
933 145 8 9 1 0
570 106 4 7 1 0
974 208 9 11 1 0
680 128 8 9 1 0
1111 209 9 11 1 0
512 110 8 9 1 0
576 166 8 9 1 0
610 366 13 15 1 0
739 158 8 9 1 0
1283 275 12 15 1 0
990 329 13 15 1 0
774 79 8 7 1 0
910 89 8 7 1 0
771 156 8 9 1 0
817 120 8 9 1 0
686 149 8 9 1 0
580 132 8 9 1 0
856 354 13 15 1 0
891 155 8 9 1 0
677 68 4 7 1 0
872 141 8 9 1 0
856 220 9 11 1 0
1340 95 8 7 1 0
650 74 4 7 1 0
1079 290 10 13 1 0
896 331 13 15 1 0
903 249 9 11 1 0
645 352 13 15 1 0
833 420 13 15 1 0
1169 211 9 11 1 0
495 125 8 9 1 0
687 233 9 11 1 0
1106 283 12 15 1 0
760 102 8 7 1 0
925 242 9 11 1 0
425 102 6 7 1 0
794 119 8 9 1 0
