4449 891 413 634 3 0
3860 1052 91 137 1 0
309 56 84 105 1 0
2715 579 87 137 1 0
3557 2829 380 616 1 0
5260 3068 533 948 1 0
4985 1068 102 128 1 0
2304 1131 413 634 1 0
465 449 84 105 1 0
318 803 150 168 1 0
1078 1183 413 634 1 0
1948 1203 413 634 1 0
3987 1254 325 237 1 0
827 806 413 634 1 0
4281 982 413 634 3 0
3740 1276 413 634 1 0
25 914 177 196 1 0
1484 474 87 137 1 0
3546 763 87 137 1 0
3047 1018 413 634 1 0
4566 2762 627 525 1 0
4090 1025 91 137 1 0
1302 1089 413 634 1 0
3739 797 87 137 1 0
2726 972 135 137 1 0
4106 3595 1416 825 1 0
3589 957 91 137 1 0
3533 459 87 137 1 0
2642 513 87 137 1 0
59 1248 192 438 1 0
3132 535 87 137 1 0
3393 1029 91 137 1 0
1306 397 92 55 1 0
770 1367 413 634 1 0
5221 1088 397 347 1 0
1085 347 84 105 1 0
2173 561 87 137 1 0
730 2874 514 670 1 0
1786 495 87 137 1 0
