684 167 17 19 1 0
207 57 13 15 1 0
57 280 20 22 1 0
67 495 25 30 1 0
275 147 17 19 1 0
539 108 17 19 1 0
316 107 17 19 1 0
507 141 17 19 1 0
302 142 17 19 1 0
572 251 20 22 1 0
484 48 13 15 1 0
97 117 17 19 1 0
363 113 17 19 1 0
669 20 13 15 1 0
214 434 25 30 1 0
267 230 20 22 1 0
188 193 20 22 1 0
560 105 17 19 1 0
9 230 20 22 1 0
315 85 13 15 1 0
266 108 17 19 1 0
346 152 17 19 1 0
693 65 13 15 1 0
1 83 15 17 1 0
459 171 17 19 1 0
297 131 17 19 1 0
735 33 13 15 1 0
601 12 13 15 1 0
572 132 17 19 1 0
454 311 20 22 1 0
392 87 13 15 2 0
165 247 20 22 1 0
222 28 13 15 1 0
668 133 17 19 1 0
477 370 25 30 1 0
204 74 13 15 1 0
472 414 25 30 1 0
349 196 20 22 2 0
472 138 17 19 1 0
502 22 13 15 1 0
572 308 20 22 1 0
46 140 17 19 1 0
210 123 17 19 1 0
289 214 20 22 1 0
237 260 20 22 1 0
567 2 13 15 1 0
471 257 20 22 1 0
277 21 13 15 1 0
154 171 17 19 1 0
304 93 13 15 1 0
127 0 13 15 1 0
131 166 17 19 1 0
313 159 17 19 1 0
407 124 17 19 2 0
145 46 13 15 1 0
1 112 16 18 1 0
503 89 13 15 1 0
146 251 20 22 1 0
264 132 17 19 1 0
391 107 17 19 2 0
83 218 20 22 1 0
294 345 25 30 1 0
643 31 13 15 1 0
63 66 13 15 1 0
717 49 13 15 1 0
46 464 25 30 1 0
524 105 17 19 2 0
89 7 13 15 1 0
223 63 13 15 1 0
610 107 17 19 1 0
378 91 13 15 1 0
52 171 17 19 1 0
21 45 13 15 1 0
82 75 13 15 1 0
704 201 20 22 1 0
154 54 13 15 1 0
30 166 17 19 1 0
1 416 25 30 1 0
677 5 13 15 1 0
774 270 20 22 1 0
67 92 13 15 1 0
217 221 20 22 1 0
344 218 20 22 1 0
533 91 13 15 1 0
763 69 13 15 1 0
592 190 20 22 1 0
329 80 13 15 1 0
175 492 25 30 1 0
545 55 13 15 1 0
419 34 13 15 1 0
153 66 13 15 1 0
559 32 13 15 1 0
15 386 25 30 1 0
102 242 20 22 1 0
181 86 13 15 1 0
75 46 13 15 1 0
162 132 17 19 1 0
721 226 20 22 2 0
740 426 25 30 1 0
351 89 13 15 1 0
200 150 17 19 2 0
153 15 13 15 1 0
371 140 17 19 1 0
527 130 17 19 1 0
117 240 20 22 1 0
332 519 25 30 1 0
424 194 20 22 1 0
125 53 13 15 1 0
514 18 13 15 1 0
560 150 17 19 1 0
173 518 25 30 1 0
537 343 25 30 1 0
168 48 13 15 1 0
631 276 20 22 1 0
581 85 13 15 1 0
282 181 17 19 1 0
4 460 25 30 1 0
367 96 13 15 1 0
602 518 25 30 1 0
601 66 13 15 1 0
635 382 25 30 1 0
483 112 17 19 2 0
393 7 13 15 1 0
721 87 13 15 1 0
552 113 17 19 1 0
29 123 17 19 1 0
192 147 17 19 2 0
42 92 13 15 2 0
419 94 13 15 1 0
47 117 17 19 1 0
443 41 13 15 1 0
777 287 22 26 1 0
30 24 13 15 1 0
688 26 13 15 1 0
211 94 13 15 1 0
143 233 20 22 1 0
527 175 17 19 1 0
375 68 13 15 1 0
495 87 13 15 1 0
326 171 17 19 1 0
676 41 13 15 1 0
531 22 13 15 1 0
435 240 20 22 1 0
570 108 17 19 2 0
254 117 17 19 2 0
698 10 13 15 2 0
773 128 17 19 1 0
501 133 17 19 1 0
356 190 20 22 2 0
509 255 20 22 1 0
10 19 13 15 2 0
63 78 13 15 1 0
112 460 25 30 1 0
402 84 13 15 1 0
329 145 17 19 1 0
116 133 17 19 1 0
661 155 17 19 1 0
610 156 17 19 1 0
153 2 13 15 1 0
699 308 20 22 1 0
727 19 13 15 2 0
21 137 17 19 1 0
361 85 13 15 1 0
681 60 13 15 1 0
2 197 18 20 2 0
602 2 13 15 1 0
142 24 13 15 1 0
748 235 20 22 1 0
765 56 13 15 1 0
116 152 17 19 1 0
272 27 13 15 1 0
200 87 13 15 1 0
224 127 17 19 1 0
727 68 13 15 1 0
379 127 17 19 1 0
339 296 20 22 1 0
768 348 25 30 1 0
697 14 13 15 2 0
7 148 17 19 1 0
657 78 13 15 1 0
509 307 20 22 1 0
418 319 20 22 1 0
363 330 25 30 1 0
62 141 17 19 1 0
607 28 13 15 1 0
416 144 17 19 1 0
661 28 13 15 1 0
736 84 13 15 1 0
534 494 25 30 1 0
238 245 20 22 1 0
534 121 17 19 1 0
518 55 13 15 1 0
633 409 25 30 1 0
660 10 13 15 1 0
739 51 13 15 1 0
582 60 13 15 1 0
81 252 20 22 1 0
181 29 13 15 1 0
776 163 17 19 1 0
621 166 17 19 1 0
60 6 13 15 1 0
148 74 13 15 1 0
203 414 25 30 1 0
568 58 13 15 1 0
542 95 13 15 1 0
294 170 17 19 1 0
148 432 25 30 1 0
586 485 25 30 1 0
37 233 20 22 1 0
196 306 20 22 1 0
739 9 13 15 1 0
178 330 25 30 1 0
383 164 17 19 2 0
728 224 20 22 2 0
126 75 13 15 1 0
312 65 13 15 1 0
628 56 13 15 1 0
776 84 14 16 1 0
759 445 25 30 1 0
30 193 20 22 1 0
165 114 17 19 1 0
307 80 13 15 1 0
616 46 13 15 2 0
340 104 17 19 1 0
628 441 25 30 1 0
540 270 20 22 1 0
656 280 20 22 1 0
682 121 17 19 1 0
139 14 13 15 1 0
445 188 20 22 1 0
186 258 20 22 1 0
347 126 17 19 1 0
129 317 20 22 1 0
162 229 20 22 1 0
10 312 20 22 1 0
256 107 17 19 2 0
557 23 13 15 1 0
9 250 20 22 2 0
631 7 13 15 1 0
248 3 13 15 1 0
9 262 20 22 2 0
536 59 13 15 1 0
745 335 25 30 1 0
571 279 20 22 1 0
113 77 13 15 1 0
324 350 25 30 1 0
49 87 13 15 1 0
652 37 13 15 1 0
462 223 20 22 1 0
661 377 25 30 1 0
35 312 20 22 1 0
635 121 17 19 1 0
283 133 17 19 1 0
623 14 13 15 1 0
380 181 17 19 1 0
133 146 17 19 1 0
261 172 17 19 1 0
419 106 17 19 1 0
116 107 17 19 1 0
225 16 13 15 1 0
454 449 25 30 1 0
240 295 20 22 1 0
607 220 20 22 1 0
571 26 13 15 1 0
410 368 25 30 1 0
15 24 13 15 2 0
580 34 13 15 1 0
541 187 20 22 1 0
166 79 13 15 1 0
241 358 25 30 1 0
191 162 17 19 1 0
779 39 13 15 1 0
39 50 13 15 1 0
264 8 13 15 1 0
754 180 17 19 1 0
578 104 17 19 2 0
588 6 13 15 1 0
715 118 17 19 1 0
125 42 13 15 1 0
559 12 13 15 1 0
224 6 13 15 1 0
624 25 13 15 2 0
760 413 25 30 1 0
197 16 13 15 1 0
574 16 13 15 1 0
212 17 13 15 1 0
220 184 17 19 1 0
172 189 20 22 1 0
715 170 17 19 1 0
629 238 20 22 1 0
70 168 17 19 1 0
571 45 13 15 1 0
410 131 17 19 2 0
538 75 13 15 1 0
480 34 13 15 1 0
643 54 13 15 1 0
526 54 13 15 1 0
636 18 13 15 1 0
655 59 13 15 1 0
391 414 25 30 1 0
588 17 13 15 1 0
601 147 17 19 1 0
296 289 20 22 1 0
132 20 13 15 1 0
107 218 20 22 1 0
493 104 17 19 1 0
90 175 17 19 1 0
117 88 13 15 1 0
229 218 20 22 1 0
402 185 17 19 1 0
177 124 17 19 1 0
686 79 13 15 1 0
725 191 20 22 1 0
390 163 17 19 2 0
552 410 25 30 1 0
563 160 17 19 1 0
677 76 13 15 1 0
131 204 20 22 1 0
149 34 13 15 1 0
289 194 20 22 2 0
566 393 25 30 1 0
532 149 17 19 1 0
474 92 13 15 1 0
231 158 17 19 1 0
736 186 17 19 1 0
497 1 13 15 1 0
12 177 17 19 1 0
757 28 13 15 1 0
53 126 17 19 1 0
605 117 17 19 1 0
517 106 17 19 2 0
149 89 13 15 1 0
622 477 25 30 1 0
394 370 25 30 1 0
279 9 13 15 1 0
521 517 25 30 1 0
206 353 25 30 1 0
698 34 13 15 1 0
477 170 17 19 1 0
615 270 20 22 1 0
643 352 25 30 1 0
422 81 13 15 1 0
327 261 20 22 1 0
248 181 17 19 1 0
444 101 17 19 1 0
725 4 13 15 1 0
340 459 25 30 1 0
7 34 13 15 1 0
705 91 13 15 1 0
180 12 13 15 1 0
626 64 13 15 1 0
489 19 13 15 1 0
28 94 13 15 1 0
63 44 13 15 1 0
433 118 17 19 1 0
383 107 17 19 2 0
475 111 17 19 2 0
499 33 13 15 1 0
442 9 13 15 1 0
592 114 17 19 1 0
139 215 20 22 1 0
557 41 13 15 1 0
29 72 13 15 1 0
99 19 13 15 1 0
375 221 20 22 1 0
562 207 20 22 1 0
166 2 13 15 1 0
258 317 20 22 1 0
381 258 20 22 1 0
375 18 13 15 1 0
109 351 25 30 1 0
13 102 17 19 1 0
745 41 13 15 1 0
670 209 20 22 1 0
326 277 20 22 1 0
86 106 17 19 1 0
55 247 20 22 1 0
563 69 13 15 1 0
410 165 17 19 1 0
510 43 13 15 1 0
535 4 13 15 1 0
312 316 20 22 1 0
613 84 13 15 1 0
512 10 13 15 1 0
584 210 20 22 1 0
581 71 13 15 1 0
454 3 13 15 1 0
613 17 13 15 1 0
224 167 17 19 1 0
428 272 20 22 1 0
285 386 25 30 1 0
332 416 25 30 1 0
631 26 13 15 2 0
168 19 13 15 1 0
179 207 20 22 1 0
269 98 17 19 1 0
245 103 17 19 1 0
704 386 25 30 1 0
739 161 17 19 1 0
378 3 13 15 1 0
45 210 20 22 1 0
50 153 17 19 1 0
270 500 25 30 1 0
287 83 13 15 1 0
100 81 13 15 1 0
586 50 13 15 1 0
682 326 22 26 1 0
129 125 17 19 1 0
124 181 17 19 1 0
146 102 17 19 1 0
197 220 20 22 1 0
297 85 13 15 1 0
713 408 25 30 1 0
225 77 13 15 1 0
447 82 13 15 1 0
79 89 13 15 1 0
612 304 20 22 1 0
710 155 17 19 1 0
144 128 17 19 1 0
765 78 13 15 1 0
42 75 13 15 1 0
727 108 17 19 1 0
298 431 25 30 1 0
422 173 17 19 1 0
688 8 13 15 1 0
655 205 20 22 1 0
531 35 13 15 1 0
286 109 17 19 1 0
17 76 13 15 1 0
169 282 20 22 1 0
111 19 13 15 1 0
33 517 25 30 1 0
505 414 25 30 1 0
259 15 13 15 1 0
198 395 25 30 1 0
102 46 13 15 1 0
195 124 17 19 1 0
366 298 20 22 1 0
130 90 13 15 1 0
448 66 13 15 1 0
13 198 20 22 2 0
53 69 13 15 1 0
53 363 25 30 1 0
651 82 13 15 1 0
545 14 13 15 1 0
430 298 20 22 1 0
26 437 25 30 1 0
165 156 17 19 1 0
444 26 13 15 1 0
400 0 13 15 1 0
338 5 13 15 1 0
596 39 13 15 1 0
95 453 25 30 1 0
45 23 13 15 1 0
657 166 17 19 1 0
566 16 13 15 1 0
354 15 13 15 1 0
36 97 17 19 2 0
744 28 13 15 1 0
714 22 13 15 1 0
555 82 13 15 1 0
766 486 25 30 1 0
108 58 13 15 1 0
490 220 20 22 1 0
374 502 25 30 1 0
105 30 13 15 1 0
652 432 25 30 1 0
726 25 13 15 2 0
473 74 13 15 1 0
427 23 13 15 1 0
726 516 25 30 1 0
189 79 13 15 1 0
746 297 20 22 1 0
662 101 17 19 1 0
474 9 13 15 1 0
438 21 13 15 1 0
439 469 25 30 1 0
672 161 17 19 1 0
114 3 13 15 1 0
705 280 20 22 1 0
150 294 20 22 1 0
245 83 13 15 1 0
348 73 13 15 1 0
613 40 13 15 2 0
366 409 25 30 1 0
462 506 25 30 1 0
706 52 13 15 1 0
468 156 17 19 1 0
294 517 25 30 1 0
460 135 17 19 1 0
645 68 13 15 1 0
116 279 20 22 1 0
254 453 25 30 1 0
206 5 13 15 1 0
534 44 13 15 1 0
512 350 25 30 1 0
584 347 25 30 1 0
527 83 13 15 1 0
330 15 13 15 1 0
243 130 17 19 1 0
229 31 13 15 1 0
503 58 13 15 1 0
386 86 13 15 2 0
299 198 20 22 2 0
180 101 17 19 1 0
131 32 13 15 1 0
399 516 25 30 1 0
340 169 17 19 1 0
402 116 17 19 2 0
96 56 13 15 1 0
12 53 13 15 1 0
559 234 20 22 1 0
85 310 20 22 1 0
105 516 25 30 1 0
773 23 13 15 1 0
682 477 25 30 1 0
88 129 17 19 1 0
217 0 13 15 1 0
308 379 25 30 1 0
322 121 17 19 1 0
