329 111 7 10 1 0
276 226 9 12 1 0
204 250 9 12 1 0
178 48 7 10 1 0
447 331 9 12 1 0
273 202 9 12 1 0
461 157 7 10 1 0
277 106 7 10 1 0
302 166 7 10 1 0
76 30 7 10 1 0
153 45 7 10 1 0
427 35 7 10 1 0
231 92 7 10 1 0
497 36 7 10 1 0
66 44 7 10 1 0
269 77 7 10 1 0
284 57 7 10 1 0
396 140 7 10 1 0
545 69 7 10 1 0
344 161 7 10 1 0
449 386 9 12 1 0
536 322 9 12 1 0
105 172 7 10 1 0
361 85 7 10 1 0
240 367 9 12 1 0
483 164 7 10 1 0
556 42 7 10 1 0
171 71 7 10 1 0
107 42 7 10 1 0
372 161 7 10 1 0
510 9 7 10 1 0
250 204 9 12 1 0
188 245 9 12 1 0
190 68 7 10 1 0
494 81 7 10 1 0
119 76 7 10 1 0
174 381 9 12 1 0
291 344 9 12 1 0
534 349 9 12 1 0
540 11 7 10 1 0
335 287 9 12 1 0
580 313 9 12 1 0
561 69 7 10 1 0
258 50 7 10 1 0
86 84 7 10 1 0
124 197 9 12 1 0
398 247 9 12 1 0
176 12 7 10 1 0
422 150 7 10 1 0
87 347 9 12 1 0
306 314 9 12 1 0
516 92 7 10 1 0
427 348 9 12 1 0
501 158 7 10 1 0
263 164 7 10 1 0
58 56 7 10 1 0
24 44 7 10 1 0
431 166 7 10 1 0
436 55 7 10 1 0
47 18 7 10 1 0
263 19 7 10 1 0
569 44 7 10 1 0
430 127 7 10 1 0
20 309 9 12 1 0
221 218 9 12 1 0
371 302 9 12 1 0
222 184 7 10 1 0
358 344 9 12 1 0
466 322 9 12 1 0
474 37 7 10 1 0
388 268 9 12 1 0
342 14 7 10 1 0
455 93 7 10 1 0
196 42 7 10 1 0
413 65 7 10 1 0
174 179 7 10 1 0
123 181 7 10 1 0
427 308 9 12 1 0
233 37 7 10 1 0
351 59 7 10 1 0
216 259 9 12 1 0
120 39 7 10 1 0
561 6 7 10 1 0
48 66 7 10 1 0
274 139 7 10 1 0
63 17 7 10 1 0
568 355 9 12 1 0
401 342 9 12 1 0
586 44 7 10 1 0
483 67 7 10 1 0
575 108 7 10 1 0
521 128 7 10 1 0
491 55 7 10 1 0
372 356 9 12 1 0
54 39 7 10 1 0
336 308 9 12 1 0
27 12 7 10 1 0
584 131 7 10 1 0
338 122 7 10 1 0
155 24 7 10 1 0
567 213 9 12 1 0
133 38 7 10 1 0
198 10 7 10 1 0
546 308 9 12 1 0
500 126 7 10 1 0
133 108 7 10 1 0
272 294 9 12 1 0
365 376 9 12 1 0
297 25 7 10 1 0
143 234 9 12 1 0
332 72 7 10 1 0
241 310 9 12 1 0
161 255 9 12 1 0
442 35 7 10 1 0
218 133 7 10 1 0
208 64 7 10 1 0
536 44 7 10 1 0
125 53 7 10 1 0
91 50 7 10 1 0
375 11 7 10 1 0
364 122 7 10 1 0
101 126 7 10 1 0
335 268 9 12 1 0
389 33 7 10 1 0
148 80 7 10 1 0
392 302 9 12 1 0
17 65 7 10 1 0
575 51 7 10 1 0
402 99 7 10 1 0
126 376 9 12 1 0
470 117 7 10 1 0
34 39 7 10 1 0
457 331 9 12 1 0
250 185 7 10 1 0
147 61 7 10 1 0
552 93 7 10 1 0
