235 296 20 33 1 0
496 65 19 29 1 0
750 264 20 33 1 0
122 1 19 29 1 0
639 232 19 29 1 0
120 60 19 29 1 0
150 2 19 29 1 0
415 518 32 45 1 0
281 538 32 45 1 0
489 264 20 33 1 0
543 268 20 33 1 0
740 158 19 29 1 0
886 67 19 29 1 0
713 134 19 29 1 0
859 159 19 29 1 0
299 215 19 29 1 0
343 535 32 45 1 0
456 396 63 71 1 0
317 4 19 29 1 0
649 61 19 29 1 0
122 188 19 29 1 0
20 154 19 29 1 0
76 405 72 74 2 0
768 447 68 70 1 0
681 163 19 29 1 0
848 31 19 29 1 0
873 532 30 44 1 0
52 87 19 29 1 0
338 157 19 29 1 0
161 409 72 74 1 0
817 70 19 29 1 0
698 59 19 29 1 0
350 1 19 29 1 0
768 246 20 33 1 0
92 23 19 29 1 0
283 159 19 29 1 0
827 220 19 29 1 0
295 524 32 45 1 0
224 161 19 29 1 0
41 1 19 29 1 0
948 332 20 33 1 0
189 195 19 29 1 0
326 510 32 45 1 0
46 117 19 29 1 0
86 167 19 29 1 0
160 151 19 29 1 0
571 9 19 29 1 0
905 126 19 29 1 0
529 409 63 71 1 0
636 45 19 29 1 0
232 222 19 29 1 0
699 525 30 44 1 0
531 311 20 33 1 0
27 23 19 29 1 0
40 189 19 29 1 0
772 198 19 29 1 0
766 62 19 29 1 0
119 118 19 29 1 0
411 269 20 33 1 0
360 293 20 33 1 0
156 26 19 29 1 0
877 212 19 29 1 0
585 265 20 33 1 0
724 37 19 29 1 0
557 327 20 33 1 0
445 62 19 29 1 0
172 303 20 33 1 0
945 521 30 44 1 0
217 37 19 29 1 0
894 531 30 44 1 0
360 66 19 29 1 0
674 270 20 33 1 0
805 182 19 29 1 0
8 373 20 33 1 0
835 133 19 29 1 0
692 331 20 33 1 0
951 159 19 29 1 0
788 32 19 29 1 0
392 196 19 29 1 0
218 95 19 29 1 0
573 61 19 29 1 0
914 205 19 29 1 0
473 334 20 33 1 0
309 290 20 33 1 0
725 199 19 29 1 0
702 228 19 29 1 0
189 119 19 29 1 0
320 263 20 33 1 0
271 267 20 33 1 0
254 189 19 29 1 0
894 328 20 33 1 0
941 256 20 33 1 0
41 407 72 74 2 0
708 301 20 33 1 0
378 353 20 33 1 0
512 3 19 29 1 0
336 200 19 29 1 0
