513 1404 16 17 1 0
1454 1368 16 17 1 0
1200 1369 16 17 1 0
313 1406 16 17 1 0
2174 1301 9 15 1 0
1573 1292 9 15 2 1
3930 1510 39 41 1 0
229 1458 39 41 1 0
1601 1289 9 15 1 1
701 1436 16 17 1 0
3966 1864 70 111 1 0
3662 1296 9 15 1 0
315 1458 39 41 1 0
1517 1283 9 15 1 1
4028 1653 35 34 1 0
1083 1543 29 36 1 0
2998 1563 29 36 1 0
1146 1377 16 17 1 0
2136 1572 29 36 1 0
2741 1413 16 17 1 0
374 1422 16 17 1 0
3462 1390 16 17 1 0
2400 1405 16 17 1 0
1663 1312 9 15 1 1
866 1408 16 17 1 0
3790 1744 37 34 1 0
2065 1569 29 36 1 0
1708 1296 9 15 1 1
2733 1330 9 15 1 0
1896 1215 9 15 1 1
2970 1515 39 41 2 0
820 1567 29 36 1 0
3434 1682 37 34 1 0
2602 1552 29 36 1 0
1549 1653 37 34 1 0
926 1340 9 15 1 1
1732 1287 9 15 1 1
958 1352 16 17 1 0
2957 1678 37 34 1 0
881 1382 16 17 1 0
2753 1402 16 17 1 0
634 1322 9 15 1 1
2587 1367 16 17 1 0
261 1462 39 41 1 0
2677 1404 16 17 1 0
1504 1400 16 17 1 0
3448 1374 16 17 1 0
1546 1308 9 15 1 1
1422 1352 16 17 1 0
2149 1367 16 17 1 0
881 1339 9 15 1 0
2801 1466 39 41 1 0
1931 1301 9 15 1 0
1351 1388 16 17 1 0
1806 1480 39 41 1 0
2778 1379 16 17 1 0
663 1334 9 15 1 1
2090 1286 9 15 2 0
2961 1497 39 41 2 0
2022 1192 9 15 1 1
3563 1684 37 34 1 0
1010 1391 16 17 1 0
3483 1651 37 34 1 0
3727 1524 39 41 1 0
437 1582 29 36 1 0
2917 1499 39 41 1 0
461 1399 16 17 1 0
2166 1301 9 15 1 0
3736 1278 9 15 1 0
517 1358 16 17 1 1
1296 1388 16 17 1 0
2091 1290 9 15 2 0
2688 1351 16 17 1 0
1131 1377 16 17 1 0
293 1454 39 41 1 0
1901 1693 37 34 1 0
827 1462 39 41 1 0
1248 1522 39 41 1 0
2510 1499 39 41 1 0
1802 1368 16 17 1 0
2107 1286 9 15 1 0
3239 1670 37 34 1 0
2664 1570 29 36 1 0
3696 1276 9 15 1 0
2874 1361 16 17 1 0
2721 1389 16 17 1 0
2339 1457 39 41 1 0
1918 1304 9 15 1 0
1491 1326 9 15 1 0
862 1342 9 15 1 0
1884 1383 16 17 1 0
1289 1659 37 34 1 0
1467 1389 16 17 1 0
3736 1689 37 34 1 0
2346 1370 16 17 1 0
2041 1372 16 17 1 0
1583 1308 9 15 1 1
2065 1353 16 17 1 0
1612 1293 9 15 1 1
1856 1287 9 15 1 0
1502 1296 9 15 1 1
2143 1279 9 15 1 1
3725 1314 9 15 1 0
1958 1473 39 41 1 0
3091 1538 29 36 1 0
2451 1510 39 41 1 0
871 1367 16 17 1 0
1457 1303 9 15 1 1
2713 1525 39 41 2 0
1869 1344 9 15 1 0
3725 1269 9 15 1 0
2628 1381 16 17 1 0
2056 1197 9 15 1 1
2658 1368 16 17 1 0
567 1340 9 15 1 1
3343 1540 29 36 1 0
3164 1548 29 36 1 0
1512 1364 16 17 1 0
624 1337 9 15 1 1
2053 1692 37 34 1 0
2281 1532 29 36 1 0
3191 1675 37 34 1 0
3681 1304 9 15 1 0
1818 1307 9 15 1 0
1100 1405 16 17 1 0
1253 1385 16 17 1 0
2009 1526 39 41 2 0
1532 1334 9 15 1 0
2033 1188 9 15 1 1
1576 1297 9 15 2 1
1960 1676 37 34 1 0
1156 1552 29 36 1 0
1053 1365 16 17 1 0
2370 1371 16 17 1 0
2158 1445 39 41 1 0
1256 1670 37 34 1 0
1760 1294 9 15 1 1
3305 1550 29 36 1 0
2443 1623 37 34 1 0
1747 1288 9 15 1 1
205 1503 39 41 1 0
3282 1529 29 36 1 0
524 1345 9 15 1 1
260 1578 29 36 1 0
2269 1400 16 17 1 0
3597 1521 39 41 1 0
2062 1302 9 15 1 0
2176 1313 9 15 1 0
2519 1410 16 17 1 0
2726 1567 29 36 1 0
1998 1349 9 15 1 0
3786 1866 70 111 1 0
2054 1285 9 15 1 0
27 1685 37 34 1 0
2706 1390 16 17 1 0
1632 1392 16 17 1 0
3710 1276 9 15 1 0
3723 1885 70 111 1 0
3138 1638 37 34 1 0
1116 1577 29 36 1 0
335 1696 37 34 1 0
2877 1568 29 36 1 0
2620 1402 16 17 1 0
3028 1494 39 41 1 0
3476 1384 16 17 1 0
1612 1311 9 15 1 1
2072 1263 9 15 1 1
911 1366 16 17 1 0
3278 1570 29 36 1 0
1302 1362 16 17 1 0
2985 1435 16 17 1 0
976 1418 16 17 1 0
3553 1525 39 41 1 0
2303 1411 16 17 1 0
2677 1383 16 17 1 0
937 1400 16 17 1 0
3973 1704 37 34 1 0
2938 1508 39 41 1 0
1412 1216 9 15 1 1
3883 1719 37 34 1 0
1745 1319 9 15 1 1
926 1366 16 17 1 0
3958 1633 37 34 1 0
606 1400 16 17 1 0
1538 1290 9 15 1 1
2770 1353 16 17 1 0
824 1529 29 36 1 0
2654 1402 16 17 1 0
2148 1292 9 15 1 0
3562 1383 16 17 1 0
2494 1710 37 34 1 0
2090 1316 9 15 1 0
3992 1548 29 36 1 0
1999 1269 9 15 1 1
2380 1410 16 17 1 0
1492 1300 9 15 1 1
1611 1327 9 15 1 0
2156 1325 9 15 1 0
2697 1520 39 41 2 0
2384 1373 16 17 1 0
3704 1618 37 34 1 0
1373 1384 16 17 1 0
280 1660 37 34 1 0
3795 1619 37 34 1 0
543 1339 9 15 1 1
1637 1295 9 15 1 1
446 1857 70 111 1 0
2137 1378 16 17 1 0
2543 1393 16 17 1 0
1856 1352 16 17 1 0
2796 1375 16 17 1 0
1467 1289 9 15 1 1
2057 1336 9 15 1 0
1874 1279 9 15 1 1
1114 1374 16 17 1 0
2360 1383 16 17 1 0
1619 1297 9 15 1 1
1606 1559 29 36 1 0
965 1633 37 34 1 0
3215 1518 39 41 1 0
1483 1295 9 15 1 1
1846 1248 9 15 1 1
1902 1389 16 17 1 0
1438 1388 16 17 1 0
1948 1376 16 17 1 0
946 1376 16 17 1 0
2638 1371 16 17 1 0
1387 1219 9 15 1 1
1804 1284 9 15 1 0
1693 1376 16 17 1 0
3759 1541 29 36 1 0
1954 1348 9 15 1 0
2038 1268 9 15 1 1
479 1401 16 17 1 0
404 1393 16 17 1 0
2465 1548 29 36 1 0
3323 1561 29 36 1 0
1895 1268 9 15 1 1
2204 1276 9 15 1 1
1711 1308 9 15 1 1
2752 1469 39 41 1 0
2631 1563 29 36 1 0
147 1696 37 34 1 0
3427 1490 39 41 1 0
3682 1558 29 36 1 0
2208 1375 16 17 1 0
3023 1553 29 36 1 0
3578 1943 70 111 1 0
1485 1395 16 17 1 0
2688 1344 9 15 1 0
1932 1365 16 17 1 0
676 1330 9 15 1 1
393 1408 16 17 1 0
1184 1552 29 36 1 0
434 1531 29 36 1 0
416 1408 16 17 1 0
2783 1418 16 17 1 0
934 1378 16 17 1 0
1818 1268 9 15 1 1
2259 1582 29 36 1 0
405 1440 39 41 1 0
2227 1441 39 41 1 0
447 1428 16 17 1 0
2516 1577 29 36 1 0
1434 1565 29 36 1 0
351 1457 39 41 1 0
3134 1421 16 17 1 0
2061 1276 9 15 1 1
2707 1344 9 15 1 0
737 1680 37 34 1 0
2601 1658 37 34 1 0
562 1408 16 17 1 0
918 1349 9 15 1 1
1415 1534 29 36 1 0
268 1433 16 17 1 0
500 1346 9 15 1 1
3012 1374 16 17 1 0
1685 1307 9 15 1 1
583 1337 9 15 1 1
2973 1383 16 17 1 0
2243 1421 16 17 1 0
2079 1270 9 15 1 1
1721 1275 9 15 1 1
1960 1508 39 41 1 0
1341 1401 16 17 1 0
1436 1335 9 15 1 0
3574 1600 29 36 1 0
1642 1356 16 17 1 0
2118 1351 16 17 1 0
1840 1381 16 17 1 0
2022 1534 29 36 2 0
2056 1304 9 15 1 0
3130 1510 39 41 1 0
1720 1559 29 36 1 0
2919 1565 29 36 1 0
851 1345 9 15 1 0
1723 1302 9 15 1 1
3708 1341 9 15 1 0
1025 1372 16 17 1 0
783 1551 29 36 1 0
1045 1376 16 17 1 0
2328 1533 29 36 1 0
541 1395 16 17 1 0
607 1598 29 36 1 0
2723 1429 16 17 1 0
1565 1289 9 15 1 1
2703 1330 9 15 1 0
2299 1370 16 17 1 0
3038 1523 39 41 1 0
2714 1743 37 34 1 0
2212 1405 16 17 1 0
2613 1355 16 17 1 0
2198 1310 9 15 1 0
3130 1438 39 41 1 0
1777 1370 16 17 1 0
852 1379 16 17 1 0
