603 66 8 8 1 0
520 1 8 8 1 0
736 35 8 8 1 0
170 30 8 8 1 0
187 45 8 8 1 0
497 327 19 30 1 0
32 39 8 8 1 0
625 88 9 19 1 0
190 41 8 8 1 0
253 35 8 8 1 0
377 79 9 19 1 0
878 1 8 10 1 0
545 57 8 8 1 0
1014 2 8 13 1 0
321 38 8 8 1 0
892 12 8 8 1 0
185 30 8 8 1 0
84 46 8 8 1 0
552 35 8 8 1 0
274 39 8 8 1 0
285 57 8 8 1 0
864 68 8 8 1 0
564 32 8 8 1 0
125 47 8 8 1 0
963 136 9 19 1 0
314 62 8 8 1 0
153 47 8 8 1 0
214 20 8 8 1 0
261 55 8 8 1 0
152 80 9 19 1 0
719 124 9 19 1 0
759 167 9 19 1 0
928 31 8 8 1 0
794 1 8 8 1 0
486 24 8 8 1 0
452 72 8 10 1 0
473 28 8 8 1 0
576 124 9 19 1 0
178 72 8 8 1 0
595 68 8 8 1 0
297 60 8 8 1 0
126 53 8 8 1 0
587 84 9 19 1 0
324 78 9 19 1 0
648 40 8 8 1 0
725 33 8 8 1 0
16 111 9 19 1 0
405 74 8 10 1 0
906 87 9 19 1 0
114 48 8 8 1 0
188 3 8 8 1 0
91 44 8 8 1 0
202 46 8 8 1 0
45 46 8 8 1 0
623 98 9 19 1 0
856 68 8 8 1 0
142 42 8 8 1 0
400 19 8 8 1 0
479 62 8 8 1 0
503 84 9 19 1 0
308 37 8 8 1 0
481 31 8 8 1 0
