16 593 2 2 1 0
1264 607 14 20 1 0
1631 660 18 25 1 0
1510 623 6 7 1 0
1208 650 33 28 1 0
800 616 32 33 1 0
1085 627 19 22 1 0
957 644 24 28 1 0
1321 632 13 19 1 0
1416 616 11 14 1 0
932 621 5 5 1 0
3 599 2 2 1 0
1578 665 13 13 1 0
1530 620 6 7 1 0
1023 650 37 38 1 0
996 635 20 28 1 0
162 717 61 57 1 0
1980 684 92 111 1 0
1380 612 5 4 1 0
641 636 27 28 1 0
1399 624 5 4 1 0
854 632 40 40 1 0
534 704 43 44 1 0
389 696 43 44 1 0
1274 631 14 20 1 0
1380 635 5 4 1 0
759 634 48 69 1 0
1282 611 14 20 1 0
475 689 43 44 1 0
1203 620 22 21 1 0
888 685 48 69 1 0
1873 728 26 31 1 0
7 752 61 57 1 0
375 674 33 48 1 0
1240 644 0 0 1 0
1351 615 9 9 1 0
1160 625 16 11 1 0
1320 606 13 11 1 0
1450 612 7 7 1 0
1119 639 37 38 1 0
