1470 503 106 107 1 1
710 482 106 107 3 1
1211 191 17 20 1 1
922 470 106 107 1 1
1775 418 98 130 1 1
458 623 115 121 1 1
1091 260 17 20 1 1
152 518 106 107 1 1
859 254 17 20 1 1
1127 253 17 20 1 1
505 316 41 35 1 1
1036 1077 323 301 1 1
641 240 17 20 1 1
689 406 44 27 1 1
830 582 115 121 1 1
1046 401 44 27 1 1
781 222 17 20 1 1
1079 345 41 35 1 1
1353 431 44 27 1 1
769 279 41 35 1 1
1278 1027 167 189 1 1
730 606 115 121 1 1
505 487 106 107 1 1
959 158 17 20 1 1
880 305 41 35 1 1
966 297 41 35 1 1
1455 635 115 121 1 1
85 638 115 121 1 1
991 252 17 20 1 1
805 272 41 35 1 1
870 187 17 20 1 1
842 684 115 121 1 1
1847 703 158 220 1 1
400 521 106 107 1 1
654 628 115 121 1 1
1005 169 17 20 1 1
640 260 17 20 1 1
704 214 17 20 1 1
1076 203 17 20 1 1
726 298 41 35 1 1
1131 452 106 107 1 1
1016 200 17 20 1 1
725 998 323 301 1 1
1772 1077 323 301 1 1
926 303 41 35 1 1
890 246 17 20 1 1
732 238 17 20 1 1
962 194 17 20 1 1
1031 284 41 35 1 1
823 214 17 20 1 1
625 434 44 27 1 1
1307 522 106 107 1 1
1096 529 106 107 1 1
840 320 41 35 1 1
545 637 115 121 1 1
1041 167 17 20 1 1
656 210 17 20 1 1
975 212 17 20 1 1
770 476 106 107 3 1
949 688 115 121 1 1
751 414 44 27 1 1
863 354 44 27 1 1
1146 224 17 20 1 1
391 1019 323 301 1 1
1549 496 106 107 1 1
