281 278 6 9 1 0
306 221 6 9 1 0
977 361 10 14 1 0
673 258 6 13 1 0
18 263 6 9 1 0
755 386 10 14 1 0
358 296 6 9 1 0
324 113 6 9 1 0
810 225 6 13 1 0
230 399 6 9 1 0
885 201 7 10 1 0
216 17 6 9 1 0
71 333 6 9 1 0
1090 445 10 14 1 0
1075 356 10 14 1 0
918 278 10 14 1 0
874 105 6 13 1 0
26 283 6 9 1 0
335 252 6 9 1 0
540 22 6 13 1 0
132 13 6 9 1 0
647 226 6 13 1 0
798 101 6 13 1 0
437 263 6 9 1 0
1129 44 8 8 1 0
844 89 6 13 1 0
556 469 10 14 1 0
549 97 6 13 1 0
708 461 10 14 1 0
134 235 6 9 1 0
798 60 6 13 1 0
172 361 6 9 1 0
362 125 6 9 1 0
408 433 6 9 1 0
749 413 10 14 1 0
629 473 10 14 1 0
89 419 6 9 1 0
612 321 10 14 1 0
986 434 10 14 1 0
464 491 6 9 1 0
219 223 6 9 1 0
205 431 6 9 1 0
561 483 10 14 1 0
409 103 6 9 1 0
151 390 6 9 1 0
65 525 6 9 1 0
138 475 6 9 1 0
320 422 6 9 1 0
72 289 6 9 1 0
461 20 6 9 1 0
1065 199 8 8 1 0
584 223 6 13 1 0
549 130 6 13 1 0
790 50 6 13 1 0
580 368 10 14 2 0
1083 38 8 8 1 0
223 69 6 9 1 0
233 303 6 9 1 0
447 218 6 9 1 0
414 236 6 9 1 0
407 469 6 9 1 0
1031 20 8 8 1 0
1150 37 8 8 1 0
301 409 6 9 1 0
508 470 6 9 1 0
746 23 6 13 1 0
437 251 6 9 1 0
954 251 8 8 1 0
546 332 10 14 1 0
294 411 6 9 1 0
1105 191 8 8 1 0
232 232 6 9 1 0
370 75 6 9 1 0
351 323 6 9 1 0
461 299 6 9 1 0
857 437 10 14 1 0
901 422 10 14 1 0
823 16 6 13 1 0
897 269 9 11 1 0
389 491 6 9 1 0
592 294 10 14 1 0
808 175 6 13 1 0
292 137 6 9 1 0
908 361 10 14 1 0
134 456 6 9 1 0
742 126 6 13 1 0
1 239 6 9 1 0
178 170 6 9 1 0
409 412 6 9 1 0
111 331 6 9 1 0
126 232 6 9 1 0
744 430 10 14 1 0
85 347 6 9 1 0
111 407 6 9 1 0
766 499 10 14 1 0
77 117 6 9 1 0
669 477 10 14 1 0
156 296 6 9 1 0
545 15 6 13 1 0
21 276 6 9 1 0
578 120 6 13 1 0
599 381 10 14 1 0
708 486 10 14 1 0
158 534 6 9 1 0
1115 141 8 8 1 0
1085 512 77 53 1 0
382 337 6 9 1 0
408 78 6 9 1 0
1103 174 8 8 1 0
5 85 6 9 1 0
90 428 6 9 1 0
154 5 6 9 1 0
979 178 8 8 1 0
1090 326 10 14 1 0
846 132 6 13 1 0
917 376 10 14 1 0
293 159 6 9 1 0
21 183 6 9 1 0
705 200 6 13 1 0
1050 263 8 8 1 0
353 223 6 9 1 0
1087 310 10 14 1 0
532 116 6 11 1 0
131 207 6 9 1 0
1130 351 10 14 1 0
965 393 10 14 1 0
235 240 6 9 1 0
396 202 6 9 1 0
608 439 10 14 1 0
329 41 6 9 1 0
970 64 8 8 1 0
740 33 6 13 1 0
142 90 6 9 1 0
37 160 6 9 1 0
200 352 6 9 1 0
261 111 6 9 1 0
758 141 6 13 1 0
995 417 10 14 1 0
486 364 6 9 1 0
193 181 6 9 1 0
266 368 6 9 1 0
215 485 6 9 1 0
94 232 6 9 1 0
726 442 10 14 1 0
623 517 10 14 1 0
692 169 6 13 1 0
104 149 6 9 1 0
840 84 6 13 1 0
1131 151 8 8 1 0
1069 112 8 8 1 0
658 526 10 14 1 0
102 459 6 9 1 0
558 533 10 14 1 0
328 262 6 9 1 0
325 66 6 9 1 0
859 419 10 14 1 0
631 376 10 14 2 0
74 176 6 9 1 0
160 59 6 9 1 0
400 216 6 9 1 0
451 424 6 9 1 0
363 339 6 9 1 0
656 238 6 13 1 0
127 171 6 9 1 0
892 450 10 14 1 0
1051 192 8 8 1 0
235 317 6 9 1 0
317 363 6 9 1 0
1089 296 10 14 1 0
739 469 10 14 1 0
928 147 8 8 1 0
481 117 6 9 1 0
715 332 10 14 1 0
800 129 6 13 1 0
101 284 6 9 1 0
638 214 6 13 1 0
448 33 6 9 1 0
334 472 6 9 1 0
152 166 6 9 1 0
8 208 6 9 1 0
140 221 6 9 1 0
345 26 6 9 1 0
79 527 6 9 1 0
1126 34 8 8 1 0
159 93 6 9 1 0
207 276 6 9 1 0
1115 206 8 8 1 0
94 317 6 9 1 0
42 283 6 9 1 0
635 519 10 14 1 0
184 254 6 9 1 0
897 294 10 14 1 0
270 498 6 9 1 0
78 421 6 9 1 0
282 318 6 9 1 0
1047 286 10 14 1 0
786 426 10 14 1 0
115 527 6 9 1 0
1030 284 10 14 1 0
220 382 6 9 1 0
464 236 6 9 1 0
180 24 6 9 1 0
920 512 10 14 1 0
253 450 6 9 1 0
822 414 10 14 1 0
537 419 10 14 1 0
864 69 6 13 1 0
298 306 6 9 1 0
171 68 6 9 1 0
326 437 6 9 1 0
153 400 6 9 1 0
446 171 6 9 1 0
425 495 6 9 1 0
1109 361 10 14 1 0
690 370 10 14 1 0
609 527 10 14 1 0
70 487 6 9 1 0
663 307 10 14 1 0
1113 247 8 8 1 0
145 159 6 9 1 0
926 181 8 8 1 0
489 131 6 9 1 0
690 178 6 13 1 0
11 195 6 9 1 0
1001 299 10 14 1 0
1101 284 10 14 1 0
156 188 6 9 1 0
250 444 6 9 1 0
49 151 6 9 1 0
283 366 6 9 1 0
22 479 6 9 1 0
990 332 10 14 1 0
906 440 10 14 1 0
592 57 6 13 1 0
600 237 6 13 1 0
640 304 10 14 1 0
403 74 6 9 1 0
249 114 6 9 1 0
151 334 6 9 1 0
981 346 10 14 1 0
751 7 6 13 1 0
658 293 10 14 1 0
824 463 10 14 1 0
991 106 8 8 1 0
573 338 10 14 1 0
77 412 6 9 1 0
247 57 6 9 1 0
917 411 10 14 1 0
732 205 6 13 1 0
759 460 10 14 1 0
294 206 6 9 1 0
7 159 6 9 1 0
706 221 6 13 1 0
151 42 6 9 1 0
1080 377 10 14 1 0
46 20 6 9 1 0
580 88 6 13 1 0
1059 382 10 14 1 0
52 449 6 9 1 0
531 499 10 14 1 0
51 405 6 9 1 0
678 384 10 14 1 0
284 25 6 9 1 0
471 231 6 9 1 0
175 442 6 9 1 0
1076 116 8 8 1 0
1140 38 8 8 1 0
805 295 10 14 1 0
417 63 6 9 1 0
448 135 6 9 1 0
327 158 6 9 1 0
47 339 6 9 1 0
1138 70 8 8 1 0
768 522 10 14 1 0
855 477 10 14 1 0
772 210 6 13 1 0
466 195 6 9 1 0
1022 88 8 8 1 0
712 505 10 14 1 0
506 431 6 9 1 0
828 21 6 13 1 0
784 160 6 13 1 0
291 488 6 9 1 0
512 80 6 9 1 0
115 61 6 9 1 0
89 226 6 9 1 0
165 102 6 9 1 0
117 259 6 9 1 0
1010 161 8 8 1 0
423 193 6 9 1 0
1101 45 8 8 1 0
390 57 6 9 1 0
809 486 10 14 1 0
1150 9 8 8 1 0
510 492 6 9 1 0
494 355 6 9 1 0
972 470 10 14 2 0
954 320 10 14 1 0
837 372 10 14 1 0
943 326 10 14 1 0
263 166 6 9 1 0
797 9 6 13 1 0
62 468 6 9 1 0
1082 217 8 8 1 0
266 492 6 9 1 0
1110 266 9 12 1 0
231 528 6 9 1 0
907 175 8 8 1 0
954 230 8 8 1 0
480 128 6 9 1 0
97 516 6 9 1 0
361 40 6 9 1 0
970 99 8 8 1 0
102 185 6 9 1 0
837 414 10 14 1 0
544 293 10 14 1 0
78 255 6 9 1 0
648 180 6 13 1 0
472 8 6 9 1 0
330 77 6 9 1 0
440 453 6 9 1 0
932 82 8 8 1 0
101 211 6 9 1 0
859 361 10 14 1 0
1001 150 8 8 1 0
760 149 6 13 1 0
842 168 6 13 1 0
305 88 6 9 1 0
726 222 6 13 1 0
369 45 6 9 1 0
273 353 6 9 1 0
616 353 10 14 1 0
702 133 6 13 1 0
662 245 6 13 1 0
717 153 6 13 1 0
1094 190 8 8 1 0
275 412 6 9 1 0
560 260 6 13 1 0
66 251 6 9 1 0
595 107 6 13 1 0
773 159 6 13 1 0
219 491 6 9 1 0
285 57 6 9 1 0
1058 293 10 14 1 0
494 408 6 9 1 0
362 178 6 9 1 0
1032 174 8 8 1 0
776 253 6 13 1 0
549 302 10 14 1 0
25 238 6 9 1 0
197 503 6 9 1 0
405 521 6 9 1 0
669 207 6 13 1 0
489 381 6 9 1 0
1008 189 8 8 1 0
867 441 10 14 1 0
168 237 6 9 1 0
782 409 10 14 1 0
80 169 6 9 1 0
642 95 6 13 1 0
164 440 6 9 1 0
196 316 6 9 1 0
37 147 6 9 1 0
292 105 6 9 1 0
224 5 6 9 1 0
48 356 6 9 1 0
562 510 10 14 1 0
45 167 6 9 1 0
83 221 6 9 1 0
406 458 6 9 1 0
726 160 6 13 1 0
289 83 6 9 1 0
217 136 6 9 1 0
938 350 10 14 1 0
303 334 6 9 1 0
1031 236 8 8 1 0
964 164 8 8 1 0
131 319 6 9 1 0
175 180 6 9 1 0
602 184 6 13 1 0
581 522 10 14 1 0
548 392 10 14 1 0
915 343 10 14 1 0
315 125 6 9 1 0
549 406 10 14 1 0
867 26 6 13 1 0
986 483 10 14 1 0
418 50 6 9 1 0
647 290 10 14 1 0
752 447 10 14 1 0
275 74 6 9 1 0
691 31 6 13 1 0
409 449 6 9 1 0
90 436 6 9 1 0
97 374 6 9 1 0
245 423 6 9 1 0
175 243 6 9 1 0
509 26 6 9 1 0
503 507 6 9 1 0
714 147 6 13 1 0
697 8 6 13 1 0
263 96 6 9 1 0
461 256 6 9 1 0
642 105 6 13 1 0
338 110 6 9 1 0
31 142 6 9 1 0
21 114 6 9 1 0
905 67 8 8 1 0
242 367 6 9 1 0
502 388 6 9 1 0
52 106 6 9 1 0
1140 162 8 8 1 0
1039 350 10 14 1 0
709 300 10 14 1 0
433 23 6 9 1 0
254 155 6 9 1 0
190 269 6 9 1 0
187 199 6 9 1 0
786 124 6 13 1 0
510 188 6 9 1 0
213 284 6 9 1 0
1063 153 8 8 1 0
848 285 10 14 1 0
643 539 10 14 1 0
630 388 10 14 1 0
401 403 6 9 1 0
824 71 6 13 1 0
503 283 6 9 1 0
26 194 6 9 1 0
488 170 6 9 1 0
870 335 10 14 1 0
75 502 6 9 1 0
981 241 8 8 1 0
791 459 10 14 2 0
1017 260 8 8 1 0
770 241 6 13 1 0
107 482 6 9 1 0
133 150 6 9 1 0
530 297 10 14 1 0
522 82 6 10 1 0
18 336 6 9 1 0
65 450 6 9 1 0
577 291 10 14 1 0
42 508 6 9 1 0
886 430 10 14 1 0
11 301 6 9 1 0
731 268 9 13 1 0
701 192 6 13 1 0
109 532 6 9 1 0
893 370 10 14 1 0
717 48 6 13 1 0
326 133 6 9 1 0
215 372 6 9 1 0
1099 422 10 14 1 0
249 376 6 9 1 0
963 57 8 8 1 0
255 384 6 9 1 0
501 70 6 9 1 0
148 284 6 9 1 0
438 236 6 9 1 0
234 271 6 9 1 0
770 441 10 14 1 0
738 177 6 13 1 0
55 268 6 9 1 0
885 168 7 9 1 0
170 101 6 9 1 0
680 510 10 14 1 0
93 130 6 9 1 0
160 31 6 9 1 0
190 344 6 9 1 0
603 431 10 14 1 0
35 403 6 9 1 0
327 10 6 9 1 0
832 151 6 13 1 0
40 203 6 9 1 0
627 502 10 14 1 0
453 98 6 9 1 0
195 490 6 9 1 0
114 166 6 9 1 0
938 245 8 8 1 0
142 437 6 9 1 0
989 268 8 9 1 0
990 373 10 14 1 0
600 18 6 13 1 0
477 514 6 9 1 0
425 74 6 9 1 0
469 152 6 9 1 0
23 492 6 9 1 0
113 267 6 9 1 0
198 285 6 9 1 0
66 318 6 9 1 0
202 7 6 9 1 0
638 10 6 13 1 0
1020 177 8 8 1 0
582 487 10 14 1 0
505 174 6 9 1 0
79 292 6 9 1 0
213 463 6 9 1 0
174 455 6 9 1 0
189 414 6 9 1 0
91 136 6 9 1 0
1122 366 10 14 1 0
1006 321 10 14 1 0
766 336 10 14 1 0
230 13 6 9 1 0
386 365 6 9 1 0
1145 479 26 23 1 0
484 274 6 9 1 0
978 237 8 8 1 0
436 36 6 9 1 0
422 97 6 9 1 0
143 42 6 9 1 0
300 9 6 9 1 0
197 126 6 9 1 0
218 287 6 9 1 0
297 214 6 9 1 0
273 116 6 9 1 0
671 330 10 14 1 0
946 59 8 8 1 0
862 213 6 13 1 0
1109 131 8 8 1 0
173 433 6 9 1 0
609 197 6 13 1 0
133 360 6 9 1 0
485 265 6 9 1 0
542 172 6 13 1 0
259 159 6 9 1 0
688 437 10 14 1 0
903 206 8 8 1 0
426 311 6 9 1 0
657 185 6 13 1 0
778 259 6 13 1 0
129 443 6 9 1 0
1044 390 10 14 1 0
207 71 6 9 1 0
107 248 6 9 1 0
159 227 6 9 1 0
553 41 6 13 1 0
112 11 6 9 1 0
79 428 6 9 1 0
773 24 6 13 1 0
46 414 6 9 1 0
882 377 10 14 1 0
123 539 6 9 1 0
198 56 6 9 1 0
98 237 6 9 1 0
149 62 6 9 1 0
967 450 10 14 1 0
159 452 6 9 1 0
191 71 6 9 1 0
659 40 6 13 1 0
213 33 6 9 1 0
521 269 9 12 1 0
22 465 6 9 1 0
237 412 6 9 1 0
497 7 6 9 1 0
393 179 6 9 1 0
950 183 8 8 1 0
356 166 6 9 1 0
753 36 6 13 1 0
494 67 6 9 1 0
847 422 10 14 1 0
370 235 6 9 1 0
845 208 6 13 1 0
15 103 6 9 1 0
181 303 6 9 1 0
439 473 6 9 1 0
422 256 6 9 1 0
533 381 10 14 1 0
882 490 10 14 1 0
693 62 6 13 1 0
97 394 6 9 1 0
306 161 6 9 1 0
412 226 6 9 1 0
236 145 6 9 1 0
1108 440 10 14 1 0
200 515 6 9 1 0
458 49 6 9 1 0
1057 266 9 12 1 0
519 463 6 9 1 0
303 482 6 9 1 0
236 535 6 9 1 0
774 110 6 13 1 0
870 139 6 13 1 0
472 33 6 9 1 0
896 398 10 14 1 0
54 436 6 9 1 0
25 320 6 9 1 0
857 295 10 14 1 0
311 171 6 9 1 0
53 231 6 9 1 0
519 138 6 9 1 0
697 51 6 13 1 0
374 182 6 9 1 0
939 109 8 8 1 0
524 280 9 12 1 0
750 174 6 13 1 0
125 205 6 9 1 0
175 16 6 9 1 0
862 170 6 13 1 0
268 504 6 9 1 0
43 336 6 9 1 0
841 219 6 13 1 0
928 253 8 8 1 0
184 469 6 9 1 0
1085 161 8 8 1 0
633 489 10 14 1 0
602 447 10 14 1 0
924 492 10 14 1 0
287 449 6 9 1 0
704 289 10 14 1 0
638 35 6 13 1 0
258 333 6 9 1 0
307 241 6 9 1 0
472 264 6 9 1 0
372 513 6 9 1 0
274 20 6 9 1 0
607 245 6 13 1 0
900 101 8 8 1 0
521 486 6 9 1 0
84 258 6 9 1 0
192 228 6 9 1 0
320 148 6 9 1 0
313 62 6 9 1 0
184 109 6 9 1 0
847 382 10 14 1 0
274 270 6 9 1 0
668 46 6 13 1 0
525 50 6 11 1 0
757 404 10 14 1 0
881 236 6 11 1 0
913 123 8 8 1 0
166 303 6 9 1 0
205 128 6 9 1 0
157 261 6 9 1 0
201 272 6 9 1 0
742 323 10 14 1 0
424 508 6 9 1 0
287 321 6 9 1 0
601 90 6 13 1 0
626 35 6 13 1 0
585 401 10 14 1 0
272 517 6 9 1 0
179 332 6 9 1 0
147 194 6 9 1 0
743 118 6 13 1 0
541 368 10 14 1 0
1003 479 10 14 1 0
680 303 10 14 1 0
1075 157 8 8 1 0
133 73 6 9 1 0
689 55 6 13 1 0
838 274 8 13 1 0
1086 122 8 8 1 0
696 279 10 14 1 0
528 168 6 9 1 0
466 310 6 9 1 0
672 373 10 14 1 0
398 98 6 9 1 0
644 450 10 14 1 0
299 468 6 9 1 0
64 475 6 9 1 0
637 458 10 14 1 0
64 273 6 9 1 0
1129 382 10 14 1 0
585 96 6 13 1 0
110 493 6 9 1 0
141 78 6 9 1 0
857 534 10 14 1 0
920 44 8 8 1 0
1013 385 10 14 1 0
961 487 10 14 1 0
1111 323 10 14 1 0
858 44 6 13 1 0
784 33 6 13 1 0
393 483 6 9 1 0
100 486 6 9 1 0
873 383 10 14 1 0
385 349 6 9 1 0
613 343 10 14 1 0
428 331 6 9 1 0
61 156 6 9 1 0
197 111 6 9 1 0
814 181 6 13 1 0
1042 22 8 8 1 0
491 27 6 9 1 0
35 250 6 9 1 0
619 406 10 14 1 0
230 51 6 9 1 0
678 52 6 13 1 0
501 135 6 9 1 0
1035 365 10 14 1 0
634 354 10 14 1 0
686 218 6 13 1 0
721 79 6 13 1 0
1084 54 8 8 1 0
253 326 6 9 1 0
584 378 10 14 1 0
567 200 6 13 1 0
625 99 6 13 1 0
117 341 6 9 1 0
528 346 6 9 1 0
612 274 8 13 1 0
223 262 6 9 1 0
484 50 6 9 1 0
1118 380 10 14 1 0
265 143 6 9 1 0
869 226 6 13 1 0
1007 310 10 14 1 0
61 135 6 9 1 0
44 187 6 9 1 0
651 28 6 13 1 0
121 36 6 9 1 0
531 338 10 14 1 0
435 212 6 9 1 0
1046 340 10 14 1 0
950 262 8 8 1 0
826 78 6 13 1 0
113 135 6 9 1 0
912 114 8 8 1 0
936 205 8 8 1 0
255 16 6 9 1 0
587 480 10 14 1 0
825 186 6 13 1 0
114 252 6 9 1 0
725 255 6 13 1 0
396 158 6 9 1 0
644 518 10 14 1 0
877 453 10 14 1 0
670 104 6 13 1 0
618 490 10 14 1 0
446 284 6 9 1 0
831 32 6 13 1 0
478 476 6 9 1 0
858 337 10 14 1 0
1150 73 8 8 1 0
26 269 6 9 1 0
963 109 8 8 1 0
449 108 6 9 1 0
181 392 6 9 1 0
716 319 10 14 1 0
805 427 10 14 1 0
457 435 6 9 1 0
922 74 8 8 1 0
374 82 6 9 1 0
419 142 6 9 1 0
489 439 6 9 1 0
586 387 10 14 1 0
276 430 6 9 1 0
929 233 8 8 1 0
543 125 6 13 1 0
323 233 6 9 1 0
228 140 6 9 1 0
882 190 6 11 1 0
777 149 6 13 1 0
999 262 8 8 1 0
731 88 6 13 1 0
617 421 10 14 1 0
4 102 6 9 1 0
76 139 6 9 1 0
553 27 6 13 1 0
266 523 6 9 1 0
593 33 6 13 1 0
391 207 6 9 1 0
842 364 10 14 1 0
424 320 6 9 1 0
358 111 6 9 1 0
347 6 6 9 1 0
97 161 6 9 1 0
437 156 6 9 1 0
577 5 6 13 1 0
496 20 6 9 1 0
670 26 6 13 1 0
161 233 6 9 1 0
63 301 6 9 1 0
209 367 6 9 1 0
231 120 6 9 1 0
691 468 10 14 1 0
161 421 6 9 1 0
550 193 6 13 1 0
351 213 6 9 1 0
592 283 10 14 1 0
911 220 8 8 1 0
234 509 6 9 1 0
199 34 6 9 1 0
579 360 10 14 2 0
894 48 8 8 1 0
760 323 10 14 1 0
149 87 6 9 1 0
758 50 6 13 1 0
245 24 6 9 1 0
328 239 6 9 1 0
16 118 6 9 1 0
327 416 6 9 1 0
905 370 10 14 1 0
285 197 6 9 1 0
109 58 6 9 1 0
821 242 6 13 1 0
1002 207 8 8 1 0
332 134 6 9 1 0
331 447 6 9 1 0
103 524 6 9 1 0
13 90 6 9 1 0
747 497 10 14 1 0
192 330 6 9 1 0
203 303 6 9 1 0
828 254 6 13 1 0
406 222 6 9 1 0
124 370 6 9 1 0
499 170 6 9 1 0
512 8 6 9 1 0
565 138 6 13 1 0
495 227 6 9 1 0
554 308 10 14 1 0
449 20 6 9 1 0
378 244 6 9 1 0
19 137 6 9 1 0
234 85 6 9 1 0
660 463 10 14 1 0
729 63 6 13 1 0
146 367 6 9 1 0
277 357 6 9 1 0
1033 334 10 14 1 0
1092 181 8 8 1 0
175 282 6 9 1 0
222 504 6 9 1 0
19 524 6 9 1 0
1075 38 8 8 1 0
764 108 6 13 1 0
797 270 7 13 1 0
871 236 6 13 1 0
1046 408 10 14 1 0
192 396 6 9 1 0
670 252 6 13 1 0
311 498 6 9 1 0
527 374 6 9 1 0
275 185 6 9 1 0
28 103 6 9 1 0
1008 131 8 8 1 0
164 215 6 9 1 0
252 89 6 9 1 0
100 452 6 9 1 0
943 81 8 8 1 0
246 436 6 9 1 0
802 326 10 14 1 0
49 229 6 9 1 0
801 445 10 14 1 0
736 405 10 14 1 0
638 124 6 13 1 0
766 376 10 14 1 0
74 166 6 9 1 0
457 185 6 9 1 0
701 232 6 13 1 0
279 21 6 9 1 0
58 182 6 9 1 0
1033 182 8 8 1 0
748 130 6 13 1 0
106 163 6 9 1 0
385 93 6 9 1 0
152 256 6 9 1 0
225 296 6 9 1 0
86 174 6 9 1 0
394 74 6 9 1 0
1069 160 8 8 1 0
562 100 6 13 1 0
539 283 10 14 1 0
23 211 6 9 1 0
297 54 6 9 1 0
9 291 6 9 1 0
479 9 6 9 1 0
1121 40 8 8 1 0
699 538 10 14 1 0
92 177 6 9 1 0
384 20 6 9 1 0
88 331 6 9 1 0
762 311 10 14 1 0
474 248 6 9 1 0
1096 128 8 8 1 0
763 72 6 13 1 0
1006 331 10 14 1 0
6 405 6 9 1 0
536 320 10 14 1 0
102 240 6 9 1 0
628 68 6 13 1 0
66 372 6 9 1 0
539 511 10 14 1 0
901 355 10 14 1 0
801 372 10 14 1 0
681 342 10 14 1 0
1058 106 8 8 1 0
726 22 6 13 1 0
368 258 6 9 1 0
981 98 8 8 1 0
1002 71 8 8 1 0
243 245 6 9 1 0
821 120 6 13 1 0
737 533 10 14 1 0
419 288 6 9 1 0
403 377 6 9 1 0
311 224 6 9 1 0
564 468 10 14 1 0
708 141 6 13 1 0
943 47 8 8 1 0
34 335 6 9 1 0
681 285 10 14 1 0
1098 271 9 12 1 0
162 311 6 9 1 0
339 192 6 9 1 0
947 411 10 14 1 0
491 85 6 9 1 0
942 262 8 8 1 0
789 37 6 13 1 0
902 483 10 14 1 0
604 261 6 13 1 0
833 265 6 13 1 0
129 181 6 9 1 0
310 521 6 9 1 0
966 171 8 8 1 0
1068 432 10 14 1 0
598 471 10 14 1 0
155 226 6 9 1 0
76 187 6 9 1 0
306 121 6 9 1 0
910 265 8 8 1 0
816 370 10 14 1 0
340 89 6 9 1 0
1016 85 8 8 1 0
159 276 6 9 1 0
467 525 6 9 1 0
1016 290 10 14 1 0
616 132 6 13 1 0
373 97 6 9 1 0
289 18 6 9 1 0
283 372 6 9 1 0
96 214 6 9 1 0
120 12 6 9 1 0
249 254 6 9 1 0
859 80 6 13 1 0
761 37 6 13 1 0
1009 428 10 14 1 0
662 196 6 13 1 0
808 147 6 13 1 0
713 15 6 13 1 0
496 177 6 9 1 0
731 168 6 13 1 0
259 6 6 9 1 0
732 275 10 14 2 0
487 64 6 9 1 0
785 8 6 13 1 0
260 62 6 9 1 0
109 291 6 9 1 0
518 528 8 11 1 0
944 285 10 14 1 0
1061 145 8 8 1 0
806 95 6 13 1 0
180 188 6 9 1 0
207 7 6 9 1 0
1021 12 8 8 1 0
1141 60 8 8 1 0
183 287 6 9 1 0
578 32 6 13 1 0
703 70 6 13 1 0
247 150 6 9 1 0
259 397 6 9 1 0
916 98 8 8 1 0
289 5 6 9 1 0
143 277 6 9 1 0
623 28 6 13 1 0
773 99 6 13 1 0
46 265 6 9 1 0
98 180 6 9 1 0
856 394 10 14 1 0
293 326 6 9 1 0
512 409 6 9 1 0
181 50 6 9 1 0
645 173 6 13 1 0
27 169 6 9 1 0
588 128 6 13 1 0
1040 137 8 8 1 0
631 369 10 14 2 0
979 418 10 14 1 0
852 86 6 13 1 0
896 280 10 14 1 0
969 477 10 14 1 0
970 464 10 14 2 0
755 14 6 13 1 0
74 347 6 9 1 0
429 149 6 9 1 0
591 231 6 13 1 0
941 452 10 14 1 0
409 15 6 9 1 0
35 101 6 9 1 0
1097 338 10 14 1 0
379 194 6 9 1 0
723 201 6 13 1 0
339 278 6 9 1 0
1086 429 10 14 1 0
90 157 6 9 1 0
4 249 6 9 1 0
933 194 8 8 1 0
340 153 6 9 1 0
445 445 6 9 1 0
1029 446 10 14 1 0
19 295 6 9 1 0
855 492 10 14 1 0
844 14 6 13 1 0
759 297 10 14 1 0
48 420 6 9 1 0
188 27 6 9 1 0
614 457 10 14 1 0
138 521 6 9 1 0
706 403 10 14 1 0
668 494 10 14 1 0
775 197 6 13 1 0
90 144 6 9 1 0
236 524 6 9 1 0
980 384 10 14 1 0
633 333 10 14 1 0
586 503 10 14 1 0
695 185 6 13 1 0
539 59 6 12 1 0
60 232 6 9 1 0
664 118 6 13 1 0
789 93 6 13 1 0
762 182 6 13 1 0
330 170 6 9 1 0
26 398 6 9 1 0
890 122 7 9 1 0
501 101 6 9 1 0
704 38 6 13 1 0
1004 375 10 14 1 0
316 524 6 9 1 0
625 165 6 13 1 0
533 354 10 14 1 0
151 484 6 9 1 0
119 408 6 9 1 0
477 138 6 9 1 0
73 11 6 9 1 0
44 225 6 9 1 0
811 356 10 14 1 0
136 166 6 9 1 0
98 380 6 9 1 0
575 113 6 13 1 0
518 25 6 9 1 0
616 327 10 14 1 0
1000 345 10 14 1 0
34 492 6 9 1 0
38 411 6 9 1 0
807 470 10 14 1 0
313 348 6 9 1 0
26 360 6 9 1 0
398 46 6 9 1 0
247 17 6 9 1 0
25 333 6 9 1 0
754 135 6 13 1 0
620 211 6 13 1 0
216 449 6 9 1 0
102 474 6 9 1 0
381 49 6 9 1 0
244 6 6 9 1 0
779 268 8 13 1 0
731 346 10 14 1 0
346 506 6 9 1 0
933 363 10 14 1 0
386 154 6 9 1 0
788 484 10 14 1 0
349 175 6 9 1 0
811 305 10 14 1 0
271 46 6 9 1 0
355 61 6 9 1 0
1093 18 8 8 1 0
902 137 8 8 1 0
341 461 6 9 1 0
967 359 10 14 1 0
943 338 10 14 1 0
568 261 6 13 1 0
262 129 6 9 1 0
719 461 10 14 1 0
669 416 10 14 1 0
786 281 10 14 1 0
329 246 6 9 1 0
885 156 7 9 1 0
844 459 10 14 1 0
174 268 6 9 1 0
858 17 6 13 1 0
1034 294 10 14 1 0
987 73 8 8 1 0
90 307 6 9 1 0
43 293 6 9 1 0
313 508 6 9 1 0
402 62 6 9 1 0
351 47 6 9 1 0
979 186 8 8 1 0
465 13 6 9 1 0
466 481 6 9 1 0
239 55 6 9 1 0
414 311 6 9 1 0
376 118 6 9 1 0
891 263 8 12 1 0
147 250 6 9 1 0
577 46 6 13 1 0
360 235 6 9 1 0
483 370 6 9 1 0
567 7 6 13 1 0
249 322 6 9 1 0
31 119 6 9 1 0
951 304 10 14 1 0
162 354 6 9 1 0
165 34 6 9 1 0
435 104 6 9 1 0
839 398 10 14 1 0
864 462 10 14 1 0
700 14 6 13 1 0
695 99 6 13 1 0
524 7 6 11 1 0
855 222 6 13 1 0
969 128 8 8 1 0
184 461 6 9 1 0
336 99 6 9 1 0
559 302 10 14 1 0
925 398 10 14 1 0
658 137 6 13 1 0
623 251 6 13 1 0
944 479 10 14 1 0
31 183 6 9 1 0
87 410 6 9 1 0
881 246 7 12 1 0
882 403 10 14 1 0
702 308 10 14 1 0
314 98 6 9 1 0
140 246 6 9 1 0
688 451 10 14 1 0
818 147 6 13 1 0
1081 172 8 8 1 0
2 202 6 9 1 0
1011 210 8 8 1 0
343 422 6 9 1 0
227 390 6 9 1 0
900 520 10 14 1 0
785 269 7 13 1 0
464 502 6 9 1 0
853 53 6 13 1 0
838 228 6 13 1 0
770 5 6 13 1 0
241 107 6 9 1 0
797 530 10 14 1 0
850 370 10 14 1 0
1038 251 8 8 1 0
745 336 10 14 1 0
1052 143 8 8 1 0
166 176 6 9 1 0
938 503 10 14 1 0
804 386 10 14 1 0
61 240 6 9 1 0
993 133 8 8 1 0
913 35 8 8 1 0
825 112 6 13 1 0
457 414 6 9 1 0
1106 39 8 8 1 0
565 19 6 13 1 0
812 14 6 13 1 0
291 123 6 9 1 0
186 337 6 9 1 0
277 310 6 9 1 0
789 466 10 14 2 0
445 277 6 9 1 0
771 40 6 13 1 0
802 316 10 14 1 0
515 105 6 9 1 0
978 296 10 14 1 0
922 269 8 9 1 0
298 115 6 9 1 0
431 204 6 9 1 0
171 321 6 9 1 0
193 402 6 9 1 0
953 435 10 14 1 0
96 278 6 9 1 0
123 353 6 9 1 0
340 485 6 9 1 0
659 422 10 14 1 0
351 204 6 9 1 0
630 401 10 14 1 0
676 419 10 14 1 0
743 63 6 13 1 0
570 12 6 13 1 0
438 87 6 9 1 0
823 425 10 14 1 0
142 466 6 9 1 0
405 124 6 9 1 0
10 133 6 9 1 0
268 66 6 9 1 0
132 264 6 9 1 0
134 270 6 9 1 0
832 81 6 13 1 0
807 522 10 14 1 0
113 26 6 9 1 0
527 475 6 9 1 0
1083 462 10 14 1 0
448 405 6 9 1 0
124 142 6 9 1 0
220 92 6 9 1 0
211 196 6 9 1 0
938 44 8 8 1 0
