1085 221 60 70 1 0
1148 195 44 46 1 0
679 186 26 37 1 0
308 160 42 44 1 0
38 153 44 46 1 0
865 234 92 84 1 0
615 187 42 44 1 0
714 189 44 49 1 0
737 229 108 126 1 0
1000 194 60 70 1 0
534 273 108 126 1 0
565 211 63 77 1 0
990 251 92 84 1 0
912 193 60 70 1 0
1050 204 32 34 1 0
820 179 44 49 1 0
857 175 33 34 1 0
16 212 53 58 2 0
387 197 42 44 1 0
800 171 27 26 1 0
516 195 63 77 1 0
106 208 80 93 1 0
439 237 108 126 1 0
1160 264 44 46 1 0
475 173 26 37 1 0
352 182 42 44 1 0
99 160 44 46 1 0
721 165 27 26 1 0
785 150 32 28 1 0
232 220 80 93 1 0
3 230 53 58 2 0
581 172 42 44 1 0
738 156 32 28 1 0
770 167 27 26 1 0
230 163 42 44 1 0
