770 291 9 12 1 1
609 285 9 12 1 1
677 292 9 12 1 1
339 285 11 15 1 0
869 293 8 8 1 1
125 332 33 41 1 0
360 300 11 15 1 0
374 300 11 15 1 0
315 286 13 18 1 0
299 396 17 35 1 0
722 293 9 12 1 1
351 288 11 15 1 0
669 292 9 12 1 1
827 291 8 8 1 1
857 291 8 8 1 1
810 299 8 8 1 1
731 293 9 12 1 1
56 404 33 41 1 0
661 291 9 12 1 1
333 314 11 15 1 0
862 298 8 8 1 1
425 296 7 8 1 0
306 278 13 18 1 0
538 297 7 8 1 1
284 270 13 18 1 0
389 297 11 15 1 0
478 294 7 8 1 0
234 314 17 22 1 0
793 293 9 12 1 1
458 290 7 8 1 0
756 289 9 12 1 1
883 299 8 8 1 1
590 289 9 12 1 1
438 292 7 8 1 0
844 295 8 8 1 1
622 292 9 12 1 1
272 280 13 18 1 0
73 375 33 41 1 0
700 289 9 12 1 1
568 292 9 12 1 1
529 295 7 8 1 1
515 294 7 8 1 1
743 292 9 12 1 1
48 363 33 41 1 0
639 297 9 12 1 1
