751 27 118 158 1 0
1509 68 42 68 1 1
1454 406 150 178 1 0
441 126 108 152 1 0
36 77 129 165 1 0
1037 96 56 62 1 1
583 121 108 152 1 0
1838 26 42 68 1 1
1183 188 56 62 1 0
1091 275 150 178 1 0
801 260 150 178 1 0
293 300 150 178 1 0
12 273 129 165 1 0
695 256 150 178 1 0
1689 243 150 178 1 0
1564 62 42 68 1 0
1341 176 50 62 1 0
1763 106 108 111 1 1
785 348 150 178 3 0
682 140 108 152 1 0
927 276 150 178 1 0
153 245 150 178 1 0
202 350 150 178 1 0
247 139 108 152 1 0
1232 39 46 61 1 1
557 232 150 178 1 0
825 166 108 152 1 0
1422 271 150 178 1 0
1112 347 150 178 1 0
628 59 108 152 1 0
346 157 108 152 1 0
1065 12 46 61 1 1
1438 33 42 68 1 1
1164 106 56 62 1 0
193 22 129 165 1 1
1029 316 150 178 1 0
898 49 100 119 1 1
441 258 150 178 1 0
1911 331 112 133 1 0
1223 566 150 178 1 0
1418 133 40 48 1 1
1588 373 150 178 1 0
1015 889 148 195 1 1
1871 227 108 111 1 0
1620 140 108 111 1 0
