625 1322 68 87 1 1
3495 1333 50 84 1 0
3121 1293 86 74 1 0
3547 1258 44 28 1 0
3321 1352 120 105 1 0
3722 1227 56 49 1 0
433 1315 106 137 1 0
343 1369 98 77 1 0
3582 1232 51 55 1 0
189 1403 105 149 1 0
728 1484 104 134 1 0
757 1342 62 56 1 1
1370 1236 40 66 1 0
1630 1314 102 130 1 0
998 1329 112 152 1 0
2621 1133 124 133 1 0
2948 1478 122 133 1 0
3429 1334 48 71 1 0
1643 1172 140 145 1 0
881 1394 62 121 1 0
3576 1331 120 133 1 0
3693 1262 42 37 1 0
350 1494 122 134 1 0
3380 1189 56 65 1 0
2273 1273 118 134 1 0
3096 1203 46 41 1 0
536 1312 106 137 1 0
3036 1187 46 41 1 0
828 1342 62 56 1 1
3168 1413 144 117 1 0
356 1293 98 77 1 1
3258 1374 84 96 1 0
3133 1168 81 87 1 0
38 1358 99 124 1 0
1426 1378 144 155 1 0
3018 1308 134 146 1 0
3646 1193 84 87 1 0
3313 1458 84 96 1 0
1167 1334 112 152 1 0
2089 1191 118 134 1 0
3347 1225 56 65 1 0
1146 1470 102 130 1 0
3479 1273 52 44 1 0
