514 13 32 35 1 0
365 28 32 39 1 0
278 28 32 39 1 0
261 79 32 39 1 0
578 110 32 31 1 0
491 272 39 45 1 0
103 112 32 31 1 0
264 49 32 39 1 0
421 185 39 36 1 0
379 121 32 31 1 0
417 397 39 47 1 0
515 162 39 36 1 0
471 319 39 45 1 0
506 124 32 31 1 0
436 36 32 39 1 0
544 182 39 36 1 0
420 55 32 39 1 0
416 12 32 37 1 0
158 76 32 39 1 0
577 189 39 36 1 0
323 274 39 45 1 0
107 326 23 28 1 0
582 276 39 45 1 0
563 57 32 39 1 0
206 192 32 31 1 0
21 353 29 32 1 0
488 422 39 47 1 0
553 224 39 36 1 0
342 227 39 36 1 0
39 341 23 28 1 0
502 100 32 31 1 0
361 82 32 39 1 0
568 411 39 47 1 0
