19 713 106 63 1 0
628 507 78 83 1 0
1045 36 87 82 1 0
783 319 87 82 1 0
1134 510 78 83 1 0
711 47 27 20 1 0
877 47 27 20 1 0
1027 577 78 83 1 0
704 687 78 83 1 0
100 535 68 79 1 0
865 74 87 82 1 0
790 649 78 83 1 0
1330 381 87 82 1 0
1274 66 87 82 1 0
545 198 87 82 1 0
1002 681 78 83 1 0
24 4 63 3 1 0
364 327 87 82 1 0
961 510 78 83 1 0
1293 557 78 83 1 0
1128 417 87 82 1 0
687 585 78 83 1 0
417 713 106 63 1 0
1056 70 87 82 1 0
396 125 87 82 1 0
797 504 78 83 1 0
162 710 106 63 1 0
20 422 68 79 1 0
929 4 27 20 1 0
354 525 68 79 1 0
984 228 87 82 1 0
848 301 87 82 1 0
745 154 87 82 1 0
924 134 87 82 1 0
1301 643 78 83 1 0
674 7 27 20 1 0
232 249 68 79 1 0
1319 708 78 83 1 0
1208 348 87 82 1 0
1306 222 87 82 1 0
709 62 87 82 1 0
135 298 68 79 1 0
226 464 68 79 1 0
533 656 78 83 1 0
678 431 87 82 1 0
617 284 87 82 1 0
159 616 68 79 1 0
