385 182 12 17 1 0
42 171 12 17 1 0
122 292 26 30 1 0
879 124 7 9 1 0
87 119 1 7 1 0
234 216 15 18 1 0
29 164 12 17 1 0
516 113 1 7 1 0
530 133 7 9 1 0
441 195 12 17 1 0
106 140 7 9 1 0
705 96 1 7 1 0
811 180 12 17 1 0
652 104 1 7 1 0
231 131 7 9 1 0
498 105 1 7 1 0
668 119 1 7 1 0
703 106 1 7 1 0
495 130 7 9 1 0
363 113 1 7 1 0
776 153 12 17 1 0
473 124 7 9 1 0
701 200 15 18 1 0
368 157 12 17 1 0
640 101 1 7 1 0
331 113 1 7 1 0
328 179 12 17 1 0
643 98 1 7 1 0
648 118 1 7 1 0
48 114 1 7 1 0
8 165 9 13 1 0
254 116 1 7 1 0
833 101 1 7 1 0
459 107 1 7 1 0
612 213 15 18 1 0
292 137 7 9 1 0
628 101 1 7 1 0
352 174 12 17 1 0
130 166 12 17 1 0
592 102 1 7 1 0
478 163 12 17 1 0
721 122 7 9 1 0
445 177 12 17 1 0
31 198 12 17 1 0
312 177 12 17 1 0
113 124 7 9 1 0
782 92 1 7 1 0
285 95 1 7 1 0
118 143 7 9 1 0
519 114 1 7 1 0
151 164 12 17 1 0
821 93 1 7 1 0
291 187 12 17 1 0
750 284 26 30 1 0
557 95 1 7 1 0
722 93 1 7 1 0
122 103 1 7 1 0
710 99 1 7 1 0
467 120 5 8 1 0
375 168 12 17 1 0
577 97 1 7 1 0
530 176 12 17 1 0
869 163 12 17 1 0
90 146 12 17 1 0
25 127 7 9 1 0
612 106 1 7 1 0
798 93 1 7 1 0
502 152 12 17 1 0
244 108 1 7 1 0
76 116 1 7 1 0
266 118 1 7 1 0
465 127 7 9 1 0
632 115 1 7 1 0
700 144 7 9 1 0
194 104 1 7 1 0
649 100 1 7 1 0
61 144 7 9 1 0
549 111 1 7 1 0
234 108 1 7 1 0
267 114 1 7 1 0
30 130 7 9 1 0
828 161 12 17 1 0
405 105 1 7 1 0
297 135 7 9 1 0
646 103 1 7 1 0
706 124 7 9 1 0
290 231 15 18 1 0
623 129 7 9 1 0
149 100 1 7 1 0
357 260 26 30 1 0
228 124 7 9 1 0
512 127 7 9 1 0
359 182 12 17 1 0
127 187 12 17 1 0
56 116 1 7 1 0
563 97 1 7 1 0
103 145 12 17 1 0
39 137 7 9 1 0
455 117 1 7 1 0
102 193 12 17 1 0
574 134 7 9 1 0
726 94 1 7 1 0
559 120 5 8 1 0
774 92 1 7 1 0
337 226 15 18 1 0
132 172 12 17 1 0
506 207 15 18 1 0
797 102 1 7 1 0
10 97 4 8 1 0
2 183 12 17 1 0
696 108 1 7 1 0
471 132 7 9 1 0
483 133 7 9 1 0
572 96 1 7 1 0
221 146 12 17 1 0
233 96 1 7 1 0
105 180 12 17 1 0
252 128 7 9 1 0
57 179 12 17 1 0
68 115 1 7 1 0
98 129 7 9 1 0
135 134 7 9 1 0
358 160 12 17 1 0
597 103 1 7 1 0
163 114 1 7 1 0
341 95 1 7 1 0
508 113 1 7 1 0
895 301 13 17 1 0
412 167 12 17 1 0
818 112 1 7 1 0
826 115 1 7 1 0
356 106 1 7 1 0
163 132 7 9 1 0
511 116 1 7 1 0
676 93 1 7 1 0
74 131 7 9 1 0
645 130 7 9 1 0
264 102 1 7 1 0
458 124 7 9 1 0
453 99 1 7 1 0
847 99 1 7 1 0
12 127 7 9 1 0
457 132 7 9 1 0
339 176 12 17 1 0
340 126 7 9 1 0
587 104 1 7 1 0
657 165 12 17 1 0
640 174 12 17 1 0
690 100 1 7 1 0
133 111 1 7 1 0
603 200 15 18 1 0
750 77 1 7 1 0
2 137 7 9 1 0
777 105 1 7 1 0
553 119 1 7 1 0
96 167 12 17 1 0
475 118 1 7 1 0
548 161 12 17 1 0
86 101 1 7 1 0
40 123 7 9 1 0
93 96 1 7 1 0
794 127 7 9 1 0
365 216 15 18 1 0
550 126 7 9 1 0
202 123 7 9 1 0
210 125 7 9 1 0
631 194 12 17 1 0
595 94 1 7 1 0
561 171 12 17 1 0
273 126 7 9 1 0
76 158 12 17 1 0
178 102 1 7 1 0
789 92 1 7 1 0
73 112 1 7 1 0
279 108 1 7 1 0
793 244 19 23 1 0
745 156 12 17 1 0
465 95 1 7 1 0
658 107 1 7 1 0
43 128 7 9 1 0
754 142 7 9 1 0
136 126 7 9 1 0
378 109 1 7 1 0
412 154 12 17 1 0
584 129 7 9 1 0
153 174 12 17 1 0
539 120 2 7 1 0
707 115 1 7 1 0
602 133 7 9 1 0
556 133 7 9 1 0
52 100 1 7 1 0
572 102 1 7 1 0
736 94 1 7 1 0
596 190 12 17 1 0
109 119 1 7 1 0
515 232 15 18 1 0
265 128 7 9 1 0
726 109 1 7 1 0
687 228 15 18 1 0
313 127 7 9 1 0
671 111 1 7 1 0
620 178 12 17 1 0
767 141 7 9 1 0
23 116 4 8 1 0
452 105 1 7 1 0
141 132 7 9 1 0
499 161 12 17 1 0
300 121 7 9 1 0
589 215 15 18 1 0
707 109 1 7 1 0
209 134 7 9 1 0
731 234 15 18 1 0
547 101 1 7 1 0
382 103 1 7 1 0
488 94 1 7 1 0
878 171 12 17 1 0
682 106 1 7 1 0
118 160 12 17 1 0
807 163 12 17 1 0
514 104 1 7 1 0
472 105 1 7 1 0
459 114 1 7 1 0
406 288 26 30 1 0
19 99 2 7 1 0
348 118 1 7 1 0
616 98 1 7 1 0
636 99 1 7 1 0
507 172 12 17 1 0
539 114 1 7 1 0
686 112 1 7 1 0
8 139 7 9 1 0
224 135 7 9 1 0
580 103 1 7 1 0
588 98 1 7 1 0
4 126 7 9 1 0
64 98 1 7 1 0
853 131 7 9 1 0
375 196 15 18 1 0
6 111 4 8 1 0
576 101 1 7 1 0
138 199 15 18 1 0
344 134 7 9 1 0
691 134 7 9 1 0
646 110 1 7 1 0
555 105 1 7 1 0
29 101 1 7 1 0
605 112 1 7 1 0
354 119 1 7 1 0
397 174 12 17 1 0
31 125 7 9 1 0
608 167 12 17 1 0
727 266 26 30 1 0
519 101 1 7 1 0
815 96 1 7 1 0
562 93 1 7 1 0
540 101 1 7 1 0
837 93 1 7 1 0
307 95 1 7 1 0
565 135 7 9 1 0
632 104 1 7 1 0
94 159 12 17 1 0
62 190 12 17 1 0
777 92 1 7 1 0
338 197 15 18 1 0
45 120 4 8 1 0
430 199 15 18 1 0
362 105 1 7 1 0
281 128 7 9 1 0
145 130 7 9 1 0
272 110 1 7 1 0
275 114 1 7 1 0
654 100 1 7 1 0
305 134 7 9 1 0
677 126 7 9 1 0
862 94 1 7 1 0
734 106 1 7 1 0
872 119 1 7 1 0
334 164 12 17 1 0
797 161 12 17 1 0
828 93 1 7 1 0
125 123 7 9 1 0
657 134 7 9 1 0
83 149 12 17 1 0
691 105 1 7 1 0
320 201 15 18 1 0
408 194 12 17 1 0
334 136 7 9 1 0
616 259 15 18 1 0
333 94 1 7 1 0
459 165 12 17 1 0
682 130 7 9 1 0
414 180 12 17 1 0
23 184 12 17 1 0
384 109 1 7 1 0
834 117 1 7 1 0
204 131 7 9 1 0
690 181 12 17 1 0
395 106 1 7 1 0
276 137 7 9 1 0
841 113 1 7 1 0
316 93 1 7 1 0
716 101 1 7 1 0
738 118 1 7 1 0
496 143 7 9 1 0
290 112 1 7 1 0
1 203 12 17 1 0
476 91 1 7 1 0
63 130 7 9 1 0
42 101 1 7 1 0
876 180 12 17 1 0
657 102 1 7 1 0
425 177 12 17 1 0
621 97 1 7 1 0
842 92 1 7 1 0
64 172 12 17 1 0
401 100 1 7 1 0
546 190 12 17 1 0
672 266 26 30 1 0
684 97 1 7 1 0
578 166 12 17 1 0
804 95 1 7 1 0
533 111 1 7 1 0
293 117 1 7 1 0
503 126 7 9 1 0
215 146 12 17 1 0
548 135 7 9 1 0
595 136 7 9 1 0
700 188 12 17 1 0
323 115 1 7 1 0
570 264 26 30 1 0
508 104 1 7 1 0
411 104 1 7 1 0
21 192 12 17 1 0
777 123 7 9 1 0
323 94 1 7 1 0
48 179 12 17 1 0
486 117 1 7 1 0
730 129 7 9 1 0
104 124 7 9 1 0
466 213 15 18 1 0
464 234 15 18 1 0
239 98 1 7 1 0
613 178 12 17 1 0
196 156 12 17 1 0
724 146 12 17 1 0
19 135 7 9 1 0
304 118 1 7 1 0
676 116 1 7 1 0
597 113 1 7 1 0
388 110 1 7 1 0
841 162 12 17 1 0
216 235 15 18 1 0
108 172 12 17 1 0
668 102 1 7 1 0
207 295 26 30 1 0
693 111 1 7 1 0
861 113 1 7 1 0
486 158 12 17 1 0
624 226 15 18 1 0
238 117 1 7 1 0
874 193 12 17 1 0
385 207 15 18 1 0
509 262 26 30 1 0
342 159 12 17 1 0
164 170 12 17 1 0
542 93 1 7 1 0
170 159 12 17 1 0
134 147 12 17 1 0
658 288 26 30 1 0
383 158 12 17 1 0
437 160 12 17 1 0
664 111 1 7 1 0
895 132 2 7 1 0
815 92 1 7 1 0
4 222 12 17 1 0
840 175 12 17 1 0
227 97 1 7 1 0
294 107 1 7 1 0
525 123 7 9 1 0
523 282 26 30 1 0
104 105 1 7 1 0
63 111 1 7 1 0
714 131 7 9 1 0
873 93 1 7 1 0
803 108 1 7 1 0
499 118 1 7 1 0
147 112 1 7 1 0
170 125 7 9 1 0
687 121 7 9 1 0
887 115 1 7 1 0
279 117 1 7 1 0
504 193 12 17 1 0
627 164 12 17 1 0
535 172 12 17 1 0
252 100 1 7 1 0
132 104 1 7 1 0
457 283 26 30 1 0
579 110 1 7 1 0
35 173 12 17 1 0
864 118 1 7 1 0
640 159 12 17 1 0
325 138 7 9 1 0
568 115 1 7 1 0
464 116 1 7 1 0
622 107 1 7 1 0
328 128 7 9 1 0
411 263 26 30 1 0
279 97 1 7 1 0
589 131 7 9 1 0
489 104 1 7 1 0
698 131 7 9 1 0
532 103 1 7 1 0
266 202 15 18 1 0
546 209 15 18 1 0
525 102 1 7 1 0
384 220 15 18 1 0
243 198 15 18 1 0
175 107 1 7 1 0
380 97 1 7 1 0
707 136 7 9 1 0
105 97 1 7 1 0
536 93 1 7 1 0
365 136 7 9 1 0
511 98 1 7 1 0
321 167 12 17 1 0
142 103 1 7 1 0
11 120 7 9 1 0
122 138 7 9 1 0
674 107 1 7 1 0
343 106 1 7 1 0
73 144 7 9 1 0
501 169 12 17 1 0
288 91 1 7 1 0
464 258 15 18 1 0
279 216 15 18 1 0
561 184 12 17 1 0
538 184 12 17 1 0
670 173 12 17 1 0
573 158 12 17 1 0
197 141 7 9 1 0
51 124 7 9 1 0
642 107 1 7 1 0
426 164 12 17 1 0
462 104 1 7 1 0
31 141 7 9 1 0
570 122 7 9 1 0
153 111 1 7 1 0
517 135 7 9 1 0
705 223 15 18 1 0
525 97 1 7 1 0
205 105 1 7 1 0
99 112 1 7 1 0
870 135 7 9 1 0
82 125 7 9 1 0
670 128 7 9 1 0
20 130 7 9 1 0
357 200 15 18 1 0
533 96 1 7 1 0
54 111 1 7 1 0
198 164 12 17 1 0
602 284 26 30 1 0
24 108 4 8 1 0
848 95 1 7 1 0
218 153 12 17 1 0
168 278 26 30 1 0
826 126 7 9 1 0
272 95 1 7 1 0
58 135 7 9 1 0
20 108 4 8 1 0
854 121 7 9 1 0
38 118 1 7 1 0
893 186 12 17 1 0
548 236 15 18 1 0
309 193 12 17 1 0
288 288 26 30 1 0
148 155 12 17 1 0
806 126 7 9 1 0
608 236 15 18 1 0
164 107 1 7 1 0
340 293 26 30 1 0
602 93 1 7 1 0
365 109 1 7 1 0
62 196 12 17 1 0
368 176 12 17 1 0
549 96 1 7 1 0
695 117 1 7 1 0
487 126 7 9 1 0
121 148 12 17 1 0
755 225 15 18 1 0
742 142 7 9 1 0
789 105 1 7 1 0
611 157 12 17 1 0
509 185 12 17 1 0
609 125 7 9 1 0
468 203 15 18 1 0
73 140 7 9 1 0
33 110 1 7 1 0
288 125 7 9 1 0
589 172 12 17 1 0
660 224 15 18 1 0
813 124 7 9 1 0
126 162 12 17 1 0
851 169 12 17 1 0
64 106 1 7 1 0
840 129 7 9 1 0
351 220 15 18 1 0
98 100 1 7 1 0
858 270 12 17 1 0
601 97 1 7 1 0
190 115 1 7 1 0
492 93 1 7 1 0
82 173 12 17 1 0
446 160 12 17 1 0
178 137 7 9 1 0
582 108 1 7 1 0
700 96 1 7 1 0
629 94 1 7 1 0
693 95 1 7 1 0
425 217 15 18 1 0
175 167 12 17 1 0
222 121 7 9 1 0
210 121 7 9 1 0
316 121 7 9 1 0
