783 5 8 10 1 0
392 200 8 10 1 0
57 268 8 10 1 0
822 374 15 22 2 0
760 202 8 10 1 0
508 236 8 10 1 0
480 11 8 10 1 0
228 148 8 10 1 0
945 19 8 10 1 0
511 132 8 10 1 0
644 117 8 10 1 0
900 374 15 22 1 0
375 183 8 10 1 0
450 294 8 10 1 0
490 474 15 22 1 0
257 26 8 10 1 0
16 588 15 22 1 0
901 350 15 22 1 0
611 200 8 10 1 0
370 3 8 10 1 0
692 604 15 22 1 0
609 157 8 10 1 0
545 69 8 10 1 0
838 343 15 22 1 0
880 67 8 10 1 0
755 437 15 22 1 0
881 113 8 10 1 0
475 87 8 10 1 0
826 285 8 10 1 0
308 110 8 10 1 0
540 206 8 10 1 0
789 161 8 10 1 0
461 126 8 10 1 0
719 164 8 10 1 0
189 348 15 22 1 0
475 204 8 10 1 0
379 11 8 10 1 0
910 1 8 10 1 0
793 63 8 10 1 0
241 479 15 22 2 0
751 573 15 22 2 0
30 38 8 10 1 0
611 592 15 22 1 0
633 147 8 10 1 0
298 326 8 10 1 0
726 283 8 10 1 0
283 476 15 22 1 0
944 200 8 10 1 0
859 151 8 10 1 0
703 308 8 10 1 0
457 166 8 10 1 0
13 603 15 22 1 0
429 66 8 10 1 0
373 260 8 10 1 0
597 283 8 10 1 0
787 405 15 22 1 0
342 254 8 10 1 0
343 327 8 10 1 0
726 631 15 22 1 0
749 84 8 10 1 0
912 123 8 10 1 0
237 290 8 10 1 0
651 102 8 10 1 0
232 521 15 22 1 0
914 239 8 10 1 0
282 276 8 10 1 0
837 287 8 10 1 0
645 176 8 10 1 0
365 1 8 10 1 0
475 248 8 10 1 0
545 318 8 10 1 0
358 287 8 10 1 0
72 133 8 10 1 0
707 323 8 10 1 0
72 8 8 10 1 0
406 245 8 10 1 0
142 372 15 22 1 0
892 262 8 10 1 0
169 44 8 10 1 0
421 207 8 10 1 0
42 544 15 22 1 0
28 260 8 10 1 0
268 10 8 10 1 0
801 600 15 22 1 0
934 158 8 10 1 0
66 328 11 16 1 0
570 209 8 10 1 0
73 198 8 10 1 0
837 197 8 10 1 0
942 64 8 10 1 0
677 217 8 10 1 0
84 45 8 10 1 0
300 10 8 10 1 0
907 599 15 22 1 0
553 316 8 10 1 0
624 109 8 10 1 0
394 498 15 22 1 0
238 268 8 10 1 0
417 85 8 10 1 0
550 297 8 10 1 0
49 280 8 10 1 0
614 428 15 22 1 0
567 586 15 22 1 0
288 569 15 22 2 0
681 253 8 10 1 0
157 187 8 10 1 0
78 229 8 10 1 0
139 109 8 10 1 0
417 314 8 10 1 0
892 122 8 10 1 0
282 414 15 22 1 0
799 521 15 22 1 0
850 289 8 10 1 0
10 115 8 10 1 0
96 524 15 22 1 0
578 107 8 10 1 0
1 130 8 10 1 0
277 78 8 10 1 0
810 22 8 10 1 0
437 224 8 10 1 0
717 148 8 10 1 0
156 181 8 10 1 0
70 400 15 22 1 0
61 139 8 10 1 0
835 560 15 22 2 0
643 333 15 22 1 0
601 261 8 10 1 0
559 287 8 10 1 0
504 468 15 22 1 0
778 615 15 22 1 0
343 631 15 22 1 0
482 325 8 10 1 0
524 421 15 22 2 0
85 60 8 10 1 0
330 486 15 22 1 0
468 616 15 22 1 0
483 61 8 10 1 0
176 179 8 10 1 0
175 418 15 22 2 0
162 445 15 22 1 0
27 282 8 10 1 0
155 48 8 10 1 0
671 511 15 22 1 0
706 631 15 22 1 0
838 3 8 10 1 0
541 39 8 10 1 0
316 266 8 10 1 0
211 165 8 10 1 0
196 475 15 22 1 0
766 292 8 10 1 0
194 535 15 22 1 0
598 203 8 10 1 0
601 236 8 10 1 0
591 365 15 22 2 0
935 99 8 10 1 0
392 265 8 10 1 0
736 502 15 22 1 0
662 77 8 10 1 0
474 309 8 10 1 0
18 552 15 22 1 0
917 430 15 22 1 0
698 495 15 22 1 0
603 437 15 22 1 0
38 342 15 22 1 0
837 271 8 10 1 0
680 433 15 22 1 0
334 208 8 10 1 0
327 10 8 10 1 0
19 330 15 22 2 0
922 445 15 22 1 0
145 307 8 10 1 0
842 419 15 22 1 0
49 391 15 22 1 0
931 62 8 10 1 0
874 132 8 10 1 0
867 130 8 10 1 0
858 175 8 10 1 0
399 92 8 10 1 0
955 213 8 10 1 0
412 69 8 10 1 0
579 70 8 10 1 0
819 505 15 22 1 0
74 89 8 10 1 0
393 5 8 10 1 0
782 259 8 10 1 0
571 316 8 10 1 0
328 195 8 10 1 0
788 348 15 22 1 0
310 391 15 22 1 0
157 99 8 10 1 0
244 598 15 22 2 0
545 23 8 10 1 0
415 410 15 22 1 0
601 118 8 10 1 0
641 354 15 22 1 0
123 169 8 10 1 0
854 260 8 10 1 0
125 57 8 10 1 0
375 316 8 10 1 0
582 185 8 10 1 0
787 377 15 22 1 0
143 192 8 10 1 0
65 163 8 10 1 0
534 616 15 22 1 0
9 420 15 22 1 0
234 434 15 22 1 0
793 206 8 10 1 0
525 55 8 10 1 0
90 336 15 22 1 0
504 297 8 10 1 0
629 381 15 22 1 0
899 557 15 22 1 0
390 323 8 10 1 0
597 225 8 10 1 0
741 172 8 10 1 0
659 202 8 10 1 0
14 78 8 10 1 0
198 37 8 10 1 0
359 272 8 10 1 0
209 128 8 10 1 0
346 242 8 10 1 0
708 614 15 22 1 0
519 369 15 22 1 0
491 493 15 22 1 0
394 39 8 10 1 0
593 468 15 22 1 0
773 288 8 10 1 0
38 132 8 10 1 0
74 73 8 10 1 0
282 286 8 10 1 0
681 566 15 22 2 0
261 20 8 10 1 0
25 106 8 10 1 0
430 530 15 22 1 0
89 404 15 22 2 0
544 521 15 22 1 0
492 624 15 22 1 0
493 161 8 10 1 0
685 273 8 10 1 0
263 191 8 10 1 0
613 1 8 10 1 0
936 485 15 22 1 0
152 618 15 22 1 0
480 316 8 10 1 0
184 388 15 22 1 0
150 211 8 10 1 0
649 301 8 10 1 0
597 73 8 10 1 0
294 152 8 10 1 0
337 89 8 10 1 0
497 339 15 22 1 0
949 485 15 22 1 0
207 555 15 22 2 0
902 148 8 10 1 0
696 279 8 10 1 0
404 7 8 10 1 0
106 89 8 10 1 0
321 267 8 10 1 0
256 543 15 22 1 0
66 28 8 10 1 0
99 215 8 10 1 0
554 482 15 22 1 0
386 173 8 10 1 0
352 340 15 22 1 0
651 428 15 22 1 0
604 177 8 10 1 0
265 338 15 22 1 0
514 566 15 22 1 0
368 105 8 10 1 0
47 409 15 22 1 0
546 491 15 22 1 0
823 250 8 10 1 0
40 628 15 22 2 0
31 333 15 22 2 0
775 66 8 10 1 0
342 172 8 10 1 0
94 158 8 10 1 0
115 325 8 10 1 0
73 222 8 10 1 0
446 270 8 10 1 0
238 334 15 22 1 0
472 192 8 10 1 0
217 303 8 10 1 0
57 473 15 22 2 0
445 227 8 10 1 0
456 514 15 22 1 0
237 23 8 10 1 0
491 226 8 10 1 0
562 78 8 10 1 0
920 487 15 22 1 0
811 79 8 10 1 0
552 434 15 22 1 0
713 528 15 22 1 0
351 99 8 10 1 0
437 134 8 10 1 0
687 313 8 10 1 0
248 122 8 10 1 0
240 236 8 10 1 0
181 268 8 10 1 0
28 122 8 10 1 0
55 100 8 10 1 0
81 261 8 10 1 0
134 136 8 10 1 0
64 499 15 22 1 0
88 104 8 10 1 0
461 265 8 10 1 0
671 160 8 10 1 0
295 20 8 10 1 0
835 403 15 22 2 0
108 382 15 22 1 0
37 25 8 10 1 0
425 31 8 10 1 0
689 263 8 10 1 0
618 178 8 10 1 0
168 317 8 10 1 0
491 261 8 10 1 0
857 106 8 10 1 0
118 358 15 22 1 0
16 317 8 10 1 0
503 100 8 10 1 0
614 472 15 22 1 0
338 130 8 10 1 0
684 560 15 22 2 0
887 75 8 10 1 0
433 9 8 10 1 0
908 231 8 10 1 0
482 393 15 22 1 0
272 536 15 22 1 0
364 5 8 10 1 0
154 595 15 22 1 0
955 259 8 10 1 0
526 332 15 22 1 0
304 523 15 22 1 0
114 286 8 10 1 0
868 247 8 10 1 0
489 194 8 10 1 0
687 225 8 10 1 0
893 159 8 10 1 0
573 459 15 22 1 0
318 203 8 10 1 0
616 255 8 10 1 0
41 240 8 10 1 0
547 579 15 22 1 0
543 156 8 10 1 0
35 450 15 22 1 0
574 5 8 10 1 0
502 412 15 22 1 0
512 188 8 10 1 0
585 247 8 10 1 0
388 319 8 10 1 0
174 546 15 22 1 0
858 168 8 10 1 0
802 22 8 10 1 0
471 429 15 22 1 0
609 62 8 10 1 0
684 288 8 10 1 0
792 129 8 10 1 0
495 423 15 22 1 0
7 349 13 19 1 0
533 576 15 22 1 0
567 256 8 10 1 0
458 278 8 10 1 0
418 131 8 10 1 0
933 108 8 10 1 0
686 633 15 22 1 0
447 317 8 10 1 0
723 112 8 10 1 0
137 326 8 10 1 0
359 395 15 22 1 0
148 140 8 10 1 0
298 478 15 22 1 0
833 435 15 22 1 0
927 264 8 10 1 0
337 64 8 10 1 0
434 457 15 22 2 0
529 302 8 10 1 0
543 80 8 10 1 0
119 64 8 10 1 0
58 170 8 10 1 0
514 272 8 10 1 0
42 620 15 22 2 0
472 376 15 22 1 0
911 109 8 10 1 0
388 371 15 22 1 0
83 77 8 10 1 0
340 436 15 22 1 0
502 447 15 22 1 0
268 204 8 10 1 0
773 568 15 22 1 0
540 11 8 10 1 0
492 45 8 10 1 0
466 555 15 22 1 0
193 231 8 10 1 0
566 28 8 10 1 0
805 173 8 10 1 0
743 269 8 10 1 0
86 154 8 10 1 0
368 310 8 10 1 0
804 292 8 10 1 0
285 55 8 10 1 0
23 124 8 10 1 0
843 114 8 10 1 0
642 441 15 22 1 0
671 238 8 10 1 0
214 456 15 22 1 0
703 209 8 10 1 0
90 290 8 10 1 0
773 530 15 22 1 0
224 344 15 22 2 0
343 481 15 22 1 0
631 126 8 10 1 0
699 556 15 22 1 0
792 175 8 10 1 0
162 130 8 10 1 0
427 432 15 22 1 0
632 95 8 10 1 0
463 344 15 22 1 0
680 109 8 10 1 0
565 472 15 22 1 0
25 336 15 22 2 0
930 86 8 10 1 0
457 393 15 22 1 0
463 2 8 10 1 0
229 75 8 10 1 0
318 232 8 10 1 0
844 497 15 22 1 0
182 577 15 22 1 0
223 438 15 22 1 0
571 566 15 22 1 0
782 503 15 22 1 0
608 353 15 22 1 0
610 46 8 10 1 0
308 197 8 10 1 0
209 369 15 22 1 0
487 170 8 10 1 0
237 311 8 10 1 0
309 339 15 22 2 0
94 366 15 22 2 0
738 148 8 10 1 0
846 152 8 10 1 0
694 318 8 10 1 0
363 95 8 10 1 0
20 534 15 22 1 0
302 454 15 22 1 0
253 74 8 10 1 0
2 57 8 10 1 0
273 441 15 22 1 0
451 332 15 22 2 0
500 53 8 10 1 0
880 249 8 10 1 0
845 53 8 10 1 0
207 316 8 10 1 0
697 235 8 10 1 0
857 183 8 10 1 0
229 236 8 10 1 0
20 158 8 10 1 0
118 89 8 10 1 0
384 160 8 10 1 0
663 420 15 22 1 0
94 400 15 22 2 0
480 20 8 10 1 0
278 62 8 10 1 0
825 8 8 10 1 0
680 470 15 22 1 0
544 325 8 10 1 0
904 442 15 22 1 0
735 356 15 22 1 0
463 320 8 10 1 0
509 330 15 22 1 0
520 386 15 22 1 0
871 337 15 22 1 0
220 366 15 22 1 0
490 78 8 10 1 0
927 184 8 10 1 0
234 618 15 22 1 0
71 280 8 10 1 0
661 152 8 10 1 0
582 620 15 22 1 0
160 226 8 10 1 0
372 17 8 10 1 0
88 482 15 22 1 0
464 78 8 10 1 0
775 193 8 10 1 0
134 235 8 10 1 0
143 405 15 22 2 0
524 463 15 22 1 0
472 410 15 22 2 0
483 367 15 22 1 0
290 362 15 22 1 0
361 86 8 10 1 0
30 480 15 22 2 0
605 86 8 10 1 0
3 99 8 10 1 0
630 301 8 10 1 0
632 235 8 10 1 0
792 247 8 10 1 0
351 324 8 10 1 0
8 36 8 10 1 0
466 302 8 10 1 0
636 243 8 10 1 0
272 13 8 10 1 0
153 460 15 22 1 0
490 64 8 10 1 0
482 278 8 10 1 0
593 96 8 10 1 0
818 319 8 10 1 0
86 325 8 10 1 0
228 565 15 22 1 0
510 503 15 22 1 0
527 147 8 10 1 0
90 317 8 10 1 0
446 86 8 10 1 0
429 41 8 10 1 0
252 50 8 10 1 0
547 233 8 10 1 0
751 371 15 22 1 0
789 148 8 10 1 0
692 211 8 10 1 0
367 349 15 22 2 0
290 127 8 10 1 0
375 411 15 22 1 0
746 616 15 22 1 0
148 268 8 10 1 0
533 339 15 22 1 0
501 590 15 22 1 0
612 573 15 22 1 0
659 393 15 22 1 0
625 162 8 10 1 0
183 306 8 10 1 0
800 195 8 10 1 0
793 285 8 10 1 0
161 551 15 22 1 0
782 145 8 10 1 0
294 220 8 10 1 0
0 395 15 22 1 0
46 319 8 10 1 0
659 303 8 10 1 0
209 216 8 10 1 0
647 161 8 10 1 0
578 351 15 22 1 0
336 374 15 22 1 0
761 587 15 22 1 0
222 319 8 10 1 0
444 601 15 22 1 0
510 25 8 10 1 0
439 172 8 10 1 0
260 232 8 10 1 0
389 390 15 22 1 0
476 61 8 10 1 0
751 413 15 22 1 0
161 467 15 22 1 0
16 134 8 10 1 0
139 220 8 10 1 0
267 381 15 22 1 0
932 388 15 22 1 0
441 71 8 10 1 0
587 310 8 10 1 0
330 174 8 10 1 0
707 450 15 22 1 0
733 201 8 10 1 0
599 482 15 22 1 0
148 247 8 10 1 0
57 602 15 22 1 0
179 432 15 22 1 0
908 132 8 10 1 0
828 356 15 22 1 0
388 288 8 10 1 0
240 378 15 22 1 0
141 450 15 22 1 0
726 435 15 22 1 0
508 167 8 10 1 0
88 449 15 22 1 0
562 219 8 10 1 0
225 587 15 22 1 0
408 417 15 22 1 0
855 136 8 10 1 0
788 221 8 10 1 0
359 153 8 10 1 0
5 204 8 10 1 0
200 360 15 22 1 0
649 265 8 10 1 0
296 79 8 10 1 0
482 571 15 22 2 0
318 304 8 10 1 0
277 384 15 22 1 0
57 334 15 22 2 0
641 488 15 22 1 0
828 551 15 22 1 0
842 81 8 10 1 0
840 538 15 22 1 0
215 597 15 22 1 0
295 297 8 10 1 0
217 81 8 10 1 0
299 343 15 22 1 0
706 404 15 22 1 0
115 508 15 22 1 0
921 222 8 10 1 0
607 120 8 10 1 0
146 120 8 10 1 0
390 231 8 10 1 0
397 549 15 22 1 0
874 411 15 22 1 0
187 230 8 10 1 0
494 171 8 10 1 0
555 152 8 10 1 0
764 225 8 10 1 0
509 176 8 10 1 0
584 109 8 10 1 0
117 188 8 10 1 0
345 372 15 22 1 0
396 411 15 22 1 0
497 260 8 10 1 0
496 605 15 22 1 0
617 494 15 22 1 0
266 471 15 22 1 0
826 84 8 10 1 0
222 255 8 10 1 0
745 71 8 10 1 0
818 187 8 10 1 0
612 391 15 22 2 0
127 361 15 22 1 0
681 203 8 10 1 0
915 365 15 22 1 0
954 191 8 10 1 0
367 453 15 22 1 0
56 319 8 10 1 0
355 311 8 10 1 0
517 160 8 10 1 0
730 579 15 22 2 0
769 543 15 22 1 0
685 497 15 22 1 0
334 236 8 10 1 0
610 73 8 10 1 0
671 94 8 10 1 0
844 477 15 22 1 0
726 214 8 10 1 0
259 595 15 22 1 0
565 276 8 10 1 0
656 552 15 22 1 0
627 198 8 10 1 0
950 583 15 22 1 0
769 324 8 10 1 0
444 208 8 10 1 0
397 250 8 10 1 0
560 306 8 10 1 0
598 91 8 10 1 0
275 190 8 10 1 0
938 277 8 10 1 0
666 271 8 10 1 0
384 219 8 10 1 0
788 550 15 22 1 0
185 36 8 10 1 0
809 125 8 10 1 0
748 257 8 10 1 0
548 173 8 10 1 0
350 206 8 10 1 0
219 146 8 10 1 0
298 250 8 10 1 0
496 187 8 10 1 0
32 217 8 10 1 0
425 320 8 10 1 0
471 460 15 22 1 0
845 386 15 22 1 0
943 412 15 22 1 0
921 246 8 10 1 0
331 23 8 10 1 0
66 571 15 22 1 0
829 15 8 10 1 0
837 312 8 10 1 0
618 356 15 22 2 0
417 453 15 22 1 0
860 231 8 10 1 0
796 104 8 10 1 0
282 398 15 22 1 0
532 376 15 22 1 0
492 244 8 10 1 0
598 586 15 22 1 0
385 118 8 10 1 0
383 253 8 10 1 0
609 456 15 22 1 0
415 495 15 22 1 0
230 319 8 10 1 0
815 589 15 22 1 0
388 143 8 10 1 0
615 510 15 22 1 0
89 202 8 10 1 0
134 318 8 10 1 0
229 201 8 10 1 0
475 214 8 10 1 0
742 318 8 10 1 0
306 625 15 22 1 0
838 375 15 22 1 0
190 377 15 22 1 0
442 259 8 10 1 0
782 487 15 22 1 0
489 102 8 10 1 0
738 233 8 10 1 0
768 318 8 10 1 0
50 247 8 10 1 0
104 360 15 22 1 0
595 371 15 22 2 0
104 65 8 10 1 0
587 194 8 10 1 0
804 373 15 22 2 0
891 288 8 10 1 0
708 301 8 10 1 0
893 528 15 22 1 0
621 444 15 22 1 0
325 101 8 10 1 0
609 303 8 10 1 0
421 259 8 10 1 0
954 12 8 10 1 0
105 248 8 10 1 0
265 126 8 10 1 0
12 479 15 22 1 0
793 29 8 10 1 0
293 514 15 22 1 0
516 201 8 10 1 0
577 519 15 22 1 0
887 308 8 10 1 0
751 317 8 10 1 0
63 116 8 10 1 0
356 463 15 22 1 0
187 94 8 10 1 0
313 216 8 10 1 0
96 223 8 10 1 0
271 163 8 10 1 0
212 247 8 10 1 0
362 68 8 10 1 0
463 136 8 10 1 0
334 47 8 10 1 0
462 525 15 22 1 0
501 482 15 22 1 0
693 158 8 10 1 0
98 559 15 22 1 0
182 368 15 22 1 0
336 14 8 10 1 0
117 159 8 10 1 0
898 427 15 22 2 0
85 13 8 10 1 0
648 464 15 22 1 0
531 275 8 10 1 0
502 202 8 10 1 0
441 100 8 10 1 0
941 151 8 10 1 0
167 248 8 10 1 0
392 157 8 10 1 0
575 121 8 10 1 0
724 231 8 10 1 0
947 282 8 10 1 0
817 401 15 22 1 0
70 241 8 10 1 0
753 398 15 22 1 0
149 78 8 10 1 0
689 584 15 22 1 0
762 453 15 22 1 0
593 251 8 10 1 0
597 625 15 22 1 0
95 145 8 10 1 0
952 173 8 10 1 0
873 428 15 22 2 0
468 18 8 10 1 0
296 143 8 10 1 0
323 460 15 22 1 0
34 20 8 10 1 0
899 402 15 22 1 0
871 183 8 10 1 0
558 170 8 10 1 0
700 91 8 10 1 0
940 84 8 10 1 0
801 45 8 10 1 0
267 259 8 10 1 0
727 147 8 10 1 0
607 635 15 22 1 0
249 160 8 10 1 0
490 560 15 22 1 0
162 87 8 10 1 0
875 165 8 10 1 0
888 354 15 22 1 0
896 137 8 10 1 0
43 39 8 10 1 0
175 407 15 22 2 0
439 237 8 10 1 0
706 87 8 10 1 0
436 201 8 10 1 0
693 325 8 10 1 0
286 618 15 22 1 0
514 619 15 22 1 0
277 240 8 10 1 0
133 347 15 22 2 0
222 406 15 22 2 0
373 608 15 22 1 0
764 508 15 22 1 0
786 316 8 10 1 0
671 251 8 10 1 0
822 631 15 22 1 0
586 423 15 22 1 0
127 611 15 22 1 0
185 132 8 10 1 0
248 173 8 10 1 0
434 594 15 22 1 0
300 374 15 22 1 0
373 275 8 10 1 0
273 181 8 10 1 0
804 280 8 10 1 0
862 379 15 22 1 0
353 41 8 10 1 0
61 416 15 22 1 0
842 206 8 10 1 0
843 101 8 10 1 0
76 457 15 22 1 0
734 191 8 10 1 0
723 141 8 10 1 0
588 242 8 10 1 0
98 242 8 10 1 0
926 497 15 22 1 0
300 6 8 10 1 0
425 144 8 10 1 0
313 168 8 10 1 0
903 251 8 10 1 0
791 192 8 10 1 0
203 7 8 10 1 0
704 69 8 10 1 0
742 62 8 10 1 0
296 196 8 10 1 0
949 47 8 10 1 0
342 19 8 10 1 0
15 324 8 10 1 0
63 433 15 22 1 0
58 276 8 10 1 0
281 204 8 10 1 0
827 117 8 10 1 0
354 236 8 10 1 0
575 251 8 10 1 0
67 543 15 22 1 0
342 422 15 22 1 0
557 209 8 10 1 0
847 592 15 22 1 0
144 44 8 10 1 0
762 51 8 10 1 0
822 533 15 22 1 0
428 154 8 10 1 0
413 526 15 22 1 0
865 222 8 10 1 0
720 603 15 22 1 0
89 309 8 10 1 0
452 216 8 10 1 0
87 192 8 10 1 0
164 513 15 22 1 0
524 177 8 10 1 0
407 184 8 10 1 0
207 383 15 22 2 0
410 434 15 22 2 0
753 470 15 22 1 0
728 128 8 10 1 0
727 305 8 10 1 0
540 94 8 10 1 0
551 204 8 10 1 0
576 224 8 10 1 0
202 236 8 10 1 0
260 138 8 10 1 0
513 121 8 10 1 0
419 384 15 22 1 0
536 112 8 10 1 0
949 383 15 22 2 0
282 332 15 22 2 0
36 147 8 10 1 0
478 329 15 22 1 0
164 583 15 22 1 0
482 428 15 22 1 0
951 140 8 10 1 0
101 206 8 10 1 0
880 294 8 10 1 0
742 133 8 10 1 0
17 440 15 22 2 0
95 180 8 10 1 0
348 190 8 10 1 0
647 253 8 10 1 0
445 553 15 22 1 0
597 167 8 10 1 0
261 305 8 10 1 0
338 34 8 10 1 0
547 383 15 22 1 0
105 620 15 22 2 0
186 564 15 22 1 0
579 440 15 22 1 0
687 246 8 10 1 0
577 323 8 10 1 0
220 125 8 10 1 0
940 255 8 10 1 0
62 227 8 10 1 0
773 299 8 10 1 0
365 11 8 10 1 0
796 312 8 10 1 0
751 303 8 10 1 0
91 368 15 22 2 0
689 109 8 10 1 0
343 147 8 10 1 0
796 114 8 10 1 0
156 495 15 22 1 0
187 625 15 22 1 0
52 241 8 10 1 0
199 489 15 22 1 0
13 150 8 10 1 0
149 230 8 10 1 0
717 137 8 10 1 0
397 574 15 22 1 0
299 319 8 10 1 0
760 100 8 10 1 0
17 111 8 10 1 0
672 305 8 10 1 0
28 353 15 22 2 0
198 128 8 10 1 0
933 213 8 10 1 0
404 233 8 10 1 0
106 198 8 10 1 0
937 582 15 22 1 0
626 181 8 10 1 0
583 483 15 22 1 0
512 350 15 22 1 0
102 612 15 22 2 0
86 223 8 10 1 0
47 97 8 10 1 0
396 609 15 22 1 0
248 520 15 22 1 0
537 507 15 22 1 0
94 299 8 10 1 0
111 408 15 22 2 0
221 393 15 22 2 0
471 240 8 10 1 0
870 515 15 22 1 0
944 301 8 10 1 0
98 309 8 10 1 0
115 176 8 10 1 0
61 128 8 10 1 0
44 493 15 22 1 0
1 87 8 10 1 0
287 176 8 10 1 0
866 496 15 22 1 0
566 550 15 22 1 0
543 212 8 10 1 0
745 329 15 22 1 0
222 9 8 10 1 0
679 334 15 22 1 0
519 488 15 22 1 0
366 512 15 22 1 0
857 347 15 22 1 0
291 261 8 10 1 0
441 189 8 10 1 0
213 139 8 10 1 0
582 336 15 22 1 0
108 143 8 10 1 0
804 618 15 22 1 0
340 112 8 10 1 0
531 188 8 10 1 0
420 171 8 10 1 0
548 344 15 22 1 0
859 318 8 10 1 0
540 283 8 10 1 0
779 44 8 10 1 0
873 259 8 10 1 0
118 458 15 22 2 0
156 393 15 22 1 0
354 630 15 22 1 0
115 42 8 10 1 0
749 456 15 22 1 0
685 366 15 22 1 0
614 21 8 10 1 0
844 270 8 10 1 0
505 125 8 10 1 0
319 182 8 10 1 0
49 536 15 22 1 0
594 354 15 22 2 0
803 237 8 10 1 0
198 452 15 22 1 0
295 230 8 10 1 0
672 563 15 22 1 0
145 416 15 22 2 0
377 501 15 22 1 0
307 295 8 10 1 0
140 466 15 22 1 0
747 51 8 10 1 0
599 273 8 10 1 0
243 91 8 10 1 0
703 242 8 10 1 0
418 110 8 10 1 0
525 427 15 22 2 0
522 450 15 22 1 0
345 300 8 10 1 0
376 202 8 10 1 0
469 401 15 22 2 0
297 590 15 22 1 0
117 339 15 22 1 0
561 255 8 10 1 0
333 447 15 22 1 0
863 628 15 22 1 0
772 265 8 10 1 0
13 176 8 10 1 0
833 122 8 10 1 0
630 411 15 22 1 0
222 240 8 10 1 0
767 196 8 10 1 0
401 330 15 22 1 0
315 179 8 10 1 0
925 120 8 10 1 0
859 600 15 22 1 0
878 93 8 10 1 0
330 361 15 22 1 0
725 374 15 22 1 0
583 211 8 10 1 0
611 244 8 10 1 0
453 126 8 10 1 0
153 225 8 10 1 0
424 578 15 22 1 0
50 338 15 22 2 0
771 311 8 10 1 0
765 244 8 10 1 0
911 63 8 10 1 0
644 227 8 10 1 0
287 78 8 10 1 0
69 58 8 10 1 0
464 46 8 10 1 0
300 404 15 22 1 0
429 233 8 10 1 0
458 358 15 22 1 0
757 330 15 22 1 0
249 213 8 10 1 0
472 390 15 22 2 0
718 590 15 22 1 0
180 607 15 22 2 0
619 211 8 10 1 0
509 311 8 10 1 0
180 69 8 10 1 0
289 102 8 10 1 0
512 94 8 10 1 0
79 207 8 10 1 0
794 466 15 22 1 0
886 391 15 22 1 0
248 634 15 22 1 0
364 49 8 10 1 0
719 122 8 10 1 0
45 74 8 10 1 0
863 549 15 22 1 0
723 461 15 22 1 0
822 334 15 22 1 0
3 318 11 16 1 0
698 423 15 22 1 0
742 195 8 10 1 0
435 354 15 22 1 0
748 109 8 10 1 0
629 223 8 10 1 0
433 449 15 22 2 0
874 637 15 22 1 0
826 238 8 10 1 0
625 635 15 22 1 0
22 504 15 22 1 0
390 534 15 22 1 0
285 376 15 22 1 0
298 427 15 22 1 0
575 403 15 22 2 0
447 390 15 22 1 0
620 400 15 22 1 0
73 150 8 10 1 0
903 205 8 10 1 0
517 109 8 10 1 0
52 117 8 10 1 0
951 453 15 22 1 0
293 51 8 10 1 0
790 232 8 10 1 0
215 193 8 10 1 0
344 288 8 10 1 0
592 181 8 10 1 0
389 629 15 22 1 0
360 259 8 10 1 0
563 180 8 10 1 0
235 403 15 22 1 0
769 106 8 10 1 0
436 283 8 10 1 0
30 490 15 22 2 0
578 278 8 10 1 0
170 115 8 10 1 0
709 315 8 10 1 0
500 137 8 10 1 0
116 406 15 22 2 0
373 390 15 22 1 0
51 302 8 10 1 0
0 265 8 10 1 0
395 58 8 10 1 0
850 216 8 10 1 0
325 554 15 22 1 0
599 250 8 10 1 0
248 278 8 10 1 0
852 544 15 22 1 0
556 266 8 10 1 0
365 542 15 22 1 0
877 354 15 22 1 0
590 536 15 22 1 0
168 332 15 22 2 0
140 550 15 22 1 0
182 538 15 22 1 0
762 268 8 10 1 0
834 591 15 22 1 0
56 179 8 10 1 0
305 308 8 10 1 0
234 172 8 10 1 0
747 145 8 10 1 0
735 104 8 10 1 0
770 178 8 10 1 0
431 296 8 10 1 0
541 137 8 10 1 0
803 384 15 22 2 0
916 182 8 10 1 0
56 217 8 10 1 0
270 241 8 10 1 0
788 453 15 22 1 0
304 219 8 10 1 0
565 121 8 10 1 0
176 597 15 22 2 0
43 86 8 10 1 0
271 109 8 10 1 0
805 632 15 22 1 0
410 94 8 10 1 0
229 137 8 10 1 0
550 361 15 22 2 0
738 343 15 22 1 0
102 56 8 10 1 0
866 449 15 22 2 0
461 324 8 10 1 0
684 143 8 10 1 0
114 253 8 10 1 0
326 309 8 10 1 0
597 142 8 10 1 0
382 567 15 22 1 0
615 48 8 10 1 0
333 538 15 22 1 0
61 254 8 10 1 0
538 165 8 10 1 0
19 372 15 22 1 0
577 319 8 10 1 0
37 366 15 22 2 0
199 90 8 10 1 0
661 97 8 10 1 0
581 92 8 10 1 0
564 143 8 10 1 0
450 402 15 22 1 0
53 431 15 22 2 0
890 108 8 10 1 0
372 167 8 10 1 0
899 469 15 22 1 0
332 603 15 22 1 0
83 381 15 22 1 0
244 293 8 10 1 0
52 457 15 22 1 0
629 278 8 10 1 0
330 624 15 22 1 0
612 615 15 22 1 0
814 163 8 10 1 0
208 63 8 10 1 0
320 45 8 10 1 0
673 636 15 22 1 0
902 586 15 22 1 0
950 370 15 22 2 0
116 486 15 22 1 0
181 11 8 10 1 0
155 415 15 22 1 0
235 67 8 10 1 0
256 157 8 10 1 0
212 543 15 22 2 0
428 262 8 10 1 0
249 225 8 10 1 0
661 454 15 22 1 0
899 331 15 22 2 0
589 554 15 22 1 0
287 201 8 10 1 0
106 283 8 10 1 0
66 179 8 10 1 0
455 0 8 10 1 0
736 218 8 10 1 0
200 173 8 10 1 0
437 481 15 22 2 0
449 499 15 22 1 0
926 371 15 22 2 0
253 317 8 10 1 0
453 237 8 10 1 0
532 416 15 22 2 0
242 551 15 22 1 0
321 225 8 10 1 0
640 135 8 10 1 0
208 354 15 22 1 0
512 213 8 10 1 0
883 588 15 22 1 0
759 106 8 10 1 0
859 254 8 10 1 0
173 564 15 22 1 0
916 255 8 10 1 0
14 29 8 10 1 0
658 249 8 10 1 0
370 485 15 22 1 0
330 272 8 10 1 0
158 11 8 10 1 0
346 163 8 10 1 0
915 210 8 10 1 0
68 606 15 22 1 0
280 180 8 10 1 0
939 130 8 10 1 0
178 350 15 22 1 0
392 114 8 10 1 0
236 261 8 10 1 0
953 88 8 10 1 0
192 107 8 10 1 0
286 532 15 22 1 0
752 207 8 10 1 0
492 272 8 10 1 0
358 132 8 10 1 0
521 325 8 10 1 0
218 336 15 22 1 0
173 218 8 10 1 0
372 330 15 22 1 0
41 270 8 10 1 0
286 602 15 22 1 0
336 405 15 22 1 0
930 361 15 22 2 0
516 526 15 22 1 0
674 293 8 10 1 0
224 482 15 22 1 0
588 585 15 22 1 0
866 532 15 22 1 0
129 279 8 10 1 0
222 96 8 10 1 0
824 385 15 22 2 0
249 186 8 10 1 0
483 588 15 22 1 0
818 574 15 22 1 0
492 293 8 10 1 0
406 319 8 10 1 0
414 197 8 10 1 0
382 291 8 10 1 0
232 549 15 22 1 0
642 152 8 10 1 0
883 452 15 22 1 0
530 404 15 22 2 0
477 568 15 22 2 0
722 273 8 10 1 0
398 106 8 10 1 0
852 457 15 22 1 0
160 255 8 10 1 0
554 191 8 10 1 0
153 218 8 10 1 0
378 327 8 10 1 0
377 427 15 22 1 0
29 302 8 10 1 0
427 309 8 10 1 0
865 97 8 10 1 0
7 22 8 10 1 0
732 82 8 10 1 0
908 148 8 10 1 0
652 9 8 10 1 0
54 194 8 10 1 0
41 193 8 10 1 0
453 339 15 22 2 0
832 496 15 22 1 0
777 169 8 10 1 0
520 226 8 10 1 0
60 106 8 10 1 0
31 196 8 10 1 0
482 340 15 22 2 0
773 243 8 10 1 0
208 118 8 10 1 0
555 246 8 10 1 0
104 236 8 10 1 0
223 162 8 10 1 0
30 364 15 22 2 0
480 236 8 10 1 0
446 476 15 22 1 0
642 21 8 10 1 0
868 352 15 22 1 0
445 110 8 10 1 0
594 435 15 22 1 0
871 609 15 22 1 0
712 163 8 10 1 0
560 568 15 22 1 0
638 282 8 10 1 0
245 354 15 22 1 0
665 170 8 10 1 0
298 275 8 10 1 0
289 161 8 10 1 0
954 340 15 22 1 0
405 44 8 10 1 0
248 428 15 22 1 0
551 129 8 10 1 0
481 508 15 22 1 0
118 9 8 10 1 0
784 439 15 22 1 0
555 54 8 10 1 0
48 207 8 10 1 0
680 399 15 22 1 0
835 229 8 10 1 0
632 81 8 10 1 0
635 503 15 22 1 0
191 267 8 10 1 0
351 15 8 10 1 0
822 151 8 10 1 0
662 588 15 22 1 0
675 575 15 22 1 0
383 75 8 10 1 0
114 223 8 10 1 0
806 488 15 22 1 0
183 17 8 10 1 0
79 430 15 22 1 0
766 115 8 10 1 0
602 323 8 10 1 0
524 287 8 10 1 0
221 174 8 10 1 0
513 69 8 10 1 0
920 233 8 10 1 0
135 489 15 22 1 0
157 308 8 10 1 0
633 199 8 10 1 0
221 507 15 22 2 0
501 362 15 22 1 0
283 155 8 10 1 0
931 73 8 10 1 0
936 337 15 22 1 0
424 398 15 22 1 0
385 5 8 10 1 0
728 478 15 22 1 0
719 72 8 10 1 0
749 564 15 22 2 0
43 257 8 10 1 0
147 85 8 10 1 0
86 557 15 22 1 0
906 95 8 10 1 0
954 613 15 22 1 0
921 136 8 10 1 0
938 176 8 10 1 0
134 521 15 22 1 0
71 345 15 22 1 0
582 399 15 22 2 0
149 569 15 22 1 0
933 197 8 10 1 0
12 497 15 22 1 0
117 446 15 22 2 0
503 544 15 22 1 0
417 290 8 10 1 0
160 331 15 22 2 0
713 349 15 22 1 0
138 186 8 10 1 0
889 63 8 10 1 0
360 354 15 22 2 0
131 229 8 10 1 0
335 102 8 10 1 0
15 281 8 10 1 0
411 342 15 22 1 0
693 42 8 10 1 0
191 187 8 10 1 0
311 299 8 10 1 0
202 551 15 22 2 0
71 253 8 10 1 0
255 216 8 10 1 0
697 372 15 22 1 0
211 296 8 10 1 0
837 32 8 10 1 0
882 493 15 22 1 0
127 49 8 10 1 0
296 69 8 10 1 0
892 188 8 10 1 0
951 71 8 10 1 0
917 384 15 22 1 0
76 530 15 22 1 0
213 477 15 22 1 0
625 361 15 22 2 0
76 296 8 10 1 0
52 56 8 10 1 0
172 264 8 10 1 0
22 446 15 22 2 0
253 452 15 22 1 0
45 49 8 10 1 0
32 576 15 22 2 0
497 386 15 22 1 0
841 613 15 22 1 0
629 152 8 10 1 0
19 143 8 10 1 0
323 2 8 10 1 0
118 568 15 22 1 0
559 455 15 22 1 0
366 237 8 10 1 0
463 159 8 10 1 0
711 122 8 10 1 0
98 383 15 22 1 0
474 142 8 10 1 0
440 218 8 10 1 0
176 121 8 10 1 0
705 13 8 10 1 0
203 187 8 10 1 0
56 520 15 22 1 0
97 172 8 10 1 0
810 326 8 10 1 0
370 71 8 10 1 0
346 24 8 10 1 0
553 558 15 22 1 0
269 487 15 22 1 0
871 41 8 10 1 0
382 303 8 10 1 0
304 146 8 10 1 0
270 176 8 10 1 0
851 366 15 22 1 0
476 21 8 10 1 0
249 336 15 22 1 0
433 378 15 22 1 0
316 10 8 10 1 0
950 398 15 22 1 0
735 253 8 10 1 0
777 137 8 10 1 0
339 79 8 10 1 0
895 457 15 22 1 0
163 538 15 22 1 0
50 228 8 10 1 0
532 432 15 22 2 0
312 330 15 22 2 0
533 598 15 22 1 0
619 228 8 10 1 0
209 623 15 22 1 0
178 241 8 10 1 0
71 122 8 10 1 0
540 629 15 22 1 0
918 152 8 10 1 0
884 137 8 10 1 0
1 246 8 10 1 0
282 6 8 10 1 0
659 333 15 22 1 0
529 138 8 10 1 0
132 73 8 10 1 0
756 631 15 22 1 0
778 23 8 10 1 0
330 583 15 22 1 0
4 276 8 10 1 0
884 426 15 22 1 0
396 181 8 10 1 0
404 220 8 10 1 0
501 219 8 10 1 0
440 634 15 22 1 0
318 107 8 10 1 0
606 102 8 10 1 0
48 436 15 22 2 0
173 286 8 10 1 0
177 319 8 10 1 0
211 427 15 22 1 0
253 559 15 22 1 0
353 362 15 22 1 0
515 292 8 10 1 0
878 534 15 22 1 0
428 4 8 10 1 0
430 324 8 10 1 0
835 572 15 22 2 0
226 226 8 10 1 0
419 0 8 10 1 0
310 252 8 10 1 0
909 630 15 22 1 0
739 550 15 22 1 0
249 310 8 10 1 0
435 408 15 22 1 0
122 425 15 22 1 0
327 336 15 22 1 0
361 419 15 22 1 0
154 330 15 22 2 0
854 304 8 10 1 0
773 251 8 10 1 0
350 270 8 10 1 0
880 468 15 22 1 0
138 59 8 10 1 0
173 236 8 10 1 0
359 194 8 10 1 0
589 220 8 10 1 0
76 360 15 22 1 0
485 209 8 10 1 0
738 415 15 22 1 0
449 15 8 10 1 0
902 417 15 22 2 0
783 219 8 10 1 0
203 387 15 22 2 0
640 400 15 22 1 0
18 426 15 22 1 0
163 37 8 10 1 0
498 578 15 22 1 0
151 110 8 10 1 0
907 460 15 22 1 0
65 360 15 22 1 0
834 414 15 22 2 0
601 137 8 10 1 0
781 157 8 10 1 0
713 514 15 22 1 0
101 228 8 10 1 0
53 138 8 10 1 0
299 542 15 22 1 0
272 49 8 10 1 0
365 179 8 10 1 0
129 180 8 10 1 0
582 272 8 10 1 0
553 2 8 10 1 0
762 30 8 10 1 0
137 278 8 10 1 0
265 177 8 10 1 0
368 367 15 22 1 0
698 260 8 10 1 0
231 278 8 10 1 0
62 481 15 22 2 0
492 91 8 10 1 0
78 337 15 22 1 0
693 344 15 22 1 0
170 58 8 10 1 0
258 245 8 10 1 0
786 249 8 10 1 0
114 319 8 10 1 0
256 412 15 22 1 0
25 57 8 10 1 0
884 180 8 10 1 0
638 554 15 22 1 0
720 544 15 22 1 0
131 424 15 22 2 0
184 190 8 10 1 0
518 316 8 10 1 0
549 153 8 10 1 0
164 271 8 10 1 0
465 244 8 10 1 0
525 209 8 10 1 0
936 246 8 10 1 0
744 94 8 10 1 0
709 232 8 10 1 0
287 189 8 10 1 0
275 553 15 22 1 0
784 309 8 10 1 0
741 518 15 22 1 0
223 38 8 10 1 0
151 343 15 22 1 0
902 615 15 22 1 0
681 456 15 22 1 0
459 77 8 10 1 0
684 61 8 10 1 0
552 218 8 10 1 0
73 314 8 10 1 0
633 188 8 10 1 0
571 16 8 10 1 0
234 153 8 10 1 0
231 342 15 22 2 0
242 114 8 10 1 0
11 296 8 10 1 0
522 504 15 22 1 0
821 423 15 22 2 0
183 82 8 10 1 0
578 44 8 10 1 0
825 312 8 10 1 0
335 563 15 22 1 0
359 106 8 10 1 0
359 16 8 10 1 0
542 223 8 10 1 0
480 140 8 10 1 0
182 258 8 10 1 0
270 364 15 22 1 0
268 424 15 22 2 0
914 170 8 10 1 0
380 126 8 10 1 0
600 500 15 22 1 0
689 172 8 10 1 0
418 153 8 10 1 0
644 616 15 22 1 0
163 184 8 10 1 0
66 288 8 10 1 0
299 261 8 10 1 0
752 8 8 10 1 0
139 263 8 10 1 0
853 494 15 22 1 0
295 185 8 10 1 0
870 439 15 22 2 0
252 573 15 22 1 0
356 182 8 10 1 0
2 143 8 10 1 0
343 235 8 10 1 0
824 299 8 10 1 0
464 597 15 22 1 0
5 536 15 22 1 0
13 99 8 10 1 0
831 58 8 10 1 0
312 283 8 10 1 0
393 465 15 22 1 0
796 301 8 10 1 0
473 266 8 10 1 0
432 625 15 22 1 0
721 183 8 10 1 0
282 565 15 22 2 0
510 205 8 10 1 0
924 294 8 10 1 0
630 573 15 22 1 0
19 57 8 10 1 0
535 46 8 10 1 0
814 418 15 22 2 0
770 402 15 22 2 0
900 157 8 10 1 0
23 243 8 10 1 0
595 3 8 10 1 0
213 70 8 10 1 0
903 183 8 10 1 0
811 223 8 10 1 0
649 314 8 10 1 0
725 559 15 22 1 0
624 293 8 10 1 0
715 12 8 10 1 0
620 311 8 10 1 0
2 225 8 10 1 0
309 424 15 22 1 0
884 219 8 10 1 0
897 95 8 10 1 0
384 449 15 22 1 0
198 13 8 10 1 0
92 261 8 10 1 0
46 182 8 10 1 0
701 469 15 22 1 0
254 467 15 22 1 0
435 143 8 10 1 0
37 584 15 22 2 0
775 277 8 10 1 0
249 482 15 22 2 0
7 74 8 10 1 0
480 198 8 10 1 0
808 139 8 10 1 0
34 61 8 10 1 0
865 563 15 22 1 0
385 48 8 10 1 0
416 239 8 10 1 0
175 451 15 22 1 0
332 295 8 10 1 0
618 458 15 22 1 0
243 608 15 22 2 0
261 395 15 22 1 0
769 76 8 10 1 0
802 436 15 22 1 0
78 143 8 10 1 0
833 449 15 22 1 0
816 290 8 10 1 0
723 2 8 10 1 0
23 328 11 16 2 0
202 287 8 10 1 0
910 498 15 22 1 0
206 497 15 22 1 0
277 133 8 10 1 0
36 167 8 10 1 0
378 471 15 22 1 0
750 545 15 22 1 0
743 386 15 22 1 0
606 395 15 22 2 0
96 469 15 22 1 0
865 585 15 22 1 0
464 193 8 10 1 0
388 101 8 10 1 0
914 571 15 22 1 0
141 8 8 10 1 0
726 243 8 10 1 0
662 612 15 22 1 0
909 194 8 10 1 0
520 254 8 10 1 0
238 209 8 10 1 0
779 13 8 10 1 0
528 235 8 10 1 0
723 104 8 10 1 0
457 299 8 10 1 0
951 115 8 10 1 0
62 240 8 10 1 0
412 439 15 22 2 0
139 347 15 22 2 0
177 16 8 10 1 0
219 131 8 10 1 0
282 120 8 10 1 0
660 215 8 10 1 0
143 160 8 10 1 0
775 393 15 22 2 0
19 410 15 22 1 0
409 597 15 22 1 0
292 309 8 10 1 0
609 213 8 10 1 0
649 602 15 22 1 0
678 225 8 10 1 0
597 512 15 22 1 0
681 304 8 10 1 0
810 0 8 10 1 0
539 252 8 10 1 0
119 211 8 10 1 0
696 541 15 22 1 0
444 177 8 10 1 0
937 232 8 10 1 0
315 84 8 10 1 0
501 158 8 10 1 0
600 315 8 10 1 0
554 330 15 22 1 0
344 2 8 10 1 0
185 204 8 10 1 0
283 112 8 10 1 0
320 513 15 22 1 0
843 626 15 22 1 0
360 217 8 10 1 0
812 248 8 10 1 0
63 301 8 10 1 0
70 51 8 10 1 0
158 151 8 10 1 0
191 19 8 10 1 0
387 307 8 10 1 0
456 108 8 10 1 0
60 150 8 10 1 0
731 0 8 10 1 0
15 266 8 10 1 0
165 161 8 10 1 0
195 153 8 10 1 0
181 483 15 22 1 0
265 31 8 10 1 0
624 321 8 10 1 0
584 85 8 10 1 0
128 120 8 10 1 0
483 256 8 10 1 0
136 256 8 10 1 0
732 568 15 22 2 0
256 264 8 10 1 0
426 617 15 22 1 0
421 365 15 22 1 0
831 468 15 22 1 0
206 327 8 10 1 0
757 150 8 10 1 0
52 558 15 22 1 0
228 306 8 10 1 0
318 437 15 22 1 0
160 25 8 10 1 0
515 434 15 22 1 0
355 54 8 10 1 0
582 37 8 10 1 0
905 330 15 22 2 0
130 412 15 22 2 0
326 158 8 10 1 0
469 100 8 10 1 0
244 504 15 22 1 0
382 139 8 10 1 0
580 289 8 10 1 0
784 323 8 10 1 0
647 322 8 10 1 0
757 128 8 10 1 0
126 267 8 10 1 0
442 489 15 22 2 0
831 250 8 10 1 0
499 13 8 10 1 0
31 606 15 22 1 0
853 82 8 10 1 0
644 107 8 10 1 0
653 212 8 10 1 0
483 523 15 22 1 0
747 179 8 10 1 0
187 278 8 10 1 0
818 550 15 22 1 0
850 402 15 22 1 0
637 176 8 10 1 0
446 372 15 22 1 0
7 172 8 10 1 0
75 184 8 10 1 0
634 594 15 22 1 0
188 548 15 22 1 0
215 283 8 10 1 0
353 252 8 10 1 0
342 521 15 22 1 0
219 497 15 22 2 0
768 420 15 22 1 0
711 191 8 10 1 0
20 221 8 10 1 0
306 78 8 10 1 0
384 205 8 10 1 0
488 28 8 10 1 0
644 243 8 10 1 0
115 587 15 22 2 0
64 67 8 10 1 0
713 292 8 10 1 0
401 279 8 10 1 0
329 135 8 10 1 0
915 341 15 22 1 0
773 155 8 10 1 0
425 219 8 10 1 0
763 158 8 10 1 0
115 544 15 22 1 0
881 227 8 10 1 0
789 87 8 10 1 0
324 18 8 10 1 0
571 425 15 22 1 0
607 169 8 10 1 0
141 173 8 10 1 0
154 356 15 22 1 0
209 534 15 22 2 0
151 325 8 10 1 0
741 283 8 10 1 0
749 163 8 10 1 0
453 442 15 22 1 0
622 562 15 22 1 0
353 22 8 10 1 0
242 463 15 22 1 0
277 596 15 22 1 0
611 273 8 10 1 0
264 428 15 22 2 0
111 307 8 10 1 0
244 9 8 10 1 0
258 207 8 10 1 0
836 208 8 10 1 0
717 491 15 22 1 0
281 327 8 10 1 0
205 576 15 22 2 0
253 618 15 22 1 0
798 258 8 10 1 0
207 157 8 10 1 0
314 160 8 10 1 0
96 588 15 22 1 0
299 207 8 10 1 0
613 123 8 10 1 0
654 191 8 10 1 0
290 290 8 10 1 0
485 349 15 22 2 0
26 38 8 10 1 0
835 301 8 10 1 0
568 494 15 22 1 0
82 182 8 10 1 0
270 619 15 22 1 0
79 506 15 22 1 0
878 505 15 22 1 0
45 292 8 10 1 0
196 403 15 22 1 0
17 184 8 10 1 0
307 598 15 22 1 0
744 3 8 10 1 0
874 313 8 10 1 0
198 579 15 22 2 0
5 135 8 10 1 0
128 133 8 10 1 0
942 140 8 10 1 0
684 134 8 10 1 0
600 339 15 22 1 0
412 622 15 22 1 0
683 176 8 10 1 0
549 593 15 22 1 0
291 115 8 10 1 0
32 425 15 22 1 0
589 5 8 10 1 0
545 470 15 22 1 0
483 304 8 10 1 0
417 251 8 10 1 0
636 272 8 10 1 0
206 261 8 10 1 0
651 219 8 10 1 0
326 249 8 10 1 0
139 243 8 10 1 0
129 326 8 10 1 0
397 300 8 10 1 0
709 255 8 10 1 0
567 96 8 10 1 0
436 457 15 22 2 0
165 627 15 22 1 0
111 233 8 10 1 0
409 208 8 10 1 0
470 166 8 10 1 0
562 6 8 10 1 0
801 354 15 22 1 0
622 121 8 10 1 0
196 300 8 10 1 0
949 221 8 10 1 0
932 350 15 22 2 0
83 305 8 10 1 0
110 579 15 22 2 0
555 355 15 22 2 0
