482 303 10 17 1 0
637 263 0 0 1 1
188 262 14 8 1 0
327 262 18 21 1 0
608 258 0 0 1 1
64 265 5 4 1 0
54 337 14 24 1 0
72 273 12 14 1 0
154 303 20 36 1 0
469 269 15 25 1 0
150 269 20 36 1 0
271 261 5 7 1 0
17 268 20 34 1 0
768 276 10 11 1 0
656 265 0 0 1 1
494 274 11 20 1 0
679 261 10 20 1 1
21 254 26 16 1 0
526 261 12 15 1 1
52 277 18 30 1 0
362 263 12 14 1 0
231 265 11 30 1 0
448 266 12 14 1 0
509 272 10 12 1 0
243 255 8 8 1 0
535 281 12 15 1 1
273 277 18 27 1 0
358 280 12 21 1 0
358 312 11 17 1 0
618 270 14 18 1 0
744 273 10 11 1 0
492 262 10 12 1 0
374 267 8 10 1 0
424 264 15 15 1 0
663 283 10 20 1 0
129 264 20 36 1 0
32 266 14 33 1 0
107 279 20 36 1 0
385 269 8 10 1 0
395 262 12 14 1 0
75 264 12 14 1 0
249 271 20 27 1 0
166 268 20 36 1 0
180 267 14 8 1 0
336 286 18 21 1 0
71 287 12 24 1 0
305 267 18 21 1 0
711 268 10 11 1 1
