729 803 9 11 1 0
1103 900 9 11 1 0
1600 740 9 11 1 0
336 953 9 11 1 0
1456 973 9 11 1 0
1104 811 9 11 1 0
1009 989 9 11 1 0
951 772 9 11 1 0
121 813 9 11 1 0
1163 842 9 11 1 0
1731 744 9 11 1 0
1593 956 9 11 1 0
1581 932 9 11 1 0
2006 937 9 11 1 0
945 907 9 11 1 0
1865 887 9 11 1 0
1586 982 9 11 1 0
1592 875 9 11 1 0
2014 875 9 11 1 0
1447 1030 53 56 1 0
1933 824 9 11 1 0
1508 1467 131 175 1 0
1582 770 9 11 1 0
641 961 9 11 1 0
818 942 9 11 1 0
197 842 9 11 1 0
875 972 9 11 1 0
1656 742 9 11 1 0
968 968 9 11 1 0
1346 876 9 11 1 0
861 945 9 11 1 0
1510 879 9 11 1 0
1245 872 9 11 1 0
936 955 9 11 1 0
1345 856 9 11 1 0
1380 1188 89 119 1 0
1264 836 9 11 1 0
1177 780 9 11 1 0
1837 776 9 11 1 0
381 720 9 11 1 0
1417 894 9 11 1 0
297 815 9 11 1 0
1458 1101 53 56 1 0
1563 797 9 11 1 0
417 756 9 11 1 0
1348 861 9 11 1 0
150 844 9 11 1 0
222 788 9 11 1 0
1775 1010 9 11 1 0
1621 1000 9 11 1 0
1728 928 9 11 1 0
1590 890 9 11 1 0
744 1178 53 56 1 0
1221 871 9 11 1 0
1177 825 9 11 1 0
1145 960 9 11 1 0
1160 1001 9 11 1 0
628 766 9 11 1 0
184 795 9 11 1 0
1460 927 9 11 1 0
1056 840 9 11 1 0
2283 1137 53 56 1 0
828 902 9 11 1 0
2070 814 9 11 1 0
1707 864 9 11 1 0
1598 904 9 11 1 0
938 731 9 11 1 0
1293 987 9 11 1 0
1842 985 9 11 1 0
1228 977 9 11 1 0
1192 830 9 11 1 0
1208 830 9 11 1 0
1473 839 9 11 1 0
816 799 9 11 1 0
1856 1048 53 56 1 0
1377 815 9 11 1 0
768 893 9 11 1 0
506 843 9 11 1 0
137 808 9 11 1 0
154 713 9 11 1 0
909 830 9 11 1 0
817 843 9 11 1 0
1879 1015 9 11 1 0
227 712 9 11 1 0
1575 740 9 11 1 0
2240 1110 53 56 1 0
1682 992 9 11 1 0
622 981 9 11 1 0
1137 951 9 11 1 0
1069 905 9 11 1 0
401 862 9 11 1 0
996 933 9 11 1 0
1892 854 9 11 1 0
1428 905 9 11 1 0
1192 893 9 11 1 0
123 758 9 11 1 0
1677 813 9 11 1 0
589 920 9 11 1 0
989 950 9 11 1 0
1652 824 9 11 1 0
1421 1008 9 11 1 0
1498 947 9 11 1 0
1203 868 9 11 1 0
290 864 9 11 1 0
1892 926 9 11 1 0
1736 1076 53 56 1 0
145 780 9 11 1 0
133 845 9 11 1 0
1410 836 9 11 1 0
1360 847 9 11 1 0
1346 945 9 11 1 0
1079 915 9 11 1 0
752 857 9 11 1 0
1294 922 9 11 1 0
454 950 9 11 1 0
1538 839 9 11 1 0
1820 804 9 11 1 0
704 921 9 11 1 0
722 757 9 11 1 0
569 986 9 11 1 0
97 821 9 11 1 0
624 912 9 11 1 0
155 811 9 11 1 0
1868 929 9 11 1 0
1014 972 9 11 1 0
485 940 9 11 1 0
1856 991 9 11 1 0
950 848 9 11 1 0
1974 1088 53 56 1 0
1378 988 9 11 1 0
1056 991 9 11 1 0
877 758 9 11 1 0
1257 777 9 11 1 0
1518 974 9 11 1 0
1208 735 9 11 1 0
499 722 9 11 1 0
751 876 9 11 1 0
1387 1008 9 11 1 0
1560 943 9 11 1 0
1541 863 9 11 1 0
2122 803 9 11 1 0
911 946 9 11 1 0
1494 741 9 11 1 0
110 805 9 11 1 0
1367 830 9 11 1 0
541 920 9 11 1 0
1241 735 9 11 1 0
1026 735 9 11 1 0
1887 883 9 11 1 0
58 781 9 11 1 0
285 936 9 11 1 0
711 958 9 11 1 0
1203 954 9 11 1 0
1383 860 9 11 1 0
824 776 9 11 1 0
1366 922 9 11 1 0
1675 897 9 11 1 0
1245 961 9 11 1 0
435 909 9 11 1 0
1845 847 9 11 1 0
1802 952 9 11 1 0
1408 873 9 11 1 0
2065 1028 42 44 1 0
162 799 9 11 1 0
1773 835 9 11 1 0
687 725 9 11 1 0
1456 784 9 11 1 0
533 724 9 11 1 0
610 774 9 11 1 0
76 733 9 11 1 0
1601 831 9 11 1 0
1946 862 9 11 1 0
397 723 9 11 1 0
745 865 9 11 1 0
1052 859 9 11 1 0
1331 1120 53 56 1 0
255 904 9 11 1 0
587 994 9 11 1 0
1542 931 9 11 1 0
369 944 9 11 1 0
460 829 9 11 1 0
1827 907 9 11 1 0
1578 814 9 11 1 0
917 863 9 11 1 0
1645 919 9 11 1 0
612 1084 53 56 1 0
1432 838 9 11 1 0
2107 885 9 11 1 0
1366 905 9 11 1 0
434 858 9 11 1 0
1251 894 9 11 1 0
287 916 9 11 1 0
433 718 9 11 1 0
1758 887 9 11 1 0
1631 796 9 11 1 0
1038 736 9 11 1 0
1466 891 9 11 1 0
1792 1027 31 33 1 0
1148 876 9 11 1 0
623 873 9 11 1 0
191 739 9 11 1 0
702 776 9 11 1 0
1070 951 9 11 1 0
344 761 9 11 1 0
1536 809 9 11 1 0
1921 919 9 11 1 0
846 870 9 11 1 0
1239 832 9 11 1 0
409 1301 172 175 1 0
771 940 9 11 1 0
1065 884 9 11 1 0
745 995 9 11 1 0
1968 901 9 11 1 0
1587 1019 9 11 1 0
306 1127 53 56 1 0
1869 846 9 11 1 0
1727 950 9 11 1 0
1526 796 9 11 1 0
2079 1060 53 56 1 0
2100 782 9 11 1 0
1306 736 9 11 1 0
1578 797 9 11 1 0
852 727 9 11 1 0
555 759 9 11 1 0
797 815 9 11 1 0
1193 823 9 11 1 0
57 759 9 11 1 0
844 942 9 11 1 0
1304 835 9 11 1 0
1179 1179 53 56 1 0
1765 897 9 11 1 0
973 729 9 11 1 0
1238 777 9 11 1 0
77 749 9 11 1 0
839 922 9 11 1 0
573 722 9 11 1 0
649 941 9 11 1 0
269 810 9 11 1 0
1428 1062 53 56 1 0
890 732 9 11 1 0
646 785 9 11 1 0
156 729 9 11 1 0
369 979 9 11 1 0
977 867 9 11 1 0
1698 920 9 11 1 0
120 703 9 11 1 0
1672 823 9 11 1 0
576 959 9 11 1 0
885 828 9 11 1 0
605 856 9 11 1 0
201 718 9 11 1 0
1206 858 9 11 1 0
551 896 9 11 1 0
657 798 9 11 1 0
732 941 9 11 1 0
1728 1002 9 11 1 0
1709 747 9 11 1 0
1841 882 9 11 1 0
1232 1002 9 11 1 0
877 946 9 11 1 0
840 761 9 11 1 0
1545 975 9 11 1 0
1216 917 9 11 1 0
1936 1024 31 33 1 0
894 859 9 11 1 0
1290 960 9 11 1 0
586 883 9 11 1 0
765 724 9 11 1 0
858 775 9 11 1 0
742 840 9 11 1 0
1715 897 9 11 1 0
1549 810 9 11 1 0
59 735 9 11 1 0
1974 877 9 11 1 0
1070 774 9 11 1 0
653 983 9 11 1 0
1945 805 9 11 1 0
922 732 9 11 1 0
575 780 9 11 1 0
1493 849 9 11 1 0
1944 904 9 11 1 0
1269 855 9 11 1 0
327 963 9 11 1 0
662 927 9 11 1 0
1266 828 9 11 1 0
1876 819 9 11 1 0
231 888 9 11 1 0
1575 859 9 11 1 0
653 730 9 11 1 0
1073 833 9 11 1 0
279 767 9 11 1 0
767 828 9 11 1 0
548 765 9 11 1 0
906 733 9 11 1 0
1454 861 9 11 1 0
997 794 9 11 1 0
346 809 9 11 1 0
1573 851 9 11 1 0
1506 902 9 11 1 0
867 864 9 11 1 0
1784 927 9 11 1 0
972 908 9 11 1 0
856 909 9 11 1 0
2186 1202 84 99 1 0
1835 861 9 11 1 0
130 857 9 11 1 0
1335 845 9 11 1 0
989 837 9 11 1 0
1987 938 9 11 1 0
1114 887 9 11 1 0
1165 921 9 11 1 0
1980 1253 53 56 1 0
1727 1157 53 56 1 0
902 926 9 11 1 0
1111 829 9 11 1 0
1963 885 9 11 1 0
1758 921 9 11 1 0
382 900 9 11 1 0
1025 859 9 11 1 0
315 727 9 11 1 0
1340 831 9 11 1 0
1715 1031 53 56 1 0
1196 729 9 11 1 0
716 721 9 11 1 0
2067 904 9 11 1 0
784 844 9 11 1 0
175 791 9 11 1 0
2119 791 9 11 1 0
1003 771 9 11 1 0
945 830 9 11 1 0
706 903 9 11 1 0
1306 876 9 11 1 0
42 793 9 11 1 0
172 888 9 11 1 0
1661 999 9 11 1 0
1824 1010 9 11 1 0
177 776 9 11 1 0
2109 1096 53 56 1 0
291 757 9 11 1 0
1534 868 9 11 1 0
420 956 9 11 1 0
793 942 9 11 1 0
946 896 9 11 1 0
1308 941 9 11 1 0
1664 898 9 11 1 0
584 937 9 11 1 0
1083 861 9 11 1 0
1009 805 9 11 1 0
304 716 9 11 1 0
508 988 9 11 1 0
1651 936 9 11 1 0
559 804 9 11 1 0
1431 1011 9 11 1 0
98 753 9 11 1 0
771 877 9 11 1 0
1475 781 9 11 1 0
930 907 9 11 1 0
1284 736 9 11 1 0
97 807 9 11 1 0
506 931 9 11 1 0
710 875 9 11 1 0
1094 932 9 11 1 0
857 894 9 11 1 0
355 874 9 11 1 0
513 781 9 11 1 0
1798 885 9 11 1 0
41 704 9 11 1 0
1684 1125 53 56 1 0
1473 882 9 11 1 0
1770 1041 53 56 1 0
1737 843 9 11 1 0
193 756 9 11 1 0
2283 977 42 44 1 0
802 864 9 11 1 0
1039 882 9 11 1 0
1464 988 9 11 1 0
1481 833 9 11 1 0
1386 868 9 11 1 0
834 970 9 11 1 0
1842 970 9 11 1 0
205 861 9 11 1 0
466 779 9 11 1 0
1392 821 9 11 1 0
778 764 9 11 1 0
599 900 9 11 1 0
1810 912 9 11 1 0
765 779 9 11 1 0
566 939 9 11 1 0
1276 905 9 11 1 0
1858 806 9 11 1 0
1972 859 9 11 1 0
42 761 9 11 1 0
351 1048 17 24 1 0
233 763 9 11 1 0
593 819 9 11 1 0
1774 889 9 11 1 0
1387 839 9 11 1 0
705 988 9 11 1 0
1908 1027 31 33 1 0
665 834 9 11 1 0
1694 840 9 11 1 0
161 780 9 11 1 0
1951 922 9 11 1 0
219 945 9 11 1 0
417 725 9 11 1 0
1868 913 9 11 1 0
474 878 9 11 1 0
670 773 9 11 1 0
1263 868 9 11 1 0
484 745 9 11 1 0
312 890 9 11 1 0
476 721 9 11 1 0
1012 897 9 11 1 0
2131 794 9 11 1 0
779 990 9 11 1 0
1144 890 9 11 1 0
42 741 9 11 1 0
297 770 9 11 1 0
256 762 9 11 1 0
1291 860 9 11 1 0
1072 879 9 11 1 0
1369 883 9 11 1 0
848 988 9 11 1 0
2017 1060 53 56 1 0
1461 944 9 11 1 0
1459 910 9 11 1 0
1894 767 9 11 1 0
851 841 9 11 1 0
1513 993 9 11 1 0
721 980 9 11 1 0
1623 743 9 11 1 0
1573 890 9 11 1 0
704 788 9 11 1 0
683 985 9 11 1 0
20 779 9 11 1 0
462 859 9 11 1 0
1581 845 9 11 1 0
177 743 9 11 1 0
788 925 9 11 1 0
933 820 9 11 1 0
876 773 9 11 1 0
1236 883 9 11 1 0
179 904 9 11 1 0
1996 884 9 11 1 0
964 884 9 11 1 0
671 878 9 11 1 0
211 736 9 11 1 0
701 857 9 11 1 0
1681 946 9 11 1 0
765 965 9 11 1 0
1537 829 9 11 1 0
758 980 9 11 1 0
292 722 9 11 1 0
1966 932 9 11 1 0
935 771 9 11 1 0
789 879 9 11 1 0
912 988 9 11 1 0
1507 830 9 11 1 0
741 829 9 11 1 0
1034 839 9 11 1 0
559 726 9 11 1 0
2011 1124 53 56 1 0
1276 779 9 11 1 0
1428 927 9 11 1 0
1217 851 9 11 1 0
163 763 9 11 1 0
1026 831 9 11 1 0
317 774 9 11 1 0
762 930 9 11 1 0
76 833 9 11 1 0
1811 1090 53 56 1 0
1179 957 9 11 1 0
1070 938 9 11 1 0
609 888 9 11 1 0
1714 908 9 11 1 0
1669 868 9 11 1 0
141 727 9 11 1 0
1160 1117 53 56 1 0
123 799 9 11 1 0
352 719 9 11 1 0
345 1126 53 56 1 0
498 761 9 11 1 0
1567 711 9 11 1 0
782 908 9 11 1 0
387 753 9 11 1 0
433 816 9 11 1 0
1519 861 9 11 1 0
1866 1030 53 56 1 0
453 845 9 11 1 0
1021 912 9 11 1 0
1977 831 9 11 1 0
1765 961 9 11 1 0
1770 944 9 11 1 0
1914 930 9 11 1 0
14 987 9 11 1 0
583 856 9 11 1 0
1110 986 9 11 1 0
716 888 9 11 1 0
946 992 9 11 1 0
1412 850 9 11 1 0
190 901 9 11 1 0
1291 816 9 11 1 0
1770 759 9 11 1 0
1957 1049 53 56 1 0
1604 979 9 11 1 0
1720 788 9 11 1 0
1938 891 9 11 1 0
1944 1455 131 175 1 0
1701 955 9 11 1 0
962 1258 53 56 1 0
650 768 9 11 1 0
1695 908 9 11 1 0
1643 877 9 11 1 0
1190 921 9 11 1 0
796 969 9 11 1 0
909 773 9 11 1 0
1838 913 9 11 1 0
861 1127 53 56 1 0
1503 797 9 11 1 0
647 896 9 11 1 0
707 942 9 11 1 0
356 801 9 11 1 0
1471 864 9 11 1 0
521 762 9 11 1 0
1699 815 9 11 1 0
2034 1036 53 56 1 0
1353 965 9 11 1 0
1717 985 9 11 1 0
1523 889 9 11 1 0
1836 948 9 11 1 0
1624 1028 9 11 1 0
866 851 9 11 1 0
1876 882 9 11 1 0
1355 736 9 11 1 0
1862 861 9 11 1 0
1598 999 9 11 1 0
1431 861 9 11 1 0
16 745 9 11 1 0
1482 967 9 11 1 0
1092 875 9 11 1 0
817 983 9 11 1 0
420 1043 53 56 1 0
1459 1001 9 11 1 0
1703 789 9 11 1 0
121 724 9 11 1 0
1621 904 9 11 1 0
1532 744 9 11 1 0
1494 862 9 11 1 0
1990 921 9 11 1 0
915 819 9 11 1 0
1616 851 9 11 1 0
1675 744 9 11 1 0
1779 812 9 11 1 0
1213 884 9 11 1 0
891 870 9 11 1 0
1746 1030 53 56 1 0
830 732 9 11 1 0
1831 931 9 11 1 0
1626 938 9 11 1 0
1794 979 9 11 1 0
1640 739 9 11 1 0
178 814 9 11 1 0
1095 730 9 11 1 0
1286 880 9 11 1 0
1343 841 9 11 1 0
1455 838 9 11 1 0
1654 1015 9 11 1 0
1957 1022 9 11 1 0
1448 870 9 11 1 0
1112 960 9 11 1 0
85 802 9 11 1 0
197 767 9 11 1 0
522 862 9 11 1 0
1734 967 9 11 1 0
1235 936 9 11 1 0
1343 1224 89 119 3 0
1329 966 9 11 1 0
1536 888 9 11 1 0
1411 799 9 11 1 0
1933 1089 53 56 3 0
234 843 9 11 1 0
136 757 9 11 1 0
1705 959 9 11 1 0
742 801 9 11 1 0
716 841 9 11 1 0
1547 887 9 11 1 0
829 881 9 11 1 0
136 921 9 11 1 0
589 787 9 11 1 0
2040 930 9 11 1 0
1047 876 9 11 1 0
1725 878 9 11 1 0
973 771 9 11 1 0
959 791 9 11 1 0
826 872 9 11 1 0
1396 881 9 11 1 0
1235 860 9 11 1 0
1225 737 9 11 1 0
602 727 9 11 1 0
342 774 9 11 1 0
964 952 9 11 1 0
1324 835 9 11 1 0
2106 809 9 11 1 0
1871 895 9 11 1 0
1854 899 9 11 1 0
1155 822 9 11 1 0
622 723 9 11 1 0
72 783 9 11 1 0
1920 1036 53 56 1 0
866 924 9 11 1 0
1942 930 9 11 1 0
1606 799 9 11 1 0
721 773 9 11 1 0
1623 1140 53 56 1 0
1388 1107 53 56 1 0
1152 734 9 11 1 0
620 823 9 11 1 0
651 859 9 11 1 0
499 953 9 11 1 0
1584 921 9 11 1 0
1005 733 9 11 1 0
1793 902 9 11 1 0
1874 801 9 11 1 0
330 722 9 11 1 0
71 770 9 11 1 0
1822 967 9 11 1 0
1013 862 9 11 1 0
612 956 9 11 1 0
104 781 9 11 1 0
690 909 9 11 1 0
1685 1272 102 109 1 0
1692 744 9 11 1 0
677 923 9 11 1 0
34 778 9 11 1 0
487 770 9 11 1 0
445 779 9 11 1 0
1888 1040 53 56 1 0
1916 756 9 11 1 0
1895 868 9 11 1 0
1325 1011 9 11 1 0
1281 844 9 11 1 0
881 986 9 11 1 0
1046 928 9 11 1 0
2002 1020 9 11 1 0
1653 955 9 11 1 0
542 830 9 11 1 0
943 865 9 11 1 0
1124 876 9 11 1 0
1753 979 9 11 1 0
603 796 9 11 1 0
209 906 9 11 1 0
460 933 9 11 1 0
413 767 9 11 1 0
647 825 9 11 1 0
871 831 9 11 1 0
1407 949 9 11 1 0
1157 981 9 11 1 0
638 722 9 11 1 0
1858 874 9 11 1 0
1982 1026 42 44 1 0
112 824 9 11 1 0
1188 793 9 11 1 0
1842 1018 9 11 1 0
407 907 9 11 1 0
677 858 9 11 1 0
11 897 9 11 1 0
268 828 9 11 1 0
1043 957 9 11 1 0
1088 886 9 11 1 0
249 775 9 11 1 0
879 817 9 11 1 0
740 778 9 11 1 0
692 877 9 11 1 0
874 729 9 11 1 0
1910 993 9 11 1 0
1057 969 9 11 1 0
2001 864 9 11 1 0
742 729 9 11 1 0
1288 1010 9 11 1 0
1364 874 9 11 1 0
405 948 9 11 1 0
1125 937 9 11 1 0
270 921 9 11 1 0
1791 867 9 11 1 0
342 889 9 11 1 0
752 941 9 11 1 0
2113 1186 84 99 1 0
1370 732 9 11 1 0
1803 799 9 11 1 0
561 889 9 11 1 0
152 878 9 11 1 0
48 782 9 11 1 0
49 872 9 11 1 0
1125 730 9 11 1 0
1022 876 9 11 1 0
672 726 9 11 1 0
1353 1002 9 11 1 0
2058 815 9 11 1 0
813 927 9 11 1 0
1488 1015 9 11 1 0
1529 945 9 11 1 0
469 749 9 11 1 0
742 924 9 11 1 0
813 880 9 11 1 0
98 714 9 11 1 0
1785 1128 53 56 1 0
1695 876 9 11 1 0
1911 852 9 11 1 0
1623 818 9 11 1 0
1166 903 9 11 1 0
672 822 9 11 1 0
745 913 9 11 1 0
1109 919 9 11 1 0
2097 1034 53 56 1 0
634 799 9 11 1 0
892 777 9 11 1 0
942 883 9 11 1 0
812 727 9 11 1 0
232 807 9 11 1 0
1899 913 9 11 1 0
778 821 9 11 1 0
1273 936 9 11 1 0
1556 890 9 11 1 0
1676 977 9 11 1 0
815 789 9 11 1 0
1023 949 9 11 1 0
763 843 9 11 1 0
535 976 9 11 1 0
170 712 9 11 1 0
455 893 9 11 1 0
364 771 9 11 1 0
1284 868 9 11 1 0
1902 822 9 11 1 0
83 780 9 11 1 0
1823 867 9 11 1 0
931 968 9 11 1 0
321 869 9 11 1 0
1545 798 9 11 1 0
1202 940 9 11 1 0
170 856 9 11 1 0
1455 739 9 11 1 0
670 889 9 11 1 0
1051 914 9 11 1 0
837 817 9 11 1 0
1785 879 9 11 1 0
1396 911 9 11 1 0
1351 883 9 11 1 0
1658 849 9 11 1 0
1611 924 9 11 1 0
265 844 9 11 1 0
435 951 9 11 1 0
850 971 9 11 1 0
1410 964 9 11 1 0
1499 916 9 11 1 0
326 798 9 11 1 0
1524 1022 9 11 1 0
490 1108 15 25 1 0
985 863 9 11 1 0
1560 866 9 11 1 0
370 753 9 11 1 0
914 907 9 11 1 0
1510 933 9 11 1 0
1254 841 9 11 1 0
1389 737 9 11 1 0
888 817 9 11 1 0
684 939 9 11 1 0
1411 927 9 11 1 0
1696 951 9 11 1 0
395 806 9 11 1 0
634 792 9 11 1 0
1860 758 9 11 1 0
500 731 9 11 1 0
1705 922 9 11 1 0
1562 1029 53 56 1 0
1621 956 9 11 1 0
79 703 9 11 1 0
777 1449 172 175 1 0
394 822 9 11 1 0
1632 973 9 11 1 0
2052 890 9 11 1 0
1316 931 9 11 1 0
494 833 9 11 1 0
1323 740 9 11 1 0
687 822 9 11 1 0
1559 925 9 11 1 0
1262 740 9 11 1 0
1020 798 9 11 1 0
878 881 9 11 1 0
632 831 9 11 1 0
132 778 9 11 1 0
799 785 9 11 1 0
1546 999 9 11 1 0
589 720 9 11 1 0
1413 737 9 11 1 0
326 757 9 11 1 0
493 867 9 11 1 0
1315 862 9 11 1 0
1137 890 9 11 1 0
167 849 9 11 1 0
1272 922 9 11 1 0
181 711 9 11 1 0
1627 889 9 11 1 0
8 1488 172 175 1 0
918 883 9 11 1 0
121 862 9 11 1 0
1531 915 9 11 1 0
1371 945 9 11 1 0
1327 902 9 11 1 0
679 787 9 11 1 0
538 956 9 11 1 0
1177 730 9 11 1 0
585 901 9 11 1 0
206 785 9 11 1 0
979 898 9 11 1 0
1847 934 9 11 1 0
1742 744 9 11 1 0
1978 890 9 11 1 0
104 760 9 11 1 0
1037 902 9 11 1 0
533 785 9 11 1 0
837 804 9 11 1 0
1008 875 9 11 1 0
240 870 9 11 1 0
103 837 9 11 1 0
1125 813 9 11 1 0
54 741 9 11 1 0
2023 887 9 11 1 0
1437 891 9 11 1 0
417 815 9 11 1 0
477 847 9 11 1 0
1961 1083 53 56 1 0
138 1278 172 175 1 0
254 718 9 11 1 0
522 877 9 11 1 0
1807 931 9 11 1 0
569 919 9 11 1 0
1296 892 9 11 1 0
1270 858 9 11 1 0
1178 870 9 11 1 0
