528 70 44 60 1 0
179 83 73 87 1 0
1231 151 69 115 1 0
1359 79 44 60 1 0
1027 77 44 60 1 0
1302 72 44 60 1 0
1871 223 101 141 1 0
1650 113 69 115 1 0
317 81 44 60 1 0
385 69 44 60 1 0
643 539 268 311 1 0
1730 357 155 213 1 0
686 51 44 60 1 0
168 364 223 285 1 0
917 59 44 60 1 0
847 90 48 88 1 0
1766 47 44 60 1 0
528 178 69 115 1 0
369 137 69 115 1 0
982 320 155 213 1 0
67 45 73 87 1 0
1527 65 44 60 1 0
643 37 44 60 1 0
220 198 69 115 1 0
780 87 44 60 1 0
1312 255 120 151 1 0
1784 137 69 115 1 0
1121 59 44 60 1 0
1092 111 69 115 1 0
1628 194 101 141 1 0
1456 88 44 60 1 0
1879 82 44 60 1 0
