581 473 6 6 1 0
302 540 40 63 1 0
730 532 11 12 1 0
727 461 6 6 1 0
875 456 6 6 1 0
984 581 11 12 1 0
643 472 6 6 1 0
1138 528 11 12 1 0
773 490 6 6 1 0
838 501 6 6 1 0
912 535 11 12 1 0
975 526 11 12 1 0
646 481 6 6 1 0
780 597 49 63 1 0
570 487 6 6 1 0
189 575 37 46 1 0
653 501 6 6 1 0
671 496 6 6 1 0
543 819 98 103 1 0
788 537 11 12 1 0
988 551 11 12 1 0
614 521 11 12 1 0
682 507 11 12 1 0
765 514 11 12 1 0
943 503 6 6 1 0
635 484 6 6 1 0
815 503 6 6 1 0
818 477 6 6 1 0
856 500 6 6 1 0
1188 530 11 12 1 0
544 495 6 6 1 0
691 491 6 6 1 0
904 505 11 12 1 0
357 510 40 63 1 0
807 531 11 12 1 0
232 477 16 23 1 0
556 531 30 38 1 0
630 476 6 6 1 0
449 519 30 38 1 0
1093 542 11 12 1 0
298 488 16 23 1 0
892 502 6 6 1 0
802 524 11 12 1 0
754 491 6 6 1 0
870 530 11 12 1 0
633 509 11 12 1 0
616 479 6 6 1 0
651 528 11 12 1 0
672 518 11 12 1 0
877 582 11 12 1 0
554 493 6 6 1 0
847 500 6 6 1 0
948 536 11 12 1 0
700 536 11 12 1 0
1009 556 11 12 1 0
303 469 16 23 1 0
684 523 11 12 1 0
790 507 11 12 1 0
702 497 6 6 1 0
1180 544 11 12 1 0
811 467 6 6 1 0
792 490 6 6 1 0
605 485 6 6 1 0
31 478 16 23 1 0
123 470 16 23 1 0
857 532 11 12 1 0
871 520 11 12 1 0
714 475 6 6 1 0
1064 544 11 12 1 0
1126 542 11 12 1 0
1088 618 11 12 1 0
83 530 37 46 1 0
249 472 16 23 1 0
1022 544 11 12 1 0
992 538 11 12 1 0
716 532 11 12 1 0
696 474 6 6 1 0
659 471 6 6 1 0
948 595 11 12 1 0
742 534 11 12 1 0
123 583 37 46 1 0
