75 161 17 20 1 0
470 120 12 14 1 0
15 126 9 11 1 0
236 125 8 13 1 0
64 138 9 11 1 0
123 128 9 11 1 0
67 216 19 30 1 0
6 115 9 11 1 0
7 145 9 11 1 0
110 224 39 44 1 0
194 170 18 21 1 0
48 124 9 11 1 0
31 91 9 11 1 1
46 120 9 11 1 0
155 122 9 11 1 0
30 134 9 11 1 0
187 130 8 13 1 0
118 126 9 11 1 0
32 121 9 11 1 0
55 120 9 11 1 0
110 116 9 11 1 0
144 126 9 11 1 0
49 157 17 20 1 0
177 122 8 11 1 0
71 129 9 11 1 0
31 101 9 11 1 1
157 134 9 11 1 0
221 136 8 13 1 0
83 119 9 11 1 0
91 119 9 11 1 0
430 113 21 27 1 0
317 169 13 20 1 0
205 131 8 13 1 0
281 158 13 20 1 0
137 125 9 11 1 0
475 133 12 14 1 0
130 135 9 11 1 0
142 136 9 11 1 0
17 116 9 11 1 0
103 114 9 11 1 0
95 138 9 11 1 0
163 172 22 30 1 0
223 171 18 21 1 0
327 192 32 42 1 0
175 223 39 44 1 0
304 161 13 20 1 0
170 121 9 11 1 0
261 173 11 16 1 0
131 126 9 11 1 0
122 169 17 20 1 0
169 137 9 11 1 0
465 127 12 14 1 0
119 139 17 20 1 0
39 125 9 11 1 0
96 113 9 11 1 0
57 130 9 11 1 0
207 127 8 13 1 0
