386 139 16 17 1 1
261 129 16 17 3 1
379 323 42 58 1 0
576 312 26 26 1 0
269 197 68 99 3 0
576 393 70 53 1 0
104 167 72 91 1 0
288 126 16 17 1 1
410 139 16 17 1 1
439 306 42 58 1 0
396 132 16 17 1 1
49 128 93 113 1 0
458 351 42 58 1 0
417 166 16 17 1 1
475 149 16 17 1 1
585 265 20 20 1 0
384 153 16 17 1 1
611 213 20 20 1 1
596 152 16 17 1 1
233 190 68 99 3 0
310 128 16 17 3 1
543 271 20 20 1 0
387 231 20 20 1 1
129 125 72 91 1 0
414 321 42 58 1 0
353 139 16 17 1 1
609 330 26 26 1 0
525 265 20 20 1 0
44 346 131 140 1 0
581 281 20 20 1 0
584 233 20 20 1 1
164 375 131 140 1 0
301 128 16 17 3 1
135 270 110 121 1 0
267 132 16 17 3 1
275 123 16 17 1 1
430 143 16 17 1 1
333 138 16 17 1 1
425 229 20 20 1 1
515 286 26 26 1 0
343 158 16 17 1 1
