430 224 28 31 1 0
92 58 28 31 1 0
115 41 28 31 1 0
441 186 28 31 1 0
266 58 28 31 1 0
192 26 28 31 1 0
10 145 11 15 1 0
79 82 28 31 1 0
307 45 28 31 1 0
205 227 28 31 1 0
519 107 28 31 1 0
312 127 28 31 1 0
215 36 28 31 1 0
524 87 28 31 1 0
458 145 28 31 1 0
50 27 28 31 1 0
240 33 28 31 1 0
316 173 28 31 1 0
91 28 28 31 1 0
128 16 28 31 1 0
367 197 28 31 1 0
106 143 28 31 1 0
92 194 28 31 1 0
149 144 28 31 1 0
7 178 11 15 1 0
171 9 28 31 1 0
30 43 28 31 1 0
23 19 28 31 1 0
450 65 28 31 1 0
551 96 28 31 1 0
143 210 28 31 1 0
43 62 28 31 1 0
541 154 28 31 1 0
531 200 28 31 1 0
405 136 28 31 1 0
387 231 28 31 1 0
504 228 28 31 1 0
119 170 28 31 1 0
220 144 28 31 1 0
472 231 28 31 1 0
483 78 28 31 1 0
133 69 28 31 1 0
33 106 28 31 1 0
366 108 28 31 1 0
312 95 28 31 1 0
47 87 28 31 1 0
68 190 28 31 1 0
404 91 28 31 1 0
428 72 28 31 1 0
303 145 28 31 1 0
193 164 28 31 1 0
348 163 28 31 1 0
74 18 28 31 1 0
257 141 28 31 1 0
484 163 28 31 1 0
476 203 28 31 1 0
161 56 28 31 1 0
177 204 28 31 1 0
230 221 28 31 1 0
25 83 28 31 1 0
270 123 28 31 1 0
273 196 28 31 1 0
237 63 28 31 1 0
3 80 11 15 1 0
549 126 28 31 1 0
194 146 28 31 1 0
107 200 28 31 1 0
348 73 28 31 1 0
153 82 28 31 1 0
198 74 28 31 1 0
289 230 28 31 1 0
74 113 28 31 1 0
