396 173 42 64 1 0
30 181 50 46 1 0
204 143 13 15 1 0
601 250 60 69 1 0
333 155 13 20 1 0
255 444 60 69 1 0
57 152 8 9 1 0
248 155 13 15 1 0
432 178 42 64 2 0
626 150 57 43 1 0
863 142 25 45 1 0
781 168 26 31 1 0
815 289 128 147 1 0
612 184 62 59 1 0
260 215 60 69 1 0
687 147 11 14 1 0
200 189 21 26 1 0
751 142 11 14 1 0
347 178 25 30 1 0
554 157 14 19 1 0
189 248 60 69 1 0
322 204 30 44 1 0
750 276 60 69 1 0
179 186 21 26 1 0
738 144 11 14 1 0
251 175 13 15 1 0
280 157 21 27 1 0
248 277 60 69 1 0
56 302 60 69 1 0
82 189 37 33 1 0
450 158 42 64 2 0
530 171 30 37 1 0
236 165 13 15 1 0
518 270 124 140 1 0
163 144 13 15 1 0
350 140 13 20 1 0
500 144 14 19 1 0
730 183 26 31 1 0
296 161 21 27 1 0
