452 118 10 15 1 0
521 37 9 14 1 0
618 422 14 18 1 0
311 434 19 22 1 0
244 162 10 15 1 0
19 76 10 15 1 0
377 284 19 22 1 0
488 239 10 15 1 0
567 61 9 14 1 0
590 142 9 14 1 0
474 116 10 15 1 0
249 141 10 15 1 0
128 86 10 15 1 0
845 125 9 14 1 0
528 91 9 14 1 0
359 238 10 15 1 0
951 29 9 14 1 0
397 516 19 22 1 0
186 168 10 15 1 0
226 107 10 15 1 0
741 95 9 14 1 0
96 38 10 15 1 0
448 174 10 15 1 0
608 212 9 14 1 0
616 149 9 14 1 0
487 513 19 22 1 0
192 371 19 22 1 0
444 466 19 22 1 0
500 399 19 22 1 0
491 219 10 15 1 0
938 18 9 14 1 0
380 262 10 15 1 0
692 208 9 14 1 0
775 179 9 14 1 0
281 528 19 22 1 0
674 488 14 18 1 0
388 371 19 22 1 0
341 97 10 15 1 0
764 17 9 14 1 0
823 9 9 14 1 0
311 61 10 15 1 0
868 19 9 14 1 0
540 432 14 18 1 0
183 246 10 15 1 0
503 153 10 15 2 0
909 40 9 14 1 0
874 211 9 14 1 0
364 184 10 15 1 0
275 196 10 15 1 0
816 70 9 14 1 0
493 36 10 15 1 0
62 81 10 15 1 0
950 392 14 18 2 0
930 357 14 18 1 0
312 308 19 22 1 0
272 29 10 15 1 0
809 220 9 14 1 0
474 153 10 15 1 0
602 65 9 14 1 0
141 324 19 22 1 0
113 62 10 15 1 0
932 125 9 14 1 0
403 235 10 15 1 0
805 168 9 14 2 0
120 387 19 22 1 0
917 266 9 14 1 0
654 309 14 18 1 0
652 177 9 14 1 0
384 399 19 22 1 0
641 77 9 14 1 0
848 264 9 14 1 0
43 516 19 22 1 0
231 522 19 22 1 0
428 489 19 22 1 0
699 454 14 18 1 0
909 115 9 14 1 0
312 481 19 22 2 0
238 300 19 22 1 0
865 148 9 14 1 0
588 234 9 14 1 0
658 79 9 14 1 0
70 386 19 22 1 0
187 405 19 22 1 0
262 351 19 22 1 0
417 32 10 15 1 0
565 190 9 14 1 0
99 371 19 22 1 0
289 322 19 22 1 0
334 407 19 22 1 0
478 16 10 15 2 0
637 271 14 18 1 0
84 59 10 15 1 0
133 271 19 22 1 0
638 289 14 18 1 0
503 355 19 22 1 0
291 309 19 22 1 0
20 262 10 15 1 0
186 537 19 22 1 0
357 542 19 22 1 0
136 54 10 15 1 0
53 547 19 22 1 0
39 385 19 22 1 0
604 275 14 18 1 0
559 72 9 14 1 0
443 43 10 15 1 0
540 539 14 18 1 0
369 131 10 15 1 0
137 296 19 22 1 0
341 223 10 15 1 0
576 144 9 14 1 0
574 111 9 14 1 0
204 363 19 22 1 0
122 287 19 22 1 0
238 134 10 15 1 0
906 255 9 14 1 0
482 3 10 15 1 0
736 28 9 14 1 0
312 235 10 15 1 0
400 21 10 15 1 0
287 423 19 22 2 0
103 147 10 15 1 0
299 374 19 22 1 0
95 230 10 15 1 0
290 191 10 15 1 0
549 187 9 14 1 0
882 172 9 14 1 0
126 96 10 15 2 0
15 286 19 22 1 0
713 139 9 14 1 0
218 170 10 15 1 0
566 288 14 18 1 0
790 60 9 14 1 0
124 486 19 22 1 0
242 494 19 22 1 0
123 445 19 22 2 0
488 161 10 15 1 0
813 29 9 14 1 0
136 388 19 22 2 0
291 79 10 15 2 0
843 8 9 14 1 0
791 244 9 14 1 0
225 459 19 22 1 0
394 341 19 22 1 0
202 136 10 15 1 0
656 384 14 18 1 0
884 124 9 14 1 0
633 360 14 18 1 0
339 501 19 22 1 0
666 458 14 18 1 0
511 376 17 21 1 0
410 500 19 22 1 0
462 514 19 22 1 0
82 419 19 22 1 0
231 211 10 15 1 0
139 200 10 15 1 0
585 185 9 14 1 0
346 73 10 15 1 0
898 121 9 14 1 0
229 86 10 15 1 0
276 256 10 15 1 0
871 158 9 14 1 0
941 265 9 14 1 0
414 404 19 22 1 0
226 182 10 15 1 0
216 556 19 22 1 0
128 454 19 22 2 0
45 118 10 15 1 0
89 176 10 15 1 0
458 193 10 15 1 0
120 337 19 22 1 0
592 107 9 14 1 0
693 186 9 14 1 0
502 67 10 15 1 0
689 98 9 14 1 0
110 457 19 22 1 0
239 430 19 22 1 0
517 190 10 15 1 0
461 216 10 15 1 0
817 276 14 18 1 0
599 267 9 14 1 0
49 150 10 15 1 0
762 184 9 14 1 0
108 206 10 15 1 0
168 408 19 22 1 0
580 443 14 18 1 0
500 114 10 15 1 0
525 473 14 18 1 0
643 46 9 14 1 0
95 189 10 15 1 0
29 20 10 15 1 0
262 138 10 15 1 0
348 432 19 22 1 0
835 154 9 14 1 0
497 470 19 22 1 0
176 358 19 22 1 0
817 324 14 18 2 0
470 474 19 22 1 0
268 150 10 15 1 0
579 57 9 14 1 0
363 423 19 22 1 0
696 223 9 14 1 0
635 536 14 18 1 0
557 120 9 14 1 0
395 90 10 15 1 0
28 420 19 22 1 0
346 415 19 22 1 0
89 301 19 22 2 0
35 103 10 15 1 0
94 111 10 15 1 0
922 233 9 14 1 0
450 536 19 22 1 0
486 144 10 15 1 0
493 57 10 15 1 0
362 499 19 22 1 0
438 320 19 22 1 0
249 156 10 15 1 0
584 287 14 18 1 0
69 145 10 15 1 0
92 273 19 22 1 0
426 207 10 15 1 0
359 44 10 15 1 0
480 281 19 22 1 0
553 214 9 14 1 0
949 165 9 14 1 0
158 339 19 22 1 0
888 5 9 14 1 0
380 349 19 22 1 0
26 209 10 15 1 0
20 134 10 15 1 0
299 443 19 22 1 0
356 360 19 22 1 0
775 376 14 18 1 0
85 202 10 15 1 0
915 25 9 14 1 0
385 171 10 15 1 0
43 278 19 22 2 0
525 233 9 14 1 0
893 228 9 14 1 0
328 17 10 15 1 0
527 53 9 14 1 0
756 150 9 14 1 0
625 108 9 14 1 0
123 101 10 15 2 0
887 325 14 18 1 0
698 380 14 18 1 0
162 324 19 22 2 0
208 22 10 15 1 0
538 134 9 14 1 0
73 331 19 22 1 0
145 92 10 15 1 0
241 118 10 15 1 0
753 7 9 14 1 0
319 98 10 15 1 0
618 308 14 18 1 0
898 25 9 14 1 0
76 70 10 15 1 0
502 79 10 15 1 0
408 69 10 15 1 0
348 186 10 15 1 0
867 393 14 18 1 0
359 483 19 22 1 0
172 252 10 15 1 0
769 196 9 14 1 0
558 140 9 14 1 0
146 42 10 15 1 0
101 257 10 15 1 0
260 83 10 15 1 0
275 87 10 15 1 0
684 362 14 18 1 0
666 138 9 14 1 0
687 9 9 14 2 0
896 161 9 14 1 0
98 337 19 22 1 0
564 34 9 14 1 0
759 211 9 14 1 0
573 403 14 18 1 0
667 42 9 14 1 0
721 106 9 14 1 0
939 192 9 14 1 0
556 50 9 14 1 0
859 82 9 14 1 0
933 253 9 14 1 0
848 434 14 18 1 0
531 41 9 14 1 0
416 168 10 15 1 0
747 214 9 14 1 0
936 315 14 18 2 0
337 165 10 15 1 0
936 224 9 14 1 0
644 521 14 18 1 0
303 479 19 22 2 0
250 265 10 15 1 0
232 154 10 15 1 0
655 4 9 14 1 0
391 151 10 15 1 0
168 155 10 15 1 0
425 76 10 15 1 0
302 32 10 15 1 0
948 355 14 18 1 0
823 178 9 14 1 0
859 458 14 18 1 0
737 309 14 18 1 0
948 125 9 14 1 0
939 174 9 14 1 0
122 224 10 15 1 0
79 134 10 15 1 0
213 241 10 15 1 0
604 298 14 18 1 0
530 200 9 14 1 0
446 303 19 22 1 0
627 131 9 14 1 0
201 323 19 22 1 0
748 296 14 18 1 0
911 237 9 14 1 0
888 147 9 14 1 0
40 333 19 22 1 0
164 56 10 15 1 0
319 189 10 15 1 0
503 145 10 15 2 0
410 294 19 22 1 0
502 252 10 15 2 0
776 439 14 18 1 0
599 256 9 14 1 0
90 457 19 22 2 0
368 329 19 22 1 0
822 234 9 14 1 0
607 95 9 14 1 0
833 224 9 14 1 0
307 196 10 15 1 0
573 430 14 18 1 0
203 96 10 15 1 0
4 541 19 22 1 0
522 534 14 18 1 0
386 131 10 15 1 0
695 325 14 18 1 0
874 192 9 14 1 0
80 301 19 22 2 0
795 279 14 18 1 0
520 496 14 18 1 0
885 200 9 14 1 0
330 138 10 15 1 0
313 380 19 22 1 0
420 142 10 15 1 0
762 296 14 18 1 0
321 338 19 22 1 0
312 399 19 22 1 0
348 385 19 22 1 0
730 79 9 14 1 0
402 393 19 22 1 0
149 246 10 15 1 0
49 200 10 15 1 0
245 96 10 15 1 0
858 346 14 18 1 0
103 173 10 15 1 0
518 51 9 14 1 0
303 467 19 22 2 0
195 496 19 22 1 0
320 426 19 22 1 0
291 243 10 15 1 0
338 30 10 15 2 0
102 417 19 22 1 0
424 42 10 15 1 0
501 299 19 22 1 0
457 364 19 22 2 0
309 144 10 15 1 0
748 53 9 14 1 0
897 40 9 14 1 0
491 3 10 15 1 0
11 367 19 22 1 0
538 125 9 14 1 0
153 213 10 15 1 0
675 51 9 14 1 0
602 184 9 14 1 0
788 478 14 18 1 0
349 490 19 22 1 0
716 239 9 14 1 0
569 88 9 14 1 0
194 457 19 22 1 0
348 209 10 15 1 0
406 416 19 22 1 0
704 28 9 14 1 0
413 182 10 15 1 0
438 163 10 15 1 0
888 83 9 14 1 0
857 249 9 14 1 0
325 216 10 15 1 0
753 89 9 14 2 0
308 334 19 22 1 0
948 187 9 14 1 0
865 529 14 18 1 0
389 6 10 15 1 0
430 189 10 15 1 0
331 183 10 15 1 0
438 14 10 15 1 0
486 249 10 15 1 0
628 436 14 18 1 0
546 145 9 14 1 0
165 312 19 22 2 0
76 285 19 22 1 0
199 345 19 22 1 0
509 240 10 15 1 0
612 26 9 14 1 0
660 295 14 18 1 0
80 269 19 22 1 0
575 508 14 18 1 0
296 558 19 22 1 0
7 267 16 20 1 0
747 530 14 18 1 0
950 67 9 14 1 0
343 148 10 15 1 0
70 177 10 15 1 0
434 364 19 22 1 0
523 74 9 14 1 0
875 341 14 18 1 0
552 89 9 14 1 0
51 488 19 22 2 0
25 36 10 15 1 0
787 197 9 14 1 0
95 160 10 15 1 0
630 193 9 14 1 0
750 199 9 14 1 0
684 119 9 14 1 0
716 351 14 18 1 0
793 3 9 14 1 0
32 114 10 15 1 0
291 87 10 15 2 0
234 56 10 15 1 0
179 220 10 15 1 0
801 164 9 14 2 0
66 221 10 15 1 0
856 119 9 14 1 0
273 238 10 15 1 0
736 61 9 14 1 0
179 184 10 15 1 0
831 337 14 18 1 0
428 22 10 15 1 0
59 523 19 22 1 0
309 48 10 15 1 0
221 264 10 15 1 0
244 373 19 22 2 0
370 256 10 15 1 0
33 466 19 22 1 0
418 213 10 15 1 0
950 18 9 14 1 0
583 458 14 18 1 0
348 62 10 15 1 0
744 170 9 14 1 0
404 146 10 15 1 0
281 495 19 22 1 0
482 262 10 15 1 0
180 279 19 22 1 0
154 14 10 15 1 0
779 315 14 18 1 0
286 369 19 22 1 0
704 102 9 14 1 0
523 121 9 14 1 0
624 235 9 14 1 0
621 476 14 18 1 0
262 487 19 22 1 0
505 124 10 15 1 0
76 9 10 15 1 0
764 406 14 18 1 0
444 230 10 15 1 0
173 332 19 22 1 0
707 274 14 18 1 0
678 65 9 14 1 0
918 528 14 18 1 0
472 313 19 22 1 0
34 360 19 22 2 0
208 408 19 22 1 0
338 299 19 22 1 0
811 286 14 18 1 0
667 254 9 14 1 0
499 190 10 15 1 0
81 96 10 15 1 0
362 83 10 15 1 0
621 166 9 14 1 0
539 174 9 14 1 0
35 169 10 15 1 0
689 291 14 18 1 0
542 271 14 18 1 0
890 67 9 14 1 0
817 87 9 14 1 0
582 33 9 14 1 0
706 51 9 14 1 0
812 389 14 18 1 0
313 79 10 15 1 0
746 183 9 14 1 0
173 491 19 22 1 0
183 107 10 15 1 0
847 289 14 18 1 0
316 174 10 15 1 0
244 481 19 22 1 0
498 175 10 15 1 0
889 386 14 18 1 0
761 329 14 18 1 0
686 61 9 14 1 0
807 196 9 14 1 0
299 236 10 15 1 0
60 153 10 15 1 0
771 5 9 14 1 0
409 249 10 15 1 0
373 196 10 15 1 0
24 154 10 15 1 0
454 207 10 15 1 0
836 141 9 14 1 0
605 231 9 14 1 0
687 36 9 14 1 0
875 489 14 18 1 0
564 5 9 14 1 0
921 125 9 14 1 0
119 26 10 15 1 0
138 182 10 15 1 0
333 71 10 15 1 0
172 30 10 15 1 0
430 271 19 22 1 0
345 234 10 15 1 0
118 181 10 15 1 0
755 30 9 14 1 0
905 350 14 18 1 0
756 419 14 18 1 0
439 106 10 15 1 0
290 228 10 15 1 0
613 135 9 14 1 0
464 7 10 15 1 0
385 323 19 22 1 0
291 272 19 22 1 0
363 291 19 22 2 0
809 51 9 14 1 0
105 182 10 15 1 0
600 555 14 18 1 0
779 208 9 14 1 0
154 428 19 22 2 0
706 68 9 14 1 0
179 156 10 15 1 0
262 414 19 22 1 0
422 356 19 22 1 0
606 14 9 14 1 0
697 340 14 18 1 0
454 491 19 22 1 0
252 111 10 15 1 0
437 336 19 22 1 0
365 310 19 22 1 0
8 124 10 15 1 0
208 297 19 22 1 0
507 212 10 15 1 0
178 13 10 15 1 0
153 452 19 22 1 0
517 134 9 14 1 0
280 108 10 15 1 0
561 128 9 14 1 0
700 41 9 14 1 0
71 450 19 22 1 0
166 130 10 15 1 0
284 100 10 15 1 0
72 518 19 22 1 0
11 353 19 22 1 0
836 466 14 18 1 0
635 315 14 18 1 0
683 26 9 14 1 0
722 419 14 18 1 0
891 417 14 18 1 0
809 512 14 18 1 0
440 137 10 15 1 0
237 9 10 15 1 0
773 38 9 14 1 0
121 170 10 15 2 0
449 83 10 15 1 0
235 329 19 22 1 0
604 390 14 18 1 0
384 70 10 15 1 0
135 403 19 22 1 0
419 124 10 15 1 0
111 480 19 22 1 0
648 124 9 14 1 0
70 371 19 22 1 0
531 504 14 18 1 0
558 159 9 14 1 0
695 482 14 18 1 0
139 106 10 15 1 0
122 506 19 22 1 0
82 342 19 22 1 0
873 150 9 14 1 0
887 102 9 14 1 0
24 171 10 15 1 0
911 61 9 14 1 0
456 238 10 15 1 0
545 106 9 14 1 0
57 417 19 22 1 0
903 416 14 18 1 0
86 354 19 22 2 0
570 175 9 14 1 0
143 366 19 22 1 0
339 325 19 22 2 0
517 175 9 14 1 0
805 365 14 18 1 0
747 433 14 18 1 0
266 121 10 15 1 0
856 157 9 14 1 0
713 227 9 14 1 0
901 213 9 14 1 0
733 327 14 18 1 0
617 327 14 18 1 0
228 421 19 22 1 0
800 9 9 14 1 0
817 435 14 18 1 0
374 19 10 15 1 0
317 154 10 15 1 0
625 302 14 18 1 0
410 520 19 22 1 0
419 254 10 15 1 0
790 150 9 14 1 0
924 210 9 14 1 0
903 127 9 14 1 0
222 379 19 22 1 0
597 54 9 14 1 0
188 118 10 15 1 0
527 253 9 14 1 0
639 111 9 14 1 0
5 238 10 15 1 0
869 107 9 14 1 0
334 200 10 15 1 0
311 525 19 22 1 0
852 105 9 14 1 0
475 328 19 22 1 0
337 38 10 15 2 0
261 242 10 15 1 0
528 300 14 18 1 0
755 318 14 18 1 0
272 311 19 22 1 0
629 82 9 14 1 0
613 1 9 14 1 0
844 76 9 14 1 0
124 366 19 22 1 0
129 63 10 15 1 0
156 233 10 15 1 0
443 6 10 15 1 0
728 448 14 18 1 0
395 202 10 15 1 0
753 455 14 18 1 0
875 53 9 14 1 0
507 47 10 15 1 0
162 542 19 22 1 0
213 326 19 22 1 0
395 294 19 22 1 0
953 401 14 18 2 0
797 299 14 18 1 0
62 439 19 22 1 0
723 116 9 14 1 0
618 355 14 18 1 0
493 278 19 22 2 0
96 241 10 15 1 0
575 260 9 14 1 0
715 159 9 14 1 0
910 8 9 14 1 0
907 377 14 18 1 0
501 244 10 15 2 0
56 336 19 22 1 0
386 221 10 15 1 0
155 415 19 22 2 0
186 430 19 22 1 0
889 26 9 14 1 0
675 156 9 14 1 0
593 367 14 18 1 0
60 110 10 15 1 0
547 15 9 14 1 0
238 535 19 22 1 0
356 261 10 15 1 0
797 234 9 14 1 0
535 241 9 14 1 0
822 24 9 14 1 0
922 33 9 14 1 0
640 324 14 18 1 0
719 181 9 14 1 0
46 91 10 15 1 0
668 236 9 14 1 0
435 70 10 15 1 0
9 302 19 22 1 0
137 460 19 22 1 0
249 510 19 22 1 0
327 529 19 22 1 0
651 228 9 14 1 0
340 113 10 15 1 0
153 377 19 22 1 0
255 182 10 15 1 0
668 113 9 14 1 0
129 313 19 22 1 0
135 76 10 15 1 0
203 249 10 15 1 0
9 490 19 22 1 0
903 167 9 14 1 0
469 229 10 15 1 0
534 212 9 14 1 0
430 410 19 22 1 0
37 202 10 15 1 0
585 19 9 14 1 0
109 9 10 15 1 0
372 366 19 22 1 0
551 261 9 14 1 0
916 360 14 18 1 0
711 203 9 14 1 0
595 35 9 14 1 0
491 295 19 22 1 0
469 44 10 15 1 0
742 9 9 14 1 0
721 540 14 18 1 0
516 459 16 20 1 0
263 190 10 15 1 0
652 348 14 18 1 0
121 259 10 15 1 0
834 99 9 14 1 0
409 43 10 15 1 0
737 276 14 18 1 0
118 166 10 15 2 0
698 247 9 14 1 0
813 112 9 14 1 0
852 331 14 18 1 0
725 219 9 14 1 0
114 82 10 15 1 0
485 95 10 15 1 0
63 68 10 15 1 0
198 17 10 15 1 0
31 134 10 15 1 0
680 385 14 18 1 0
310 568 19 22 1 0
748 241 9 14 1 0
809 155 9 14 1 0
790 94 9 14 1 0
108 232 10 15 1 0
4 387 19 22 1 0
286 170 10 15 1 0
387 30 10 15 1 0
588 217 9 14 1 0
255 99 10 15 1 0
220 205 10 15 1 0
431 120 10 15 1 0
605 344 14 18 1 0
719 13 9 14 1 0
441 278 19 22 1 0
222 311 19 22 1 0
475 132 10 15 1 0
114 252 10 15 1 0
486 202 10 15 1 0
785 511 14 18 1 0
823 105 9 14 1 0
740 358 14 18 1 0
41 151 10 15 1 0
124 211 10 15 1 0
682 312 14 18 1 0
808 100 9 14 1 0
510 165 10 15 1 0
418 326 19 22 1 0
318 247 10 15 1 0
72 103 10 15 1 0
671 34 9 14 1 0
156 75 10 15 1 0
909 285 14 18 1 0
624 342 14 18 1 0
769 151 9 14 1 0
69 353 19 22 1 0
418 89 10 15 1 0
670 317 14 18 1 0
761 228 9 14 1 0
406 108 10 15 1 0
940 75 9 14 1 0
496 198 10 15 1 0
323 201 10 15 1 0
156 283 19 22 1 0
431 219 10 15 1 0
638 249 9 14 1 0
748 111 9 14 1 0
108 537 19 22 1 0
366 404 19 22 1 0
760 39 9 14 1 0
398 482 19 22 1 0
765 81 9 14 1 0
900 47 9 14 1 0
91 441 19 22 1 0
74 20 10 15 1 0
119 123 10 15 1 0
191 13 10 15 1 0
739 152 9 14 1 0
465 256 10 15 1 0
572 17 9 14 1 0
660 14 9 14 1 0
10 56 10 15 1 0
514 407 15 19 1 0
248 200 10 15 1 0
91 96 10 15 1 0
855 67 9 14 1 0
366 344 19 22 1 0
945 240 9 14 1 0
30 324 19 22 2 0
166 437 19 22 1 0
568 332 14 18 1 0
70 210 10 15 1 0
588 487 14 18 1 0
40 310 19 22 2 0
63 469 19 22 1 0
669 408 14 18 1 0
743 373 14 18 1 0
724 311 14 18 2 0
461 159 10 15 1 0
710 442 14 18 1 0
906 204 9 14 1 0
824 492 14 18 1 0
259 458 19 22 1 0
272 63 10 15 1 0
32 312 19 22 2 0
216 106 10 15 1 0
922 450 14 18 1 0
462 71 10 15 1 0
364 222 10 15 1 0
909 176 9 14 1 0
276 423 19 22 2 0
689 2 9 14 2 0
15 186 10 15 1 0
10 516 19 22 1 0
805 479 14 18 1 0
321 46 10 15 1 0
266 96 10 15 1 0
750 346 14 18 1 0
187 470 19 22 1 0
653 96 9 14 1 0
847 167 9 14 1 0
944 86 9 14 1 0
630 264 9 14 1 0
513 98 9 14 1 0
207 431 19 22 1 0
631 397 14 18 1 0
156 508 19 22 1 0
620 511 14 18 1 0
481 18 10 15 2 0
253 313 19 22 1 0
218 68 10 15 1 0
18 226 10 15 1 0
161 31 10 15 1 0
295 160 10 15 1 0
61 206 10 15 1 0
448 73 10 15 1 0
857 184 9 14 1 0
81 492 19 22 1 0
756 484 14 18 1 0
48 427 19 22 1 0
361 458 19 22 2 0
14 91 10 15 1 0
25 46 10 15 1 0
165 459 19 22 1 0
138 236 10 15 1 0
348 349 19 22 1 0
135 10 10 15 1 0
771 119 9 14 1 0
64 292 19 22 1 0
461 326 19 22 1 0
514 519 15 19 1 0
578 102 9 14 1 0
166 86 10 15 1 0
305 93 10 15 1 0
189 325 19 22 2 0
39 286 19 22 2 0
239 266 14 18 1 0
228 241 10 15 1 0
437 153 10 15 1 0
50 400 19 22 1 0
59 263 10 15 1 0
622 32 9 14 1 0
774 407 14 18 1 0
160 225 10 15 1 0
751 82 9 14 2 0
605 499 14 18 1 0
598 516 14 18 1 0
458 88 10 15 1 0
456 61 10 15 1 0
161 167 10 15 1 0
705 537 14 18 1 0
583 325 14 18 1 0
204 383 19 22 1 0
515 334 15 19 1 0
286 17 10 15 1 0
953 334 14 18 1 0
680 429 14 18 1 0
402 169 10 15 1 0
129 429 19 22 1 0
535 8 9 14 1 0
614 116 9 14 1 0
717 476 14 18 1 0
149 167 10 15 1 0
613 39 9 14 1 0
774 333 14 18 1 0
533 64 9 14 1 0
765 552 14 18 1 0
559 352 14 18 1 0
726 136 9 14 1 0
209 267 12 16 1 0
211 473 19 22 2 0
4 17 10 15 1 0
132 246 10 15 1 0
524 282 14 18 1 0
378 92 10 15 1 0
601 462 14 18 1 0
402 379 19 22 1 0
304 172 10 15 1 0
437 421 19 22 1 0
196 183 10 15 1 0
161 487 19 22 1 0
1 207 10 15 1 0
634 204 9 14 1 0
445 350 19 22 1 0
661 281 14 18 1 0
118 139 10 15 1 0
846 213 9 14 1 0
228 345 19 22 1 0
917 394 14 18 1 0
304 10 10 15 1 0
887 36 9 14 1 0
817 320 14 18 2 0
317 136 10 15 1 0
292 61 10 15 1 0
579 162 9 14 1 0
933 104 9 14 1 0
189 198 10 15 1 0
617 381 14 18 1 0
677 259 9 14 1 0
374 472 19 22 1 0
932 66 9 14 1 0
262 380 19 22 1 0
184 318 19 22 2 0
728 149 9 14 1 0
340 137 10 15 1 0
465 366 19 22 2 0
153 362 19 22 1 0
14 403 19 22 1 0
700 202 9 14 1 0
150 82 10 15 1 0
489 193 10 15 1 0
934 276 14 18 1 0
852 308 14 18 1 0
487 493 19 22 1 0
483 351 19 22 1 0
377 431 19 22 1 0
161 196 10 15 1 0
356 162 10 15 1 0
927 332 14 18 1 0
617 53 9 14 1 0
725 520 14 18 1 0
202 113 10 15 1 0
759 125 9 14 1 0
720 47 9 14 1 0
664 169 9 14 1 0
784 137 9 14 1 0
488 270 19 22 2 0
545 391 14 18 1 0
543 498 14 18 1 0
462 27 10 15 1 0
452 396 19 22 1 0
503 266 14 18 1 0
671 470 14 18 1 0
653 149 9 14 1 0
951 143 9 14 1 0
79 362 19 22 2 0
52 218 10 15 1 0
801 262 9 14 1 0
932 166 9 14 1 0
543 344 14 18 1 0
582 368 14 18 1 0
820 343 14 18 1 0
365 108 10 15 1 0
933 142 9 14 1 0
551 464 14 18 1 0
914 141 9 14 1 0
549 332 14 18 1 0
864 328 14 18 1 0
182 211 10 15 1 0
302 216 10 15 1 0
332 287 19 22 1 0
538 221 9 14 1 0
128 163 10 15 1 0
921 45 9 14 1 0
843 40 9 14 1 0
758 65 9 14 1 0
889 433 14 18 1 0
522 141 9 14 1 0
902 67 9 14 1 0
616 13 9 14 1 0
184 453 19 22 1 0
174 139 10 15 1 0
343 334 19 22 2 0
220 141 10 15 1 0
372 457 19 22 2 0
457 422 19 22 1 0
191 267 10 15 1 0
677 300 14 18 1 0
452 379 19 22 1 0
876 453 14 18 1 0
939 516 14 18 1 0
838 112 9 14 1 0
820 37 9 14 1 0
632 491 14 18 1 0
696 513 14 18 1 0
441 98 10 15 1 0
374 496 19 22 1 0
544 157 9 14 1 0
66 160 10 15 1 0
328 383 19 22 1 0
130 21 10 15 1 0
402 219 10 15 1 0
778 168 9 14 1 0
223 297 19 22 1 0
253 45 10 15 1 0
174 207 10 15 1 0
302 126 10 15 1 0
320 364 19 22 1 0
173 97 10 15 1 0
188 78 10 15 1 0
898 244 9 14 1 0
54 21 10 15 2 0
729 125 9 14 1 0
304 491 19 22 2 0
116 424 19 22 1 0
777 219 9 14 1 0
800 69 9 14 1 0
288 289 19 22 1 0
43 241 10 15 1 0
707 297 14 18 1 0
899 187 9 14 1 0
693 131 9 14 1 0
789 113 9 14 1 0
865 67 9 14 1 0
240 341 19 22 1 0
667 207 9 14 1 0
646 66 9 14 1 0
317 535 19 22 1 0
353 288 19 22 2 0
91 16 10 15 1 0
508 289 19 22 1 0
426 236 10 15 1 0
40 67 10 15 1 0
517 1 9 14 1 0
201 222 10 15 1 0
288 40 10 15 1 0
701 307 14 18 1 0
883 300 14 18 1 0
839 90 9 14 1 0
625 549 14 18 1 0
863 421 14 18 1 0
365 24 10 15 1 0
4 427 19 22 1 0
661 323 14 18 1 0
330 122 10 15 1 0
210 486 19 22 2 0
579 307 14 18 1 0
151 304 19 22 1 0
558 275 14 18 1 0
524 22 9 14 1 0
89 468 19 22 2 0
415 435 19 22 1 0
619 244 9 14 1 0
403 85 10 15 1 0
269 444 19 22 1 0
274 371 19 22 1 0
195 61 10 15 1 0
719 87 9 14 1 0
637 61 9 14 1 0
516 426 17 21 1 0
31 439 19 22 1 0
420 308 19 22 1 0
89 400 19 22 1 0
240 464 19 22 1 0
371 532 19 22 1 0
33 222 10 15 1 0
445 502 19 22 1 0
642 0 9 14 1 0
548 362 14 18 1 0
20 248 10 15 1 0
577 130 9 14 1 0
543 75 9 14 1 0
504 222 10 15 1 0
388 274 19 22 1 0
904 154 9 14 1 0
716 28 9 14 1 0
793 429 14 18 1 0
718 253 9 14 1 0
484 460 19 22 1 0
140 427 19 22 1 0
468 445 19 22 1 0
676 198 9 14 1 0
378 41 10 15 1 0
234 38 10 15 1 0
126 234 10 15 1 0
757 248 9 14 1 0
637 101 9 14 1 0
529 350 14 18 1 0
738 77 9 14 1 0
106 387 19 22 1 0
147 485 19 22 1 0
582 200 9 14 1 0
207 208 10 15 1 0
37 407 19 22 1 0
572 241 9 14 1 0
338 6 10 15 1 0
576 317 14 18 1 0
690 174 9 14 1 0
671 75 9 14 1 0
143 339 19 22 1 0
176 507 19 22 1 0
357 521 19 22 1 0
794 326 14 18 1 0
255 223 10 15 1 0
231 387 19 22 1 0
200 160 10 15 1 0
523 374 14 18 1 0
151 393 19 22 1 0
3 154 10 15 1 0
847 474 14 18 1 0
430 440 19 22 1 0
593 419 14 18 1 0
747 139 9 14 1 0
214 43 10 15 1 0
817 298 14 18 1 0
491 76 10 15 1 0
656 23 9 14 1 0
821 405 14 18 1 0
628 218 9 14 1 0
782 25 9 14 1 0
675 216 9 14 1 0
137 529 19 22 1 0
928 374 14 18 1 0
285 343 19 22 1 0
321 465 19 22 1 0
854 319 14 18 1 0
8 469 19 22 1 0
473 292 19 22 1 0
445 27 10 15 1 0
943 287 14 18 1 0
591 87 9 14 1 0
56 130 10 15 1 0
916 422 14 18 1 0
245 18 10 15 1 0
834 380 14 18 1 0
182 305 19 22 1 0
269 331 19 22 1 0
581 225 9 14 1 0
335 266 14 18 1 0
638 150 9 14 1 0
138 223 10 15 1 0
113 303 19 22 1 0
938 325 14 18 2 0
253 427 19 22 1 0
315 5 10 15 1 0
720 203 9 14 1 0
471 188 10 15 1 0
827 194 9 14 1 0
432 290 19 22 1 0
24 118 10 15 1 0
615 189 9 14 1 0
49 362 19 22 1 0
184 36 10 15 1 0
585 9 9 14 1 0
376 207 10 15 1 0
602 441 14 18 1 0
803 32 9 14 1 0
102 121 10 15 1 0
332 442 19 22 1 0
584 71 9 14 1 0
246 559 19 22 1 0
732 344 14 18 1 0
34 372 19 22 2 0
194 240 10 15 1 0
401 327 19 22 1 0
73 43 10 15 1 0
73 194 10 15 1 0
706 422 14 18 1 0
244 127 10 15 1 0
606 155 9 14 1 0
725 304 14 18 2 0
538 30 9 14 1 0
826 130 9 14 1 0
483 404 19 22 1 0
499 90 10 15 1 0
869 378 14 18 1 0
926 189 9 14 1 0
203 74 10 15 1 0
855 174 9 14 1 0
653 203 9 14 1 0
258 58 10 15 1 0
354 150 10 15 1 0
111 365 19 22 1 0
566 542 14 18 1 0
797 446 14 18 1 0
563 476 14 18 1 0
463 405 19 22 1 0
233 445 19 22 1 0
713 333 14 18 1 0
96 56 10 15 1 0
171 123 10 15 1 0
169 296 19 22 1 0
52 14 10 15 2 0
370 71 10 15 1 0
794 179 9 14 1 0
696 74 9 14 1 0
132 380 19 22 2 0
210 198 10 15 1 0
848 226 9 14 1 0
859 133 9 14 1 0
375 149 10 15 1 0
499 324 19 22 1 0
161 100 10 15 1 0
745 468 14 18 1 0
649 38 9 14 1 0
651 363 14 18 1 0
150 142 10 15 1 0
647 458 14 18 1 0
381 104 10 15 1 0
907 500 14 18 1 0
467 102 10 15 1 0
778 85 9 14 1 0
557 323 14 18 1 0
64 243 10 15 1 0
825 213 9 14 1 0
49 499 19 22 2 0
248 393 19 22 1 0
254 370 19 22 2 0
103 22 10 15 1 0
252 212 10 15 1 0
490 368 19 22 1 0
