1386 1269 205 201 1 0
2230 1511 81 99 1 0
2937 1807 14 16 1 0
4774 1457 145 145 1 0
5386 1510 145 145 1 0
3379 1447 112 149 1 0
2017 1003 205 201 1 0
2890 1827 14 16 1 0
3078 1793 26 36 1 0
4053 1837 36 38 1 0
3115 1776 26 36 1 0
2858 1857 14 16 1 0
3933 1535 112 149 1 0
2697 1743 33 41 1 0
2998 1784 26 36 1 0
3485 1817 36 38 1 0
3209 1745 26 36 1 0
2770 1824 14 16 1 0
3773 1827 36 38 1 0
2947 1797 14 16 1 0
2786 1824 14 16 1 0
3585 1800 36 38 1 0
4517 1546 145 145 1 0
2518 1252 119 159 1 0
2822 1832 14 16 1 0
2734 1710 33 41 1 0
3166 1847 26 36 1 0
