650 58 43 41 1 0
265 17 43 41 1 0
621 13 43 41 1 0
439 17 43 41 1 0
336 55 43 41 1 0
694 185 84 69 1 0
474 101 57 51 1 0
361 164 57 51 1 0
89 19 43 41 1 0
37 5 43 41 1 0
377 31 43 41 1 0
699 101 60 53 1 0
185 3 43 41 1 0
344 6 43 41 1 0
78 139 57 51 1 0
218 31 43 41 1 0
589 97 57 51 1 0
618 151 57 51 1 0
508 127 57 51 1 0
689 22 50 46 1 0
435 106 57 51 1 0
17 72 43 41 1 0
245 291 86 80 1 0
159 56 43 41 1 0
127 6 43 41 1 0
287 103 57 51 1 0
438 248 86 80 1 0
186 191 84 69 1 0
485 18 43 41 1 0
79 279 86 80 1 0
18 225 86 80 1 0
515 41 43 41 1 0
555 27 43 41 1 0
674 280 86 80 1 0
