1680 554 62 68 1 0
2708 264 62 68 1 0
1076 305 62 68 1 0
517 212 46 49 1 0
2471 7 46 49 1 0
2865 149 46 49 1 0
1631 347 62 68 1 0
2933 77 46 49 1 0
1791 10 46 49 1 0
2008 1438 109 122 1 0
2091 638 62 68 1 0
2819 930 109 122 1 0
215 1006 109 122 1 0
1634 1346 109 122 1 0
58 751 62 68 1 0
344 1088 109 122 1 0
2360 50 46 49 1 0
2198 300 62 68 1 0
2580 164 46 49 1 0
1757 648 62 68 1 0
2202 1128 109 122 2 0
1743 173 46 49 1 0
2006 64 46 49 1 0
1325 268 62 68 1 0
941 723 62 68 1 0
2088 889 109 122 1 0
2708 2229 109 122 1 0
14 1454 109 122 1 0
791 984 109 122 1 0
159 208 46 49 1 0
922 1080 109 122 1 0
1566 1200 109 122 1 0
890 251 46 49 1 0
376 400 62 68 1 0
281 19 46 49 1 0
1188 2130 109 122 1 0
2511 52 46 49 1 0
304 1228 109 122 1 0
1350 425 62 68 1 0
1597 164 46 49 1 0
2474 598 62 68 1 0
2205 376 62 68 1 0
2846 501 62 68 1 0
2083 1709 109 122 1 0
183 290 62 68 1 0
2359 999 109 122 1 0
2106 442 62 68 1 0
2860 1025 109 122 1 0
1987 915 109 122 1 0
1823 1798 109 122 1 0
1647 209 46 49 1 0
2283 209 46 49 1 0
2084 227 46 49 1 0
1150 345 62 68 1 0
537 606 62 68 1 0
826 1196 109 122 1 0
1898 398 62 68 1 0
1821 310 62 68 1 0
671 12 46 49 1 0
1067 42 46 49 1 0
323 181 46 49 1 0
2548 347 62 68 1 0
827 47 46 49 1 0
1461 750 62 68 1 0
2661 527 62 68 1 0
2938 19 46 49 1 0
2476 279 62 68 1 0
166 433 62 68 1 0
2391 1778 109 122 1 0
1275 138 46 49 1 0
1029 7 46 49 1 0
2676 79 46 49 1 0
2211 250 46 49 1 0
1840 724 62 68 1 0
2556 978 109 122 1 0
1545 1078 109 122 1 0
18 317 58 63 1 0
507 35 46 49 1 0
51 492 62 68 1 0
2631 110 46 49 1 0
1441 483 62 68 1 0
521 1305 109 122 1 0
2756 222 46 49 1 0
130 84 46 49 1 0
2758 1415 109 122 1 0
1333 891 109 122 1 0
1214 670 62 68 1 0
734 1457 109 122 1 0
2313 423 62 68 1 0
1156 131 46 49 1 0
2428 292 62 68 1 0
1943 608 62 68 1 0
260 953 109 122 1 0
2980 945 85 95 1 0
2198 155 46 49 1 0
1111 216 46 49 1 0
2935 590 62 68 1 0
222 364 62 68 1 0
2235 2005 109 122 1 0
1865 4 46 49 1 0
2598 208 46 49 1 0
202 2235 109 122 1 0
2488 95 46 49 2 0
2355 768 62 68 1 0
1818 143 46 49 1 0
1488 252 46 49 1 0
502 152 46 49 1 0
2534 1048 109 122 1 0
2219 522 62 68 1 0
1650 20 46 49 1 0
2865 250 46 49 1 0
2709 400 62 68 1 0
2341 78 46 49 1 0
704 396 62 68 1 0
2972 1649 109 122 1 0
1907 470 62 68 1 0
2899 1295 109 122 1 0
12 226 50 53 1 0
947 122 46 49 1 0
2678 1169 109 122 1 0
531 508 62 68 1 0
2515 453 62 68 1 0
811 464 62 68 1 0
2470 363 62 68 1 0
1006 112 46 49 1 0
777 527 62 68 1 0
147 905 109 122 1 0
534 331 62 68 1 0
2908 149 46 49 1 0
1178 421 62 68 1 0
2529 155 46 49 1 0
967 359 62 68 1 0
2429 1251 109 122 1 0
2839 9 46 49 1 0
1758 1957 109 122 1 0
2410 164 46 49 1 0
659 127 46 49 1 0
1642 130 46 49 1 0
2246 159 46 49 1 0
1019 922 109 122 1 0
1425 133 46 49 1 0
1868 70 46 49 1 0
2056 8 46 49 1 0
2873 400 62 68 1 0
2983 328 54 58 1 0
368 774 62 68 1 0
2411 113 46 49 1 0
2015 267 62 68 1 0
1450 45 46 49 1 0
867 1712 109 122 1 0
2575 763 62 68 1 0
1297 42 46 49 1 0
520 1976 109 122 1 0
611 180 46 49 1 0
2710 29 46 49 1 0
2008 169 46 49 1 0
1114 59 46 49 1 0
1154 1061 109 122 1 0
2739 674 62 68 1 0
2424 524 62 68 1 0
1438 1343 109 122 1 0
1321 1743 109 122 1 0
2469 229 46 49 1 0
2413 1156 109 122 1 0
351 151 46 49 1 0
689 1104 109 122 1 0
2758 345 62 68 1 0
994 478 62 68 1 0
368 198 46 49 1 0
1597 862 97 108 1 0
2899 799 62 68 1 0
544 911 109 122 1 0
2203 1297 109 122 1 0
825 118 46 49 1 0
349 1563 109 122 1 0
932 581 62 68 1 0
2491 860 62 68 1 0
740 271 62 68 1 0
2045 752 62 68 1 0
2156 1140 109 122 2 0
468 99 46 49 1 0
1474 625 62 68 1 0
2582 1696 109 122 1 0
1766 70 46 49 1 0
2815 52 46 49 1 0
2381 1479 109 122 1 0
1995 334 62 68 1 0
2765 1866 109 122 1 0
2042 1265 109 122 1 0
2098 578 62 68 1 0
0 1797 109 122 1 0
806 210 46 49 1 0
2321 677 62 68 1 0
1963 134 46 49 1 0
1753 1013 109 122 1 0
271 510 62 68 1 0
1765 491 62 68 1 0
2978 484 58 63 1 0
43 957 109 122 1 0
358 283 62 68 1 0
2323 485 62 68 1 0
1325 178 46 49 1 0
1815 237 46 49 1 0
880 813 62 68 1 0
1680 423 62 68 1 0
663 81 46 49 1 0
657 239 46 49 1 0
184 140 46 49 1 0
2858 634 62 68 1 0
1836 1130 109 122 1 0
1456 317 62 68 1 0
1813 180 46 49 1 0
2154 80 46 49 1 0
2281 359 62 68 1 0
864 311 62 68 1 0
1530 122 46 49 1 0
1526 414 62 68 1 0
614 301 62 68 1 0
1791 1473 109 122 1 0
1179 764 62 68 1 0
971 654 62 68 1 0
1654 1656 109 122 1 0
22 1168 109 122 1 0
264 605 62 68 1 0
2666 152 46 49 1 0
849 15 46 49 1 0
2636 44 46 49 1 0
2324 139 46 49 1 0
720 654 62 68 1 0
2510 95 46 49 2 0
2601 100 46 49 1 0
1895 666 62 68 1 0
43 47 46 49 1 0
2779 2147 109 122 1 0
2302 24 46 49 1 0
2848 345 62 68 1 0
2931 225 46 49 1 0
1054 1207 109 122 1 0
1181 514 62 68 1 0
