783 674 88 93 1 0
366 300 86 91 1 0
344 824 95 104 1 0
19 526 91 98 1 0
1075 1074 95 104 1 0
463 783 95 104 1 0
106 857 95 104 1 0
845 392 86 91 1 0
626 538 88 93 1 0
16 741 93 101 1 0
234 804 95 104 1 0
448 946 95 104 1 0
857 101 86 91 1 0
412 66 86 91 1 0
402 1190 95 104 1 0
274 211 86 91 1 0
770 1189 95 104 1 0
1177 1005 95 104 1 0
10 621 91 98 1 0
1169 380 86 91 1 0
108 1184 95 104 1 0
842 1017 95 104 1 0
393 702 88 93 1 0
411 888 95 104 1 0
1111 815 95 104 1 0
1050 1042 95 104 1 0
1175 257 86 91 1 0
858 261 86 91 1 0
206 104 86 91 1 0
808 237 86 91 1 0
1017 22 86 91 1 0
601 13 86 91 1 0
917 586 88 93 1 0
850 792 95 104 1 0
1000 697 88 93 1 0
305 464 88 93 1 0
1035 1177 95 104 1 0
1150 527 89 95 1 0
610 898 95 104 1 0
1043 78 86 91 1 0
7 182 86 91 1 0
256 1003 95 104 1 0
