204 204 5 6 1 0
259 384 25 30 1 0
249 246 11 11 1 0
253 334 21 22 1 0
143 221 9 9 1 0
386 318 16 18 1 0
389 281 16 18 1 0
609 219 4 3 1 0
372 282 16 18 1 0
591 232 4 3 1 0
577 218 4 3 1 0
10 319 16 18 1 0
183 260 11 11 1 0
397 396 25 30 1 0
23 258 11 11 1 0
503 364 21 22 1 0
318 316 16 18 1 0
405 327 21 22 1 0
122 537 41 51 1 0
225 314 16 18 1 0
470 348 21 22 1 0
492 304 16 18 1 0
312 255 11 11 1 0
383 271 11 11 1 0
171 302 16 18 1 0
384 246 11 11 1 0
58 532 41 51 1 0
417 408 25 30 1 0
428 267 11 11 1 0
120 357 21 22 1 0
411 276 11 11 1 0
157 263 11 11 1 0
328 278 11 11 1 0
122 171 5 6 1 0
263 316 16 18 1 0
439 254 11 11 1 0
239 395 25 30 1 0
394 334 21 22 1 0
377 267 11 11 1 0
574 252 4 3 1 0
151 191 5 6 1 0
493 434 25 30 1 0
363 312 16 18 1 0
253 229 11 11 1 0
369 232 11 11 1 0
113 190 5 6 1 0
419 214 5 6 1 0
579 479 41 51 1 0
384 262 11 11 1 0
89 204 5 6 1 0
425 240 11 11 1 0
0 253 11 11 1 0
403 365 21 22 1 0
368 342 21 22 1 0
334 257 11 11 1 0
103 237 11 11 1 0
47 163 5 6 1 0
187 562 41 51 1 0
184 169 5 6 1 0
427 256 11 11 1 0
185 408 25 30 1 0
728 85 3 3 1 0
398 209 5 6 1 0
618 238 4 3 1 0
491 201 4 3 1 0
217 228 11 11 1 0
47 250 11 11 1 0
235 177 5 6 1 0
418 268 11 11 1 0
272 231 11 11 1 0
386 208 5 6 1 0
93 234 11 11 1 0
4 220 9 9 1 0
561 403 25 30 1 0
245 346 21 22 1 0
343 305 16 18 1 0
403 213 5 6 1 0
521 391 25 30 1 0
148 335 21 22 1 0
326 289 16 18 1 0
431 250 11 11 1 0
80 278 11 11 1 0
326 208 5 6 1 0
453 268 11 11 1 0
555 217 4 3 1 0
439 216 5 6 1 0
404 267 11 11 1 0
738 81 3 3 1 0
411 227 8 8 1 0
558 492 41 51 1 0
89 260 11 11 1 0
324 260 11 11 1 0
348 285 16 18 1 0
330 425 25 30 1 0
567 175 4 3 1 0
137 456 25 30 1 0
458 253 11 11 1 0
347 222 8 8 1 0
128 319 16 18 1 0
197 257 11 11 1 0
357 444 25 30 1 0
439 422 25 30 1 0
90 370 21 22 1 0
410 399 25 30 1 0
98 275 11 11 1 0
391 195 5 6 1 0
124 232 11 11 1 0
79 265 11 11 1 0
282 410 25 30 1 0
433 259 11 11 1 0
87 421 25 30 1 0
213 276 11 11 1 0
457 284 16 18 1 0
256 243 11 11 1 0
102 457 25 30 1 0
378 365 21 22 1 0
476 423 25 30 1 0
23 483 41 51 1 0
539 223 4 3 1 0
21 184 5 6 1 0
153 217 5 6 1 0
234 247 11 11 1 0
232 338 21 22 1 0
410 348 21 22 1 0
489 271 4 3 1 0
29 238 11 11 1 0
373 478 41 51 1 0
248 516 41 51 1 0
311 282 16 18 1 0
139 421 25 30 1 0
417 326 21 22 1 0
455 557 41 51 1 0
215 335 21 22 1 0
10 293 16 18 1 0
307 203 5 6 1 0
310 290 16 18 1 0
580 211 4 3 1 0
446 253 11 11 1 0
156 397 25 30 1 0
161 413 25 30 1 0
221 295 16 18 1 0
481 325 21 22 1 0
100 268 11 11 1 0
210 247 11 11 1 0
166 209 5 6 1 0
296 325 21 22 1 0
241 222 8 8 1 0
273 408 25 30 1 0
421 250 11 11 1 0
457 292 16 18 1 0
264 203 5 6 1 0
68 396 25 30 1 0
208 214 5 6 1 0
354 407 25 30 1 0
411 248 11 11 1 0
326 220 9 9 1 0
396 197 5 6 1 0
523 189 4 3 1 0
176 521 41 51 1 0
237 208 5 6 1 0
559 222 4 3 1 0
101 300 16 18 1 0
241 495 41 51 1 0
342 200 5 6 1 0
296 249 11 11 1 0
383 353 21 22 1 0
575 207 4 3 1 0
154 352 21 22 1 0
444 405 25 30 1 0
408 297 16 18 1 0
174 367 21 22 1 0
584 212 4 3 1 0
169 223 8 8 1 0
304 246 11 11 1 0
179 211 5 6 1 0
407 206 5 6 1 0
194 289 16 18 1 0
207 261 11 11 1 0
205 271 11 11 1 0
321 457 25 30 1 0
337 363 21 22 1 0
503 342 21 22 1 0
5 353 21 22 1 0
314 270 11 11 1 0
80 185 5 6 1 0
270 364 21 22 1 0
161 256 11 11 1 0
209 294 16 18 1 0
108 250 11 11 1 0
606 224 4 3 1 0
238 445 25 30 1 0
374 243 11 11 1 0
235 323 21 22 1 0
421 210 5 6 1 0
279 230 11 11 1 0
99 255 11 11 1 0
468 273 4 3 1 0
52 334 21 22 1 0
413 316 16 18 1 0
127 198 5 6 1 0
286 255 11 11 1 0
237 280 11 11 1 0
89 443 25 30 1 0
346 332 21 22 1 0
265 270 11 11 1 0
447 345 21 22 1 0
182 240 11 11 1 0
172 354 21 22 1 0
424 304 16 18 1 0
427 210 5 6 1 0
138 300 16 18 1 0
184 393 25 30 1 0
605 209 4 3 1 0
358 186 5 6 1 0
316 475 41 51 1 0
101 319 16 18 1 0
310 184 5 6 1 0
296 242 11 11 1 0
36 288 16 18 1 0
224 563 41 51 1 0
249 239 11 11 1 0
387 305 16 18 1 0
194 239 11 11 1 0
488 280 11 11 1 0
257 264 11 11 1 0
351 237 11 11 1 0
361 212 5 6 1 0
386 197 5 6 1 0
380 259 11 11 1 0
315 415 25 30 1 0
610 235 4 3 1 0
273 324 21 22 1 0
390 426 25 30 1 0
406 233 11 11 1 0
379 453 25 30 1 0
380 208 5 6 1 0
176 280 11 11 1 0
420 291 16 18 1 0
31 327 21 22 1 0
520 470 37 45 1 0
151 258 11 11 1 0
127 435 25 30 1 0
563 253 4 3 1 0
399 242 11 11 1 0
564 218 4 3 1 0
221 350 21 22 1 0
522 332 21 22 1 0
481 301 16 18 1 0
223 266 11 11 1 0
529 513 41 51 1 0
83 351 21 22 1 0
137 351 21 22 1 0
78 286 16 18 1 0
259 295 16 18 1 0
340 219 6 7 1 0
166 276 11 11 1 0
364 240 11 11 1 0
231 219 8 8 1 0
332 268 11 11 1 0
28 225 11 11 1 0
323 269 11 11 1 0
223 365 21 22 1 0
382 451 25 30 1 0
43 329 21 22 1 0
226 186 5 6 1 0
390 388 25 30 1 0
413 237 11 11 1 0
303 358 21 22 1 0
383 530 41 51 1 0
557 424 25 30 1 0
137 226 9 9 1 0
616 216 4 3 1 0
459 269 11 11 1 0
274 506 41 51 1 0
581 222 4 3 1 0
68 209 5 6 1 0
506 307 16 18 1 0
235 237 11 11 1 0
126 254 11 11 1 0
298 423 25 30 1 0
271 335 21 22 1 0
457 331 21 22 1 0
601 205 4 3 1 0
275 383 25 30 1 0
503 296 16 18 1 0
305 228 11 11 1 0
168 233 11 11 1 0
315 327 21 22 1 0
168 252 11 11 1 0
356 299 16 18 1 0
150 249 11 11 1 0
613 227 4 3 1 0
257 468 33 40 1 0
77 485 41 51 1 0
557 453 25 30 1 0
369 269 11 11 1 0
322 210 5 6 1 0
393 210 5 6 1 0
592 241 4 3 1 0
44 303 16 18 1 0
288 236 11 11 1 0
296 261 11 11 1 0
319 335 21 22 1 0
417 462 25 30 1 0
32 353 21 22 1 0
449 261 11 11 1 0
118 226 8 8 1 0
115 474 41 51 1 0
484 393 25 30 1 0
289 372 25 30 1 0
492 500 41 51 1 0
496 283 16 18 1 0
363 252 11 11 1 0
345 259 11 11 1 0
391 221 6 7 1 0
197 359 21 22 1 0
194 268 11 11 1 0
429 223 6 7 1 0
146 241 11 11 1 0
316 221 8 8 1 0
63 457 25 30 1 0
18 367 21 22 1 0
625 116 155 146 1 0
218 171 5 6 1 0
470 290 16 18 1 0
69 235 11 11 1 0
153 233 11 11 1 0
556 243 4 3 1 0
120 321 16 18 1 0
155 371 25 30 1 0
473 305 16 18 1 0
357 534 41 51 1 0
112 445 25 30 1 0
201 192 5 6 1 0
124 214 5 6 1 0
275 224 6 7 1 0
175 460 25 30 1 0
469 319 16 18 1 0
444 280 11 11 1 0
100 165 5 6 1 0
175 247 11 11 1 0
254 426 25 30 1 0
113 307 16 18 1 0
230 202 5 6 1 0
264 250 11 11 1 0
323 298 16 18 1 0
733 82 3 3 1 0
252 550 41 51 1 0
182 231 11 11 1 0
111 224 8 8 1 0
197 210 5 6 1 0
551 389 25 30 1 0
113 494 41 51 1 0
56 253 11 11 1 0
350 248 11 11 1 0
159 245 11 11 1 0
65 266 11 11 1 0
332 326 21 22 1 0
266 289 16 18 1 0
358 370 21 22 1 0
202 471 33 40 1 0
566 235 4 3 1 0
73 337 21 22 1 0
196 432 25 30 1 0
476 263 4 3 1 0
254 364 21 22 1 0
529 358 21 22 1 0
188 301 16 18 1 0
334 381 25 30 1 0
386 296 16 18 1 0
144 232 11 11 1 0
273 245 11 11 1 0
333 337 21 22 1 0
430 207 5 6 1 0
255 253 11 11 1 0
21 295 16 18 1 0
244 229 11 11 1 0
13 259 11 11 1 0
149 311 16 18 1 0
148 265 11 11 1 0
189 217 5 6 1 0
434 433 25 30 1 0
12 452 29 35 1 0
426 318 16 18 1 0
383 346 21 22 1 0
479 273 4 3 1 0
443 302 16 18 1 0
542 239 4 3 1 0
251 490 41 51 1 0
17 400 25 30 1 0
279 350 21 22 1 0
47 482 41 51 1 0
56 163 5 6 1 0
394 234 11 11 1 0
416 218 5 6 1 0
63 278 11 11 1 0
92 220 6 7 1 0
494 321 16 18 1 0
109 344 21 22 1 0
435 266 11 11 1 0
443 222 6 7 1 0
49 412 25 30 1 0
251 309 16 18 1 0
401 248 11 11 1 0
568 226 4 3 1 0
374 323 21 22 1 0
210 515 41 51 1 0
393 348 21 22 1 0
185 201 5 6 1 0
238 296 16 18 1 0
196 202 5 6 1 0
498 420 25 30 1 0
435 393 25 30 1 0
69 523 41 51 1 0
7 275 11 11 1 0
621 220 4 3 1 0
717 85 3 3 1 0
36 553 41 51 1 0
369 184 5 6 1 0
114 372 25 30 1 0
445 321 16 18 1 0
570 509 41 51 1 0
423 342 21 22 1 0
341 245 11 11 1 0
192 311 16 18 1 0
418 206 5 6 1 0
16 424 24 28 1 0
594 250 4 3 1 0
519 321 17 19 1 0
176 169 5 6 1 0
495 289 16 18 1 0
587 256 4 3 1 0
548 222 4 3 1 0
306 260 11 11 1 0
575 235 4 3 1 0
374 389 25 30 1 0
407 191 5 6 1 0
197 398 25 30 1 0
349 269 11 11 1 0
152 206 5 6 1 0
245 272 11 11 1 0
215 375 25 30 1 0
636 223 4 3 1 0
281 265 11 11 1 0
505 320 16 18 1 0
206 501 41 51 1 0
576 245 4 3 1 0
32 271 11 11 1 0
116 247 11 11 1 0
383 254 11 11 1 0
142 287 16 18 1 0
331 308 16 18 1 0
294 527 41 51 1 0
532 379 25 30 1 0
202 169 5 6 1 0
282 209 5 6 1 0
246 203 5 6 1 0
194 247 11 11 1 0
552 229 4 3 1 0
103 229 11 11 1 0
455 314 16 18 1 0
570 218 4 3 1 0
299 341 21 22 1 0
624 227 4 3 1 0
459 382 25 30 1 0
57 352 21 22 1 0
172 432 25 30 1 0
237 264 11 11 1 0
622 212 4 3 1 0
282 217 5 6 1 0
325 358 21 22 1 0
195 281 16 18 1 0
108 215 5 6 1 0
470 483 41 51 1 0
266 242 11 11 1 0
341 232 11 11 1 0
193 231 11 11 1 0
175 236 11 11 1 0
535 227 4 3 1 0
74 202 5 6 1 0
224 216 5 6 1 0
124 269 11 11 1 0
375 349 21 22 1 0
41 373 25 30 1 0
130 306 16 18 1 0
447 447 25 30 1 0
323 246 11 11 1 0
579 257 4 3 1 0
85 250 11 11 1 0
606 231 4 3 1 0
333 223 8 8 1 0
109 270 11 11 1 0
227 275 11 11 1 0
381 198 5 6 1 0
589 205 4 3 1 0
750 171 3 5 1 0
271 256 11 11 1 0
724 83 3 3 1 0
23 307 16 18 1 0
386 236 11 11 1 0
508 328 21 22 1 0
578 226 4 3 1 0
122 293 16 18 1 0
251 280 11 11 1 0
71 302 16 18 1 0
134 267 11 11 1 0
101 561 41 51 1 0
329 491 41 51 1 0
295 224 9 9 1 0
421 232 11 11 1 0
608 242 4 3 1 0
435 283 16 18 1 0
504 383 25 30 1 0
294 272 11 11 1 0
369 208 5 6 1 0
328 238 11 11 1 0
122 242 11 11 1 0
581 250 4 3 1 0
472 258 4 3 1 0
213 208 5 6 1 0
63 317 16 18 1 0
33 164 5 6 1 0
580 206 4 3 1 0
312 242 11 11 1 0
173 264 11 11 1 0
309 387 25 30 1 0
464 257 11 11 1 0
429 214 5 6 1 0
395 256 11 11 1 0
74 215 5 6 1 0
533 221 4 3 1 0
375 502 41 51 1 0
540 230 4 3 1 0
292 457 25 30 1 0
405 316 16 18 1 0
215 313 16 18 1 0
435 226 8 8 1 0
512 350 21 22 1 0
621 230 4 3 1 0
359 224 9 9 1 0
9 338 21 22 1 0
433 501 41 51 1 0
543 397 25 30 1 0
424 437 25 30 1 0
110 279 11 11 1 0
263 212 5 6 1 0
360 327 21 22 1 0
517 377 25 30 1 0
342 465 25 30 1 0
354 464 25 30 1 0
438 293 16 18 1 0
259 233 11 11 1 0
161 490 41 51 1 0
133 246 11 11 1 0
559 230 4 3 1 0
424 220 6 7 1 0
466 264 11 11 1 0
102 403 25 30 1 0
185 250 11 11 1 0
85 308 16 18 1 0
497 458 25 30 1 0
502 193 4 3 1 0
422 192 5 6 1 0
302 301 16 18 1 0
502 553 41 51 1 0
15 242 11 11 1 0
631 215 4 3 1 0
239 365 21 22 1 0
145 278 11 11 1 0
185 324 21 22 1 0
309 451 25 30 1 0
