1478 49 15 16 1 0
2309 289 15 16 1 0
1492 98 15 16 1 0
1012 117 15 16 1 0
679 334 15 16 1 0
614 246 15 16 1 0
1941 129 15 16 1 0
181 118 15 16 1 0
685 16 15 16 1 0
2393 383 15 16 1 0
825 217 15 16 1 0
1576 82 15 16 1 0
335 343 15 16 1 0
1965 1085 33 33 1 0
768 328 15 16 1 0
759 264 15 16 1 0
1485 171 15 16 1 0
929 205 15 16 1 0
210 203 15 16 1 0
1106 140 15 16 1 0
1528 197 15 16 1 0
1990 101 15 16 1 0
1375 59 15 16 1 0
2068 1101 21 31 1 0
218 57 15 16 1 0
2071 1134 21 31 1 0
255 53 15 16 1 0
667 95 15 16 1 0
1139 338 15 16 1 0
1932 83 15 16 1 0
1741 101 15 16 1 0
869 215 15 16 1 0
1262 285 15 16 1 0
1981 66 15 16 1 0
1368 1218 29 35 1 0
344 1027 46 52 1 0
149 1125 75 66 1 0
677 156 15 16 1 0
1068 240 15 16 1 0
1775 1150 52 75 2 0
245 327 15 16 1 0
188 347 15 16 1 0
1125 237 15 16 1 0
2080 208 15 16 1 0
2417 275 15 16 1 0
1504 228 15 16 1 0
1560 636 26 18 1 0
2123 14 15 16 1 0
208 152 15 16 1 0
1144 43 15 16 1 0
2294 277 15 16 1 0
811 1088 25 37 1 0
2032 119 15 16 1 0
2353 979 19 37 1 0
658 256 15 16 1 0
1166 22 15 16 1 0
951 37 15 16 1 0
952 65 15 16 1 0
798 1176 25 37 1 0
447 343 15 16 1 0
1925 36 15 16 1 0
2225 335 15 16 1 0
2269 55 15 16 1 0
164 318 15 16 1 0
1007 233 15 16 1 0
948 89 15 16 1 0
1898 105 15 16 1 0
166 387 15 16 1 0
240 92 15 16 1 0
1137 145 15 16 1 0
852 169 15 16 1 0
424 166 15 16 1 0
1809 123 15 16 1 0
1727 81 15 16 1 0
2293 289 15 16 1 0
1566 95 15 16 1 0
63 230 15 16 1 0
176 242 15 16 1 0
220 303 15 16 1 0
284 9 15 16 1 0
2081 40 15 16 1 0
615 1026 46 52 1 0
1407 125 15 16 1 0
1610 1134 52 75 1 0
435 8 15 16 1 0
86 83 15 16 1 0
630 175 15 16 1 0
2131 347 15 16 1 0
1110 1098 14 29 1 0
1269 193 15 16 1 0
387 310 15 16 1 0
871 1214 28 49 1 0
1931 1085 33 33 1 0
1075 93 15 16 1 0
2345 21 15 16 1 0
1210 218 15 16 1 0
2310 21 15 16 1 0
97 301 15 16 1 0
29 157 15 16 1 0
1262 350 15 16 1 0
1417 15 15 16 1 0
2282 201 15 16 1 0
589 158 15 16 1 0
275 288 15 16 1 0
577 310 15 16 1 0
454 181 15 16 1 0
1037 237 15 16 1 0
504 154 15 16 1 0
2371 373 15 16 1 0
1178 62 15 16 1 0
1622 21 15 16 1 0
174 201 15 16 1 0
195 269 15 16 1 0
336 52 15 16 1 0
399 190 15 16 1 0
1796 107 15 16 1 0
1208 328 15 16 1 0
647 388 15 16 1 0
2142 58 15 16 1 0
719 75 15 16 1 0
738 325 15 16 1 0
1232 134 15 16 1 0
2202 140 15 16 1 0
647 132 15 16 1 0
1317 342 15 16 1 0
1616 181 15 16 1 0
2380 261 15 16 1 0
680 129 15 16 1 0
78 122 15 16 1 0
1658 129 15 16 1 0
1593 84 15 16 1 0
62 1148 27 50 1 0
381 96 15 16 1 0
1226 279 15 16 1 0
264 118 15 16 1 0
1080 333 15 16 1 0
2136 273 15 16 1 0
79 5 15 16 1 0
1143 222 15 16 1 0
1436 24 15 16 1 0
1169 149 15 16 1 0
1167 262 15 16 1 0
915 1196 74 75 1 0
1092 40 15 16 1 0
1793 1168 52 75 2 0
1064 141 15 16 1 0
1396 3 15 16 1 0
1800 4 15 16 1 0
116 291 15 16 1 0
2329 137 15 16 1 0
220 317 15 16 1 0
1555 102 15 16 1 0
904 216 15 16 1 0
400 35 15 16 1 0
420 252 15 16 1 0
2297 375 15 16 1 0
2239 390 15 16 1 0
372 48 15 16 1 0
1867 125 15 16 1 0
864 67 15 16 1 0
455 17 15 16 1 0
1102 244 15 16 1 0
382 220 15 16 1 0
1514 121 15 16 1 0
1103 94 15 16 1 0
549 142 15 16 1 0
2047 117 15 16 1 0
58 62 15 16 1 0
2387 1098 19 37 1 0
527 255 15 16 1 0
1415 41 15 16 1 0
844 3 15 16 1 0
353 228 15 16 1 0
1188 161 15 16 1 0
1865 107 15 16 1 0
964 6 15 16 1 0
892 90 15 16 1 0
2283 350 15 16 1 0
427 1059 46 52 1 0
1364 316 15 16 1 0
638 34 15 16 1 0
759 222 15 16 1 0
1106 163 15 16 1 0
15 231 15 16 1 0
1517 70 15 16 1 0
513 1178 108 124 1 0
1447 1178 29 35 1 0
1014 72 15 16 1 0
108 64 15 16 1 0
2348 261 15 16 1 0
1851 125 15 16 1 0
1970 41 15 16 1 0
1292 216 15 16 1 0
1432 342 15 16 1 0
414 98 15 16 1 0
1807 171 15 16 1 0
235 150 15 16 1 0
276 93 15 16 1 0
172 2 15 16 1 0
1629 155 15 16 1 0
2104 0 15 16 1 0
1305 296 15 16 1 0
746 21 15 16 1 0
641 337 15 16 1 0
812 4 15 16 1 0
259 303 15 16 1 0
1556 302 15 16 1 0
1726 98 15 16 1 0
921 19 15 16 1 0
194 96 15 16 1 0
709 134 15 16 1 0
2007 65 15 16 1 0
653 44 15 16 1 0
791 106 15 16 1 0
641 238 15 16 1 0
1487 197 15 16 1 0
16 8 15 16 1 0
44 3 15 16 1 0
109 3 15 16 1 0
1840 13 15 16 1 0
2141 348 15 16 1 0
2177 19 15 16 1 0
1256 38 15 16 1 0
169 158 15 16 1 0
494 1099 50 63 1 0
1631 97 15 16 1 0
658 112 15 16 1 0
206 243 15 16 1 0
463 231 15 16 1 0
817 167 15 16 1 0
1568 366 15 16 1 0
492 270 15 16 1 0
1082 3 15 16 1 0
1957 104 15 16 1 0
278 352 15 16 1 0
603 137 15 16 1 0
228 12 15 16 1 0
2258 88 15 16 1 0
2184 64 15 16 1 0
2425 261 15 16 1 0
747 112 15 16 1 0
1425 221 15 16 1 0
373 244 15 16 1 0
1132 50 15 16 1 0
659 14 15 16 1 0
22 63 15 16 1 0
142 107 15 16 1 0
1436 94 15 16 1 0
1219 30 15 16 1 0
107 201 15 16 1 0
1460 217 15 16 1 0
1727 140 15 16 1 0
349 405 15 16 1 0
2397 65 15 16 1 0
349 98 15 16 1 0
805 313 15 16 1 0
1686 54 15 16 1 0
1133 316 15 16 1 0
79 677 26 18 1 0
1462 44 15 16 1 0
77 41 15 16 1 0
851 96 15 16 1 0
1284 9 15 16 1 0
2414 216 15 16 1 0
260 12 15 16 1 0
934 159 15 16 1 0
557 1109 50 63 1 0
1874 81 15 16 1 0
1003 155 15 16 1 0
140 203 15 16 1 0
215 101 15 16 1 0
1317 0 15 16 1 0
287 60 15 16 1 0
2008 1244 48 65 1 0
975 1132 14 29 1 0
1411 318 15 16 1 0
1196 142 15 16 1 0
2237 1153 280 218 1 0
788 338 15 16 1 0
598 307 15 16 1 0
153 58 15 16 1 0
2091 266 15 16 1 0
1763 3 15 16 1 0
21 93 15 16 1 0
1041 116 15 16 1 0
421 18 15 16 1 0
718 1025 46 52 1 0
106 50 15 16 1 0
1083 316 15 16 1 0
137 42 15 16 1 0
289 315 15 16 1 0
792 282 15 16 1 0
2173 335 15 16 1 0
1508 1110 29 35 1 0
1302 195 15 16 1 0
1511 306 15 16 1 0
972 159 15 16 1 0
1894 82 15 16 1 0
708 1138 51 72 1 0
1438 304 15 16 1 0
824 94 15 16 1 0
2309 88 15 16 1 0
2225 204 15 16 1 0
1535 0 15 16 1 0
534 39 15 16 1 0
2227 0 15 16 1 0
426 220 15 16 1 0
493 201 15 16 1 0
620 22 15 16 1 0
1678 191 15 16 1 0
1225 260 15 16 1 0
247 7 15 16 1 0
2092 232 15 16 1 0
892 1061 46 52 1 0
1073 118 15 16 1 0
2033 171 15 16 1 0
756 309 15 16 1 0
276 3 15 16 1 0
1549 239 15 16 1 0
1413 176 15 16 1 0
531 88 15 16 1 0
1501 122 15 16 1 0
733 3 15 16 1 0
104 116 15 16 1 0
2114 83 15 16 1 0
1146 1151 14 29 1 0
2170 139 15 16 1 0
1722 56 15 16 1 0
1522 312 15 16 1 0
1974 1139 62 83 1 0
78 197 15 16 1 0
1882 1087 33 33 1 0
1490 223 15 16 1 0
632 110 15 16 1 0
980 116 15 16 1 0
493 29 15 16 1 0
2023 159 15 16 1 0
677 255 15 16 1 0
1701 194 15 16 1 0
1109 121 15 16 1 0
1794 125 15 16 1 0
857 258 15 16 1 0
531 219 15 16 1 0
891 152 15 16 1 0
292 40 15 16 1 0
918 93 15 16 1 0
1862 26 15 16 1 0
330 74 15 16 1 0
720 32 15 16 1 0
701 204 15 16 1 0
1769 143 15 16 1 0
51 299 15 16 1 0
2027 20 15 16 1 0
850 334 15 16 1 0
1252 1151 25 33 1 0
1549 78 15 16 1 0
829 187 15 16 1 0
989 76 15 16 1 0
496 345 15 16 1 0
1499 43 15 16 1 0
1507 2 15 16 1 0
56 328 15 16 1 0
2056 232 15 16 1 0
191 370 15 16 1 0
2053 1127 21 31 1 0
302 93 15 16 1 0
319 110 15 16 1 0
1416 362 15 16 1 0
532 335 15 16 1 0
457 157 15 16 1 0
26 34 15 16 1 0
1512 173 15 16 1 0
1558 356 15 16 1 0
1570 23 15 16 1 0
1529 336 15 16 1 0
348 173 15 16 1 0
1057 167 15 16 1 0
1444 169 15 16 1 0
1693 982 31 41 1 0
1529 125 15 16 1 0
2076 159 15 16 1 0
1259 264 15 16 1 0
1674 167 15 16 1 0
135 304 15 16 1 0
439 98 15 16 1 0
1357 19 15 16 1 0
1478 147 15 16 1 0
2371 475 15 16 1 0
788 824 26 18 1 0
567 239 15 16 1 0
2054 161 15 16 1 0
64 121 15 16 1 0
2048 11 15 16 1 0
1500 314 15 16 1 0
897 37 15 16 1 0
269 159 15 16 1 0
1375 373 15 16 1 0
1613 6 15 16 1 0
2039 29 15 16 1 0
1581 179 15 16 1 0
763 787 26 18 1 0
1425 1161 29 35 1 0
378 172 15 16 1 0
2396 25 15 16 1 0
1894 1 15 16 1 0
2319 355 15 16 1 0
1567 149 15 16 1 0
821 305 15 16 1 0
716 249 15 16 1 0
2362 139 15 16 1 0
1525 222 15 16 1 0
202 318 15 16 1 0
1826 1222 52 75 1 0
1660 1168 52 75 1 0
1452 192 15 16 1 0
1135 263 15 16 1 0
480 90 15 16 1 0
1470 94 15 16 1 0
1736 201 15 16 1 0
1245 215 15 16 1 0
892 244 15 16 1 0
373 361 15 16 1 0
2351 354 15 16 1 0
