404 210 11 15 1 0
746 208 11 15 1 0
359 188 11 15 1 0
377 204 11 15 1 0
407 231 15 19 1 0
392 188 11 15 1 0
317 192 11 15 1 0
260 214 15 19 1 0
267 231 15 19 1 0
357 217 15 19 1 0
588 222 15 19 1 0
311 203 11 15 1 0
176 209 11 15 1 0
52 206 11 15 1 0
631 206 11 15 1 0
179 235 15 19 1 0
212 230 15 19 1 0
62 214 15 19 1 0
320 228 15 19 1 0
100 233 15 19 1 0
463 179 11 15 1 0
291 203 11 15 1 0
142 209 11 15 1 0
324 213 15 19 1 0
182 204 11 15 1 0
157 240 15 19 1 0
355 215 15 19 1 0
24 238 15 15 1 0
596 197 11 15 1 0
419 210 11 15 1 0
58 227 15 19 1 0
506 214 15 19 1 0
229 205 11 15 1 0
39 228 15 19 1 0
731 213 15 19 1 0
705 207 11 15 1 0
580 208 11 15 1 0
278 220 15 19 1 0
125 216 15 19 1 0
138 226 15 19 1 0
481 209 11 15 1 0
367 237 15 19 1 0
784 188 11 15 1 0
457 209 11 15 1 0
563 207 11 15 1 0
182 218 15 19 1 0
237 197 11 15 1 0
227 218 15 19 1 0
695 199 11 15 1 0
657 204 11 15 1 0
538 222 15 19 1 0
357 206 11 15 1 0
672 203 11 15 1 0
88 214 15 19 1 0
