512 563 23 31 1 0
941 548 21 26 1 0
1266 542 21 26 1 0
744 565 16 22 1 0
1116 570 54 64 3 0
414 548 10 13 1 0
147 564 15 16 1 0
673 571 36 49 1 0
720 564 23 31 1 0
637 618 67 85 1 0
691 556 36 49 1 0
1024 566 54 64 1 0
64 564 15 16 1 0
843 554 21 26 1 0
761 541 10 13 1 0
1061 544 21 26 1 0
14 588 15 16 1 0
956 557 21 26 1 0
97 549 15 16 1 0
564 545 10 13 1 0
901 577 54 64 3 0
269 548 10 13 1 0
576 483 10 12 1 1
43 580 15 16 1 0
916 536 21 26 1 0
1205 542 21 26 1 0
1214 586 54 64 1 0
196 542 31 39 1 0
1086 543 21 26 1 0
781 568 36 49 1 0
954 539 21 26 1 0
398 573 36 49 1 0
1008 570 54 64 1 0
621 562 29 40 1 0
178 569 34 45 1 0
737 578 36 49 1 0
875 550 21 26 1 0
814 651 60 68 1 0
895 529 21 26 1 0
700 594 36 49 3 0
645 465 10 12 1 0
839 554 21 26 1 0
870 696 136 160 1 0
825 536 10 13 1 0
833 577 21 26 1 0
1034 526 37 45 1 0
813 542 10 13 1 0
485 560 23 31 1 0
695 548 10 13 1 0
639 567 36 49 1 0
1236 664 136 160 1 0
449 556 29 40 1 0
253 556 16 22 1 0
1013 585 54 64 1 0
104 587 40 44 1 0
614 553 29 40 1 0
540 647 94 110 3 0
716 463 10 12 1 1
465 553 23 31 1 0
492 537 10 13 1 0
548 560 16 22 1 0
250 570 36 49 1 0
632 582 36 49 1 0
856 556 21 26 1 0
1044 560 21 26 1 0
430 546 10 13 1 0
928 531 21 26 1 0
564 556 29 40 1 0
38 554 15 16 1 0
473 575 36 49 3 0
611 541 10 13 1 0
706 553 29 40 1 0
401 551 23 31 1 0
1112 541 21 26 1 0
703 572 36 49 1 0
306 548 10 13 1 0
1250 564 54 64 1 0
501 538 10 13 1 0
542 482 10 12 1 1
760 535 10 13 1 0
225 540 24 29 1 0
579 577 36 49 1 0
802 570 36 49 3 0
1183 524 29 35 1 0
54 548 15 16 1 0
350 560 37 46 1 0
164 632 47 71 1 0
575 543 10 13 1 0
843 541 21 26 1 0
515 532 10 13 1 0
423 598 94 110 1 0
886 561 21 26 1 0
479 568 36 49 1 0
170 540 26 31 1 0
276 564 23 31 1 0
924 572 54 64 1 0
162 548 15 16 1 0
284 544 10 13 1 0
539 572 36 49 1 0
406 541 10 13 1 0
372 579 36 49 1 0
236 566 36 49 1 0
206 548 26 31 1 0
1147 558 21 26 1 0
1040 610 54 64 1 0
862 542 21 26 1 0
209 588 40 44 1 0
919 527 21 26 1 0
335 605 94 110 1 0
499 467 10 12 1 0
924 637 60 68 1 0
988 565 54 64 1 0
325 543 10 13 1 0
325 553 31 37 1 0
1140 539 21 26 1 0
649 551 23 31 1 0
196 553 31 39 1 0
429 569 36 49 1 0
533 601 94 110 1 0
822 551 18 22 1 0
921 546 21 26 1 0
1076 673 136 160 1 0
364 548 10 13 1 0
4 558 15 16 1 0
833 542 21 26 1 0
1236 542 21 26 1 0
1102 566 54 64 1 0
783 546 10 13 1 0
760 579 36 49 1 0
999 527 37 45 1 0
602 570 36 49 1 0
765 561 16 22 1 0
744 546 10 13 1 0
767 469 10 12 1 0
831 555 18 22 1 0
1120 528 29 35 1 0
455 571 36 49 1 0
79 630 47 71 1 0
