1120 664 25 19 1 0
1679 1571 28 31 1 0
895 1088 33 32 1 0
903 584 25 19 1 0
575 1191 33 32 1 0
238 616 25 19 1 0
196 655 25 19 1 0
227 508 25 19 1 0
261 1408 33 32 1 0
71 381 25 19 1 0
673 712 25 19 1 0
354 1376 33 32 1 0
1694 156 30 26 1 0
1227 1369 33 32 1 0
950 849 33 32 1 0
1007 1269 33 32 1 0
1295 1118 28 31 1 0
2408 316 30 26 1 0
657 237 25 19 1 0
401 1674 33 32 1 0
1249 839 33 32 1 0
2501 140 30 26 1 0
655 337 25 19 1 0
862 792 33 32 1 0
1074 400 25 19 1 0
420 214 25 19 1 0
2402 403 30 26 1 0
2185 1040 28 31 1 0
268 1533 33 32 1 0
488 597 25 19 1 0
368 1585 33 32 1 0
952 1329 33 32 1 0
720 806 33 32 1 0
1050 569 25 19 1 0
303 394 25 19 1 0
437 612 25 19 1 0
1376 385 30 26 1 0
449 967 33 32 1 0
1056 932 33 32 1 0
1821 1488 28 31 1 0
530 407 25 19 1 0
226 371 25 19 1 0
1626 98 30 26 1 0
1645 300 30 26 1 0
1362 542 30 26 1 0
1081 461 25 19 1 0
171 1334 33 32 1 0
755 1434 33 32 1 0
1162 464 25 19 1 0
2336 285 30 26 1 0
1179 950 33 32 1 0
668 858 33 32 1 0
205 1640 33 32 1 0
1106 353 25 19 1 0
1370 780 29 27 1 0
1212 438 25 19 1 0
525 999 33 32 1 0
311 210 25 19 1 0
1236 347 25 19 1 0
1801 16 30 26 1 0
148 712 25 19 1 0
646 521 25 19 1 0
1416 1166 28 31 1 0
1200 299 25 19 1 0
589 1590 33 32 1 0
197 597 25 19 1 0
1465 549 30 26 1 0
938 1212 33 32 1 0
2499 214 30 26 1 0
579 1128 33 32 1 0
344 383 25 19 1 0
167 490 25 19 1 0
1179 338 25 19 1 0
542 295 25 19 1 0
891 708 25 19 1 0
417 832 33 32 1 0
1352 1113 28 31 1 0
620 877 33 32 1 0
9 1440 33 32 1 0
1338 362 30 26 1 0
56 810 33 32 1 0
700 1693 33 32 1 0
2550 156 30 26 1 0
297 788 33 32 1 0
890 383 25 19 1 0
666 1190 33 32 1 0
895 1010 33 32 1 0
2316 1020 28 31 1 0
795 1305 33 32 1 0
492 1102 33 32 1 0
2375 1248 28 31 1 0
238 954 33 32 1 0
191 802 33 32 1 0
1227 483 25 19 1 0
1620 466 30 26 1 0
2369 1094 28 31 1 0
1665 437 30 26 1 0
101 643 25 19 1 0
1713 1269 28 31 1 0
1098 1011 33 32 1 0
12 306 25 19 1 0
2071 1382 28 31 1 0
1201 1250 33 32 1 0
210 1540 33 32 1 0
1461 1336 28 31 1 0
1198 897 33 32 1 0
1145 277 25 19 1 0
288 1234 33 32 1 0
1701 256 30 26 1 0
1677 1433 28 31 1 0
1918 1247 28 31 1 0
75 690 25 19 1 0
382 237 25 19 1 0
1019 965 33 32 1 0
1512 459 30 26 1 0
754 292 25 19 1 0
618 297 25 19 1 0
1481 366 30 26 1 0
483 244 25 19 1 0
1565 1256 28 31 1 0
917 532 25 19 1 0
809 590 25 19 1 0
115 1473 33 32 1 0
151 1702 33 32 1 0
1737 93 30 26 1 0
1431 736 30 26 1 0
1594 1376 28 31 1 0
2003 1211 28 31 1 0
30 799 33 32 1 0
70 278 25 19 1 0
1455 481 30 26 1 0
312 809 33 32 1 0
1967 1152 28 31 1 0
982 864 33 32 1 0
1330 304 30 26 1 0
1523 355 30 26 1 0
2302 1187 28 31 1 0
442 1158 33 32 1 0
943 1286 33 32 1 0
1323 1102 28 31 1 0
1714 1621 28 31 1 0
362 782 33 32 1 0
215 1301 33 32 1 0
1142 1175 33 32 1 0
1989 1163 28 31 1 0
2507 267 30 26 1 0
1716 11 30 26 1 0
266 577 25 19 1 0
1295 531 30 26 1 0
572 573 25 19 1 0
1260 1206 33 32 1 0
1095 392 25 19 1 0
1375 577 30 26 1 0
1320 596 30 26 1 0
2284 1147 28 31 1 0
1147 729 25 19 1 0
1041 655 25 19 1 0
1444 1580 28 31 1 0
770 631 25 19 1 0
896 469 25 19 1 0
556 274 25 19 1 0
96 698 25 19 1 0
641 581 25 19 1 0
2432 134 30 26 1 0
1086 917 33 32 1 0
1374 290 30 26 1 0
2426 963 28 31 1 0
635 1633 33 32 1 0
2348 1042 28 31 1 0
2497 95 30 26 1 0
474 832 33 32 1 0
345 610 25 19 1 0
869 540 25 19 1 0
563 1407 33 32 1 0
1615 1282 28 31 1 0
406 474 25 19 1 0
84 1636 33 32 1 0
1180 530 25 19 1 0
495 1329 33 32 1 0
475 1493 33 32 1 0
1518 102 30 26 1 0
527 1616 33 32 1 0
294 298 25 19 1 0
829 310 25 19 1 0
812 554 25 19 1 0
1029 811 33 32 1 0
1509 1162 28 31 1 0
820 1393 33 32 1 0
2290 64 30 26 1 0
796 1151 33 32 1 0
1353 461 30 26 1 0
349 1691 33 32 1 0
780 536 25 19 1 0
52 596 25 19 1 0
46 1242 33 32 1 0
437 419 25 19 1 0
1677 54 30 26 1 0
1210 1557 33 32 1 0
1944 1231 28 31 1 0
807 1621 33 32 1 0
802 795 33 32 1 0
100 411 25 19 1 0
45 408 25 19 1 0
111 1088 33 32 1 0
206 888 33 32 1 0
335 464 25 19 1 0
1433 96 30 26 1 0
1298 356 30 26 1 0
2417 218 30 26 1 0
1548 330 30 26 1 0
463 565 25 19 1 0
2482 309 30 26 1 0
376 1501 33 32 1 0
1137 1081 33 32 1 0
1288 1158 28 31 1 0
750 522 25 19 1 0
1561 405 30 26 1 0
1470 397 30 26 1 0
2177 1552 28 31 1 0
829 847 33 32 1 0
48 737 25 19 1 0
2433 1056 28 31 1 0
755 1253 33 32 1 0
2351 1146 28 31 1 0
201 421 25 19 1 0
595 1439 33 32 1 0
2022 1546 28 31 1 0
982 1047 33 32 1 0
1624 1213 28 31 1 0
890 501 25 19 1 0
1480 806 29 28 1 0
1721 1183 28 31 1 0
97 162 25 19 1 0
2292 1059 28 31 1 0
816 438 25 19 1 0
829 603 25 19 1 0
533 1557 33 32 1 0
524 797 33 32 1 0
384 183 25 19 1 0
1973 26 30 26 1 0
1339 1026 28 31 1 0
993 225 25 19 1 0
977 740 25 19 1 0
1119 402 25 19 1 0
1513 1654 28 31 1 0
41 1200 33 32 1 0
370 647 25 19 1 0
763 448 25 19 1 0
1221 588 25 19 1 0
2113 1540 28 31 1 0
1707 1215 28 31 1 0
266 506 25 19 1 0
1083 740 25 19 1 0
583 514 25 19 1 0
2517 317 30 26 1 0
947 635 25 19 1 0
398 743 25 19 1 0
901 857 33 32 1 0
1004 1015 33 32 1 0
2272 267 30 26 1 0
2259 1482 28 31 1 0
427 1086 33 32 1 0
243 352 25 19 1 0
1112 836 33 32 1 0
1604 1423 28 31 1 0
1490 308 30 26 1 0
2298 340 30 26 1 0
419 1273 33 32 1 0
542 720 25 19 1 0
441 236 25 19 1 0
1889 1144 28 31 1 0
1428 1192 28 31 1 0
1043 1269 33 32 1 0
867 777 33 32 1 0
1569 479 30 26 1 0
59 1314 33 32 1 0
419 593 25 19 1 0
676 829 33 32 1 0
578 1501 33 32 1 0
677 1018 33 32 1 0
177 420 25 19 1 0
1705 66 30 26 1 0
344 906 33 32 1 0
248 1349 33 32 1 0
1068 1391 33 32 1 0
1903 552 30 26 1 0
1017 1611 33 32 1 0
1313 395 30 26 1 0
743 683 25 19 1 0
180 689 25 19 1 0
792 450 25 19 1 0
1118 471 25 19 1 0
108 384 25 19 1 0
259 869 33 32 1 0
27 1634 33 32 1 0
1404 636 30 26 1 0
1341 1245 28 31 1 0
1090 502 25 19 1 0
503 765 27 22 1 0
1217 1311 33 32 1 0
18 953 33 32 1 0
651 905 33 32 1 0
166 529 25 19 1 0
174 1107 33 32 1 0
1418 1384 28 31 1 0
598 749 25 19 1 0
2305 167 30 26 1 0
305 1001 33 32 1 0
517 917 33 32 1 0
1246 1039 33 32 1 0
517 1183 33 32 1 0
200 1255 33 32 1 0
1009 388 25 19 1 0
2354 500 30 26 1 0
490 1376 33 32 1 0
587 600 25 19 1 0
1267 1086 30 31 1 0
1526 182 30 26 1 0
242 1162 33 32 1 0
146 1362 33 32 1 0
961 942 33 32 1 0
284 949 33 32 1 0
1295 931 28 31 1 0
1048 701 25 19 1 0
1486 873 28 31 1 0
330 1047 33 32 1 0
1948 1656 28 31 1 0
700 771 29 25 1 0
1810 236 30 26 1 0
2242 1118 28 31 1 0
1312 798 31 31 1 0
1023 1400 33 32 1 0
1986 1322 28 31 1 0
274 530 25 19 1 0
1169 1240 33 32 1 0
583 1289 33 32 1 0
159 298 25 19 1 0
882 1655 33 32 1 0
1205 625 25 19 1 0
1545 518 30 26 1 0
796 994 33 32 1 0
1466 1695 28 31 1 0
2352 377 30 26 1 0
343 245 25 19 1 0
332 868 33 32 1 0
809 376 25 19 1 0
1008 227 25 19 1 0
2288 1386 28 31 1 0
1068 1039 33 32 1 0
823 743 25 19 1 0
1546 424 30 26 1 0
2282 1226 28 31 1 0
2226 1344 28 31 1 0
1501 1594 28 31 1 0
1179 1403 33 32 1 0
434 1046 33 32 1 0
1438 1145 28 31 1 0
947 346 25 19 1 0
1224 1693 30 31 1 0
523 1504 33 32 1 0
403 513 25 19 1 0
219 1515 33 32 1 0
999 347 25 19 1 0
805 1453 33 32 1 0
151 1045 33 32 1 0
6 1089 33 32 1 0
1459 1629 28 31 1 0
688 905 33 32 1 0
23 485 25 19 1 0
177 511 25 19 1 0
147 617 25 19 1 0
498 521 25 19 1 0
1554 1318 28 31 1 0
12 755 29 25 1 0
1443 944 28 31 1 0
1912 1512 28 31 1 0
1237 853 33 32 1 0
1520 1464 28 31 1 0
2140 412 30 26 1 0
1414 64 30 26 1 0
1791 60 30 26 1 0
2112 1270 28 31 1 0
934 294 25 19 1 0
2372 64 30 26 1 0
1274 355 27 22 1 0
166 1447 33 32 1 0
230 224 25 19 1 0
547 1693 33 32 1 0
56 1108 33 32 1 0
143 1401 33 32 1 0
91 740 25 19 1 0
444 498 25 19 1 0
715 443 25 19 1 0
416 389 25 19 1 0
1251 1685 29 31 1 0
1792 1230 28 31 1 0
1874 1293 28 31 1 0
360 1072 33 32 1 0
867 984 33 32 1 0
586 485 25 19 1 0
1382 1049 28 31 1 0
1391 1377 28 31 1 0
1208 1217 33 32 1 0
451 856 33 32 1 0
1216 972 33 32 1 0
1390 1632 28 31 1 0
628 618 25 19 1 0
2151 1461 28 31 1 0
635 1140 33 32 1 0
695 563 25 19 1 0
578 309 25 19 1 0
192 1203 33 32 1 0
53 1075 33 32 1 0
1794 1584 28 31 1 0
177 457 25 19 1 0
1339 1594 28 31 1 0
7 1054 33 32 1 0
648 1322 33 32 1 0
2342 1307 28 31 1 0
1401 1134 28 31 1 0
742 877 33 32 1 0
915 624 25 19 1 0
521 654 25 19 1 0
2119 1050 28 31 1 0
1043 486 25 19 1 0
62 1524 33 32 1 0
489 1160 33 32 1 0
1827 101 30 26 1 0
2301 303 30 26 1 0
1141 522 25 19 1 0
5 495 25 19 1 0
1515 302 30 26 1 0
948 1254 33 32 1 0
1380 875 28 31 1 0
166 361 25 19 1 0
366 266 25 19 1 0
695 1378 33 32 1 0
880 1426 33 32 1 0
2354 228 30 26 1 0
1572 1283 28 31 1 0
1597 1222 28 31 1 0
264 1072 33 32 1 0
803 1072 33 32 1 0
1515 256 30 26 1 0
2431 264 30 26 1 0
168 898 33 32 1 0
1697 1517 28 31 1 0
1180 323 25 19 1 0
404 689 25 19 1 0
331 565 25 19 1 0
1424 1277 28 31 1 0
225 598 25 19 1 0
941 488 25 19 1 0
869 322 25 19 1 0
212 313 25 19 1 0
634 720 25 19 1 0
1464 416 30 26 1 0
1343 174 30 26 1 0
756 612 25 19 1 0
1626 1636 28 31 1 0
1312 499 30 26 1 0
2461 257 30 26 1 0
685 1222 33 32 1 0
981 1203 33 32 1 0
939 995 33 32 1 0
473 709 25 19 1 0
1887 1612 28 31 1 0
492 299 25 19 1 0
1232 297 25 19 1 0
1343 903 28 31 1 0
658 1063 33 32 1 0
460 1285 33 32 1 0
1173 445 25 19 1 0
936 1098 33 32 1 0
1443 67 30 26 1 0
1461 1238 28 31 1 0
1425 262 30 26 1 0
889 1317 33 32 1 0
1294 1314 28 31 1 0
207 1105 33 32 1 0
621 1006 33 32 1 0
341 740 25 19 1 0
1477 180 30 26 1 0
1751 1185 28 31 1 0
2421 352 30 26 1 0
1625 52 30 26 1 0
699 1620 33 32 1 0
1628 1485 28 31 1 0
2243 1595 28 31 1 0
2159 1217 28 31 1 0
429 365 25 19 1 0
859 1354 33 32 1 0
1140 581 25 19 1 0
1754 1436 28 31 1 0
1505 1044 28 31 1 0
1519 501 30 26 1 0
91 1282 33 32 1 0
328 521 25 19 1 0
502 224 25 19 1 0
1204 827 33 32 1 0
252 335 25 19 1 0
2543 239 30 26 1 0
2184 1394 28 31 1 0
1778 1325 28 31 1 0
2056 1270 28 31 1 0
2205 1084 28 31 1 0
2238 1200 28 31 1 0
1310 1557 28 31 1 0
976 1011 33 32 1 0
690 485 25 19 1 0
426 1197 33 32 1 0
1013 613 25 19 1 0
20 643 25 19 1 0
640 1549 33 32 1 0
113 345 25 19 1 0
226 857 33 32 1 0
660 270 25 19 1 0
1267 341 27 22 1 0
675 463 25 19 1 0
1196 1022 33 32 1 0
832 648 25 19 1 0
714 957 33 32 1 0
697 844 33 32 1 0
613 849 33 32 1 0
682 408 25 19 1 0
571 415 25 19 1 0
1424 858 28 31 1 0
1892 1487 28 31 1 0
1028 456 25 19 1 0
791 340 25 19 1 0
985 1506 33 32 1 0
2396 249 30 26 1 0
96 488 25 19 1 0
131 436 25 19 1 0
2 241 25 19 1 0
1370 325 30 26 1 0
1110 1632 33 32 1 0
262 1660 33 32 1 0
2371 995 28 31 1 0
1757 1275 28 31 1 0
1016 1234 33 32 1 0
316 426 25 19 1 0
1643 25 30 26 1 0
1408 467 30 26 1 0
2289 288 30 26 1 0
425 927 33 32 1 0
468 231 25 19 1 0
889 1124 33 32 1 0
2120 1156 28 31 1 0
2547 405 30 26 1 0
239 267 25 19 1 0
1863 1188 28 31 1 0
296 550 25 19 1 0
1338 940 28 31 1 0
565 1352 33 32 1 0
1333 272 30 26 1 0
2204 1165 28 31 1 0
945 1223 33 32 1 0
637 1368 33 32 1 0
984 847 33 32 1 0
2459 1259 28 31 1 0
748 1050 33 32 1 0
1290 1231 28 31 1 0
1308 1424 28 31 1 0
2257 1145 28 31 1 0
954 541 25 19 1 0
415 1379 33 32 1 0
1643 150 30 26 1 0
1384 1536 28 31 1 0
496 326 25 19 1 0
1795 1424 28 31 1 0
1511 811 28 31 1 0
1189 1170 33 32 1 0
1422 294 30 26 1 0
54 1492 33 32 1 0
1889 1166 28 31 1 0
895 415 25 19 1 0
2187 1302 28 31 1 0
1221 1120 33 32 1 0
1620 278 30 26 1 0
1394 252 30 26 1 0
41 1176 33 32 1 0
1036 298 25 19 1 0
848 268 25 19 1 0
764 660 25 19 1 0
308 1694 33 32 1 0
1404 713 30 26 1 0
996 547 25 19 1 0
684 689 25 19 1 0
925 556 25 19 1 0
223 738 25 19 1 0
249 1308 33 32 1 0
1344 502 30 26 1 0
149 1190 33 32 1 0
2411 167 30 26 1 0
695 1096 33 32 1 0
865 374 25 19 1 0
99 1131 33 32 1 0
640 391 25 19 1 0
2518 246 30 26 1 0
1416 1084 28 31 1 0
126 1121 33 32 1 0
123 529 25 19 1 0
292 617 25 19 1 0
190 1031 33 32 1 0
2375 305 30 26 1 0
1008 422 25 19 1 0
1524 629 30 26 1 0
700 385 25 19 1 0
256 1596 33 32 1 0
817 1233 33 32 1 0
442 710 25 19 1 0
246 1255 33 32 1 0
1874 1692 28 31 1 0
1715 353 30 26 1 0
173 742 25 19 1 0
1087 892 33 32 1 0
1100 337 25 19 1 0
184 944 33 32 1 0
620 1204 33 32 1 0
1349 752 30 26 1 0
152 799 33 32 1 0
273 484 25 19 1 0
1087 317 25 19 1 0
321 449 25 19 1 0
746 1159 33 32 1 0
343 1624 33 32 1 0
478 1435 33 32 1 0
876 681 25 19 1 0
1703 1406 28 31 1 0
2273 1291 28 31 1 0
1195 492 25 19 1 0
238 1206 33 32 1 0
1199 1347 33 32 1 0
774 272 25 19 1 0
1440 1476 28 31 1 0
230 203 25 19 1 0
1749 815 28 31 1 0
323 1517 33 32 1 0
1007 577 25 19 1 0
1392 937 28 31 1 0
256 1109 33 32 1 0
2503 119 30 26 1 0
2371 209 30 26 1 0
1551 1186 28 31 1 0
13 1131 33 32 1 0
1462 998 28 31 1 0
525 1239 33 32 1 0
1984 1619 28 31 1 0
1749 1697 28 31 1 0
107 945 33 32 1 0
1225 362 25 19 1 0
376 963 33 32 1 0
1524 1121 28 31 1 0
134 1584 33 32 1 0
330 709 25 19 1 0
1998 1688 28 31 1 0
15 207 25 19 1 0
1569 678 30 26 1 0
1330 875 28 31 1 0
1772 77 30 26 1 0
754 1491 33 32 1 0
97 775 33 32 1 0
1402 796 29 27 1 0
1031 1074 33 32 1 0
2133 477 30 26 1 0
1489 262 30 26 1 0
888 737 25 19 1 0
793 1583 33 32 1 0
418 317 25 19 1 0
1668 1215 28 31 1 0
1372 146 30 26 1 0
2460 86 30 26 1 0
620 1679 33 32 1 0
402 1416 33 32 1 0
202 1153 33 32 1 0
2377 152 30 26 1 0
1355 983 28 31 1 0
2481 971 28 31 1 0
803 413 25 19 1 0
1390 451 30 26 1 0
626 655 25 19 1 0
564 343 25 19 1 0
1739 1317 28 31 1 0
1397 1454 28 31 1 0
159 940 33 32 1 0
1028 886 33 32 1 0
1408 405 30 26 1 0
627 361 25 19 1 0
1082 1544 33 32 1 0
322 1331 33 32 1 0
2046 1347 28 31 1 0
1308 428 30 26 1 0
213 824 33 32 1 0
997 281 25 19 1 0
1102 427 25 19 1 0
467 375 25 19 1 0
2464 423 30 26 1 0
1363 704 30 26 1 0
275 1086 33 32 1 0
26 702 25 19 1 0
1424 504 30 26 1 0
354 1138 33 32 1 0
1547 251 30 26 1 0
1170 610 25 19 1 0
221 474 25 19 1 0
179 396 25 19 1 0
116 599 25 19 1 0
1179 577 25 19 1 0
1241 1175 33 32 1 0
272 273 25 19 1 0
531 503 25 19 1 0
794 483 25 19 1 0
1503 540 30 26 1 0
613 809 33 32 1 0
764 949 33 32 1 0
545 1022 33 32 1 0
360 701 25 19 1 0
1394 655 30 26 1 0
714 342 25 19 1 0
121 257 25 19 1 0
1715 138 30 26 1 0
137 228 25 19 1 0
304 1592 33 32 1 0
218 1045 33 32 1 0
410 274 25 19 1 0
715 1204 33 32 1 0
275 1036 33 32 1 0
937 805 33 32 1 0
1826 1350 28 31 1 0
534 891 33 32 1 0
379 821 33 32 1 0
1135 299 25 19 1 0
2514 440 30 26 1 0
441 666 25 19 1 0
1220 944 33 32 1 0
2536 1097 28 31 1 0
2421 1098 28 31 1 0
48 518 25 19 1 0
1655 102 30 26 1 0
718 1304 33 32 1 0
979 1705 33 32 1 0
70 552 25 19 1 0
320 170 25 19 1 0
1016 1318 33 32 1 0
1176 1124 33 32 1 0
73 446 25 19 1 0
1675 211 30 26 1 0
404 1573 33 32 1 0
2128 1618 28 31 1 0
653 1522 33 32 1 0
152 670 25 19 1 0
575 951 33 32 1 0
1052 1688 33 32 1 0
1470 111 30 26 1 0
222 979 33 32 1 0
1514 399 30 26 1 0
970 591 25 19 1 0
1376 1014 28 31 1 0
980 441 25 19 1 0
20 1679 33 32 1 0
2534 349 30 26 1 0
1441 214 30 26 1 0
2449 368 30 26 1 0
189 277 25 19 1 0
2370 346 30 26 1 0
75 741 25 19 1 0
1263 561 28 24 1 0
481 856 33 32 1 0
1061 611 25 19 1 0
135 844 33 32 1 0
2303 407 30 26 1 0
1061 1346 33 32 1 0
383 869 33 32 1 0
1171 863 33 32 1 0
1238 730 25 19 1 0
1300 1513 28 31 1 0
1148 872 33 32 1 0
552 815 33 32 1 0
164 1135 33 32 1 0
152 192 25 19 1 0
1581 291 30 26 1 0
216 1455 33 32 1 0
368 1281 33 32 1 0
466 738 25 19 1 0
551 630 25 19 1 0
1117 1296 33 32 1 0
65 1597 33 32 1 0
1055 367 25 19 1 0
951 722 25 19 1 0
1332 626 30 26 1 0
503 374 25 19 1 0
1369 1425 28 31 1 0
356 1571 33 32 1 0
362 396 25 19 1 0
102 1524 33 32 1 0
1136 1378 33 32 1 0
730 665 25 19 1 0
540 219 25 19 1 0
1451 1420 28 31 1 0
1178 1619 33 32 1 0
749 1386 33 32 1 0
1136 826 33 32 1 0
272 436 25 19 1 0
837 1653 33 32 1 0
1388 500 30 26 1 0
945 1459 33 32 1 0
254 1437 33 32 1 0
1670 388 30 26 1 0
553 1372 33 32 1 0
1469 1192 28 31 1 0
1251 527 25 19 1 0
672 641 25 19 1 0
232 451 25 19 1 0
13 829 33 32 1 0
2144 1118 28 31 1 0
15 1293 33 32 1 0
85 1411 33 32 1 0
907 949 33 32 1 0
1300 327 30 26 1 0
2089 1693 28 31 1 0
179 1235 33 32 1 0
1018 913 33 32 1 0
304 1122 33 32 1 0
467 467 25 19 1 0
442 1252 33 32 1 0
311 483 25 19 1 0
2505 956 28 31 1 0
2379 1432 28 31 1 0
241 919 33 32 1 0
507 601 25 19 1 0
1010 327 25 19 1 0
1108 455 25 19 1 0
1041 1181 33 32 1 0
345 273 25 19 1 0
67 1005 33 32 1 0
145 557 25 19 1 0
484 506 25 19 1 0
941 945 33 32 1 0
1873 76 30 26 1 0
480 1631 33 32 1 0
1313 1169 28 31 1 0
30 1483 33 32 1 0
1270 418 27 22 1 0
2507 504 30 26 1 0
1979 1434 28 31 1 0
578 679 25 19 1 0
908 1576 33 32 1 0
1858 1412 28 31 1 0
319 1205 33 32 1 0
1344 236 30 26 1 0
553 759 31 28 1 0
2086 1671 28 31 1 0
9 1255 33 32 1 0
1596 403 30 26 1 0
1391 115 30 26 1 0
1199 765 29 25 1 0
628 488 25 19 1 0
597 773 29 25 1 0
131 909 33 32 1 0
1545 208 30 26 1 0
1120 1445 33 32 1 0
1399 224 30 26 1 0
172 335 25 19 1 0
1365 1287 28 31 1 0
1061 1000 33 32 1 0
2200 1251 28 31 1 0
1355 1323 28 31 1 0
822 1025 33 32 1 0
1544 1421 28 31 1 0
193 1328 33 32 1 0
1436 1680 28 31 1 0
527 1342 33 32 1 0
1033 526 25 19 1 0
407 1612 33 32 1 0
1275 1122 29 31 1 0
752 590 25 19 1 0
824 1159 33 32 1 0
7 1226 33 32 1 0
1102 553 25 19 1 0
2052 1672 28 31 1 0
82 1050 33 32 1 0
467 914 33 32 1 0
549 1066 33 32 1 0
1767 13 30 26 1 0
1292 1013 28 31 1 0
1795 1193 28 31 1 0
981 818 33 32 1 0
597 209 25 19 1 0
1878 1206 28 31 1 0
1367 1078 28 31 1 0
272 329 25 19 1 0
2364 97 30 26 1 0
917 665 25 19 1 0
1081 293 25 19 1 0
388 1124 33 32 1 0
506 954 33 32 1 0
868 1166 33 32 1 0
1164 688 25 19 1 0
1293 1203 28 31 1 0
112 1248 33 32 1 0
733 251 25 19 1 0
1199 1505 33 32 1 0
1366 916 28 31 1 0
1762 1214 28 31 1 0
1755 1501 28 31 1 0
994 499 25 19 1 0
956 689 25 19 1 0
1382 84 30 26 1 0
994 1173 33 32 1 0
2102 1331 28 31 1 0
928 1015 33 32 1 0
692 600 25 19 1 0
1465 326 30 26 1 0
910 342 25 19 1 0
1732 50 30 26 1 0
1050 1120 33 32 1 0
107 1679 33 32 1 0
1040 314 25 19 1 0
1586 1666 28 31 1 0
507 483 25 19 1 0
659 496 25 19 1 0
1476 1289 28 31 1 0
210 930 33 32 1 0
924 865 33 32 1 0
1077 858 33 32 1 0
294 1442 33 32 1 0
1218 666 25 19 1 0
1467 457 30 26 1 0
1704 742 30 26 1 0
478 419 25 19 1 0
559 381 25 19 1 0
2552 956 28 31 1 0
477 1574 33 32 1 0
1233 841 33 32 1 0
1092 771 31 28 1 0
1153 508 25 19 1 0
1197 384 25 19 1 0
16 456 25 19 1 0
760 410 25 19 1 0
2340 1195 28 31 1 0
1488 134 30 26 1 0
750 1655 33 32 1 0
2212 1531 28 31 1 0
1110 854 33 32 1 0
745 1529 33 32 1 0
328 358 25 19 1 0
1505 195 30 26 1 0
2277 1069 28 31 1 0
1427 1414 28 31 1 0
845 499 25 19 1 0
1118 873 33 32 1 0
1189 430 25 19 1 0
796 662 25 19 1 0
2544 133 30 26 1 0
1952 1182 28 31 1 0
1828 1281 28 31 1 0
445 1221 33 32 1 0
342 1255 33 32 1 0
768 514 25 19 1 0
43 323 25 19 1 0
1372 357 30 26 1 0
1490 1389 28 31 1 0
131 885 33 32 1 0
1500 1325 28 31 1 0
64 930 33 32 1 0
18 181 25 19 1 0
