159 301 11 13 1 0
391 69 8 10 1 0
443 298 11 13 1 0
62 98 8 10 1 0
112 61 7 9 1 0
229 288 11 13 1 0
218 106 8 10 1 0
558 67 7 9 1 0
25 139 8 10 1 0
111 280 11 13 1 0
506 171 8 10 1 0
372 383 11 13 1 0
344 181 8 10 1 0
212 81 8 10 1 0
116 30 7 9 1 0
26 294 11 13 1 0
117 37 7 9 1 0
544 93 8 10 1 0
409 274 11 13 1 0
250 69 8 10 1 0
397 45 7 9 1 0
584 223 10 12 1 0
459 84 8 10 1 0
279 22 7 9 1 0
431 30 7 9 1 0
22 58 7 9 1 0
339 214 11 13 1 0
169 95 8 10 1 0
549 61 7 9 1 0
468 9 7 9 1 0
302 86 8 10 1 0
451 107 8 10 1 0
204 194 8 10 1 0
111 7 7 9 1 0
254 3 7 9 1 0
592 294 11 13 1 0
548 329 11 13 1 0
119 4 7 9 1 0
23 247 11 13 1 0
565 2 7 9 1 0
521 5 7 9 1 0
43 106 8 10 1 0
459 277 11 13 1 0
149 137 8 10 1 0
2 46 7 9 1 0
490 6 7 9 1 0
341 42 7 9 1 0
162 282 11 13 1 0
72 37 7 9 1 0
450 198 10 12 1 0
331 393 11 13 1 0
579 33 7 9 1 0
291 0 7 9 1 0
143 191 8 10 1 0
71 234 11 13 1 0
237 54 7 9 1 0
60 3 7 9 1 0
362 136 8 10 1 0
239 115 8 10 1 0
377 16 7 9 1 0
36 149 8 10 1 0
277 147 8 10 1 0
386 170 8 10 1 0
119 133 8 10 1 0
521 26 7 9 1 0
533 48 7 9 1 0
583 70 7 9 1 0
282 378 11 13 1 0
417 27 7 9 1 0
100 227 11 13 1 0
191 117 8 10 1 0
492 36 7 9 1 0
202 117 8 10 1 0
89 7 7 9 1 0
205 20 7 9 1 0
259 281 11 13 1 0
282 15 7 9 1 0
431 275 11 13 1 0
388 393 11 13 1 0
281 193 8 10 1 0
24 228 11 13 1 0
510 122 8 10 1 0
486 99 8 10 1 0
302 210 11 13 1 0
17 360 11 13 1 0
434 326 11 13 1 0
474 24 7 9 1 0
186 12 7 9 1 0
559 77 8 10 1 0
142 3 7 9 1 0
153 312 11 13 1 0
195 19 7 9 1 0
526 211 11 13 1 0
504 385 11 13 1 0
537 52 7 9 1 0
221 13 7 9 1 0
80 15 7 9 1 0
456 32 7 9 1 0
513 23 7 9 1 0
338 268 11 13 1 0
146 93 8 10 1 0
19 327 11 13 1 0
588 211 9 11 1 0
168 357 11 13 1 0
307 297 11 13 1 0
388 148 8 10 1 0
481 26 7 9 1 0
532 18 7 9 1 0
450 220 11 13 1 0
107 160 8 10 1 0
54 16 7 9 1 0
272 317 11 13 1 0
440 38 7 9 1 0
478 174 8 10 1 0
308 263 11 13 1 0
76 27 7 9 1 0
341 313 11 13 1 0
529 36 7 9 1 0
144 23 7 9 1 0
57 383 11 13 1 0
186 35 7 9 1 0
264 384 11 13 1 0
188 105 8 10 1 0
35 10 7 9 1 0
490 262 11 13 1 0
165 102 8 10 1 0
420 230 11 13 1 0
214 291 11 13 1 0
234 275 11 13 1 0
256 61 7 9 1 0
533 263 11 13 1 0
103 81 8 10 1 0
195 264 11 13 1 0
289 72 8 10 1 0
353 59 7 9 1 0
563 48 7 9 1 0
281 92 8 10 1 0
182 68 8 10 1 0
100 43 7 9 1 0
472 219 11 13 1 0
53 29 7 9 1 0
159 30 7 9 1 0
550 162 8 10 1 0
10 51 7 9 1 0
67 252 11 13 1 0
569 63 7 9 1 0
384 28 7 9 1 0
519 54 7 9 1 0
272 58 7 9 1 0
248 118 8 10 1 0
528 242 11 13 1 0
500 248 11 13 1 0
82 95 8 10 1 0
561 12 7 9 1 0
280 7 7 9 1 0
10 24 7 9 1 0
303 4 7 9 1 0
402 327 11 13 1 0
135 375 11 13 1 0
305 47 7 9 1 0
17 260 11 13 1 0
0 102 8 10 1 0
470 260 11 13 1 0
274 301 11 13 1 0
35 89 8 10 1 0
240 44 7 9 1 0
508 2 7 9 1 0
301 75 8 10 1 0
419 90 8 10 1 0
452 16 7 9 1 0
565 219 11 13 1 0
371 29 7 9 1 0
591 56 7 9 1 0
351 191 8 10 1 0
518 44 7 9 1 0
544 116 8 10 1 0
53 11 7 9 1 0
126 22 7 9 1 0
450 7 7 9 1 0
556 178 8 10 1 0
110 310 11 13 1 0
590 17 7 9 1 0
204 152 8 10 1 0
11 8 7 9 1 0
512 100 8 10 1 0
7 230 11 13 1 0
203 132 8 10 1 0
584 392 11 13 1 0
427 51 7 9 1 0
34 383 11 13 1 0
505 88 8 10 1 0
25 308 11 13 1 0
328 26 7 9 1 0
39 138 8 10 1 0
183 352 11 13 1 0
194 137 8 10 1 0
422 286 11 13 1 0
93 218 11 13 1 0
504 26 7 9 1 0
560 207 11 13 1 0
508 336 11 13 1 0
459 57 7 9 1 0
363 343 11 13 1 0
357 2 7 9 1 0
255 261 11 13 1 0
376 77 8 10 1 0
110 318 11 13 1 0
8 256 11 13 1 0
218 353 11 13 1 0
9 206 11 13 1 0
354 32 7 9 1 0
344 95 8 10 1 0
274 170 8 10 1 0
471 56 7 9 1 0
589 48 7 9 1 0
184 393 11 13 1 0
424 355 11 13 1 0
363 170 8 10 1 0
422 39 7 9 1 0
2 68 7 9 1 0
590 187 9 11 1 0
178 239 11 13 1 0
25 274 11 13 1 0
480 114 8 10 1 0
221 268 11 13 1 0
224 144 8 10 1 0
144 341 11 13 1 0
505 48 7 9 1 0
563 112 8 10 1 0
213 62 7 9 1 0
367 119 8 10 1 0
76 260 11 13 1 0
161 14 7 9 1 0
276 342 11 13 1 0
272 125 8 10 1 0
59 51 7 9 1 0
475 343 11 13 1 0
335 36 7 9 1 0
565 326 11 13 1 0
369 3 7 9 1 0
347 109 8 10 1 0
54 88 8 10 1 0
109 380 11 13 1 0
94 65 7 9 1 0
528 58 7 9 1 0
108 347 11 13 1 0
241 8 7 9 1 0
410 90 8 10 1 0
238 333 11 13 1 0
53 82 8 10 1 0
574 282 11 13 1 0
331 199 8 10 1 0
549 54 7 9 1 0
41 77 8 10 1 0
543 39 7 9 1 0
101 105 8 10 1 0
83 329 11 13 1 0
205 43 7 9 1 0
282 32 7 9 1 0
117 187 8 10 1 0
15 392 11 13 1 0
93 274 11 13 1 0
325 103 8 10 1 0
459 24 7 9 1 0
515 130 8 10 1 0
484 290 11 13 1 0
209 315 11 13 1 0
236 23 7 9 1 0
139 161 8 10 1 0
406 205 11 13 1 0
290 41 7 9 1 0
28 21 7 9 1 0
451 84 8 10 1 0
320 46 7 9 1 0
64 11 7 9 1 0
159 371 11 13 1 0
283 163 8 10 1 0
196 37 7 9 1 0
539 151 8 10 1 0
82 207 11 13 1 0
334 357 11 13 1 0
589 81 7 9 1 0
51 325 11 13 1 0
202 203 11 13 1 0
329 36 7 9 1 0
215 302 11 13 1 0
251 137 8 10 1 0
159 5 7 9 1 0
228 293 11 13 1 0
525 202 11 13 1 0
252 38 7 9 1 0
285 267 11 13 1 0
279 78 8 10 1 0
341 125 8 10 1 0
167 20 7 9 1 0
71 322 11 13 1 0
157 41 7 9 1 0
251 393 11 13 1 0
152 190 8 10 1 0
333 250 11 13 1 0
28 336 11 13 1 0
252 49 7 9 1 0
432 78 8 10 1 0
570 176 8 10 1 0
141 357 11 13 1 0
107 57 7 9 1 0
132 145 8 10 1 0
587 253 11 13 1 0
344 200 8 10 1 0
589 375 11 13 1 0
219 128 8 10 1 0
39 278 11 13 1 0
377 83 8 10 1 0
252 92 8 10 1 0
122 16 7 9 1 0
210 32 7 9 1 0
227 61 7 9 1 0
60 27 7 9 1 0
289 328 11 13 1 0
102 145 8 10 1 0
221 93 8 10 1 0
90 25 7 9 1 0
177 25 7 9 1 0
306 24 7 9 1 0
593 173 8 10 1 0
573 380 11 13 1 0
442 49 7 9 1 0
35 4 7 9 1 0
468 72 8 10 1 0
225 23 7 9 1 0
120 26 7 9 1 0
338 112 8 10 1 0
270 361 11 13 1 0
449 46 7 9 1 0
139 117 8 10 1 0
386 20 7 9 1 0
290 30 7 9 1 0
397 27 7 9 1 0
167 243 11 13 1 0
349 86 8 10 1 0
546 199 9 11 1 0
308 279 11 13 1 0
256 121 8 10 1 0
551 6 7 9 1 0
187 140 8 10 1 0
321 238 11 13 1 0
39 18 7 9 1 0
343 9 7 9 1 0
515 74 8 10 1 0
216 23 7 9 1 0
364 21 7 9 1 0
136 387 11 13 1 0
116 89 8 10 1 0
558 243 11 13 1 0
531 190 8 10 1 0
258 77 8 10 1 0
164 135 8 10 1 0
219 80 8 10 1 0
504 15 7 9 1 0
380 36 7 9 1 0
233 107 8 10 1 0
554 386 11 13 1 0
271 141 8 10 1 0
334 334 11 13 1 0
77 60 7 9 1 0
468 291 11 13 1 0
200 365 11 13 1 0
136 84 8 10 1 0
176 15 7 9 1 0
467 110 8 10 1 0
388 5 7 9 1 0
536 6 7 9 1 0
380 333 11 13 1 0
397 14 7 9 1 0
88 261 11 13 1 0
335 60 7 9 1 0
272 209 11 13 1 0
533 104 8 10 1 0
226 123 8 10 1 0
168 76 8 10 1 0
304 66 7 9 1 0
405 67 7 9 1 0
518 76 8 10 1 0
43 36 7 9 1 0
540 170 8 10 1 0
43 255 11 13 1 0
244 100 8 10 1 0
132 34 7 9 1 0
373 59 7 9 1 0
503 133 8 10 1 0
190 318 11 13 1 0
284 2 7 9 1 0
222 174 8 10 1 0
271 117 8 10 1 0
344 19 7 9 1 0
502 291 11 13 1 0
147 45 7 9 1 0
373 173 8 10 1 0
215 88 8 10 1 0
261 28 7 9 1 0
38 190 8 10 1 0
92 34 7 9 1 0
224 316 11 13 1 0
291 151 8 10 1 0
356 109 8 10 1 0
319 12 7 9 1 0
1 5 7 9 1 0
321 93 8 10 1 0
514 54 7 9 1 0
237 65 7 9 1 0
574 170 8 10 1 0
330 381 11 13 1 0
536 126 8 10 1 0
126 267 11 13 1 0
306 243 11 13 1 0
208 118 8 10 1 0
326 4 7 9 1 0
572 49 7 9 1 0
364 46 7 9 1 0
265 67 7 9 1 0
383 89 8 10 1 0
49 54 7 9 1 0
2 122 8 10 1 0
71 284 11 13 1 0
168 258 11 13 1 0
191 372 11 13 1 0
36 246 11 13 1 0
287 23 7 9 1 0
97 184 8 10 1 0
251 165 8 10 1 0
520 70 8 10 1 0
153 272 11 13 1 0
272 39 7 9 1 0
201 353 11 13 1 0
530 284 11 13 1 0
55 69 8 10 1 0
144 35 7 9 1 0
183 54 7 9 1 0
224 41 7 9 1 0
226 376 11 13 1 0
319 59 7 9 1 0
581 52 7 9 1 0
589 11 7 9 1 0
234 321 11 13 1 0
469 202 11 13 1 0
412 255 11 13 1 0
410 9 7 9 1 0
205 86 8 10 1 0
509 155 8 10 1 0
57 338 11 13 1 0
123 361 11 13 1 0
157 129 8 10 1 0
335 23 7 9 1 0
262 56 7 9 1 0
518 140 8 10 1 0
232 164 8 10 1 0
317 104 8 10 1 0
290 61 7 9 1 0
579 266 11 13 1 0
8 87 8 10 1 0
314 195 8 10 1 0
194 309 11 13 1 0
550 255 11 13 1 0
196 274 11 13 1 0
318 269 11 13 1 0
113 69 8 10 1 0
351 161 8 10 1 0
35 393 11 13 1 0
360 86 8 10 1 0
60 218 11 13 1 0
91 322 11 13 1 0
364 301 11 13 1 0
93 363 11 13 1 0
545 59 7 9 1 0
217 115 8 10 1 0
45 361 11 13 1 0
559 25 7 9 1 0
362 156 8 10 1 0
16 376 11 13 1 0
477 116 8 10 1 0
578 188 9 11 1 0
147 85 8 10 1 0
284 391 11 13 1 0
48 18 7 9 1 0
447 63 7 9 1 0
198 393 11 13 1 0
80 42 7 9 1 0
433 207 11 13 1 0
477 60 7 9 1 0
138 294 11 13 1 0
159 22 7 9 1 0
488 180 8 10 1 0
450 289 11 13 1 0
481 14 7 9 1 0
587 146 8 10 1 0
548 24 7 9 1 0
486 51 7 9 1 0
175 1 7 9 1 0
82 360 11 13 1 0
260 3 7 9 1 0
247 33 7 9 1 0
292 274 11 13 1 0
556 41 7 9 1 0
543 3 7 9 1 0
251 147 8 10 1 0
321 38 7 9 1 0
398 102 8 10 1 0
53 303 11 13 1 0
301 322 11 13 1 0
489 350 11 13 1 0
542 9 7 9 1 0
123 123 8 10 1 0
231 9 7 9 1 0
363 190 8 10 1 0
171 27 7 9 1 0
225 279 11 13 1 0
584 89 7 9 1 0
291 139 8 10 1 0
550 288 11 13 1 0
151 256 11 13 1 0
529 146 8 10 1 0
209 280 11 13 1 0
470 98 8 10 1 0
123 303 11 13 1 0
545 170 8 10 1 0
63 39 7 9 1 0
429 197 11 13 1 0
27 106 8 10 1 0
156 176 8 10 1 0
437 67 7 9 1 0
490 205 11 13 1 0
45 67 7 9 1 0
590 109 7 9 1 0
237 174 8 10 1 0
71 353 11 13 1 0
312 34 7 9 1 0
175 48 7 9 1 0
456 39 7 9 1 0
251 111 8 10 1 0
44 90 8 10 1 0
265 22 7 9 1 0
358 76 8 10 1 0
137 29 7 9 1 0
124 40 7 9 1 0
528 170 8 10 1 0
528 223 11 13 1 0
18 109 8 10 1 0
403 351 11 13 1 0
530 30 7 9 1 0
217 367 11 13 1 0
405 316 11 13 1 0
321 70 8 10 1 0
565 300 11 13 1 0
217 139 8 10 1 0
398 382 11 13 1 0
270 2 7 9 1 0
499 117 8 10 1 0
33 126 8 10 1 0
190 288 11 13 1 0
307 390 11 13 1 0
147 376 11 13 1 0
35 19 7 9 1 0
234 87 8 10 1 0
307 102 8 10 1 0
285 113 8 10 1 0
552 154 8 10 1 0
453 10 7 9 1 0
191 343 11 13 1 0
364 63 7 9 1 0
124 177 8 10 1 0
483 129 8 10 1 0
509 54 7 9 1 0
150 116 8 10 1 0
201 289 11 13 1 0
177 184 8 10 1 0
126 32 7 9 1 0
273 30 7 9 1 0
348 50 7 9 1 0
