37 766 13 16 1 0
686 353 10 12 1 0
1265 423 8 10 1 0
794 368 10 12 1 0
1150 377 8 10 1 0
428 241 11 16 1 0
2 277 3 3 1 0
514 559 11 14 1 0
1112 415 8 10 1 0
110 503 11 14 1 0
645 279 11 13 1 0
898 426 8 13 1 0
191 250 11 16 1 0
1112 436 8 12 1 0
349 264 11 16 1 0
1257 300 8 12 1 0
108 320 10 11 1 0
436 365 11 13 1 0
224 248 11 16 1 0
380 507 11 14 1 0
504 548 11 14 1 0
155 498 11 14 1 0
15 277 6 5 1 0
259 248 11 16 1 0
476 320 10 11 1 0
629 336 10 12 1 0
273 436 8 10 1 0
151 556 11 14 1 0
1139 352 8 10 1 0
89 244 11 16 1 0
254 338 10 11 1 0
138 464 11 14 1 0
833 362 10 12 1 0
1085 504 8 12 1 0
227 265 11 16 1 0
407 445 8 10 1 0
464 264 11 16 1 0
273 512 11 14 1 0
167 287 10 11 1 0
1209 447 8 12 1 0
413 294 10 11 1 0
1191 310 8 12 1 0
310 533 11 14 1 0
177 515 11 14 1 0
571 298 11 13 1 0
626 309 11 13 1 0
74 273 11 16 1 0
434 550 11 14 1 0
546 509 11 14 1 0
406 265 11 16 1 0
139 450 11 14 1 0
385 413 11 13 1 0
402 467 11 14 1 0
69 492 11 14 1 0
238 274 11 16 1 0
817 398 8 13 1 0
172 484 11 14 1 0
374 304 10 11 1 0
151 199 11 16 1 0
355 420 11 13 1 0
40 244 6 5 1 0
323 363 11 13 1 0
418 524 11 14 1 0
365 356 11 13 1 0
1044 481 8 12 1 0
424 505 11 14 1 0
532 371 11 13 1 0
1126 449 8 12 1 0
661 417 8 13 1 0
1171 433 8 10 1 0
430 419 11 13 1 0
837 346 10 12 1 0
934 429 8 13 1 0
168 200 11 16 1 0
1288 392 8 10 1 0
142 249 11 16 1 0
548 229 11 13 1 0
894 364 10 12 1 0
1250 278 8 12 1 0
360 458 11 14 1 0
232 511 11 14 1 0
308 254 11 16 1 0
548 284 11 13 1 0
868 367 10 12 1 0
202 272 11 16 1 0
1064 434 8 10 1 0
554 472 11 14 1 0
393 566 14 17 1 0
221 315 10 11 1 0
945 502 8 13 1 0
839 417 8 13 1 0
779 356 10 12 1 0
952 382 10 12 1 0
40 553 11 14 1 0
616 276 11 13 1 0
419 491 11 14 1 0
1090 374 8 10 1 0
685 433 8 13 1 0
179 554 11 14 1 0
608 308 11 13 1 0
480 355 11 13 1 0
1239 313 8 12 1 0
471 482 11 14 1 0
134 205 11 16 1 0
964 493 8 13 1 0
116 551 11 14 1 0
26 345 10 11 1 0
107 188 11 16 1 0
580 343 6 5 1 0
670 399 8 13 1 0
802 598 12 15 1 0
454 304 10 11 1 0
970 356 10 12 1 0
600 478 8 13 1 0
255 543 11 14 1 0
1215 382 8 10 1 0
455 250 11 16 1 0
556 255 11 13 1 0
140 273 11 16 1 0
499 390 11 13 1 0
87 453 11 14 1 0
235 375 11 13 1 0
355 291 10 11 1 0
126 334 10 11 1 0
32 494 11 14 1 0
101 520 11 14 1 0
553 348 11 13 1 0
72 204 11 16 1 0
441 475 11 14 1 0
1168 414 8 10 1 0
189 195 11 16 1 0
390 331 10 11 1 0
154 517 11 14 1 0
591 407 8 13 1 0
1162 475 8 12 1 0
836 464 8 13 1 0
995 414 7 7 1 0
414 314 10 11 1 0
344 256 11 16 1 0
206 558 11 14 1 0
231 477 11 14 1 0
275 550 11 14 1 0
277 379 11 13 1 0
1198 411 8 10 1 0
212 502 11 14 1 0
113 473 11 14 1 0
699 461 8 13 1 0
173 346 10 11 1 0
63 347 10 11 1 0
28 223 6 5 1 0
1003 432 7 7 1 0
407 388 11 13 1 0
353 379 11 13 1 0
474 562 14 17 1 0
612 407 8 13 1 0
489 261 11 16 1 0
345 411 11 13 1 0
70 508 11 14 1 0
766 396 8 13 1 0
227 290 10 11 1 0
298 370 11 13 1 0
215 271 11 16 1 0
329 322 10 11 1 0
154 260 11 16 1 0
302 321 10 11 1 0
460 283 11 13 1 0
599 276 11 13 1 0
86 563 11 14 1 0
1196 355 8 10 1 0
853 459 8 13 1 0
535 280 11 16 1 0
167 323 10 11 1 0
295 434 8 10 1 0
607 349 6 5 1 0
119 187 11 16 1 0
1092 414 8 10 1 0
923 476 8 13 1 0
457 341 10 11 1 0
475 276 11 16 1 0
722 370 10 12 1 0
625 279 11 13 1 0
621 371 10 12 1 0
356 514 11 14 1 0
147 342 10 11 1 0
556 442 8 13 1 0
803 343 10 12 1 0
162 303 10 11 1 0
1236 450 8 12 1 0
11 308 6 5 1 0
260 488 11 14 1 0
349 439 8 10 1 0
746 379 10 12 1 0
503 495 11 14 1 0
369 421 11 13 1 0
796 493 8 13 1 0
273 334 10 11 1 0
383 355 11 13 1 0
1069 479 8 12 1 0
226 487 11 14 1 0
591 507 8 13 1 0
68 304 10 11 1 0
781 495 8 13 1 0
421 273 11 16 1 0
179 338 10 11 1 0
855 426 8 13 1 0
639 412 8 13 1 0
249 558 11 14 1 0
366 255 11 16 1 0
454 406 11 13 1 0
590 301 11 13 1 0
466 593 19 24 1 0
674 316 11 13 1 0
6 518 7 7 1 0
625 495 8 13 1 0
148 300 10 11 1 0
287 460 11 14 1 0
748 302 11 13 1 0
973 413 8 13 1 0
1253 348 6 5 1 0
503 224 11 16 1 0
926 364 10 12 1 0
231 344 10 11 1 0
1256 388 8 10 1 0
456 534 11 14 1 0
323 256 11 16 1 0
9 367 6 5 1 0
253 305 10 11 1 0
156 277 11 16 1 0
296 259 11 16 1 0
532 228 11 16 1 0
355 349 11 13 1 0
1059 296 8 12 1 0
133 308 10 11 1 0
241 466 11 14 1 0
780 400 8 13 1 0
899 472 8 13 1 0
286 244 11 16 1 0
144 290 10 11 1 0
1220 270 8 12 1 0
154 314 10 11 1 0
1256 523 8 12 1 0
883 441 8 13 1 0
511 338 10 11 1 0
131 324 10 11 1 0
120 309 10 11 1 0
343 485 11 14 1 0
1098 360 8 10 1 0
652 499 8 13 1 0
586 486 8 13 1 0
989 382 10 12 1 0
1149 418 8 10 1 0
1134 473 8 12 1 0
849 386 10 12 1 0
196 342 10 11 1 0
224 304 10 11 1 0
1175 469 8 12 1 0
1062 414 8 10 1 0
145 323 10 11 1 0
717 307 11 13 1 0
381 542 11 14 1 0
