842 141 27 38 1 1
1157 528 78 85 1 0
642 493 78 85 1 0
713 520 78 85 2 0
1067 283 53 54 1 1
392 247 27 38 1 1
984 295 53 54 1 1
481 370 53 54 1 1
1103 335 53 54 1 1
580 210 27 38 1 1
392 176 27 38 1 1
477 159 27 38 1 1
31 710 97 128 1 0
1082 591 78 85 1 0
1148 383 53 54 1 1
685 543 78 85 2 0
1225 217 27 38 1 1
55 468 73 103 1 0
803 700 97 128 1 0
468 650 97 128 1 1
829 262 53 54 1 1
899 456 78 85 1 1
801 244 27 38 1 1
775 548 78 85 1 0
1112 185 27 38 1 1
1196 643 97 128 1 0
1080 682 97 128 1 0
309 542 73 103 1 1
1080 237 27 38 1 1
626 224 27 38 1 1
492 222 27 38 1 1
527 440 78 85 1 1
724 238 27 38 1 1
313 318 53 54 1 1
591 684 97 128 1 0
1237 314 53 54 1 1
733 118 27 38 1 1
1026 474 78 85 1 1
710 447 78 85 1 0
885 703 97 128 1 0
890 302 53 54 1 1
217 358 53 54 1 1
910 211 27 38 1 1
421 703 97 128 1 1
355 184 27 38 1 1
371 516 54 81 1 0
890 543 78 85 1 0
1041 311 53 54 1 1
973 191 27 38 1 1
754 199 27 38 1 1
714 185 27 38 1 1
122 173 27 38 1 1
