519 419 57 79 1 0
472 458 57 79 1 0
523 534 57 79 1 1
446 211 40 51 1 0
413 461 57 79 1 0
632 308 12 13 1 1
658 308 12 13 1 1
374 386 46 56 1 0
345 294 15 18 1 1
601 427 57 79 1 0
282 436 57 79 1 0
519 279 12 13 1 1
556 469 57 79 1 0
339 443 57 79 1 0
641 461 57 79 1 0
657 417 57 79 1 0
563 327 12 13 1 1
377 424 57 79 1 0
706 496 57 79 1 0
684 390 28 41 1 0
148 442 57 79 1 0
308 315 15 18 1 1
414 287 15 18 1 1
598 303 12 13 1 1
680 288 12 13 1 1
705 394 28 41 1 0
40 430 57 79 1 0
595 328 12 13 1 1
196 411 26 33 1 0
628 409 28 41 1 0
