1395 672 22 31 1 0
1394 473 12 8 1 0
1085 533 15 17 1 0
993 493 12 8 1 0
421 434 12 8 1 0
1551 1122 50 53 1 0
768 398 7 4 1 0
816 450 12 8 1 0
1186 480 12 8 1 0
279 664 22 31 1 0
866 436 12 8 1 0
1101 423 7 4 1 0
1311 452 12 8 1 0
1645 490 13 12 1 0
882 814 38 37 1 0
153 823 38 37 1 0
1203 451 12 8 1 0
1498 493 12 8 1 0
1348 913 46 52 1 0
857 510 15 17 2 0
1516 472 12 8 1 0
328 808 38 37 1 0
1154 432 12 8 1 0
983 534 15 17 2 0
1424 501 15 17 2 0
269 467 12 8 1 0
1498 675 22 31 1 0
1106 495 12 8 1 0
1443 503 15 17 2 0
1169 451 12 8 1 0
1391 456 12 8 1 0
901 476 12 8 1 0
322 684 22 31 1 0
1318 459 12 8 1 0
1555 516 15 17 2 0
764 504 15 17 1 0
908 843 38 37 1 0
76 509 15 17 1 0
1326 464 12 8 1 0
1417 533 15 17 1 0
1438 505 15 17 2 0
772 480 12 8 1 0
1196 445 12 8 1 0
1442 514 15 17 2 0
869 418 7 4 1 0
67 465 12 8 1 0
1299 578 15 17 1 0
1233 462 12 8 1 0
1026 520 15 17 1 0
1060 529 15 17 2 0
765 619 22 31 1 0
153 460 12 8 1 0
1147 488 12 8 1 0
8 642 18 24 2 0
1285 427 12 8 1 0
1310 475 12 8 1 0
1478 502 15 17 2 0
1414 446 12 8 1 0
875 424 7 4 1 0
227 490 12 8 1 0
46 454 12 8 1 0
547 629 22 31 1 0
756 410 7 4 1 0
785 490 12 8 1 0
1154 406 7 4 1 0
1574 491 12 8 1 0
1111 474 12 8 1 0
1066 408 7 4 1 0
997 600 15 17 1 0
333 443 12 8 1 0
1382 473 12 8 1 0
106 465 12 8 1 0
784 406 7 4 1 0
908 514 15 17 1 0
857 475 12 8 1 0
1114 572 15 17 1 0
1248 436 12 8 1 0
1138 420 7 4 1 0
67 501 13 12 1 0
1131 503 15 17 1 0
1367 588 15 17 1 0
826 445 12 8 1 0
1477 512 15 17 2 0
1425 450 12 8 1 0
1284 629 22 31 1 0
1504 468 12 8 2 0
1393 487 12 8 1 0
1498 505 15 17 2 0
67 530 15 17 1 0
783 448 12 8 1 0
1673 495 15 17 2 0
217 558 15 17 1 0
1367 449 12 8 1 0
1452 488 12 8 1 0
1429 470 12 8 2 0
1686 515 15 17 2 0
1250 424 10 7 1 0
751 402 7 4 1 0
718 664 22 31 1 0
351 460 12 8 1 0
1640 484 12 10 2 0
1 647 18 24 2 0
1468 468 12 8 1 0
1535 506 15 17 2 0
677 516 15 17 1 0
1458 485 12 8 1 0
971 504 15 17 1 0
1003 463 12 8 1 0
1504 502 15 17 2 0
1448 467 12 8 1 0
1415 482 12 8 1 0
371 587 15 17 1 0
964 432 12 8 1 0
694 655 22 31 1 0
1523 632 22 31 1 0
1526 517 15 17 2 0
296 443 12 8 1 0
1278 554 15 17 1 0
640 615 22 31 1 0
1478 482 12 8 1 0
1392 933 54 59 1 0
520 426 7 4 1 0
125 498 12 8 1 0
8 485 12 10 1 0
712 576 15 17 1 0
998 481 12 8 1 0
1382 526 15 17 1 0
1606 488 12 8 1 0
233 515 15 17 1 0
1063 585 15 17 1 0
639 441 12 8 1 0
1193 484 12 8 1 0
1415 457 12 8 1 0
856 479 12 8 1 0
176 441 12 8 1 0
399 448 12 8 1 0
1444 445 12 8 1 0
1048 500 12 8 1 0
1053 473 12 8 1 0
805 407 7 4 1 0
1524 489 12 8 1 0
179 922 54 59 1 0
1126 460 12 8 1 0
1388 478 12 8 1 0
797 510 15 17 2 0
1010 617 22 31 1 0
1091 482 12 8 1 0
139 462 12 8 1 0
960 485 12 8 1 0
560 891 38 37 1 0
1121 496 12 8 1 0
126 465 12 8 1 0
894 589 15 17 1 0
1063 687 22 31 1 0
1389 473 12 8 1 0
1361 486 12 8 1 0
1084 510 15 17 1 0
1243 519 15 17 1 0
1176 432 12 8 1 0
258 427 12 8 1 0
273 460 12 8 1 0
1486 475 12 8 1 0
1097 501 15 17 1 0
1449 508 15 17 2 0
1550 553 15 17 1 0
1531 488 12 8 1 0
1516 516 15 17 2 0
722 532 15 17 1 0
1226 485 12 8 1 0
1305 623 22 31 1 0
1396 623 22 31 1 0
252 538 15 17 1 0
1467 506 15 17 2 0
490 417 7 4 1 0
1391 516 15 17 2 0
1163 479 12 8 1 0
1313 512 15 17 1 0
1603 501 15 17 1 0
1134 454 12 8 1 0
907 725 22 31 1 0
1291 495 12 8 1 0
1430 519 15 17 1 0
938 458 12 8 1 0
392 604 15 17 1 0
955 475 12 8 1 0
391 443 12 8 1 0
1570 485 12 8 1 0
1339 493 12 8 1 0
1042 420 7 4 1 0
854 485 12 8 1 0
1432 469 12 8 2 0
741 446 12 8 1 0
133 444 12 8 1 0
874 469 12 8 1 0
386 424 7 4 1 0
678 550 15 17 2 0
862 396 7 4 1 0
34 426 12 8 1 0
622 617 22 31 1 0
727 395 7 4 1 0
785 502 15 17 2 0
169 462 12 8 1 0
438 494 12 8 1 0
1007 481 12 8 1 0
922 501 15 17 2 0
1590 509 15 17 2 0
1353 461 12 8 2 0
914 580 15 17 1 0
785 431 12 8 1 0
852 463 12 8 1 0
1321 509 15 17 1 0
674 965 54 59 1 0
1023 455 12 8 1 0
1114 476 12 8 1 0
1204 413 7 4 1 0
137 675 22 31 1 0
1433 496 12 8 1 0
1210 440 12 8 1 0
1193 559 15 17 1 0
1690 647 16 20 1 0
1363 516 15 17 1 0
743 428 12 8 1 0
682 748 22 31 1 0
778 410 7 4 1 0
1298 467 12 8 1 0
203 1122 50 53 1 0
1511 477 12 8 2 0
1574 483 12 8 1 0
1266 440 12 8 1 0
1156 484 12 8 1 0
937 446 12 8 1 0
799 1008 54 59 1 0
1472 498 12 8 1 0
409 497 12 8 1 0
1304 658 22 31 1 0
1022 505 15 17 1 0
831 497 12 8 1 0
332 459 12 8 1 0
907 452 12 8 1 0
1101 436 12 8 1 0
1508 490 12 8 1 0
903 469 12 8 1 0
1642 550 15 17 1 0
545 419 7 4 1 0
744 715 22 31 1 0
614 428 12 8 1 0
1401 511 15 17 2 0
1292 553 15 17 1 0
1111 437 12 8 1 0
837 467 12 8 1 0
1634 482 12 10 2 0
1463 479 12 8 1 0
806 814 38 37 1 0
786 509 15 17 2 0
699 508 15 17 1 0
1045 438 12 8 1 0
1126 469 12 8 1 0
938 472 12 8 1 0
1073 441 12 8 1 0
784 544 15 17 1 0
1458 448 12 8 1 0
431 726 22 31 1 0
865 444 12 8 1 0
696 460 12 8 1 0
757 511 15 17 2 0
1543 512 15 17 2 0
16 807 30 34 1 0
1204 486 12 8 1 0
1312 465 12 8 2 0
211 843 38 37 1 0
422 496 12 8 1 0
1177 460 12 8 1 0
1338 608 15 17 1 0
1387 506 15 17 1 0
963 805 38 37 1 0
504 660 22 31 1 0
1410 491 12 8 1 0
337 570 15 17 1 0
795 542 15 17 1 0
801 477 12 8 1 0
1470 492 12 8 1 0
1464 537 15 17 1 0
873 402 7 4 1 0
1546 478 12 8 1 0
857 413 7 4 1 0
1063 533 15 17 2 0
77 623 22 31 1 0
1286 498 12 8 1 0
887 461 12 8 1 0
876 400 7 4 1 0
893 456 12 8 1 0
864 427 7 4 1 0
859 427 7 4 1 0
379 680 22 31 1 0
205 649 22 31 1 0
337 468 12 8 1 0
1529 475 12 8 1 0
1503 480 12 8 1 0
887 472 12 8 1 0
1190 452 12 8 1 0
1486 647 22 31 1 0
103 520 15 17 1 0
1266 516 15 17 1 0
1020 490 12 8 1 0
1183 458 12 8 1 0
966 632 22 31 1 0
181 702 22 31 1 0
329 433 12 8 1 0
1512 594 15 17 1 0
708 417 7 4 1 0
1496 452 12 8 1 0
1058 603 15 17 1 0
380 472 12 8 1 0
816 427 7 4 1 0
1476 508 15 17 2 0
1614 486 12 8 1 0
1426 482 12 8 1 0
1276 515 15 17 2 0
1041 493 12 8 1 0
1155 636 22 31 1 0
934 462 12 8 1 0
910 470 12 8 1 0
832 552 15 17 2 0
170 445 12 8 1 0
859 469 12 8 2 0
1143 468 12 8 1 0
1199 439 12 8 1 0
1296 518 15 17 2 0
636 697 22 31 1 0
1258 535 15 17 1 0
1069 493 12 8 1 0
1312 481 12 8 1 0
1086 412 7 4 1 0
1551 527 15 17 1 0
1323 473 12 8 2 0
844 518 15 17 1 0
1693 724 24 29 1 0
1676 481 13 12 1 0
268 446 12 8 1 0
90 544 15 17 1 0
1221 701 22 31 1 0
1541 471 12 8 1 0
611 767 22 31 1 0
1358 463 12 8 1 0
861 464 12 8 1 0
928 470 12 8 1 0
762 546 15 17 1 0
1456 455 12 8 1 0
1246 531 15 17 1 0
44 437 12 8 1 0
1503 475 12 8 1 0
736 442 12 8 1 0
973 423 7 4 1 0
1081 422 7 4 1 0
1306 465 12 8 1 0
505 415 7 4 1 0
1106 539 15 17 1 0
1503 455 12 8 1 0
1422 514 15 17 2 0
176 611 15 17 1 0
1012 454 12 8 1 0
1499 511 15 17 2 0
857 937 54 59 1 0
920 701 22 31 1 0
1402 520 15 17 2 0
1433 447 12 8 1 0
1061 426 7 4 1 0
1398 455 12 8 1 0
1084 663 22 31 1 0
1411 439 12 8 1 0
1292 512 15 17 2 0
775 433 12 8 1 0
1409 456 12 8 1 0
495 424 7 4 1 0
1481 449 12 8 1 0
1554 616 22 31 1 0
203 477 12 8 1 0
1236 482 12 8 1 0
1082 816 38 37 1 0
672 399 7 4 1 0
932 467 12 8 1 0
646 397 7 4 1 0
764 754 22 31 1 0
687 503 15 17 2 0
1496 474 12 8 1 0
1641 539 15 17 2 0
1275 545 15 17 2 0
845 671 22 31 1 0
159 496 12 8 1 0
1571 454 12 8 1 0
1022 892 38 37 1 0
160 486 12 8 1 0
715 501 15 17 1 0
160 507 15 17 1 0
1491 731 22 31 1 0
1186 688 22 31 1 0
835 527 15 17 1 0
964 441 12 8 1 0
712 466 12 8 1 0
1068 450 12 8 1 0
1326 524 15 17 1 0
1109 916 42 42 1 0
1075 513 15 17 1 0
905 454 12 8 1 0
97 702 22 31 1 0
922 619 22 31 1 0
1547 496 12 8 1 0
1014 439 12 8 1 0
174 506 15 17 1 0
703 471 12 8 1 0
1443 483 12 8 1 0
1348 1103 54 59 1 0
357 539 15 17 2 0
1415 510 15 17 2 0
1344 491 12 8 1 0
62 539 15 17 1 0
792 495 12 8 1 0
860 473 12 8 1 0
507 539 15 17 1 0
73 570 15 17 1 0
178 453 12 8 1 0
140 496 12 8 1 0
676 483 12 8 1 0
751 526 15 17 1 0
1372 439 12 8 1 0
1562 491 12 8 1 0
1521 500 12 8 1 0
865 440 12 8 1 0
989 520 15 17 1 0
758 572 15 17 1 0
1454 477 12 8 1 0
830 464 12 8 1 0
1383 516 15 17 2 0
930 432 12 8 1 0
1291 501 15 17 2 0
1507 506 15 17 2 0
1331 457 12 8 1 0
973 661 22 31 1 0
1040 670 22 31 1 0
1647 527 15 17 2 0
1569 492 12 8 1 0
1062 462 12 8 1 0
1641 569 15 17 2 0
1529 481 12 8 1 0
1125 510 15 17 1 0
1001 534 15 17 1 0
874 1017 54 59 1 0
764 417 7 4 1 0
1196 729 22 31 1 0
712 539 15 17 1 0
724 549 15 17 1 0
824 413 7 4 1 0
1493 594 15 17 1 0
1359 467 12 8 1 0
862 409 7 4 1 0
1442 460 12 8 1 0
1070 506 15 17 1 0
1652 515 15 17 1 0
1637 528 15 17 1 0
460 408 7 4 1 0
1129 475 12 8 1 0
954 418 7 4 1 0
1319 473 12 8 2 0
1122 421 7 4 1 0
1087 401 7 4 1 0
1408 506 15 17 2 0
1612 509 15 17 1 0
1483 499 12 8 2 0
1130 486 12 8 1 0
664 472 12 8 1 0
1214 452 12 8 1 0
1480 492 12 8 1 0
635 736 22 31 1 0
1040 508 15 17 1 0
1113 503 15 17 1 0
1227 478 12 8 1 0
791 480 12 8 1 0
1164 467 12 8 1 0
1012 646 22 31 1 0
858 397 7 4 1 0
1610 498 12 8 1 0
1099 474 12 8 1 0
389 479 12 8 1 0
992 445 12 8 1 0
15 506 14 14 1 0
1528 503 15 17 2 0
1177 422 7 4 1 0
122 600 15 17 1 0
278 449 12 8 1 0
775 510 15 17 2 0
419 467 12 8 1 0
1399 495 12 8 1 0
1533 457 12 8 1 0
856 507 15 17 2 0
1037 462 12 8 1 0
1238 428 12 8 1 0
967 541 15 17 1 0
1137 442 12 8 1 0
1398 534 15 17 2 0
1075 546 15 17 1 0
1007 504 15 17 1 0
1532 551 15 17 1 0
1284 523 15 17 1 0
326 517 15 17 1 0
852 403 7 4 1 0
1059 547 15 17 1 0
1378 467 12 8 1 0
1437 440 12 8 2 0
1333 574 15 17 1 0
1503 525 15 17 2 0
47 499 13 12 1 0
211 438 12 8 1 0
56 433 12 8 1 0
763 706 22 31 1 0
824 488 12 8 1 0
768 448 12 8 1 0
673 487 12 8 1 0
1009 429 12 8 1 0
1002 416 7 4 1 0
1286 491 12 8 1 0
1224 505 15 17 2 0
758 453 12 8 1 0
815 650 22 31 1 0
1143 455 12 8 1 0
1316 442 12 8 1 0
657 589 15 17 1 0
1466 452 12 8 1 0
869 509 15 17 2 0
1534 534 15 17 1 0
858 452 12 8 1 0
852 471 12 8 1 0
1438 484 12 8 1 0
1302 519 15 17 2 0
248 590 15 17 1 0
756 435 12 8 1 0
1167 432 12 8 1 0
737 588 15 17 1 0
1513 492 12 8 1 0
1579 516 15 17 2 0
868 408 7 4 1 0
765 458 12 8 1 0
1323 735 22 31 1 0
1088 431 12 8 1 0
1118 451 12 8 1 0
916 530 15 17 1 0
1023 483 12 8 1 0
768 489 12 8 1 0
924 597 15 17 1 0
1574 471 12 8 1 0
1129 709 22 31 1 0
103 623 22 31 1 0
1342 459 12 8 1 0
1444 491 12 8 1 0
1231 502 15 17 2 0
1532 504 15 17 2 0
855 422 7 4 1 0
863 460 12 8 1 0
1152 470 12 8 1 0
1266 527 15 17 2 0
697 431 12 8 1 0
1258 444 12 8 1 0
702 444 12 8 1 0
1537 501 15 17 2 0
792 474 12 8 1 0
795 466 12 8 1 0
200 465 12 8 1 0
805 1110 54 59 1 0
356 580 15 17 1 0
1229 429 12 8 1 0
926 509 15 17 2 0
1115 486 12 8 1 0
1420 444 12 8 1 0
1462 455 12 8 1 0
302 551 15 17 1 0
808 466 12 8 1 0
1316 471 12 8 1 0
1278 441 12 8 1 0
47 425 12 8 1 0
1509 480 12 8 1 0
1079 403 7 4 1 0
1522 495 12 8 1 0
1617 660 22 31 1 0
1231 477 12 8 1 0
1542 484 12 8 2 0
950 559 15 17 1 0
1529 495 12 8 1 0
998 456 12 8 1 0
323 438 12 8 1 0
873 443 12 8 1 0
864 403 7 4 1 0
1184 492 12 8 1 0
1020 581 15 17 1 0
575 942 54 59 1 0
388 458 12 8 1 0
360 422 7 4 1 0
135 648 22 31 1 0
1523 512 15 17 2 0
756 478 12 8 1 0
150 611 15 17 1 0
627 411 7 4 1 0
1327 621 22 31 1 0
678 493 12 8 1 0
753 648 22 31 1 0
319 549 15 17 2 0
1588 739 22 31 1 0
870 404 7 4 1 0
779 534 15 17 1 0
1280 508 15 17 2 0
728 431 12 8 1 0
1298 483 12 8 1 0
1306 460 12 8 1 0
1092 444 12 8 1 0
837 480 12 8 1 0
1513 505 15 17 2 0
829 457 12 8 1 0
709 594 15 17 1 0
854 458 12 8 1 0
47 665 22 31 1 0
1543 450 12 8 1 0
1230 438 12 8 1 0
1628 692 22 31 1 0
1458 465 12 8 1 0
1672 549 15 17 1 0
623 655 22 31 1 0
1299 599 15 17 1 0
865 501 15 17 1 0
747 994 54 59 1 0
688 486 12 8 1 0
1381 439 12 8 1 0
448 512 15 17 1 0
1146 479 12 8 1 0
980 553 15 17 1 0
940 576 15 17 1 0
1455 503 15 17 2 0
902 442 12 8 1 0
809 489 12 8 1 0
1654 550 15 17 1 0
862 480 12 8 1 0
374 539 15 17 1 0
1516 457 12 8 1 0
1114 442 12 8 1 0
1193 410 7 4 1 0
1077 528 15 17 2 0
1639 483 12 10 2 0
1178 781 38 37 1 0
862 418 7 4 1 0
478 628 22 31 1 0
1004 489 12 8 1 0
1032 453 12 8 1 0
1258 560 15 17 1 0
1409 483 12 8 1 0
1621 486 12 8 1 0
1233 454 12 8 1 0
1341 467 12 8 1 0
869 429 12 8 1 0
1291 488 12 8 1 0
1254 523 15 17 2 0
56 612 18 24 1 0
1178 448 12 8 1 0
1340 501 15 17 1 0
1550 491 12 8 1 0
853 417 7 4 1 0
831 611 15 17 1 0
853 449 12 8 1 0
116 555 15 17 1 0
211 618 22 31 1 0
303 570 15 17 1 0
1511 500 12 8 2 0
1342 453 12 8 1 0
736 570 15 17 1 0
899 450 12 8 1 0
853 433 12 8 1 0
1438 468 12 8 1 0
227 436 12 8 1 0
219 672 22 31 1 0
662 787 38 37 1 0
1305 484 12 8 1 0
1335 642 22 31 1 0
386 628 22 31 1 0
895 415 7 4 1 0
1658 535 15 17 2 0
1638 542 15 17 2 0
958 681 22 31 1 0
1425 506 15 17 2 0
1391 526 15 17 2 0
860 440 12 8 1 0
480 650 22 31 1 0
806 421 7 4 1 0
912 445 12 8 1 0
651 499 12 8 1 0
993 559 15 17 1 0
1178 479 12 8 1 0
189 742 22 31 1 0
1271 523 15 17 2 0
1535 491 12 8 1 0
1000 516 15 17 1 0
1387 536 15 17 1 0
880 478 12 8 1 0
1502 492 12 8 1 0
109 580 15 17 1 0
655 403 7 4 1 0
1482 485 12 8 1 0
1539 485 12 8 2 0
1062 509 15 17 1 0
1397 1007 54 59 1 0
1086 450 12 8 1 0
914 676 22 31 1 0
1378 451 12 8 1 0
853 499 12 8 1 0
1239 446 12 8 1 0
649 576 15 17 1 0
37 733 22 31 1 0
1207 432 12 8 1 0
595 1117 54 59 1 0
1154 671 22 31 1 0
126 478 12 8 1 0
236 1015 54 59 1 0
245 563 15 17 1 0
1554 503 15 17 2 0
904 462 12 8 1 0
1096 460 12 8 1 0
1454 507 15 17 2 0
1126 963 54 59 1 0
1308 684 22 31 1 0
411 423 7 4 1 0
1134 492 12 8 1 0
1346 497 12 8 1 0
1234 422 7 4 1 0
206 597 15 17 1 0
450 437 12 8 1 0
456 446 12 8 1 0
1633 461 12 8 1 0
875 410 7 4 1 0
1645 520 15 17 2 0
1565 499 12 8 1 0
736 536 15 17 1 0
1531 497 12 8 2 0
1470 599 15 17 1 0
1093 513 15 17 2 0
1257 429 12 8 1 0
1023 436 12 8 1 0
1088 417 7 4 1 0
751 855 38 37 1 0
1030 620 22 31 1 0
1218 443 12 8 1 0
294 941 54 59 1 0
1634 515 15 17 1 0
1643 562 15 17 2 0
24 469 12 10 1 0
9 464 12 10 1 0
106 809 38 37 1 0
855 429 12 8 1 0
1440 453 12 8 1 0
1106 468 12 8 1 0
750 420 7 4 1 0
1543 538 15 17 2 0
584 698 22 31 1 0
33 523 14 14 1 0
858 403 7 4 1 0
1349 524 15 17 1 0
1359 604 15 17 1 0
769 422 7 4 1 0
1434 440 12 8 2 0
727 405 7 4 1 0
434 428 12 8 1 0
218 529 15 17 1 0
1434 623 22 31 1 0
887 434 12 8 1 0
1509 467 12 8 2 0
1105 442 12 8 1 0
333 553 15 17 1 0
1475 460 12 8 1 0
1571 477 12 8 1 0
1241 477 12 8 1 0
437 464 12 8 1 0
883 422 7 4 1 0
1151 424 7 4 1 0
869 459 12 8 1 0
272 732 22 31 1 0
84 446 12 8 1 0
856 468 12 8 2 0
1106 461 12 8 1 0
1097 433 12 8 1 0
258 439 12 8 1 0
1515 512 15 17 2 0
500 725 22 31 1 0
1506 512 15 17 2 0
1538 509 15 17 2 0
1448 584 15 17 1 0
648 426 7 4 1 0
1104 483 12 8 1 0
1656 493 14 14 1 0
952 430 12 8 1 0
673 835 38 37 1 0
1364 468 12 8 1 0
646 674 22 31 1 0
434 433 12 8 1 0
1485 456 12 8 2 0
1065 447 12 8 1 0
1536 480 12 8 1 0
1499 499 12 8 1 0
285 440 12 8 1 0
1057 500 12 8 1 0
1005 439 12 8 1 0
1490 503 15 17 2 0
864 469 12 8 1 0
1319 498 12 8 1 0
917 485 12 8 1 0
508 866 38 37 1 0
1559 516 15 17 2 0
1467 520 15 17 1 0
1512 461 12 8 1 0
825 410 7 4 1 0
294 634 22 31 1 0
1418 497 12 8 1 0
737 520 15 17 1 0
1287 462 12 8 1 0
867 403 7 4 1 0
1519 483 12 8 1 0
865 451 12 8 1 0
1143 431 12 8 1 0
899 427 7 4 1 0
9 672 22 31 1 0
1507 462 12 8 1 0
736 405 7 4 1 0
930 502 15 17 2 0
1382 470 12 8 1 0
871 485 12 8 1 0
881 517 15 17 2 0
1513 488 12 8 1 0
1051 508 15 17 1 0
768 474 12 8 1 0
1321 457 12 8 1 0
734 451 12 8 1 0
1421 475 12 8 1 0
861 414 7 4 1 0
140 538 15 17 1 0
1029 494 12 8 1 0
369 430 12 8 1 0
194 426 12 8 1 0
1458 475 12 8 1 0
1431 460 12 8 1 0
194 571 15 17 1 0
1528 498 12 8 2 0
417 826 38 37 1 0
988 539 15 17 2 0
97 463 12 8 1 0
796 503 15 17 2 0
121 528 15 17 1 0
256 435 12 8 1 0
1371 466 12 8 1 0
884 406 7 4 1 0
1620 851 38 37 1 0
1525 478 12 8 1 0
1304 491 12 8 1 0
455 428 12 8 1 0
441 454 12 8 1 0
847 473 12 8 1 0
1688 506 15 17 2 0
1639 501 15 17 1 0
12 523 14 14 1 0
855 399 7 4 1 0
1031 482 12 8 1 0
677 546 15 17 2 0
1212 760 22 31 1 0
1599 953 54 59 1 0
476 825 38 37 1 0
714 451 12 8 1 0
1348 449 12 8 1 0
408 765 22 31 1 0
1461 771 22 31 1 0
777 517 15 17 2 0
1514 500 12 8 2 0
1540 499 12 8 1 0
863 519 15 17 1 0
522 425 7 4 1 0
757 467 12 8 1 0
1212 509 15 17 1 0
810 766 22 31 1 0
927 488 12 8 1 0
455 472 12 8 1 0
1406 533 15 17 2 0
1402 446 12 8 1 0
264 558 15 17 1 0
811 497 12 8 1 0
909 538 15 17 1 0
1537 455 12 8 1 0
611 628 22 31 1 0
1350 461 12 8 2 0
246 443 12 8 1 0
1471 663 22 31 1 0
1290 923 54 59 1 0
730 417 7 4 1 0
808 477 12 8 1 0
1540 544 15 17 2 0
1148 472 12 8 1 0
986 412 7 4 1 0
1322 431 12 8 1 0
1115 748 22 31 1 0
1487 466 12 8 1 0
520 436 12 8 1 0
349 539 15 17 2 0
1013 748 22 31 1 0
1167 435 12 8 1 0
1300 479 12 8 1 0
1507 500 12 8 2 0
1336 509 15 17 1 0
1441 508 15 17 2 0
1500 460 12 8 1 0
731 506 15 17 1 0
1683 621 16 20 1 0
1154 464 12 8 1 0
1115 413 7 4 1 0
1581 509 15 17 2 0
1497 489 12 8 1 0
84 767 22 31 1 0
1541 518 15 17 2 0
82 728 22 31 1 0
1198 471 12 8 1 0
1056 451 12 8 1 0
472 413 7 4 1 0
970 445 12 8 1 0
79 592 15 17 1 0
1427 439 12 8 1 0
1523 485 12 8 1 0
1518 576 15 17 1 0
1094 494 12 8 1 0
1069 434 12 8 1 0
7 441 12 10 1 0
1306 479 12 8 1 0
1336 437 12 8 1 0
1284 607 15 17 1 0
48 476 12 8 1 0
205 525 15 17 1 0
358 551 15 17 1 0
1003 569 15 17 2 0
809 399 7 4 1 0
1492 495 12 8 1 0
1550 513 15 17 2 0
1592 502 15 17 2 0
673 422 7 4 1 0
172 539 15 17 1 0
175 474 12 8 1 0
1330 432 12 8 1 0
1529 509 15 17 2 0
873 433 12 8 1 0
907 457 12 8 1 0
1471 482 12 8 1 0
231 449 12 8 1 0
1434 510 15 17 2 0
868 397 7 4 1 0
1007 565 15 17 2 0
941 486 12 8 1 0
136 709 22 31 1 0
918 431 12 8 1 0
1192 426 7 4 1 0
824 462 12 8 1 0
1413 519 15 17 2 0
338 596 15 17 1 0
795 396 7 4 1 0
1550 502 15 17 2 0
141 510 15 17 1 0
502 515 15 17 1 0
483 735 22 31 1 0
1327 475 12 8 1 0
1562 508 15 17 2 0
1318 481 12 8 1 0
859 496 12 8 1 0
199 549 15 17 1 0
559 400 7 4 1 0
1240 508 15 17 1 0
1519 492 12 8 1 0
1067 488 12 8 1 0
471 462 12 8 1 0
1444 721 22 31 1 0
859 462 12 8 1 0
1138 407 7 4 1 0
1198 504 15 17 1 0
320 541 15 17 2 0
20 433 12 10 1 0
1511 525 15 17 2 0
297 785 38 37 1 0
688 510 15 17 2 0
1482 457 12 8 2 0
833 401 7 4 1 0
1163 414 7 4 1 0
592 399 7 4 1 0
196 624 22 31 1 0
24 643 18 24 1 0
1197 459 12 8 1 0
1518 685 22 31 1 0
1104 434 12 8 1 0
1410 497 12 8 1 0
861 401 7 4 1 0
877 511 15 17 2 0
30 433 12 8 1 0
1121 1116 54 59 1 0
1524 462 12 8 1 0
1283 660 22 31 1 0
1421 491 12 8 1 0
851 478 12 8 1 0
855 409 7 4 1 0
876 500 12 8 1 0
195 437 12 8 1 0
909 447 12 8 1 0
1293 427 12 8 1 0
1014 829 38 37 1 0
989 583 15 17 1 0
1251 522 15 17 2 0
1599 492 12 8 1 0
1016 482 12 8 1 0
1386 448 12 8 2 0
653 486 12 8 1 0
1171 465 12 8 1 0
974 435 12 8 1 0
754 501 15 17 2 0
1229 446 12 8 1 0
894 463 12 8 1 0
1566 455 12 8 1 0
149 572 15 17 1 0
835 542 15 17 1 0
1038 476 12 8 1 0
990 422 7 4 1 0
746 467 12 8 1 0
1429 444 12 8 1 0
913 456 12 8 1 0
90 524 15 17 1 0
935 550 15 17 1 0
1487 499 12 8 2 0
1491 627 22 31 1 0
1654 578 15 17 1 0
1031 465 12 8 1 0
70 656 22 31 1 0
779 573 15 17 1 0
1185 434 12 8 1 0
1519 467 12 8 1 0
946 466 12 8 1 0
318 497 12 8 1 0
1100 480 12 8 1 0
1154 476 12 8 1 0
751 508 15 17 2 0
616 399 7 4 1 0
1430 530 15 17 1 0
691 523 15 17 1 0
1541 493 12 8 1 0
1123 482 12 8 1 0
1449 460 12 8 1 0
701 493 12 8 1 0
929 444 12 8 1 0
863 454 12 8 1 0
986 564 15 17 1 0
212 571 15 17 1 0
1592 492 12 8 1 0
1080 577 15 17 1 0
824 554 15 17 2 0
695 408 7 4 1 0
1545 454 12 8 1 0
1518 505 15 17 2 0
910 415 7 4 1 0
1476 619 22 31 1 0
719 411 7 4 1 0
1350 489 12 8 1 0
875 461 12 8 1 0
489 584 15 17 1 0
1073 625 22 31 1 0
1491 454 12 8 1 0
1408 450 12 8 1 0
1179 439 12 8 1 0
1423 458 12 8 1 0
923 452 12 8 1 0
1511 453 12 8 1 0
761 426 7 4 1 0
1132 438 12 8 1 0
706 553 15 17 1 0
726 439 12 8 1 0
1525 469 12 8 1 0
80 434 12 8 1 0
526 407 7 4 1 0
1015 466 12 8 1 0
681 403 7 4 1 0
1390 438 12 8 1 0
837 434 12 8 1 0
297 735 22 31 1 0
758 405 7 4 1 0
844 723 22 31 1 0
1490 511 15 17 2 0
1402 449 12 8 1 0
1332 473 12 8 1 0
1260 437 12 8 1 0
662 477 12 8 1 0
1045 410 7 4 1 0
1263 422 12 8 1 0
1476 530 15 17 1 0
1092 465 12 8 1 0
347 442 12 8 1 0
1075 535 15 17 2 0
908 437 12 8 1 0
1390 448 12 8 2 0
1011 533 15 17 1 0
1512 512 15 17 2 0
1465 500 12 8 1 0
1139 741 22 31 1 0
754 423 7 4 1 0
58 505 14 14 1 0
681 455 12 8 1 0
775 503 15 17 2 0
1596 603 15 17 1 0
204 494 12 8 1 0
192 528 15 17 1 0
1457 709 22 31 1 0
468 483 12 8 1 0
1430 487 12 8 1 0
1421 437 12 8 1 0
1337 473 12 8 1 0
144 485 12 8 1 0
216 461 12 8 1 0
1499 516 15 17 2 0
1161 445 12 8 1 0
1550 508 15 17 2 0
36 508 14 14 1 0
1117 458 12 8 1 0
716 439 12 8 1 0
802 412 7 4 1 0
1268 542 15 17 2 0
871 588 15 17 1 0
1037 411 7 4 1 0
1479 579 15 17 1 0
1480 472 12 8 1 0
42 1046 42 42 1 0
974 577 15 17 1 0
1185 445 12 8 1 0
1547 484 12 8 1 0
1508 487 12 8 1 0
676 506 15 17 1 0
285 479 12 8 1 0
1540 634 22 31 1 0
775 458 12 8 1 0
1587 496 12 8 1 0
870 410 7 4 1 0
716 407 7 4 1 0
1175 410 7 4 1 0
1412 476 12 8 1 0
505 596 15 17 1 0
192 449 12 8 1 0
1334 467 12 8 1 0
1052 465 12 8 1 0
482 463 12 8 1 0
862 434 12 8 1 0
1106 609 15 17 1 0
1377 649 22 31 1 0
939 1032 54 59 1 0
1104 584 15 17 1 0
309 620 22 31 1 0
1487 490 12 8 1 0
860 447 12 8 1 0
1545 488 12 8 1 0
208 511 15 17 1 0
1236 493 12 8 1 0
1125 408 7 4 1 0
986 507 15 17 1 0
875 451 12 8 1 0
959 449 12 8 1 0
804 462 12 8 1 0
498 489 12 8 1 0
1302 455 12 8 1 0
630 481 12 8 1 0
1560 497 12 8 1 0
1103 555 15 17 1 0
124 442 12 8 1 0
1070 520 15 17 1 0
397 423 7 4 1 0
1493 482 12 8 1 0
800 465 12 8 1 0
1500 485 12 8 1 0
1353 431 12 8 1 0
1511 538 15 17 1 0
795 445 12 8 1 0
943 599 15 17 1 0
974 957 54 59 1 0
1544 502 15 17 2 0
799 429 12 8 1 0
922 444 12 8 1 0
1072 486 12 8 1 0
1086 493 12 8 1 0
965 595 15 17 1 0
1188 415 7 4 1 0
1678 493 15 17 2 0
1653 539 15 17 2 0
1515 477 12 8 2 0
884 486 12 8 1 0
1257 516 15 17 2 0
745 475 12 8 1 0
607 415 7 4 1 0
431 1081 54 59 1 0
1102 457 12 8 1 0
1654 468 12 10 1 0
855 443 12 8 1 0
834 423 7 4 1 0
1312 463 12 8 2 0
1570 530 15 17 1 0
698 410 7 4 1 0
999 429 12 8 1 0
1059 479 12 8 1 0
805 508 15 17 2 0
1306 429 12 8 1 0
1541 698 22 31 1 0
642 419 7 4 1 0
528 670 22 31 1 0
141 444 12 8 1 0
879 435 12 8 1 0
94 493 12 8 1 0
1507 468 12 8 2 0
856 438 12 8 1 0
436 414 7 4 1 0
1083 460 12 8 1 0
157 522 15 17 1 0
1171 417 7 4 1 0
1094 522 15 17 2 0
841 596 15 17 1 0
1581 501 15 17 2 0
706 518 15 17 1 0
1439 501 15 17 2 0
1024 472 12 8 1 0
1076 473 12 8 1 0
795 412 7 4 1 0
1628 484 12 8 1 0
1129 413 7 4 1 0
732 437 12 8 1 0
950 439 12 8 1 0
