567 491 72 70 1 0
68 34 40 34 1 1
291 179 34 30 1 1
591 207 34 30 1 1
205 359 58 51 1 1
30 317 58 51 1 1
371 284 48 49 1 1
258 147 40 34 1 1
602 382 58 51 1 1
196 137 40 34 1 1
351 195 34 30 1 1
363 358 58 51 1 1
916 170 34 30 1 1
42 174 34 30 1 1
493 305 48 49 1 1
502 95 40 34 1 1
446 232 48 49 1 1
504 233 48 49 1 1
142 367 58 51 1 1
239 361 58 51 1 1
400 241 48 49 1 1
738 348 58 51 1 1
799 161 34 30 1 1
906 241 48 49 1 1
781 33 40 34 1 1
635 354 58 51 1 1
110 225 34 30 1 1
161 208 34 30 1 1
544 186 34 30 1 1
484 547 72 70 1 0
463 190 34 30 1 1
581 275 48 49 1 1
845 690 97 107 1 0
97 128 40 34 1 1
691 372 58 51 1 1
88 90 40 34 1 1
367 151 34 30 1 1
933 628 97 107 1 0
555 242 48 49 1 1
728 258 48 49 1 1
350 527 72 70 1 0
917 121 40 34 1 1
466 170 34 30 1 1
544 342 58 51 1 1
851 182 34 30 1 1
185 1359 78 79 1 0
174 409 72 70 1 0
98 355 58 51 1 1
547 736 139 173 1 0
164 160 34 30 1 1
133 272 48 49 1 1
645 119 40 34 1 1
994 360 58 51 1 1
221 223 34 30 1 1
594 135 40 34 1 1
8 168 34 30 1 1
550 165 34 30 1 1
775 175 34 30 1 1
658 146 40 34 1 1
329 107 40 34 1 1
645 263 48 49 1 1
332 244 48 49 1 1
854 261 48 49 1 1
