5 105 11 17 1 0
456 131 11 17 1 0
511 547 60 73 1 0
434 148 11 17 1 0
629 218 19 23 1 0
86 141 11 17 1 0
508 194 15 18 1 0
772 157 11 17 1 0
983 195 15 18 1 0
472 130 11 17 1 0
191 378 49 49 1 0
7 254 17 22 1 0
548 435 41 52 1 0
557 243 19 23 1 0
1141 253 19 23 1 0
305 180 15 18 1 0
453 775 121 125 1 0
767 187 15 18 1 0
457 161 11 17 1 0
1122 357 49 49 1 0
1185 348 49 49 1 0
358 146 11 17 1 0
942 204 15 18 1 0
1193 269 21 26 1 0
697 201 15 18 1 0
603 145 11 17 1 0
76 213 15 18 1 0
466 255 19 23 1 0
722 271 27 38 1 0
471 474 41 52 1 0
736 318 27 38 1 0
989 161 11 17 1 0
118 226 19 23 1 0
1147 641 60 73 1 0
819 354 49 49 1 0
604 154 11 17 1 0
202 286 27 38 1 0
904 214 15 18 1 0
416 217 15 18 1 0
598 403 49 49 1 0
348 453 41 52 1 0
140 391 49 49 1 0
609 186 15 18 1 0
497 185 15 18 1 0
643 150 11 17 1 0
946 238 19 23 1 0
910 196 15 18 1 0
672 140 11 17 1 0
412 198 15 18 1 0
25 211 17 22 1 0
515 146 11 17 1 0
487 331 27 38 1 0
407 269 19 23 1 0
661 626 60 73 1 0
865 148 11 17 1 0
735 395 49 49 1 0
818 197 15 18 1 0
875 314 27 38 1 0
414 315 27 38 1 0
834 460 41 52 1 0
762 290 27 38 1 0
499 241 19 23 1 0
407 120 11 17 1 0
590 294 27 38 1 0
935 152 11 17 1 0
1101 454 41 52 1 0
834 147 11 17 1 0
350 301 27 38 1 0
1025 324 27 38 1 0
498 151 11 17 1 0
641 278 27 38 1 0
932 339 49 49 1 0
295 212 15 18 1 0
466 324 27 38 1 0
140 441 41 52 1 0
790 274 27 38 1 0
660 242 19 23 1 0
606 211 15 18 1 0
324 616 60 73 1 0
1167 574 60 73 1 0
1153 233 19 23 1 0
577 208 15 18 1 0
121 189 15 18 1 0
685 187 15 18 1 0
444 214 15 18 1 0
674 272 27 38 1 0
817 155 11 17 1 0
850 410 41 52 1 0
340 199 15 18 1 0
1120 175 15 18 1 0
28 179 11 17 1 0
1158 213 15 18 1 0
628 157 11 17 1 0
838 273 27 38 1 0
278 183 15 18 1 0
1176 257 19 23 1 0
324 230 19 23 1 0
1030 421 41 52 1 0
713 285 27 38 1 0
388 238 19 23 1 0
1024 485 41 52 1 0
291 155 11 17 1 0
961 304 27 38 1 0
807 171 15 18 1 0
588 142 11 17 1 0
78 272 27 38 1 0
321 276 27 38 1 0
849 565 60 73 1 0
538 248 19 23 1 0
920 158 11 17 1 0
791 199 15 18 1 0
490 223 19 23 1 0
1192 238 18 21 1 0
982 309 27 38 1 0
713 153 11 17 1 0
25 559 65 68 1 0
659 343 49 49 1 0
605 242 19 23 1 0
480 296 27 38 1 0
1154 347 49 49 1 0
487 187 15 18 1 0
258 220 19 23 1 0
647 199 15 18 1 0
251 153 11 17 1 0
143 337 49 49 1 0
282 456 41 52 1 0
1073 767 121 125 1 0
320 136 11 17 1 0
977 637 60 73 1 0
1174 223 19 23 1 0
653 261 19 23 1 0
698 407 41 52 1 0
320 152 11 17 1 0
617 200 15 18 1 0
1124 210 15 18 1 0
714 446 41 52 1 0
661 510 60 73 1 0
576 244 19 23 1 0
1140 190 15 18 1 0
443 181 15 18 1 0
882 651 60 73 1 0
685 211 15 18 1 0
562 304 27 38 1 0
581 220 19 23 1 0
956 224 19 23 1 0
1160 296 27 38 1 0
325 373 49 49 1 0
62 461 51 55 1 0
912 373 49 49 1 0
814 302 27 38 1 0
62 136 11 17 1 0
659 182 15 18 1 0
1069 340 49 49 1 0
377 137 11 17 1 0
917 275 27 38 1 0
25 328 29 35 1 0
450 389 49 49 1 0
263 118 11 17 1 0
973 207 15 18 1 0
943 517 60 73 1 0
588 124 11 17 1 0
945 276 27 38 1 0
386 187 15 18 1 0
568 225 19 23 1 0
1122 191 15 18 1 0
241 395 49 49 1 0
629 357 49 49 1 0
675 211 15 18 1 0
281 141 11 17 1 0
649 218 19 23 1 0
725 167 11 17 1 0
429 243 19 23 1 0
491 384 49 49 1 0
1193 205 17 20 1 0
385 309 27 38 1 0
355 265 19 23 1 0
805 153 11 17 1 0
532 151 11 17 1 0
59 359 49 49 1 0
558 195 15 18 1 0
926 298 27 38 1 0
101 132 11 17 1 0
781 158 11 17 1 0
827 161 11 17 1 0
473 162 11 17 1 0
32 419 41 47 1 0
833 187 15 18 1 0
19 135 11 17 1 0
686 359 49 49 1 0
732 224 19 23 1 0
1101 248 19 23 1 0
883 151 11 17 1 0
603 199 15 18 1 0
562 142 11 17 1 0
451 192 15 18 1 0
419 136 11 17 1 0
381 288 27 38 1 0
45 125 11 17 1 0
580 135 11 17 1 0
804 250 19 23 1 0
117 283 27 38 1 0
823 273 27 38 1 0
994 278 27 38 1 0
863 197 15 18 1 0
702 232 19 23 1 0
515 309 27 38 1 0
762 259 19 23 1 0
4 216 17 22 1 0
413 151 11 17 1 0
114 140 11 17 1 0
530 348 49 49 1 0
1124 280 27 38 1 0
834 302 27 38 1 0
568 134 11 17 1 0
465 207 15 18 1 0
269 345 49 49 1 0
478 178 15 18 1 0
73 154 11 17 1 0
276 193 15 18 1 0
900 143 11 17 1 0
847 192 15 18 1 0
23 114 11 17 1 0
536 715 121 125 1 0
1147 426 41 52 1 0
1043 321 27 38 1 0
531 290 27 38 1 0
471 187 15 18 1 0
258 197 15 18 1 0
302 193 15 18 1 0
254 307 27 38 1 0
292 183 15 18 1 0
83 171 15 18 1 0
482 143 11 17 1 0
124 206 15 18 1 0
515 230 19 23 1 0
138 535 60 73 1 0
436 294 27 38 1 0
995 213 15 18 1 0
390 415 41 52 1 0
663 208 15 18 1 0
1160 725 121 125 1 0
297 261 19 23 1 0
704 309 27 38 1 0
885 278 27 38 1 0
776 212 15 18 1 0
752 230 19 23 1 0
616 225 19 23 1 0
782 384 49 49 1 0
628 237 19 23 1 0
88 701 121 125 1 0
223 336 49 49 1 0
523 213 15 18 1 0
627 207 15 18 1 0
