974 17 11 15 1 0
839 214 15 16 1 0
223 418 19 19 1 0
139 68 16 17 1 0
412 43 16 17 1 0
784 372 14 18 1 0
1234 74 11 15 1 0
48 63 16 17 1 0
1146 8 11 15 1 0
1239 237 12 16 1 0
44 129 16 17 1 0
1011 256 15 22 1 0
846 184 15 16 1 0
534 409 14 18 1 0
714 186 15 16 1 0
225 294 19 19 1 0
267 56 16 17 1 0
544 245 14 18 1 0
467 73 16 17 1 0
579 340 14 18 1 0
58 17 16 17 1 0
160 195 16 17 1 0
659 333 14 18 1 0
331 400 19 19 1 0
74 96 16 17 1 0
753 14 15 16 1 0
507 100 15 16 1 0
306 20 16 17 1 0
12 7 16 17 1 0
1067 52 11 15 1 0
111 146 16 17 1 0
1044 95 11 15 1 0
849 52 15 16 1 0
228 187 16 17 1 0
1220 248 11 15 1 0
1157 0 11 15 1 0
645 8 15 16 1 0
1101 397 15 22 1 0
16 227 19 19 1 0
1126 240 11 15 1 0
188 59 16 17 1 0
1038 379 15 22 1 0
1151 201 11 15 1 0
1126 228 11 15 1 0
680 130 15 16 1 0
324 76 16 17 1 0
643 90 15 16 1 0
543 90 15 16 1 0
441 18 16 17 1 0
863 320 14 18 1 0
968 399 15 22 1 0
318 190 16 17 1 0
660 85 15 16 1 0
437 109 16 17 1 0
391 263 19 19 1 0
1021 26 11 15 1 0
1226 296 15 22 1 0
231 275 19 19 1 0
278 38 16 17 1 0
504 349 19 19 1 0
845 68 15 16 1 0
1021 420 15 22 1 0
626 27 15 16 1 0
809 129 15 16 1 0
1103 287 15 22 1 0
436 331 19 19 1 0
118 336 19 19 1 0
903 52 11 15 1 0
877 257 15 22 1 0
356 221 19 19 1 0
397 299 19 19 1 0
218 107 16 17 1 0
908 369 15 22 1 0
569 52 15 16 1 0
968 222 11 15 1 0
832 427 14 18 1 0
1183 175 11 15 1 0
911 175 11 15 1 0
25 346 19 19 1 0
1051 303 15 22 1 0
904 355 15 22 1 0
610 295 14 18 1 0
871 0 12 15 1 0
399 438 19 19 1 0
723 315 14 18 1 0
335 65 16 17 1 0
477 251 19 19 1 0
1230 252 11 15 1 0
949 100 11 15 1 0
270 137 16 17 1 0
669 148 15 16 1 0
343 221 19 19 1 0
761 436 14 18 1 0
1174 280 15 22 1 0
138 323 19 19 1 0
906 402 15 22 1 0
102 141 16 17 1 0
980 387 15 22 1 0
676 273 14 18 1 0
1223 274 15 22 1 0
979 293 15 22 1 0
871 151 11 15 1 0
965 344 15 22 1 0
564 402 14 18 1 0
1240 45 11 15 1 0
746 17 15 16 1 0
1210 133 11 15 1 0
893 80 11 15 1 0
130 137 16 17 1 0
198 251 19 19 1 0
950 70 11 15 1 0
512 199 15 16 1 0
548 410 14 18 1 0
148 179 16 17 1 0
490 389 19 19 1 0
8 198 16 17 1 0
192 222 16 17 1 0
184 159 16 17 1 0
238 421 19 19 1 0
1091 428 15 22 1 0
245 95 16 17 1 0
961 425 15 22 1 0
458 299 19 19 1 0
1030 20 11 15 1 0
498 269 19 19 1 0
951 43 11 15 1 0
843 100 15 16 1 0
159 99 16 17 1 0
254 165 16 17 1 0
1152 184 11 15 1 0
838 414 14 18 1 0
107 355 19 19 1 0
123 435 19 19 1 0
1035 134 11 15 1 0
386 167 16 17 1 0
203 390 19 19 1 0
964 182 11 15 1 0
795 326 14 18 1 0
577 356 14 18 1 0
209 439 19 19 1 0
504 8 16 17 1 0
712 78 15 16 1 0
381 96 16 17 1 0
345 19 16 17 1 0
549 280 14 18 1 0
741 55 15 16 1 0
432 21 16 17 1 0
791 354 14 18 1 0
590 88 15 16 1 0
243 9 16 17 1 0
78 281 19 19 1 0
554 197 15 16 1 0
931 119 11 15 1 0
176 270 19 19 1 0
34 431 19 19 1 0
779 203 15 16 1 0
591 323 14 18 1 0
811 119 15 16 1 0
236 203 16 17 1 0
575 323 14 18 1 0
62 107 16 17 1 0
880 285 15 22 1 0
310 260 19 19 1 0
229 12 16 17 1 0
215 325 19 19 1 0
536 295 14 18 1 0
912 10 11 15 1 0
1091 78 11 15 1 0
248 82 16 17 1 0
1153 94 11 15 1 0
549 73 15 16 1 0
6 175 17 18 1 0
410 157 16 17 1 0
821 441 14 18 1 0
686 436 14 18 1 0
977 166 11 15 1 0
1084 230 11 15 1 0
54 344 19 19 1 0
906 384 15 22 1 0
1160 450 15 22 1 0
270 254 19 19 1 0
626 45 15 16 1 0
634 202 15 16 1 0
1116 286 15 22 1 0
1088 398 15 22 1 0
908 188 11 15 1 0
998 110 11 15 1 0
872 263 14 20 1 0
869 298 14 18 1 0
617 21 15 16 1 0
397 177 16 17 1 0
1089 147 11 15 1 0
665 351 14 18 1 0
1060 253 11 15 1 0
584 290 14 18 1 0
749 141 15 16 1 0
778 102 15 16 1 0
1175 288 15 22 1 0
1003 97 11 15 1 0
205 29 16 17 1 0
1096 363 15 22 1 0
457 73 16 17 1 0
1243 284 13 18 1 0
1239 185 11 15 1 0
1184 238 11 15 1 0
1114 42 11 15 1 0
736 160 15 16 1 0
287 19 16 17 1 0
1034 169 11 15 1 0
1136 19 11 15 1 0
1213 211 11 15 1 0
278 168 16 17 1 0
558 59 15 16 1 0
646 356 14 18 1 0
1004 83 11 15 1 0
1193 218 11 15 1 0
759 425 14 18 1 0
788 74 15 16 1 0
261 357 19 19 1 0
399 274 19 19 1 0
35 445 19 19 1 0
283 211 17 18 1 0
963 383 15 22 1 0
555 382 14 18 1 0
1182 276 15 22 1 0
547 261 14 18 1 0
583 102 15 16 1 0
1070 230 11 15 1 0
999 269 15 22 1 0
90 392 19 19 1 0
614 427 14 18 1 0
1170 157 11 15 1 0
707 210 15 16 1 0
1162 66 11 15 1 0
1159 390 15 22 1 0
991 222 11 15 1 0
701 3 15 16 1 0
387 77 16 17 1 0
262 170 16 17 1 0
1159 127 11 15 1 0
320 88 16 17 1 0
752 123 15 16 1 0
1125 213 11 15 1 0
937 165 11 15 1 0
677 26 15 16 1 0
1062 285 15 22 1 0
625 410 14 18 1 0
173 151 16 17 1 0
128 210 17 18 1 0
878 133 11 15 1 0
1080 168 11 15 1 0
637 245 14 18 1 0
415 406 19 19 1 0
271 371 19 19 1 0
1092 15 11 15 1 0
164 79 16 17 1 0
1112 260 15 22 1 0
124 48 16 17 1 0
79 83 16 17 1 0
946 130 11 15 1 0
36 143 16 17 1 0
668 45 15 16 1 0
792 183 15 16 1 0
340 362 19 19 1 0
1222 432 15 22 1 0
1007 230 11 15 1 0
822 233 14 18 1 0
561 115 15 16 1 0
293 113 16 17 1 0
586 78 15 16 1 0
180 7 16 17 1 0
1048 8 11 15 1 0
900 409 15 22 1 0
338 246 19 19 1 0
386 406 19 19 1 0
463 417 19 19 1 0
1088 176 11 15 1 0
1179 256 15 22 1 0
319 178 16 17 1 0
318 5 16 17 1 0
955 56 11 15 1 0
768 399 14 18 1 0
79 204 16 17 1 0
508 54 15 16 1 0
1060 55 11 15 1 0
700 394 14 18 1 0
864 128 15 16 1 0
161 23 16 17 1 0
112 377 19 19 1 0
976 149 11 15 1 0
799 134 15 16 1 0
260 229 19 19 1 0
222 20 16 17 1 0
635 101 15 16 1 0
1106 110 11 15 1 0
274 151 16 17 1 0
558 45 15 16 1 0
481 273 19 19 1 0
1225 107 11 15 1 0
99 247 19 19 1 0
899 451 15 22 1 0
707 95 15 16 1 0
280 228 19 19 1 0
480 53 16 17 1 0
1083 128 11 15 1 0
674 170 15 16 1 0
478 390 19 19 1 0
1178 112 11 15 1 0
567 24 15 16 1 0
1125 15 11 15 1 0
555 244 14 18 1 0
939 79 11 15 1 0
629 283 14 18 1 0
329 161 16 17 1 0
1215 402 15 22 1 0
935 293 15 22 1 0
125 360 19 19 1 0
1153 369 15 22 1 0
708 362 14 18 1 0
246 387 19 19 1 0
1105 69 11 15 1 0
643 235 14 18 1 0
987 316 15 22 1 0
782 315 14 18 1 0
379 6 16 17 1 0
907 399 15 22 1 0
1158 416 15 22 1 0
1209 407 15 22 1 0
816 3 15 16 1 0
1006 51 11 15 1 0
496 131 16 17 1 0
1119 60 11 15 1 0
1040 157 11 15 1 0
1107 364 15 22 1 0
611 370 14 18 1 0
70 446 19 19 1 0
354 49 16 17 1 0
159 397 19 19 1 0
1078 201 11 15 1 0
1054 79 11 15 1 0
1022 235 11 15 1 0
1158 148 11 15 1 0
762 9 15 16 1 0
445 92 16 17 1 0
1149 96 11 15 1 0
631 385 14 18 1 0
551 135 15 16 1 0
961 34 11 15 1 0
426 362 19 19 1 0
937 276 15 22 1 0
538 315 14 18 1 0
1015 44 11 15 1 0
304 418 19 19 1 0
422 227 19 19 1 0
454 3 16 17 1 0
712 370 14 18 1 0
251 2 16 17 1 0
615 248 14 18 1 0
803 312 14 18 1 0
1086 187 11 15 1 0
803 51 15 16 1 0
837 81 15 16 1 0
1169 335 15 22 1 0
111 234 19 19 1 0
772 220 14 16 1 0
544 51 15 16 1 0
512 337 19 19 1 0
1119 310 15 22 1 0
1016 200 11 15 1 0
151 119 16 17 1 0
802 164 15 16 1 0
668 318 14 18 1 0
179 248 19 19 1 0
84 48 16 17 1 0
797 39 15 16 1 0
29 232 19 19 1 0
754 27 15 16 1 0
408 372 19 19 1 0
568 239 14 18 1 0
311 325 19 19 1 0
377 201 16 17 1 0
347 447 19 19 1 0
907 40 11 15 1 0
786 339 14 18 1 0
907 346 15 22 1 0
1045 108 11 15 1 0
752 300 14 18 1 0
1021 391 15 22 1 0
905 202 11 15 1 0
1032 204 11 15 1 0
130 340 19 19 1 0
1014 387 15 22 1 0
655 341 14 18 1 0
407 240 19 19 1 0
465 311 19 19 1 0
360 30 16 17 1 0
1244 200 11 15 1 0
1023 72 11 15 1 0
407 393 19 19 1 0
1095 132 11 15 1 0
286 31 16 17 1 0
603 151 15 16 1 0
612 40 15 16 1 0
66 292 19 19 1 0
839 199 15 16 1 0
499 147 16 17 1 0
1024 442 15 22 1 0
665 303 14 18 1 0
111 57 16 17 1 0
987 36 11 15 1 0
171 385 19 19 1 0
962 249 11 15 1 0
991 138 11 15 1 0
282 218 19 19 1 0
654 191 15 16 1 0
468 275 19 19 1 0
164 272 19 19 1 0
620 139 15 16 1 0
682 287 14 18 1 0
404 52 16 17 1 0
1137 134 11 15 1 0
1159 87 11 15 1 0
530 254 14 18 1 0
55 309 19 19 1 0
358 347 19 19 1 0
1151 400 15 22 1 0
539 165 15 16 1 0
139 214 19 19 1 0
1060 263 15 22 1 0
675 304 14 18 1 0
927 268 15 22 1 0
982 18 11 15 1 0
856 175 15 16 1 0
972 334 15 22 1 0
1139 283 15 22 1 0
423 41 16 17 1 0
1140 154 11 15 1 0
885 383 15 22 1 0
1178 326 15 22 1 0
1203 176 11 15 1 0
916 27 11 15 1 0
23 157 16 17 1 0
629 136 15 16 1 0
447 208 17 18 1 0
608 134 15 16 1 0
962 416 15 22 1 0
722 67 15 16 1 0
901 69 11 15 1 0
2 301 19 19 1 0
899 420 15 22 1 0
80 182 16 17 1 0
259 156 16 17 1 0
703 107 15 16 1 0
1082 189 11 15 1 0
1198 155 11 15 1 0
3 251 19 19 1 0
281 340 19 19 1 0
363 237 19 19 1 0
900 429 15 22 1 0
894 97 11 15 1 0
1195 127 11 15 1 0
214 117 16 17 1 0
1083 76 11 15 1 0
1213 69 11 15 1 0
518 88 15 16 1 0
455 446 19 19 1 0
1214 388 15 22 1 0
981 184 11 15 1 0
833 274 14 18 1 0
761 415 14 18 1 0
852 37 15 16 1 0
