215 68 11 12 1 0
769 165 18 27 1 0
622 175 18 27 1 0
290 25 11 12 1 0
240 132 18 27 1 0
217 125 18 27 1 0
389 116 7 8 1 0
415 250 26 28 1 0
219 32 11 12 1 0
92 97 11 12 1 0
419 97 11 12 1 0
667 52 11 12 1 0
714 100 11 12 1 0
853 107 7 10 1 0
266 39 11 12 1 0
18 164 18 27 1 0
207 174 18 27 1 0
390 221 26 28 1 0
363 113 8 10 1 0
391 393 31 34 1 0
405 43 11 12 1 0
284 49 11 12 1 0
340 158 18 27 1 0
216 256 26 28 1 0
253 66 11 12 1 0
644 54 11 12 1 0
564 146 18 27 1 0
577 109 7 10 1 0
355 58 11 12 1 0
886 81 11 12 1 0
323 61 11 12 1 0
762 44 11 12 1 0
276 110 7 10 1 0
804 63 11 12 1 0
174 97 11 12 1 0
199 72 11 12 1 0
534 123 18 27 1 0
608 229 26 28 1 0
474 196 18 27 1 0
310 66 11 12 1 0
218 46 11 12 1 0
366 93 11 12 1 0
57 154 18 27 1 0
376 138 18 27 1 0
230 183 18 27 1 0
217 91 11 12 1 0
560 92 11 12 1 0
698 38 11 12 1 0
887 128 18 27 1 0
269 57 11 12 1 0
141 135 18 27 1 0
58 31 11 12 1 0
779 85 11 12 1 0
621 90 11 12 1 0
635 131 18 27 1 0
68 93 11 12 1 0
65 171 18 27 1 0
243 18 3 2 1 0
484 117 18 27 1 0
451 267 26 28 1 0
4 52 3 2 1 0
357 212 18 27 1 0
299 105 7 10 1 0
452 88 11 12 1 0
551 115 7 8 1 0
650 76 11 12 1 0
12 39 11 12 1 0
324 84 11 12 1 0
281 273 26 28 1 0
588 130 18 27 1 0
791 27 11 12 1 0
511 133 18 27 1 0
560 68 11 12 1 0
781 21 11 12 1 0
825 70 11 12 1 0
625 242 26 28 1 0
288 148 18 27 1 0
731 183 18 27 1 0
598 106 7 10 1 0
709 148 18 27 1 0
24 82 11 12 1 0
181 84 11 12 1 0
161 113 8 10 1 0
569 214 18 27 1 0
283 242 26 28 1 0
830 200 18 27 1 0
291 60 11 12 1 0
528 259 26 28 1 0
500 279 26 28 1 0
204 197 18 27 1 0
46 33 11 12 1 0
572 75 11 12 1 0
281 18 3 2 1 0
228 28 11 12 1 0
501 167 18 27 1 0
51 105 7 10 1 0
3 128 13 19 1 0
558 284 26 28 1 0
305 61 11 12 1 0
489 105 7 10 1 0
55 49 11 12 1 0
459 166 18 27 1 0
30 104 7 10 1 0
383 91 11 12 1 0
395 167 18 27 1 0
524 146 18 27 1 0
838 86 11 12 1 0
420 139 18 27 1 0
28 44 11 12 1 0
692 163 18 27 1 0
441 162 18 27 1 0
826 122 18 27 1 0
761 227 26 28 1 0
888 98 11 12 1 0
715 81 11 12 1 0
525 164 18 27 1 0
281 71 11 12 1 0
420 165 18 27 1 0
557 181 18 27 1 0
755 28 11 12 1 0
420 201 18 27 1 0
754 49 11 12 1 0
501 10 3 2 1 0
679 33 11 12 1 0
724 81 11 12 1 0
404 130 18 27 1 0
325 185 18 27 1 0
879 118 18 27 1 0
688 132 18 27 1 0
472 101 11 12 1 0
794 42 11 12 1 0
323 143 18 27 1 0
810 144 18 27 1 0
835 232 25 41 1 0
403 67 11 12 1 0
893 53 11 12 1 0
518 34 11 12 1 0
495 208 18 27 1 0
481 75 11 12 1 0
203 49 11 12 1 0
360 29 11 12 1 0
884 34 11 12 1 0
657 41 11 12 1 0
452 192 18 27 1 0
861 70 11 12 1 0
337 275 26 28 1 0
452 114 8 10 1 0
746 85 11 12 1 0
65 34 11 12 1 0
361 127 18 27 1 0
730 155 18 27 1 0
624 38 11 12 1 0
248 49 11 12 1 0
811 38 11 12 1 0
32 34 11 12 1 0
762 125 18 27 1 0
721 39 11 12 1 0
374 38 11 12 1 0
422 292 26 28 1 0
723 274 26 28 1 0
697 51 11 12 1 0
840 36 11 12 1 0
473 142 18 27 1 0
797 283 25 41 1 0
767 117 18 27 1 0
262 153 18 27 1 0
833 172 18 27 1 0
608 269 26 28 1 0
190 126 18 27 1 0
587 85 11 12 1 0
704 30 11 12 1 0
308 205 18 27 1 0
181 144 18 27 1 0
589 68 11 12 1 0
274 201 18 27 1 0
612 125 18 27 1 0
3 182 13 19 1 0
518 101 11 12 1 0
302 30 11 12 1 0
213 40 11 12 1 0
562 159 18 27 1 0
788 60 11 12 1 0
295 39 11 12 1 0
