625 261 5 6 1 0
592 252 5 6 1 1
99 317 35 38 1 0
850 244 22 25 1 0
775 280 44 54 1 0
258 399 85 92 1 0
79 323 35 38 1 0
510 330 42 49 1 0
443 279 20 18 2 0
910 252 22 25 1 0
546 265 20 18 1 0
695 292 44 54 1 0
611 387 76 87 1 0
422 359 52 62 1 0
923 276 22 25 1 0
90 397 85 92 1 0
568 268 20 18 1 0
724 272 22 25 1 0
925 232 22 25 1 0
965 237 22 25 1 0
474 262 16 15 1 0
874 272 22 25 1 0
823 238 22 25 1 0
981 379 61 61 1 0
815 248 22 25 1 0
34 337 35 38 1 0
744 269 22 25 1 0
564 251 5 6 1 1
783 251 22 25 1 1
265 282 20 18 1 0
65 352 35 38 1 0
803 350 61 61 1 0
211 332 35 38 1 0
495 287 20 18 1 0
731 286 44 54 2 0
400 330 35 38 1 0
293 306 20 18 1 0
124 316 35 38 1 0
419 267 20 18 2 1
860 309 44 54 1 0
611 258 5 6 1 1
207 292 20 18 1 0
518 261 5 6 1 0
475 276 20 18 1 0
736 304 44 54 2 0
436 274 20 18 2 1
905 234 22 25 1 0
428 267 20 18 2 1
426 322 20 18 1 0
968 281 44 54 1 0
453 304 20 18 1 0
807 259 22 25 1 1
423 286 20 18 1 0
739 251 22 25 1 1
584 253 5 6 1 1
591 282 20 18 1 0
835 244 22 25 1 0
554 297 20 18 1 0
325 365 35 38 1 0
