948 10 9 5 1 1
875 14 9 5 1 1
184 170 9 5 1 1
567 79 9 5 1 1
584 74 9 5 1 1
451 66 9 5 1 1
107 154 9 5 1 1
60 280 9 5 1 1
223 94 9 5 1 1
1054 36 9 5 1 1
1259 202 9 5 1 1
869 31 9 5 1 1
215 6 9 5 1 1
97 20 9 5 1 1
23 291 9 5 1 1
83 124 9 5 1 1
1195 133 9 5 1 1
419 213 9 5 1 1
789 53 9 5 1 1
1255 154 9 5 1 1
102 118 9 5 1 1
63 54 9 5 1 1
171 16 9 5 1 1
673 144 9 5 1 1
910 145 9 5 1 0
292 70 9 5 1 1
677 65 9 5 1 1
385 205 9 5 1 1
665 23 9 5 1 1
984 11 9 5 1 1
1152 56 9 5 1 1
1228 108 9 5 1 1
868 53 9 5 1 1
1210 144 9 5 1 1
695 93 9 5 1 1
239 227 85 90 1 0
84 145 9 5 1 1
517 18 9 5 1 1
1094 27 9 5 1 1
660 88 9 5 1 1
30 64 9 5 1 1
238 130 9 5 1 1
719 95 9 5 1 1
401 126 9 5 1 1
630 18 9 5 1 1
687 17 9 5 1 1
685 112 9 5 1 1
321 134 9 5 1 1
1245 230 9 5 1 1
553 107 9 5 1 1
763 170 9 5 1 1
155 193 9 5 1 1
394 166 9 5 1 1
87 181 9 5 1 1
257 137 9 5 1 1
29 226 9 5 1 1
677 22 9 5 1 1
134 254 41 49 1 1
146 148 9 5 1 1
22 82 9 5 1 1
1233 189 9 5 1 1
119 122 9 5 1 1
994 18 9 5 1 1
131 178 9 5 1 1
353 175 9 5 1 1
245 56 9 5 1 1
1204 111 9 5 1 1
744 12 9 5 1 1
1114 62 9 5 1 1
1206 212 9 5 1 1
486 30 9 5 1 1
343 98 9 5 1 1
133 148 9 5 1 1
163 115 9 5 1 1
554 84 9 5 1 1
564 27 9 5 1 1
709 61 9 5 1 1
1176 29 9 5 1 1
836 18 9 5 1 1
153 9 9 5 1 1
64 105 9 5 1 1
793 68 9 5 1 1
195 54 9 5 1 1
16 194 9 5 1 1
50 160 9 5 1 1
1142 68 9 5 1 1
189 128 9 5 1 1
623 93 9 5 1 1
202 25 9 5 1 1
704 13 9 5 1 1
68 140 9 5 1 1
925 12 9 5 1 1
189 70 9 5 1 1
738 289 22 26 1 1
1132 24 9 5 1 1
349 206 9 5 1 1
428 178 9 5 1 1
331 127 9 5 1 1
621 123 9 5 1 1
725 14 9 5 1 1
439 20 9 5 1 1
1179 85 9 5 1 1
940 35 9 5 1 1
740 56 9 5 1 1
1175 150 9 5 1 1
1201 166 9 5 1 1
60 193 9 5 1 1
442 345 9 5 1 1
412 156 9 5 1 1
914 37 9 5 1 1
528 102 9 5 1 1
139 88 9 5 1 1
539 13 9 5 1 1
1038 11 9 5 1 1
33 201 9 5 1 1
966 14 9 5 1 1
423 124 9 5 1 1
610 65 9 5 1 1
26 146 9 5 1 1
891 28 9 5 1 1
631 143 9 5 1 1
1146 211 9 5 1 1
164 75 9 5 1 1
53 139 9 5 1 1
590 108 9 5 1 1
467 34 9 5 1 1
83 212 9 5 1 1
738 148 9 5 1 1
904 51 9 5 1 1
383 147 9 5 1 1
783 81 9 5 1 1
159 166 9 5 1 1
302 129 9 5 1 1
807 47 9 5 1 1
1157 117 9 5 1 1
1206 45 9 5 1 1
787 141 9 5 1 1
899 10 9 5 1 1
106 180 9 5 1 1
805 85 9 5 1 1
515 193 81 95 1 0
568 110 9 5 1 1
287 134 9 5 1 1
1147 186 9 5 1 1
1216 72 9 5 1 1
762 57 9 5 1 1
1183 61 9 5 1 1
1122 129 9 5 1 1
277 10 9 5 1 0
91 257 9 5 1 1
668 106 9 5 1 1
579 25 9 5 1 1
1087 84 9 5 1 1
58 258 9 5 1 1
71 230 9 5 1 1
309 54 9 5 1 1
831 50 9 5 1 1
926 55 9 5 1 1
257 107 9 5 1 1
210 111 9 5 1 1
1063 22 9 5 1 1
1132 98 9 5 1 1
540 46 9 5 1 1
722 62 9 5 1 1
1086 28 9 5 1 1
768 123 9 5 1 1
510 94 9 5 1 1
367 190 9 5 1 1
478 110 9 5 1 1
969 82 88 76 1 0
104 63 9 5 1 1
607 40 9 5 1 1
15 245 9 5 1 1
107 141 9 5 1 1
1226 261 9 5 1 1
64 177 9 5 1 1
27 258 9 5 1 1
712 122 9 5 1 1
427 52 9 5 1 1
405 142 9 5 1 1
1073 63 9 5 1 1
617 76 9 5 1 1
