249 318 21 25 1 0
391 137 23 25 1 0
560 22 17 22 1 0
27 263 23 25 1 0
498 141 23 25 1 0
295 316 21 25 1 0
556 303 23 25 1 0
237 297 23 25 3 0
660 325 21 25 1 0
715 91 18 22 1 0
667 173 23 25 1 0
186 153 23 25 1 0
266 265 23 25 1 0
11 94 18 22 1 0
315 238 23 25 1 0
660 301 23 25 1 0
694 282 23 25 1 0
141 157 23 25 1 0
717 188 23 25 1 0
320 109 17 22 1 0
224 297 23 25 3 0
253 179 23 25 1 0
50 80 17 22 1 0
300 275 23 25 1 0
760 261 22 25 1 0
412 449 21 25 1 0
125 290 23 25 1 0
692 364 21 25 1 0
424 200 23 25 1 0
169 8 17 22 1 0
108 41 17 22 1 0
264 113 17 22 1 0
674 45 17 22 1 0
306 335 21 25 1 0
34 305 23 25 1 0
636 172 23 25 1 0
517 9 17 22 1 0
194 208 23 25 1 0
290 426 21 25 1 0
424 125 23 25 1 0
637 419 21 25 1 0
36 350 22 25 1 0
532 278 23 25 1 0
186 415 21 25 1 0
206 395 21 25 1 0
94 332 21 25 1 0
213 144 23 25 1 0
502 167 23 25 3 0
490 420 21 25 1 0
458 234 23 25 1 0
265 289 23 25 1 0
624 37 17 22 1 0
563 351 21 25 1 0
312 405 21 25 1 0
382 79 17 22 1 0
705 20 17 22 1 0
655 492 21 25 1 0
518 468 21 25 1 0
726 142 23 25 1 0
16 363 21 25 1 0
685 494 21 25 1 0
480 185 23 25 1 0
574 387 21 25 1 0
668 387 21 25 1 0
74 306 23 25 1 0
216 80 17 22 1 0
382 192 23 25 1 0
621 265 23 25 1 0
172 87 17 22 1 0
63 110 17 22 1 0
434 151 23 25 1 0
346 251 23 25 1 0
398 350 21 25 1 0
471 280 23 25 1 0
603 285 23 25 1 0
682 101 17 22 1 0
705 41 17 22 1 0
368 432 21 25 1 0
149 354 21 25 1 0
236 225 23 25 1 0
424 264 23 25 1 0
380 35 17 22 1 0
120 105 17 22 1 0
77 283 23 25 1 0
62 37 17 22 1 0
209 326 21 25 1 0
353 279 23 25 1 0
282 71 17 22 1 0
437 230 23 25 1 0
150 417 21 25 1 0
542 237 23 25 1 0
346 139 23 25 1 0
55 204 23 25 1 0
677 233 23 25 1 0
258 223 23 25 1 0
203 363 21 25 1 0
551 479 21 25 1 0
734 370 21 25 1 0
758 19 17 22 1 0
600 89 17 22 1 0
748 407 21 25 1 0
637 120 23 25 1 0
624 324 21 25 1 0
755 100 18 22 1 0
373 355 21 25 1 0
458 180 23 25 1 0
379 148 23 25 1 0
372 301 23 25 1 0
177 114 17 22 1 0
26 405 21 25 1 0
383 257 23 25 1 0
718 393 21 25 1 0
221 257 23 25 1 0
299 193 23 25 1 0
328 152 23 25 1 0
91 418 21 25 1 0
206 175 23 25 1 0
644 355 21 25 1 0
449 306 23 25 1 0
447 37 17 22 1 0
23 237 23 25 1 0
210 11 17 22 1 0
641 93 17 22 1 0
557 109 17 22 1 0
600 467 21 25 1 0
494 169 23 25 3 0
540 16 17 22 1 0
290 217 23 25 1 0
256 200 23 25 1 0
144 395 21 25 1 0
722 253 23 25 1 0
45 60 17 22 1 0
217 111 17 22 1 0
423 75 17 22 1 0
713 67 17 22 1 0
540 440 21 25 1 0
113 411 21 25 1 0
507 232 23 25 1 0
742 42 17 22 1 0
276 401 21 25 1 0
53 275 23 25 1 0
491 362 21 25 1 0
371 225 23 25 3 0
307 219 23 25 1 0
291 233 23 25 1 0
80 252 23 25 1 0
480 9 17 22 1 0
85 360 21 25 1 0
601 142 23 25 1 0
284 196 23 25 1 0
538 406 21 25 1 0
736 322 21 25 1 0
586 37 17 22 1 0
452 370 21 25 1 0
360 79 17 22 1 0
129 24 17 22 1 0
226 186 23 25 1 0
185 181 23 25 1 0
18 24 17 22 1 0
241 154 23 25 1 0
305 68 17 22 1 0
553 137 23 25 1 0
540 216 23 25 1 0
94 150 23 25 1 0
669 16 17 22 1 0
6 186 21 24 1 0
754 298 22 25 1 0
181 333 21 25 1 0
713 436 21 25 1 0
188 365 21 25 1 0
575 186 23 25 1 0
520 67 17 22 1 0
333 310 21 25 1 0
566 135 23 25 1 0
478 456 21 25 1 0
383 225 23 25 3 0
460 127 23 25 1 0
