414 42 7 9 1 0
335 33 7 9 1 0
257 114 10 12 1 0
310 4 7 9 1 0
594 167 14 17 1 0
250 38 7 9 1 0
293 83 10 12 1 0
346 10 7 9 1 0
726 193 14 17 1 0
511 123 10 12 1 0
370 9 7 9 1 0
500 393 28 37 1 0
122 73 9 11 1 0
182 39 9 11 1 0
347 38 7 9 1 0
313 18 7 9 1 0
323 61 7 9 1 0
499 354 28 37 1 0
65 60 9 11 1 0
147 53 9 11 1 0
272 40 7 9 1 0
421 3 7 9 1 0
308 27 7 9 1 0
342 51 7 9 1 0
302 96 10 12 1 0
308 116 10 12 1 0
281 37 7 9 1 0
278 119 10 12 1 0
379 11 7 9 1 0
400 87 10 12 1 0
299 19 7 9 1 0
556 151 14 17 1 0
492 110 10 12 1 0
305 4 7 9 1 0
399 8 7 9 1 0
370 1 1 1 1 0
209 57 4 4 1 0
165 51 9 11 1 0
284 28 7 9 1 0
156 37 9 11 1 0
349 111 10 12 1 0
362 31 7 9 1 0
365 91 10 12 1 0
139 69 9 11 1 0
313 207 14 17 1 0
534 2 1 1 1 0
235 36 7 9 1 0
263 49 7 9 1 0
407 185 14 17 1 0
302 66 10 12 1 0
366 61 7 9 1 0
392 37 7 9 1 0
233 320 28 37 1 0
286 213 14 17 1 0
292 37 7 9 1 0
337 18 7 9 1 0
269 148 14 17 1 0
441 2 1 1 1 0
406 164 14 17 1 0
437 45 7 9 1 0
282 15 7 9 1 0
356 48 7 9 1 0
269 378 28 37 1 0
183 385 28 37 1 0
362 44 7 9 1 0
327 24 7 9 1 0
425 174 14 17 1 0
58 43 9 11 1 0
409 100 10 12 1 0
473 113 10 12 1 0
370 32 7 9 1 0
333 3 7 9 1 0
387 7 7 9 1 0
371 138 14 17 1 0
321 18 7 9 1 0
410 86 10 12 1 0
490 2 1 1 1 0
481 394 28 37 1 0
95 70 9 11 1 0
71 94 9 11 1 0
312 150 14 17 1 0
400 36 7 9 1 0
337 25 7 9 1 0
280 69 10 12 1 0
282 53 7 9 1 0
257 30 7 9 1 0
