452 695 4 3 1 0
539 565 2 2 1 1
1086 1181 6 9 1 0
1289 1129 8 10 1 0
335 583 2 2 1 1
1111 481 4 4 1 1
1223 749 4 3 1 0
1469 1076 8 10 1 0
234 714 4 3 1 0
60 1154 7 7 1 0
855 827 4 3 1 0
266 615 2 2 1 1
1326 1092 8 10 2 0
385 1119 7 7 1 0
284 889 5 5 1 0
1004 678 3 4 1 0
1033 1100 6 9 1 0
419 581 2 2 1 1
1220 1097 8 10 1 0
1195 544 3 4 1 1
1342 569 3 4 1 1
429 839 4 3 1 0
655 881 4 4 1 0
520 870 4 3 1 0
972 826 4 3 1 0
1469 1060 8 10 1 0
1151 758 4 3 1 0
1239 727 4 3 1 0
115 516 2 2 1 1
1146 553 3 4 1 1
1420 947 5 9 1 0
67 633 2 2 1 0
1431 1067 8 10 2 0
1017 644 3 4 1 0
1151 1042 8 10 1 0
1152 589 3 4 1 1
469 490 4 4 1 1
1460 1085 8 10 1 0
1324 740 4 3 1 0
823 1116 6 9 1 0
412 533 2 2 1 1
1379 1079 8 10 1 0
443 856 4 3 1 0
1202 807 4 3 1 0
185 765 4 3 1 0
1009 453 4 4 1 1
840 806 4 3 1 0
428 814 4 3 1 0
1052 741 4 3 1 0
1362 836 4 3 1 0
957 777 4 3 1 0
694 868 4 4 1 0
1129 692 4 3 1 0
1005 731 4 3 1 0
356 531 2 2 1 1
1397 532 3 4 1 1
895 639 3 4 1 0
592 508 2 2 1 1
1220 953 5 9 1 0
1099 758 4 3 1 0
56 804 4 3 1 0
162 570 2 2 1 1
1442 592 3 4 1 1
1076 1159 6 9 1 0
1140 1035 8 10 1 0
768 1019 5 8 1 0
259 683 2 2 1 0
988 537 3 4 1 1
1478 1075 8 10 1 0
167 797 4 3 1 0
93 565 2 2 1 1
572 663 2 2 1 0
1195 523 3 4 1 1
1458 1045 8 10 1 0
325 710 4 3 1 0
1347 1026 8 10 1 0
1464 619 3 4 1 0
173 1199 7 7 1 0
218 501 2 2 1 1
987 982 5 9 1 0
1433 991 5 9 1 0
1000 903 5 7 1 0
1151 1079 8 10 1 0
1016 1115 6 9 1 0
375 567 2 2 1 1
1189 717 4 3 1 0
969 585 3 4 1 1
267 567 2 2 1 1
1570 631 3 4 1 0
209 853 4 3 1 0
385 1131 7 7 1 0
1018 595 3 4 1 1
405 668 2 2 1 0
1214 564 3 4 1 1
467 606 2 2 1 0
389 804 4 3 1 0
286 1077 5 5 1 0
1596 891 5 7 1 0
818 809 4 3 1 0
846 1040 5 8 1 0
307 576 2 2 1 1
1097 575 3 4 1 1
1044 1129 6 9 1 0
1027 497 4 4 1 1
129 504 2 2 1 1
1144 849 5 7 1 0
838 665 4 3 1 0
436 864 4 3 1 0
63 484 2 2 1 1
520 801 4 3 1 0
1293 672 3 4 1 0
1359 590 3 4 1 1
432 822 4 3 1 0
383 619 2 2 1 0
1298 619 3 4 1 0
1087 662 3 4 1 0
81 502 2 2 1 1
801 1032 5 7 1 0
1073 522 3 4 1 1
977 551 3 4 1 1
1417 1086 8 10 1 0
1558 1106 8 10 1 0
1580 885 5 7 1 0
1451 617 3 4 1 0
288 834 4 3 1 0
1131 864 5 7 1 0
1120 1042 8 10 1 0
928 671 3 3 1 0
284 829 4 3 1 0
1113 827 4 3 1 0
1269 657 3 4 1 0
404 539 2 2 1 1
1133 1089 8 10 1 0
1165 866 5 7 1 0
1042 578 3 4 1 1
1015 555 3 4 1 1
971 783 4 3 1 0
399 1162 7 7 1 0
652 807 4 3 1 0
231 1086 6 6 1 0
948 1144 6 9 1 0
1565 920 5 7 1 0
1237 1110 8 10 1 0
243 579 2 2 1 1
281 712 4 3 1 0
949 467 4 4 1 1
532 1142 7 7 1 0
1057 828 4 3 1 0
1066 525 3 4 1 1
1347 1011 8 10 1 0
1341 542 3 4 1 1
359 466 4 4 1 1
1448 1071 8 10 1 0
1434 911 5 7 1 0
159 771 4 3 1 0
1063 546 3 4 1 1
1006 548 3 4 1 1
1503 1142 8 10 1 0
956 639 3 4 1 0
1288 572 3 4 1 1
876 923 5 7 1 0
415 609 2 2 1 0
1466 943 5 9 1 0
1350 705 4 3 1 0
1467 1039 8 10 1 0
840 681 4 3 1 0
1168 711 4 3 1 0
1391 851 5 7 1 0
548 501 2 2 1 1
314 612 2 2 1 1
449 1156 7 7 1 0
931 864 5 7 1 0
900 586 4 4 1 1
975 1091 6 9 1 0
1299 687 3 4 1 0
654 571 4 4 1 1
817 813 4 3 1 0
68 552 2 2 1 1
320 690 4 3 1 0
1181 685 3 4 1 0
658 533 4 4 1 1
119 735 4 3 1 0
1299 734 4 3 1 0
373 497 2 2 1 1
202 800 4 3 1 0
310 545 2 2 1 1
1207 1020 8 10 1 0
1334 1126 8 10 1 0
1050 573 3 4 1 1
1387 994 5 9 1 0
824 663 4 3 1 0
635 505 2 2 1 1
272 647 2 2 1 0
1392 829 4 3 1 0
1366 594 3 4 1 1
1244 760 4 3 1 0
947 1134 6 9 1 0
975 565 3 4 1 1
300 689 2 2 1 0
1204 1099 8 10 1 0
576 925 5 5 1 0
579 726 4 3 1 0
831 676 4 3 1 0
472 456 4 4 1 1
1458 577 3 4 1 1
1239 1143 8 10 1 0
1380 634 3 4 1 0
360 580 2 2 1 1
1419 965 5 9 1 0
1474 1145 8 10 1 0
16 823 4 3 1 0
1509 787 4 3 1 0
187 624 2 2 1 1
1542 923 5 7 1 0
543 816 4 3 1 0
242 835 4 3 1 0
626 500 2 2 1 1
216 624 2 2 1 1
1013 1146 6 9 1 0
978 842 4 3 1 0
607 422 4 4 1 1
1484 1080 8 10 1 0
604 826 4 3 1 0
476 501 2 2 1 1
900 838 4 3 1 0
611 806 4 3 1 0
225 638 2 2 1 0
418 558 2 2 1 1
284 924 5 5 1 0
608 453 4 4 1 1
1217 1123 8 10 1 0
604 700 4 3 1 0
262 547 2 2 1 1
601 512 2 2 1 1
468 655 2 2 1 0
573 649 2 2 1 0
1563 629 3 4 1 0
573 517 2 2 1 1
438 869 4 3 1 0
979 889 5 7 1 0
1072 1086 6 9 1 0
1409 906 5 7 1 0
619 788 4 3 1 0
1173 894 5 7 1 0
1341 1075 8 10 1 0
218 702 4 3 1 0
603 1128 6 9 1 0
1171 564 3 4 1 1
1370 621 3 4 1 0
1379 525 3 4 1 1
1510 693 4 3 1 0
420 885 4 4 1 0
503 567 2 2 1 1
161 895 5 5 1 0
363 475 4 4 1 1
1103 550 3 4 1 1
574 456 4 4 1 1
1038 461 4 4 1 1
1036 772 4 3 1 0
540 851 4 3 1 0
1362 1168 8 10 1 0
834 669 4 3 1 0
1361 1058 8 10 1 0
1328 1105 8 10 1 0
714 860 4 4 1 0
864 1038 6 9 1 0
134 537 2 2 1 1
1214 510 4 4 1 1
246 482 4 4 1 1
1163 1040 8 10 1 0
545 472 4 4 1 1
466 1104 7 7 1 0
1267 553 3 4 1 1
1559 1063 8 10 1 0
614 690 4 3 1 0
275 563 2 2 1 1
162 547 2 2 1 1
316 496 4 4 1 1
332 484 4 4 1 1
1231 693 4 3 1 0
547 670 2 2 1 0
180 640 2 2 1 0
1215 802 4 3 1 0
154 561 2 2 1 1
596 1167 6 9 1 0
919 1073 6 9 1 0
1325 586 3 4 1 1
446 515 2 2 1 1
1343 624 3 4 1 0
998 757 4 3 1 0
195 837 4 3 1 0
138 548 2 2 1 1
193 712 4 3 1 0
877 834 4 3 1 0
951 523 3 4 1 1
1193 681 3 4 1 0
402 1020 5 5 1 0
223 1148 7 7 1 0
243 622 2 2 1 1
907 979 5 9 1 0
106 721 4 3 1 0
1028 591 3 4 1 1
61 522 2 2 1 1
1125 860 5 7 1 0
257 646 2 2 1 0
1207 883 5 7 1 0
1339 575 3 4 1 1
263 685 2 2 1 0
1488 985 5 9 1 0
1585 894 5 7 1 0
48 1107 6 6 1 0
1163 818 4 3 1 0
97 1075 5 5 1 0
391 532 2 2 1 1
1278 1130 8 10 1 0
1377 697 4 3 1 0
493 485 4 4 1 1
540 872 4 3 1 0
621 540 2 2 1 1
1000 688 3 4 1 0
1106 881 5 7 1 0
194 855 4 3 1 0
772 1073 6 9 1 0
87 574 2 2 1 1
505 785 4 3 1 0
1390 961 5 9 1 0
1280 732 4 3 1 0
1241 807 4 3 1 0
629 554 2 2 1 1
145 652 2 2 1 0
1567 777 4 3 1 0
398 775 4 3 1 0
278 505 2 2 1 1
985 1125 6 9 1 0
640 1120 6 9 1 0
1148 1157 8 10 1 0
989 748 4 3 1 0
476 484 4 4 1 1
1399 852 5 7 1 0
10 830 4 3 1 0
1097 528 3 4 1 1
582 867 4 3 1 0
395 810 4 3 1 0
503 528 2 2 1 1
1249 1036 8 10 1 0
717 1080 6 9 1 0
1100 582 3 4 1 1
1069 542 3 4 1 1
401 614 2 2 1 0
992 680 3 4 1 0
1263 872 5 7 1 0
1166 571 3 4 1 1
1483 1032 8 10 1 0
1091 760 4 3 1 0
812 1028 5 7 1 0
34 907 5 5 1 0
1426 833 4 3 1 0
956 587 3 4 1 1
646 513 4 4 1 1
1154 733 4 3 1 0
125 568 2 2 1 1
449 1110 7 7 1 0
695 912 5 5 1 0
384 1021 5 5 1 0
10 913 5 5 1 0
1360 536 3 4 1 1
474 931 5 5 1 0
537 577 2 2 1 1
1018 531 3 4 1 1
606 519 2 2 1 1
1450 622 3 4 1 0
1329 527 3 4 1 1
133 651 2 2 1 0
1075 584 3 4 1 1
1311 1128 8 10 1 0
989 896 5 7 1 0
1576 661 3 4 1 0
185 734 4 3 1 0
498 534 2 2 1 1
1477 1072 8 10 1 0
751 447 4 4 1 1
41 460 3 3 1 1
1400 623 3 4 1 0
917 979 5 9 1 0
213 750 4 3 1 0
946 1011 5 9 1 0
1415 1183 8 10 1 0
520 922 5 5 1 0
39 706 4 3 1 0
374 1105 7 7 1 0
156 927 5 5 1 0
288 693 4 3 1 0
178 577 2 2 1 1
1588 1054 8 10 1 0
1558 584 3 4 1 1
665 525 4 4 1 1
1155 831 4 3 1 0
632 1114 6 9 1 0
578 525 2 2 1 1
774 1120 6 9 1 0
531 890 5 5 1 0
1182 972 5 9 1 0
1349 594 3 4 1 1
836 986 5 7 1 0
318 584 2 2 1 1
1502 632 3 4 1 0
101 830 4 3 1 0
288 556 2 2 1 1
487 534 2 2 1 1
609 499 2 2 1 1
1012 716 4 3 1 0
9 491 2 2 1 1
952 667 3 4 1 0
9 1075 5 5 1 0
1339 1126 8 10 1 0
1182 1061 8 10 1 0
364 623 2 2 1 0
307 672 2 2 1 0
47 558 2 2 1 1
1505 620 3 4 1 0
318 742 4 3 1 0
1164 1022 8 10 1 0
78 934 5 5 1 0
468 876 4 4 1 0
1547 982 5 9 1 0
1250 534 3 4 1 1
274 494 4 4 1 1
1483 1062 8 10 1 0
238 988 5 5 1 0
1450 1086 8 10 1 0
626 529 2 2 1 1
627 867 4 4 1 0
775 1048 6 9 1 0
851 987 5 7 1 0
634 1176 6 9 1 0
1053 537 3 4 1 1
438 466 4 4 1 1
1390 551 3 4 1 1
1175 756 4 3 1 0
939 804 4 3 1 0
1077 951 5 9 1 0
914 913 5 7 1 0
855 681 4 3 1 0
1505 875 5 7 1 0
1299 686 3 4 1 0
1373 518 3 4 1 1
996 773 4 3 1 0
384 565 2 2 1 1
18 1087 6 6 1 0
480 1082 6 7 1 0
550 444 4 4 1 1
1378 693 4 3 1 0
1186 698 4 3 1 0
1232 719 4 3 1 0
1533 661 3 4 1 0
109 737 4 3 1 0
1042 1080 6 9 1 0
9 1166 7 7 1 0
1425 1084 8 10 1 0
48 631 2 2 1 0
1307 1079 8 10 1 0
1459 618 3 4 1 0
1555 1127 8 10 1 0
77 561 2 2 1 1
1563 971 5 9 1 0
165 997 5 5 1 0
1388 616 3 4 1 0
28 582 2 2 1 1
584 1068 6 9 1 0
688 919 5 5 1 0
477 741 4 3 1 0
408 503 2 2 1 1
1207 536 3 4 1 1
1088 880 5 7 1 0
1556 615 3 4 1 0
353 867 4 3 1 0
1222 711 4 3 1 0
403 476 4 4 1 1
219 1121 7 7 1 0
483 825 4 3 1 0
483 564 2 2 1 1
549 914 5 5 1 0
269 830 4 3 1 0
977 1018 5 9 1 0
286 539 2 2 1 1
1524 875 5 7 1 0
520 544 2 2 1 1
179 741 4 3 1 0
1434 1075 8 10 1 0
1513 627 3 4 1 0
1208 785 4 3 1 0
1328 1091 8 10 2 0
1150 717 4 3 1 0
1517 1030 8 10 1 0
1324 537 3 4 1 1
214 1000 5 5 1 0
563 784 4 3 1 0
1407 713 4 3 1 0
394 1188 7 7 1 0
539 658 2 2 1 0
37 619 2 2 1 1
991 772 4 3 1 0
1180 1170 8 10 1 0
1475 680 3 4 1 0
1582 1122 8 10 1 0
579 415 4 4 1 1
1016 482 4 4 1 1
822 904 5 7 1 0
952 544 3 4 1 1
965 592 3 4 1 1
678 888 5 5 1 0
1347 885 5 7 1 0
1554 883 5 7 1 0
1027 858 5 7 1 0
960 892 5 7 1 0
163 1144 7 7 1 0
1076 574 3 4 1 1
855 695 4 3 1 0
948 1061 6 9 1 0
461 516 2 2 1 1
1137 521 3 4 1 1
764 900 5 7 1 0
1363 643 3 4 1 0
322 519 2 2 1 1
137 621 2 2 1 1
332 668 2 2 1 0
1196 1005 8 10 1 0
1268 893 5 7 1 0
926 696 4 3 1 0
1198 833 4 3 1 0
1311 545 3 4 1 1
1402 677 3 4 1 0
188 1045 5 5 1 0
754 918 5 5 1 0
204 756 4 3 1 0
83 480 3 3 1 1
987 574 3 4 1 1
1193 1166 8 10 1 0
258 570 2 2 1 1
1395 749 4 3 1 0
1577 650 3 4 1 0
500 484 4 4 1 1
402 1101 7 7 1 0
1048 754 4 3 1 0
537 473 4 4 1 1
565 456 4 4 1 1
380 578 2 2 1 1
1459 680 3 4 1 0
1089 685 3 4 1 0
122 470 4 4 1 1
46 441 3 3 1 1
1598 782 4 3 1 0
466 532 2 2 1 1
269 1014 5 5 1 0
264 618 2 2 1 1
370 1010 5 5 1 0
1481 703 4 3 1 0
1533 684 3 4 1 0
1230 588 3 4 1 1
1597 879 5 7 1 0
741 891 5 5 1 0
1393 610 3 4 1 0
583 567 2 2 1 1
1277 546 3 4 1 1
1262 543 3 4 1 1
1058 798 4 3 1 0
873 887 5 7 1 0
240 932 5 5 1 0
1307 503 4 4 1 1
575 756 4 3 1 0
1495 1048 8 10 1 0
482 528 2 2 1 1
1326 749 4 3 1 0
225 529 2 2 1 1
1333 904 5 7 1 0
1173 880 5 7 1 0
1514 1052 8 10 1 0
1288 580 3 4 1 1
723 1057 6 9 1 0
77 493 3 3 1 1
953 706 4 3 1 0
1035 559 3 4 1 1
458 467 4 4 1 1
1270 615 3 4 1 0
1395 706 4 3 1 0
1379 587 3 4 1 1
1045 1029 5 9 1 0
789 677 4 3 1 0
1005 982 5 9 1 0
211 825 4 3 1 0
1468 545 3 4 1 1
1485 1144 8 10 1 0
1101 464 4 4 1 1
474 992 5 5 1 0
514 795 4 3 1 0
418 433 4 4 1 1
1320 1068 8 10 1 0
980 461 4 4 1 1
321 1011 5 5 1 0
615 459 4 4 1 1
1479 1053 8 10 1 0
280 1102 7 7 1 0
459 609 2 2 1 0
381 544 2 2 1 1
334 615 2 2 1 0
949 766 4 3 1 0
1054 514 4 4 1 1
712 894 5 5 1 0
542 493 4 4 1 1
1222 1151 8 10 1 0
1215 775 4 3 1 0
281 532 2 2 1 1
353 920 5 5 1 0
276 984 5 5 1 0
1483 972 5 9 1 0
115 504 2 2 1 1
369 959 5 5 1 0
1167 847 5 7 1 0
646 832 4 3 1 0
1216 737 4 3 1 0
1477 917 5 7 1 0
258 552 2 2 1 1
106 772 4 3 1 0
1329 834 4 3 1 0
1185 848 5 7 1 0
1399 543 3 4 1 1
509 556 2 2 1 1
1234 559 3 4 1 1
1520 1162 8 10 1 0
205 618 2 2 1 1
1337 520 3 4 1 1
635 541 2 2 1 1
105 488 4 4 1 1
458 989 5 5 1 0
1457 547 3 4 1 1
890 863 5 7 1 0
1118 574 3 4 1 1
1519 625 3 4 1 0
1563 990 5 9 1 0
1130 494 4 4 1 1
567 539 2 2 1 1
1293 521 3 4 1 1
1010 1030 5 9 1 0
1257 885 5 7 1 0
525 574 2 2 1 1
1407 1138 8 10 1 0
1144 1043 8 10 1 0
461 431 4 4 1 1
923 841 4 3 1 0
434 861 4 3 1 0
1068 648 3 4 1 0
464 480 4 4 1 1
755 1047 6 9 1 0
531 489 4 4 1 1
370 843 4 3 1 0
1325 862 5 7 1 0
545 658 2 2 1 0
556 432 4 4 1 1
1062 877 5 7 1 0
1044 696 4 3 1 0
924 581 4 4 1 1
1149 882 5 7 1 0
748 1036 5 5 1 0
32 869 4 3 1 0
432 655 2 2 1 0
968 778 4 3 1 0
124 491 4 4 1 1
598 460 4 4 1 1
524 1067 5 7 1 0
18 738 4 3 1 0
1092 560 3 4 1 1
355 480 4 4 1 1
282 548 2 2 1 1
751 905 5 5 1 0
1516 1176 8 10 1 0
1415 637 3 4 1 0
1516 621 3 4 1 0
576 433 4 4 1 1
1518 1146 8 10 1 0
52 860 4 3 1 0
1482 729 4 3 1 0
42 536 2 2 1 1
417 854 4 3 1 0
442 580 2 2 1 1
1265 817 4 3 1 0
80 993 5 5 1 0
1414 649 3 4 1 0
1426 623 3 4 1 0
1294 877 5 7 1 0
346 632 2 2 1 0
45 607 2 2 1 1
1058 988 5 9 1 0
1220 523 3 4 1 1
171 846 4 3 1 0
1143 700 4 3 1 0
194 554 2 2 1 1
553 930 5 5 1 0
250 771 4 3 1 0
1252 566 3 4 1 1
485 931 5 5 1 0
1520 1034 8 10 1 0
384 533 2 2 1 1
468 474 4 4 1 1
251 552 2 2 1 1
474 509 2 2 1 1
933 662 3 4 1 0
1250 948 5 9 1 0
364 552 2 2 1 1
1375 1061 8 10 1 0
554 456 4 4 1 1
979 765 4 3 1 0
887 1120 6 9 1 0
704 434 4 4 1 1
718 434 4 4 1 1
1285 997 5 9 1 0
438 634 2 2 1 0
1124 879 5 7 1 0
151 806 4 3 1 0
1494 621 3 4 1 0
490 413 4 4 1 1
347 914 5 5 1 0
420 870 4 3 1 0
1317 832 4 3 1 0
238 646 2 2 1 0
342 482 4 4 1 1
1174 773 4 3 1 0
1132 474 4 4 1 1
461 492 4 4 1 1
1110 867 5 7 1 0
17 941 5 5 1 0
1177 704 4 3 1 0
603 662 2 2 1 0
568 510 2 2 1 1
990 568 3 4 1 1
436 489 4 4 1 1
1567 879 5 7 1 0
667 1102 6 9 1 0
1398 595 3 4 1 1
182 781 4 3 1 0
929 885 5 7 1 0
1189 839 4 3 1 0
501 496 4 4 1 1
268 847 4 3 1 0
1338 554 3 4 1 1
846 682 4 3 1 0
1248 519 3 4 1 1
179 561 2 2 1 1
1007 562 3 4 1 1
537 532 2 2 1 1
1220 1058 8 10 1 0
381 496 4 4 1 1
75 746 4 3 1 0
1427 542 3 4 1 1
352 540 2 2 1 1
1559 1029 8 10 1 0
1526 958 5 9 1 0
497 495 4 4 1 1
626 772 4 3 1 0
506 580 2 2 1 1
1074 773 4 3 1 0
411 830 4 3 1 0
662 411 4 4 1 1
1051 739 4 3 1 0
513 490 4 4 1 1
1369 710 4 3 1 0
1132 851 5 7 1 0
389 733 4 3 1 0
1056 838 4 3 1 0
594 964 5 5 1 0
97 478 4 4 1 1
112 767 4 3 1 0
1471 627 3 4 1 0
119 534 2 2 1 1
1022 558 3 4 1 1
174 524 2 2 1 1
534 872 4 3 1 0
199 1123 7 7 1 0
272 683 2 2 1 0
1399 639 3 4 1 0
908 1073 6 9 1 0
859 691 4 3 1 0
241 980 5 5 1 0
1542 700 4 3 1 0
1474 872 5 7 1 0
462 1153 7 7 1 0
158 607 2 2 1 1
809 934 5 7 1 0
640 553 2 2 1 1
850 824 4 3 1 0
1452 864 5 7 1 0
283 494 4 4 1 1
1190 644 3 4 1 0
1154 690 4 3 1 0
291 785 4 3 1 0
1056 886 5 7 1 0
1357 1062 8 10 2 0
1481 631 3 4 1 0
486 575 2 2 1 1
793 669 4 3 1 0
673 1066 6 9 1 0
354 497 2 2 1 1
1061 588 3 4 1 1
1546 1104 8 10 1 0
1428 766 4 3 1 0
1504 593 3 4 1 1
1190 679 3 4 1 0
568 530 2 2 1 1
1067 558 3 4 1 1
214 545 2 2 1 1
505 710 4 3 1 0
1572 1121 8 10 1 0
49 1185 7 7 1 0
1396 586 3 4 1 1
991 730 4 3 1 0
1113 566 3 4 1 1
1436 623 3 4 1 0
1083 853 5 7 1 0
655 445 4 4 1 1
577 873 4 3 1 0
563 468 4 4 1 1
949 453 4 4 1 1
76 1184 7 7 1 0
529 505 2 2 1 1
1169 587 3 4 1 1
401 657 2 2 1 0
1151 535 3 4 1 1
1027 755 4 3 1 0
1349 1050 8 10 1 0
834 809 4 3 1 0
593 572 2 2 1 1
526 478 4 4 1 1
334 530 2 2 1 1
299 609 2 2 1 1
1580 1043 8 10 1 0
1343 551 3 4 1 1
1434 1173 8 10 1 0
621 454 4 4 1 1
1208 1038 8 10 2 0
1195 698 4 3 1 0
904 552 4 4 1 1
1476 623 3 4 1 0
604 678 2 2 1 0
955 571 3 4 1 1
445 820 4 3 1 0
1080 590 3 4 1 1
1526 1160 8 10 1 0
450 407 4 4 1 1
383 478 4 4 1 1
586 502 2 2 1 1
1102 589 3 4 1 1
1097 863 5 7 1 0
1267 857 5 7 1 0
498 552 2 2 1 1
590 546 2 2 1 1
1413 592 3 4 1 1
72 480 3 3 1 1
1066 851 5 7 1 0
610 679 2 2 1 0
262 584 2 2 1 1
1117 504 4 4 1 1
346 475 4 4 1 1
693 1091 6 9 1 0
362 852 4 3 1 0
451 545 2 2 1 1
1194 928 5 7 1 0
1224 786 4 3 1 0
972 572 3 4 1 1
434 476 4 4 1 1
364 511 2 2 1 1
1253 1073 8 10 1 0
345 1025 5 5 1 0
106 837 4 3 1 0
227 557 2 2 1 1
1288 844 5 7 1 0
558 734 4 3 1 0
970 992 5 9 1 0
122 784 4 3 1 0
195 492 4 4 1 1
711 423 4 4 1 1
968 479 4 4 1 1
151 811 4 3 1 0
1019 454 4 4 1 1
1551 871 5 7 1 0
839 813 4 3 1 0
1252 985 5 9 1 0
6 648 2 2 1 0
1364 631 3 4 1 0
200 639 2 2 1 0
1449 1175 8 10 1 0
1021 1096 6 9 1 0
889 833 4 3 1 0
847 819 4 3 1 0
1404 531 3 4 1 1
109 549 2 2 1 1
1389 629 3 4 1 0
1266 568 3 4 1 1
932 566 3 4 1 1
964 561 3 4 1 1
1236 676 3 4 1 0
642 862 4 4 1 0
1067 664 3 4 1 0
483 491 4 4 1 1
51 439 3 3 1 1
218 642 2 2 1 0
949 992 5 9 1 0
1355 582 3 4 1 1
1368 645 3 4 1 0
648 1179 6 9 1 0
1020 1078 6 9 1 0
1131 1049 8 10 2 0
603 684 2 2 1 0
1285 678 3 4 1 0
544 523 2 2 1 1
449 463 4 4 1 1
1370 744 4 3 1 0
426 1173 7 7 1 0
1419 1058 8 10 1 0
231 741 4 3 1 0
1181 576 3 4 1 1
1080 804 4 3 1 0
488 433 4 4 1 1
48 614 2 2 1 1
109 574 2 2 1 1
88 492 4 4 1 1
1505 1067 8 10 1 0
1501 952 5 9 1 0
241 780 4 3 1 0
919 864 5 7 1 0
741 1104 6 9 1 0
1107 875 5 7 1 0
126 546 2 2 1 1
592 757 4 3 1 0
1001 522 3 4 1 1
270 528 2 2 1 1
915 550 4 4 1 1
378 936 5 5 1 0
342 537 2 2 1 1
498 417 4 4 1 1
85 544 2 2 1 1
1081 857 5 7 1 0
114 490 4 4 1 1
1386 910 5 7 1 0
1471 1177 8 10 1 0
522 505 2 2 1 1
598 546 2 2 1 1
658 519 4 4 1 1
8 892 4 4 1 0
694 447 4 4 1 1
398 507 2 2 1 1
360 810 4 3 1 0
574 699 4 3 1 0
413 927 5 5 1 0
1335 581 3 4 1 1
1511 875 5 7 1 0
1231 831 4 3 1 0
1335 537 3 4 1 1
1152 837 4 3 1 0
1055 1098 6 9 1 0
86 761 4 3 1 0
381 635 2 2 1 0
58 465 3 3 1 1
590 464 4 4 1 1
240 1020 5 5 1 0
432 835 4 3 1 0
667 808 4 3 1 0
1557 928 5 7 1 0
304 494 4 4 1 1
828 833 4 3 1 0
425 707 4 3 1 0
1164 483 4 4 1 1
980 826 4 3 1 0
269 622 2 2 1 1
1222 541 3 4 1 1
302 958 5 5 1 0
390 468 4 4 1 1
120 975 5 5 1 0
944 895 5 7 1 0
609 443 4 4 1 1
1073 867 5 7 1 0
1598 733 3 3 1 0
1563 689 3 4 1 0
1297 1035 8 10 1 0
986 459 4 4 1 1
362 492 4 4 1 1
1145 529 3 4 1 1
148 639 2 2 1 0
580 495 4 4 1 1
1297 627 3 4 1 0
238 713 4 3 1 0
345 522 2 2 1 1
306 525 2 2 1 1
194 1052 5 5 1 0
1065 746 4 3 1 0
1266 628 3 4 1 0
1159 821 4 3 1 0
1344 560 3 4 1 1
1389 635 3 4 1 0
548 868 4 3 1 0
459 865 4 3 1 0
56 535 2 2 1 1
231 605 2 2 1 1
1027 637 3 4 1 0
1168 501 4 4 1 1
53 665 2 2 1 0
93 486 4 4 1 1
1358 557 3 4 1 1
1195 1019 8 10 1 0
366 568 2 2 1 1
996 745 4 3 1 0
1400 574 3 4 1 1
340 828 4 3 1 0
472 731 4 3 1 0
400 732 4 3 1 0
304 733 4 3 1 0
9 514 2 2 1 1
1552 905 5 7 1 0
870 831 4 3 1 0
623 860 4 3 1 0
1354 901 5 7 1 0
1572 926 5 7 1 0
1195 857 5 7 1 0
713 719 4 3 1 0
1361 1107 8 10 1 0
226 540 2 2 1 1
1308 559 3 4 1 1
188 939 5 5 1 0
552 847 4 3 1 0
616 527 2 2 1 1
1183 675 3 4 1 0
394 584 2 2 1 1
434 507 2 2 1 1
549 853 4 3 1 0
68 566 2 2 1 1
191 914 5 5 1 0
837 902 5 7 1 0
72 532 2 2 1 1
258 478 4 4 1 1
653 1077 6 9 1 0
1406 746 4 3 1 0
85 802 4 3 1 0
76 1151 7 7 1 0
189 962 5 5 1 0
668 537 4 4 1 1
56 507 2 2 1 1
502 516 2 2 1 1
1339 922 5 7 1 0
292 1094 7 7 1 0
1042 807 4 3 1 0
323 633 2 2 1 0
829 930 5 7 1 0
443 650 2 2 1 0
233 1077 6 6 1 0
905 893 5 7 1 0
1376 758 4 3 1 0
1107 494 4 4 1 1
349 681 2 2 1 0
1502 1045 8 10 1 0
1229 702 4 3 1 0
194 512 2 2 1 1
1279 620 3 4 1 0
225 825 4 3 1 0
1477 1064 8 10 1 0
607 855 4 3 1 0
571 725 4 3 1 0
622 440 4 4 1 1
1355 531 3 4 1 1
1507 1060 8 10 1 0
544 1065 6 9 1 0
597 443 4 4 1 1
179 1144 7 7 1 0
1097 1000 6 9 1 0
258 694 4 3 1 0
1120 1015 8 10 1 0
1158 494 4 4 1 1
1506 1120 8 10 1 0
1010 761 4 3 1 0
1098 1180 7 9 1 0
702 855 4 3 1 0
1031 568 3 4 1 1
835 663 4 3 1 0
1547 1065 8 10 1 0
1291 752 4 3 1 0
1516 1100 8 10 1 0
191 901 5 5 1 0
857 984 5 7 1 0
1026 708 4 3 1 0
1399 542 3 4 1 1
1332 549 3 4 1 1
1294 1052 8 10 1 0
694 432 4 4 1 1
134 828 4 3 1 0
1268 804 4 3 1 0
767 675 4 3 1 0
254 979 5 5 1 0
92 998 5 5 1 0
1476 964 5 9 1 0
930 690 4 3 1 0
1424 1078 8 10 1 0
202 510 2 2 1 1
1040 1089 6 9 1 0
595 845 4 3 1 0
164 755 4 3 1 0
1434 856 5 7 1 0
1313 673 3 4 1 0
109 557 2 2 1 1
986 544 3 4 1 1
846 665 4 3 1 0
503 1020 5 5 1 0
598 524 2 2 1 1
191 850 4 3 1 0
1175 1049 8 10 1 0
980 694 4 3 1 0
527 525 2 2 1 1
53 827 4 3 1 0
598 556 2 2 1 1
1024 1028 5 9 1 0
1123 1041 8 10 1 0
1580 1013 8 10 1 0
594 518 2 2 1 1
1185 1146 8 10 1 0
1574 1179 8 10 1 0
158 826 4 3 1 0
500 802 4 3 1 0
164 513 2 2 1 1
222 518 2 2 1 1
351 551 2 2 1 1
1345 689 3 4 1 0
1551 1138 8 10 1 0
1084 719 4 3 1 0
666 567 4 4 1 1
610 569 2 2 1 1
1313 691 4 3 1 0
1132 1015 8 10 1 0
495 429 4 4 1 1
432 826 4 3 1 0
1550 611 3 4 1 0
1454 958 5 9 1 0
1231 535 3 4 1 1
382 511 2 2 1 1
1406 623 3 4 1 0
397 667 2 2 1 0
473 554 2 2 1 1
338 506 2 2 1 1
118 554 2 2 1 1
1131 1043 8 10 1 0
312 675 2 2 1 0
1585 707 3 4 1 0
132 870 4 3 1 0
366 1064 5 5 1 0
1175 1159 8 10 1 0
371 532 2 2 1 1
555 706 4 3 1 0
102 562 2 2 1 1
1078 697 4 3 1 0
840 694 4 3 1 0
457 558 2 2 1 1
1322 527 3 4 1 1
987 755 4 3 1 0
922 690 4 3 1 0
578 536 2 2 1 1
1534 615 3 4 1 0
600 570 2 2 1 1
548 1142 6 9 1 0
93 536 2 2 1 1
981 561 3 4 1 1
1139 745 4 3 1 0
1582 731 3 3 1 0
637 413 4 4 1 1
1586 892 5 7 1 0
776 1160 6 9 1 0
1350 945 5 9 1 0
1337 824 4 3 1 0
577 695 4 3 1 0
1325 556 3 4 1 1
1353 559 3 4 1 1
1289 1091 8 10 1 0
388 694 4 3 1 0
681 1156 6 9 1 0
246 496 4 4 1 1
1069 676 3 4 1 0
108 948 5 5 1 0
329 516 2 2 1 1
930 892 5 7 1 0
1320 518 3 4 1 1
1581 1194 8 10 1 0
66 537 2 2 1 1
1022 1105 6 9 1 0
304 609 2 2 1 1
1298 889 5 7 1 0
465 465 4 4 1 1
306 622 2 2 1 1
512 511 2 2 1 1
1386 1124 8 10 1 0
444 769 4 3 1 0
485 480 4 4 1 1
924 690 4 3 1 0
190 500 2 2 1 1
690 878 4 4 1 0
633 567 2 2 1 1
590 701 4 3 1 0
979 569 3 4 1 1
1454 1146 8 10 1 0
516 937 5 5 1 0
103 763 4 3 1 0
1591 679 3 4 1 0
1091 857 5 7 1 0
1428 646 3 4 1 0
222 781 4 3 1 0
978 755 4 3 1 0
1154 825 4 3 1 0
63 1095 6 6 1 0
595 688 2 2 1 0
664 851 4 3 1 0
515 528 2 2 1 1
254 740 4 3 1 0
487 545 2 2 1 1
1442 1073 8 10 1 0
518 567 2 2 1 1
1332 586 3 4 1 1
1325 735 4 3 1 0
1344 779 4 3 1 0
41 543 2 2 1 1
635 833 4 3 1 0
380 716 4 3 1 0
180 510 2 2 1 1
637 813 4 3 1 0
1234 591 3 4 1 1
921 700 4 3 1 0
1489 765 4 3 1 0
1056 722 4 3 1 0
1408 1174 8 10 1 0
1541 691 4 3 1 0
1494 629 3 4 1 0
254 684 2 2 1 0
350 836 4 3 1 0
1381 679 3 4 1 0
355 568 2 2 1 1
320 1159 7 7 1 0
577 687 2 2 1 0
1130 578 3 4 1 1
1043 885 5 7 1 0
566 550 2 2 1 1
481 1102 7 7 1 0
204 552 2 2 1 1
1372 845 5 7 1 0
53 462 3 3 1 1
274 836 4 3 1 0
999 754 4 3 1 0
1085 739 4 3 1 0
1531 930 5 7 1 0
1500 1051 8 10 2 0
1576 876 5 7 1 0
1056 739 4 3 1 0
389 627 2 2 1 0
1334 543 3 4 1 1
934 1025 5 9 1 0
550 1196 6 8 1 0
588 711 4 3 1 0
1130 1047 8 10 2 0
835 815 4 3 1 0
390 516 2 2 1 1
1099 747 4 3 1 0
576 466 4 4 1 1
992 594 3 4 1 1
1037 867 5 7 1 0
1584 966 5 9 1 0
1399 1042 8 10 1 0
1374 575 3 4 1 1
439 1025 5 5 1 0
663 1018 5 5 1 0
350 582 2 2 1 1
1176 1106 8 10 1 0
1540 1184 8 10 1 0
227 996 5 5 1 0
1030 862 5 7 1 0
1235 699 4 3 1 0
1123 669 3 4 1 0
1545 1143 8 10 1 0
1317 618 3 4 1 0
1373 814 4 3 1 0
1384 851 5 7 1 0
1500 1090 8 10 1 0
619 823 4 3 1 0
727 861 4 4 1 0
288 1016 5 5 1 0
977 735 4 3 1 0
370 915 5 5 1 0
1134 646 3 4 1 0
309 906 5 5 1 0
1054 682 3 4 1 0
1051 989 5 9 1 0
372 544 2 2 1 1
1365 609 3 4 1 0
1288 957 5 9 1 0
1303 624 3 4 1 0
352 734 4 3 1 0
1389 1147 8 10 1 0
1468 825 4 3 1 0
184 554 2 2 1 1
1431 1036 8 10 1 0
534 524 2 2 1 1
579 651 2 2 1 0
586 517 2 2 1 1
506 504 2 2 1 1
278 683 2 2 1 0
651 539 4 4 1 1
1000 697 4 3 1 0
226 480 4 4 1 1
812 832 4 3 1 0
555 562 2 2 1 1
34 566 2 2 1 1
550 693 4 3 1 0
269 480 4 4 1 1
1272 769 4 3 1 0
1138 757 4 3 1 0
957 848 5 7 1 0
567 774 4 3 1 0
615 503 2 2 1 1
314 556 2 2 1 1
477 475 4 4 1 1
1115 753 4 3 1 0
1043 784 4 3 1 0
1511 915 5 7 1 0
1261 708 4 3 1 0
1245 564 3 4 1 1
1175 500 4 4 1 1
630 411 4 4 1 1
136 836 4 3 1 0
238 1119 7 7 1 0
191 719 4 3 1 0
1159 556 3 4 1 1
1429 570 3 4 1 1
1533 585 3 4 1 1
574 1018 5 5 1 0
1202 860 5 7 1 0
343 493 4 4 1 1
366 808 4 3 1 0
1190 1025 8 10 1 0
435 879 4 3 1 0
1248 658 3 4 1 0
998 784 4 3 1 0
1254 572 3 4 1 1
554 464 4 4 1 1
407 556 2 2 1 1
52 705 4 3 1 0
429 693 4 3 1 0
322 815 4 3 1 0
57 552 2 2 1 1
1176 693 4 3 1 0
677 408 4 4 1 1
373 476 4 4 1 1
1229 711 4 3 1 0
710 1061 6 9 1 0
501 696 4 3 1 0
920 563 4 4 1 1
562 824 4 3 1 0
1459 634 3 4 1 0
302 672 2 2 1 0
670 427 4 4 1 1
1028 695 4 3 1 0
419 447 4 4 1 1
189 538 2 2 1 1
313 704 4 3 1 0
1445 946 5 9 1 0
1329 1186 8 10 1 0
1183 1029 8 10 1 0
1080 873 5 7 1 0
249 1158 7 7 1 0
1328 533 3 4 1 1
242 546 2 2 1 1
1011 860 5 7 1 0
486 516 2 2 1 1
758 1021 5 5 1 0
1032 1139 6 9 1 0
513 765 4 3 1 0
1379 645 3 4 1 0
1206 522 3 4 1 1
1234 1004 7 9 1 0
364 831 4 3 1 0
1307 761 4 3 1 0
497 1146 7 7 1 0
1419 535 3 4 1 1
38 744 4 3 1 0
264 490 4 4 1 1
995 982 5 9 1 0
1103 947 5 9 1 0
1539 986 5 9 1 0
110 758 4 3 1 0
579 548 2 2 1 1
1543 795 4 3 1 0
991 1143 6 9 1 0
1154 647 3 4 1 0
1488 639 3 4 1 0
953 754 4 3 1 0
1075 1001 5 9 1 0
1433 1041 8 10 1 0
297 726 4 3 1 0
1241 569 3 4 1 1
96 615 2 2 1 1
309 535 2 2 1 1
187 564 2 2 1 1
983 1112 6 9 1 0
820 861 5 7 1 0
1489 1155 8 10 1 0
353 508 2 2 1 1
138 492 4 4 1 1
1442 867 5 7 1 0
150 503 2 2 1 1
403 683 2 2 1 0
1162 724 4 3 1 0
62 502 2 2 1 1
1287 534 3 4 1 1
995 460 4 4 1 1
982 768 4 3 1 0
20 555 2 2 1 1
1150 1035 8 10 1 0
1379 855 5 7 1 0
261 725 4 3 1 0
1391 565 3 4 1 1
1166 817 4 3 1 0
1154 1004 8 10 1 0
1321 1062 8 10 1 0
929 804 4 3 1 0
348 620 2 2 1 0
1373 1121 8 10 1 0
657 977 5 5 1 0
864 899 5 7 1 0
497 607 2 2 1 0
253 1118 7 7 1 0
803 832 4 3 1 0
527 550 2 2 1 1
616 859 4 3 1 0
1039 552 3 4 1 1
1254 591 3 4 1 1
893 802 4 3 1 0
917 1042 6 9 1 0
617 827 4 3 1 0
1322 564 3 4 1 1
1088 1148 6 9 1 0
1558 1039 8 10 1 0
3 874 4 4 1 0
23 451 2 2 1 1
563 443 4 4 1 1
626 789 4 3 1 0
1360 614 3 4 1 0
985 788 4 3 1 0
839 1138 6 9 1 0
46 666 2 2 1 0
68 496 2 2 1 1
637 453 4 4 1 1
514 476 4 4 1 1
558 526 2 2 1 1
1384 621 3 4 1 0
1583 640 3 4 1 0
601 503 2 2 1 1
318 1057 5 5 1 0
1116 697 4 3 1 0
423 803 4 3 1 0
276 468 4 4 1 1
169 561 2 2 1 1
1071 788 4 3 1 0
1138 615 3 4 1 0
1349 533 3 4 1 1
487 462 4 4 1 1
72 933 5 5 1 0
1389 532 3 4 1 1
540 504 2 2 1 1
1230 692 4 3 1 0
201 1187 7 7 1 0
1018 781 4 3 1 0
944 574 3 4 1 1
1451 1083 8 10 1 0
905 804 4 3 1 0
492 563 2 2 1 1
938 559 3 4 1 1
845 692 4 3 1 0
1240 598 3 4 1 1
1230 1064 8 10 1 0
432 612 2 2 1 0
1044 539 3 4 1 1
609 543 2 2 1 1
1011 1012 5 9 1 0
761 935 5 5 1 0
1312 512 4 4 1 1
992 746 4 3 1 0
1537 767 4 3 1 0
468 752 4 3 1 0
737 1053 6 9 1 0
1065 505 4 4 1 1
1592 1174 8 10 1 0
439 708 4 3 1 0
139 782 4 3 1 0
403 866 4 3 1 0
864 1070 6 9 1 0
1571 1131 8 10 1 0
1249 958 5 9 1 0
1168 550 3 4 1 1
168 952 5 5 1 0
266 467 4 4 1 1
318 476 4 4 1 1
711 883 4 4 1 0
1483 1157 8 10 1 0
541 955 5 5 1 0
1043 565 3 4 1 1
359 842 4 3 1 0
1300 1012 8 10 1 0
362 1006 5 5 1 0
1039 705 4 3 1 0
940 660 3 4 1 0
208 790 4 3 1 0
42 934 5 5 1 0
945 740 4 3 1 0
1373 546 3 4 1 1
1251 741 4 3 1 0
1053 477 4 4 1 1
434 423 4 4 1 1
610 692 4 3 1 0
160 530 2 2 1 1
302 550 2 2 1 1
614 696 4 3 1 0
304 512 2 2 1 1
1337 571 3 4 1 1
1301 823 4 3 1 0
394 1100 7 7 1 0
663 889 5 5 1 0
634 825 4 3 1 0
225 495 4 4 1 1
482 732 4 3 1 0
342 512 2 2 1 1
312 696 4 3 1 0
991 1077 6 9 1 0
1041 487 4 4 1 1
427 800 4 3 1 0
1082 825 4 3 1 0
232 811 4 3 1 0
1397 559 3 4 1 1
634 431 4 4 1 1
506 829 4 3 1 0
313 801 4 3 1 0
1018 504 4 4 1 1
950 813 4 3 1 0
1219 553 3 4 1 1
1040 659 3 4 1 0
1194 668 3 4 1 0
213 761 4 3 1 0
1233 677 3 4 1 0
1295 941 5 9 1 0
1338 530 3 4 1 1
508 491 4 4 1 1
1300 539 3 4 1 1
1093 650 3 4 1 0
707 711 4 3 1 0
1141 831 4 3 1 0
534 543 2 2 1 1
1590 1105 8 10 1 0
939 1113 6 9 1 0
1266 940 5 9 1 0
520 516 2 2 1 1
379 709 4 3 1 0
1172 528 3 4 1 1
474 536 2 2 1 1
1474 592 3 4 1 1
1126 570 3 4 1 1
894 1147 6 9 1 0
1588 648 3 4 1 0
1073 651 3 4 1 0
361 955 5 5 1 0
618 1079 6 9 1 0
490 754 4 3 1 0
222 568 2 2 1 1
1531 1032 8 10 1 0
151 652 2 2 1 0
1563 776 4 3 1 0
795 889 5 7 1 0
457 532 2 2 1 1
205 540 2 2 1 1
544 536 2 2 1 1
1121 545 3 4 1 1
1383 687 3 4 1 0
352 613 2 2 1 0
546 556 2 2 1 1
1501 1051 8 10 2 0
1007 670 3 4 1 0
272 517 2 2 1 1
1048 547 3 4 1 1
412 520 2 2 1 1
570 755 4 3 1 0
1504 1085 8 10 1 0
1369 1079 8 10 1 0
1281 1045 8 10 1 0
1119 491 4 4 1 1
1350 616 3 4 1 0
1133 754 4 3 1 0
554 726 4 3 1 0
519 977 5 5 1 0
1072 1120 6 9 1 0
1144 622 3 4 1 0
1320 660 3 4 1 0
1471 586 3 4 1 1
398 529 2 2 1 1
1328 512 4 4 1 1
153 1028 5 5 1 0
1117 810 4 3 1 0
622 566 2 2 1 1
667 907 5 5 1 0
474 520 2 2 1 1
978 756 4 3 1 0
1285 791 4 3 1 0
253 723 4 3 1 0
1525 616 3 4 1 0
434 646 2 2 1 0
29 552 2 2 1 1
1130 810 4 3 1 0
391 832 4 3 1 0
1495 666 3 4 1 0
328 675 2 2 1 0
581 512 2 2 1 1
405 514 2 2 1 1
30 732 4 3 1 0
280 513 2 2 1 1
1327 628 3 4 1 0
1179 1067 8 10 1 0
98 944 5 5 1 0
1555 710 4 3 1 0
1037 722 4 3 1 0
1417 611 3 4 1 0
283 730 4 3 1 0
1201 555 3 4 1 1
93 1150 7 7 1 0
1109 507 4 4 1 1
619 694 4 3 1 0
1170 664 3 4 1 0
651 419 4 4 1 1
1250 727 4 3 1 0
1194 708 4 3 1 0
324 621 2 2 1 1
617 552 2 2 1 1
576 504 2 2 1 1
1113 592 3 4 1 1
1029 467 4 4 1 1
496 503 2 2 1 1
1043 816 4 3 1 0
1222 695 4 3 1 0
484 809 4 3 1 0
527 917 5 5 1 0
1036 738 4 3 1 0
343 613 2 2 1 0
612 764 4 3 1 0
262 623 2 2 1 1
519 556 2 2 1 1
1469 1088 8 10 1 0
1586 1070 8 10 1 0
1037 1176 6 9 1 0
1329 1075 8 10 1 0
406 662 2 2 1 0
632 793 4 3 1 0
622 807 4 3 1 0
526 874 4 3 1 0
796 680 4 3 1 0
631 875 4 4 1 0
1291 618 3 4 1 0
1386 778 4 3 1 0
554 1147 6 9 1 0
1415 549 3 4 1 1
394 559 2 2 1 1
323 532 2 2 1 1
928 819 4 3 1 0
1585 1001 5 9 1 0
1234 523 3 4 1 1
936 928 5 7 1 0
319 573 2 2 1 1
864 1107 6 9 1 0
1510 1036 8 10 1 0
602 791 4 3 1 0
1088 777 4 3 1 0
485 973 5 5 1 0
1046 874 5 7 1 0
1077 553 3 4 1 1
1092 807 4 3 1 0
1093 692 4 3 1 0
1139 576 3 4 1 1
464 906 5 5 1 0
114 605 2 2 1 1
48 1011 5 5 1 0
449 525 2 2 1 1
368 1166 7 7 1 0
638 528 2 2 1 1
327 816 4 3 1 0
506 540 2 2 1 1
1027 488 4 4 1 1
552 656 2 2 1 0
1105 1005 7 9 1 0
1187 544 3 4 1 1
20 705 3 2 1 0
1527 623 3 4 1 0
1232 572 3 4 1 1
1279 604 3 4 1 0
181 1185 7 7 1 0
460 506 2 2 1 1
460 787 4 3 1 0
1462 1058 8 10 1 0
1143 827 4 3 1 0
934 535 3 4 1 1
472 572 2 2 1 1
1055 1004 5 9 1 0
1308 587 3 4 1 1
963 465 4 4 1 1
1579 640 3 4 1 0
588 824 4 3 1 0
1077 1098 6 9 1 0
872 676 4 3 1 0
61 611 2 2 1 1
531 555 2 2 1 1
897 878 5 7 1 0
1224 729 4 3 1 0
1200 790 4 3 1 0
70 576 2 2 1 1
174 539 2 2 1 1
1535 788 4 3 1 0
429 576 2 2 1 1
450 568 2 2 1 1
1086 852 5 7 1 0
512 895 5 5 1 0
993 575 3 4 1 1
1085 865 5 7 1 0
682 431 4 4 1 1
1523 787 4 3 1 0
1427 1126 8 10 1 0
325 935 5 5 1 0
975 531 3 4 1 1
91 515 2 2 1 1
616 870 4 4 1 0
41 1159 7 7 1 0
446 476 4 4 1 1
1118 747 4 3 1 0
1394 794 4 3 1 0
1503 1176 8 10 1 0
641 1067 6 9 1 0
919 933 5 9 1 0
1320 508 4 4 1 1
324 493 4 4 1 1
985 761 4 3 1 0
1055 500 4 4 1 1
1134 564 3 4 1 1
1307 529 3 4 1 1
210 529 2 2 1 1
170 512 2 2 1 1
1210 668 3 4 1 0
989 694 4 3 1 0
380 486 4 4 1 1
1474 1033 8 10 1 0
1053 749 4 3 1 0
1284 563 3 4 1 1
1505 1081 8 10 1 0
560 723 4 3 1 0
735 443 4 4 1 1
415 850 4 3 1 0
80 580 2 2 1 1
11 561 2 2 1 1
378 518 2 2 1 1
562 517 2 2 1 1
1512 635 3 4 1 0
1393 757 4 3 1 0
1421 1118 8 10 1 0
1476 1083 8 10 1 0
417 1156 7 7 1 0
1471 867 5 7 1 0
1036 665 3 4 1 0
292 682 2 2 1 0
1042 904 5 7 1 0
1489 1184 8 10 1 0
415 420 4 4 1 1
674 1194 6 9 1 0
1374 624 3 4 1 0
1392 843 4 3 1 0
1210 704 4 3 1 0
436 547 2 2 1 1
948 691 4 3 1 0
582 459 4 4 1 1
1458 742 4 3 1 0
1010 500 4 4 1 1
924 1103 6 9 1 0
1270 1019 8 10 1 0
192 1003 5 5 1 0
196 619 2 2 1 1
1056 1140 6 9 1 0
387 1166 7 7 1 0
1377 560 3 4 1 1
442 567 2 2 1 1
1497 877 5 7 1 0
989 559 3 4 1 1
328 1064 5 5 1 0
1297 500 4 4 1 1
320 696 4 3 1 0
1293 565 3 4 1 1
984 668 3 4 1 0
217 871 4 3 1 0
1043 763 4 3 1 0
575 898 5 5 1 0
250 814 4 3 1 0
598 914 5 5 1 0
1425 587 3 4 1 1
1342 1064 8 10 1 0
1052 558 3 4 1 1
558 553 2 2 1 1
1345 617 3 4 1 0
623 898 5 5 1 0
1365 617 3 4 1 0
1302 665 3 4 1 0
596 854 4 3 1 0
1282 575 3 4 1 1
1122 1035 8 10 1 0
1222 743 4 3 1 0
1061 1053 6 9 1 0
502 469 4 4 1 1
204 488 4 4 1 1
1356 541 3 4 1 1
1178 1025 8 10 1 0
1025 884 5 7 1 0
988 761 4 3 1 0
1313 625 3 4 1 0
1213 830 4 3 1 0
1313 737 4 3 1 0
1500 1077 8 10 1 0
477 580 2 2 1 1
446 497 2 2 1 1
234 579 2 2 1 1
387 1001 5 5 1 0
963 776 4 3 1 0
1128 868 5 7 1 0
1147 472 4 4 1 1
938 899 5 7 1 0
488 1160 7 7 1 0
398 455 4 4 1 1
685 795 4 3 1 0
646 570 4 4 1 1
546 1079 6 9 1 0
1580 1070 8 10 1 0
368 485 4 4 1 1
187 520 2 2 1 1
465 564 2 2 1 1
1430 1065 8 10 2 0
1370 525 3 4 1 1
593 499 2 2 1 1
1289 544 3 4 1 1
992 483 4 4 1 1
971 665 3 4 1 0
393 903 5 5 1 0
1299 551 3 4 1 1
282 661 2 2 1 0
1244 878 5 7 1 0
1548 1129 8 10 1 0
203 1161 7 7 1 0
1387 1166 8 10 1 0
1064 958 5 9 1 0
27 747 4 3 1 0
1255 720 4 3 1 0
1493 651 3 4 1 0
1099 513 4 4 1 1
44 619 2 2 1 1
1515 1090 8 10 1 0
370 580 2 2 1 1
949 558 3 4 1 1
98 553 2 2 1 1
714 857 4 4 1 0
295 873 4 4 1 0
85 524 2 2 1 1
624 882 4 4 1 0
90 891 5 5 1 0
1563 898 5 7 1 0
1003 792 4 3 1 0
385 763 4 3 1 0
362 528 2 2 1 1
1094 726 4 3 1 0
1308 1033 8 10 1 0
946 524 3 4 1 1
641 867 4 4 1 0
1449 1144 8 10 1 0
1455 624 3 4 1 0
843 691 4 3 1 0
835 892 5 7 1 0
391 572 2 2 1 1
26 465 2 2 1 1
1575 730 3 4 1 0
99 622 2 2 1 1
443 556 2 2 1 1
215 1093 6 6 1 0
129 517 2 2 1 1
1585 804 4 3 1 0
1307 972 5 9 1 0
273 546 2 2 1 1
1103 1138 6 9 1 0
1243 737 4 3 1 0
246 963 5 5 1 0
234 472 4 4 1 1
1188 821 4 3 1 0
1229 690 4 3 1 0
415 548 2 2 1 1
1418 847 5 7 1 0
1101 747 4 3 1 0
1372 969 5 9 1 0
537 461 4 4 1 1
1043 525 3 4 1 1
744 947 5 5 1 0
649 528 4 4 1 1
540 483 4 4 1 1
322 740 4 3 1 0
1134 556 3 4 1 1
1378 910 5 7 1 0
1195 968 5 9 1 0
1571 626 3 4 1 0
1307 944 5 9 1 0
1373 700 4 3 1 0
851 676 4 3 1 0
987 583 3 4 1 1
383 1055 5 5 1 0
174 496 4 4 1 1
270 635 2 2 1 0
945 657 3 4 1 0
877 1064 6 9 1 0
665 831 4 3 1 0
374 619 2 2 1 0
1082 508 4 4 1 1
1359 552 3 4 1 1
1234 702 4 3 1 0
1362 546 3 4 1 1
139 651 2 2 1 0
370 1128 7 7 1 0
590 914 5 5 1 0
982 707 4 3 1 0
1147 1022 8 10 1 0
791 679 4 3 1 0
1169 784 4 3 1 0
486 472 4 4 1 1
398 1124 7 7 1 0
89 1172 7 7 1 0
91 824 4 3 1 0
1304 571 3 4 1 1
63 991 5 5 1 0
451 487 4 4 1 1
151 520 2 2 1 1
1499 650 3 4 1 0
353 1102 7 7 1 0
177 707 4 3 1 0
1197 589 3 4 1 1
1057 1090 6 9 1 0
1416 1050 8 10 1 0
580 820 4 3 1 0
198 540 2 2 1 1
1526 1151 8 10 1 0
342 1102 7 7 1 0
551 547 2 2 1 1
97 638 2 2 1 0
155 624 2 2 1 1
569 500 2 2 1 1
1590 649 3 4 1 0
331 560 2 2 1 1
610 863 4 3 1 0
509 692 4 3 1 0
457 666 2 2 1 0
187 1023 5 5 1 0
1084 747 4 3 1 0
142 755 4 3 1 0
514 686 2 2 1 0
1003 509 4 4 1 1
1485 1112 8 10 1 0
621 681 2 2 1 0
506 476 4 4 1 1
368 615 2 2 1 0
565 755 4 3 1 0
870 837 4 3 1 0
622 513 2 2 1 1
531 848 4 3 1 0
281 481 4 4 1 1
1243 1017 8 10 1 0
411 1172 7 7 1 0
1194 724 4 3 1 0
1188 1039 8 10 1 0
1579 916 5 7 1 0
469 726 4 3 1 0
1179 636 3 4 1 0
72 512 2 2 1 1
133 773 4 3 1 0
497 933 5 5 1 0
1307 816 4 3 1 0
552 536 2 2 1 1
586 489 4 4 1 1
409 719 4 3 1 0
632 519 2 2 1 1
539 554 2 2 1 1
36 627 2 2 1 0
1138 1023 8 10 1 0
475 546 2 2 1 1
864 827 4 3 1 0
401 522 2 2 1 1
1169 521 3 4 1 1
297 716 4 3 1 0
11 871 4 3 1 0
242 816 4 3 1 0
643 811 4 3 1 0
835 820 4 3 1 0
512 1144 7 7 1 0
293 494 4 4 1 1
394 482 4 4 1 1
355 827 4 3 1 0
1158 1050 8 10 1 0
1110 883 5 7 1 0
541 1152 6 9 1 0
201 529 2 2 1 1
1266 513 4 4 1 1
1147 487 4 4 1 1
1063 791 4 3 1 0
295 821 4 3 1 0
1191 743 4 3 1 0
553 983 5 5 1 0
1214 681 3 4 1 0
700 1124 6 9 1 0
916 839 4 3 1 0
268 725 4 3 1 0
1317 611 3 4 1 0
520 492 4 4 1 1
964 530 3 4 1 1
1462 565 3 4 1 1
350 486 4 4 1 1
860 690 4 3 1 0
598 411 4 4 1 1
1053 659 3 4 1 0
268 1146 7 7 1 0
110 476 4 4 1 1
1405 832 4 3 1 0
1530 616 3 4 1 0
1201 673 3 4 1 0
965 847 5 7 1 0
103 478 4 4 1 1
299 534 2 2 1 1
1064 572 3 4 1 1
1539 875 5 7 1 0
1089 871 5 7 1 0
1004 596 3 4 1 1
684 1053 6 9 1 0
94 580 2 2 1 1
66 842 4 3 1 0
1265 613 3 4 1 0
634 860 4 3 1 0
1278 693 4 3 1 0
201 724 4 3 1 0
36 465 2 2 1 1
1012 1103 6 9 1 0
1099 982 5 9 1 0
69 703 4 3 1 0
1272 723 4 3 1 0
984 477 4 4 1 1
1401 700 4 3 1 0
122 482 4 4 1 1
1262 969 5 9 1 0
1358 1063 8 10 2 0
1311 578 3 4 1 1
405 491 4 4 1 1
1556 775 4 3 1 0
492 495 4 4 1 1
452 813 4 3 1 0
455 882 4 3 1 0
1595 925 5 7 1 0
786 829 4 3 1 0
393 542 2 2 1 1
567 670 2 2 1 0
1484 671 3 4 1 0
1546 770 4 3 1 0
962 744 4 3 1 0
1013 1182 6 9 1 0
202 577 2 2 1 1
498 918 5 5 1 0
1445 636 3 4 1 0
1371 587 3 4 1 1
306 562 2 2 1 1
643 776 4 3 1 0
586 556 2 2 1 1
318 534 2 2 1 1
1016 675 3 4 1 0
1557 675 3 4 1 0
1469 746 4 3 1 0
530 496 4 4 1 1
1329 829 4 3 1 0
1529 1112 8 10 1 0
1227 861 5 7 1 0
1577 924 5 7 1 0
612 781 4 3 1 0
66 925 5 5 1 0
556 575 2 2 1 1
1174 699 4 3 1 0
82 568 2 2 1 1
1007 579 3 4 1 1
308 705 4 3 1 0
1303 631 3 4 1 0
607 555 2 2 1 1
153 535 2 2 1 1
131 935 5 5 1 0
655 558 4 4 1 1
1319 904 5 7 1 0
1464 1091 8 10 1 0
346 929 5 5 1 0
1455 589 3 4 1 1
1577 620 3 4 1 0
1499 915 5 7 1 0
328 717 4 3 1 0
107 1036 5 5 1 0
1113 540 3 4 1 1
401 882 4 4 1 0
1217 706 4 3 1 0
902 1048 6 9 1 0
1023 717 4 3 1 0
114 462 4 4 1 1
572 562 2 2 1 1
197 564 2 2 1 1
1487 1046 8 10 1 0
1021 905 5 7 1 0
611 825 4 3 1 0
1171 705 4 3 1 0
1557 628 3 4 1 0
1499 675 3 4 1 0
455 474 4 4 1 1
128 556 2 2 1 1
407 584 2 2 1 1
670 863 4 4 1 0
588 476 4 4 1 1
1086 480 4 4 1 1
1525 723 4 3 1 0
1360 820 4 3 1 0
282 567 2 2 1 1
1258 524 3 4 1 1
1169 1026 8 10 1 0
536 445 4 4 1 1
1397 618 3 4 1 0
842 1078 6 9 1 0
1147 817 4 3 1 0
153 730 4 3 1 0
538 783 4 3 1 0
1106 963 5 9 1 0
946 1053 6 9 1 0
300 841 4 3 1 0
1565 629 3 4 1 0
209 704 4 3 1 0
600 776 4 3 1 0
54 745 4 3 1 0
560 810 4 3 1 0
132 626 2 2 1 1
1360 634 3 4 1 0
784 1035 5 7 1 0
1313 1187 8 10 1 0
1334 561 3 4 1 1
1278 511 4 4 1 1
239 510 2 2 1 1
453 719 4 3 1 0
350 809 4 3 1 0
1213 592 3 4 1 1
1243 786 4 3 1 0
659 548 4 4 1 1
1322 732 4 3 1 0
294 508 2 2 1 1
678 864 4 4 1 0
359 664 2 2 1 0
1003 472 4 4 1 1
494 1083 6 7 1 0
81 784 4 3 1 0
542 546 2 2 1 1
98 503 2 2 1 1
1488 1065 8 10 1 0
794 872 5 7 1 0
225 1161 7 7 1 0
1174 718 4 3 1 0
596 534 2 2 1 1
1005 658 3 4 1 0
1272 716 4 3 1 0
1322 575 3 4 1 1
235 493 4 4 1 1
999 498 4 4 1 1
970 753 4 3 1 0
544 459 4 4 1 1
864 1057 6 9 1 0
894 917 5 7 1 0
1175 681 3 4 1 0
1393 579 3 4 1 1
323 561 2 2 1 1
1002 544 3 4 1 1
860 820 4 3 1 0
1167 756 4 3 1 0
950 649 3 4 1 0
1330 1014 8 10 1 0
306 1015 5 5 1 0
470 682 2 2 1 0
1107 528 3 4 1 1
1028 526 3 4 1 1
1333 575 3 4 1 1
767 1090 6 9 1 0
1076 862 5 7 1 0
109 1005 5 5 1 0
414 811 4 3 1 0
1113 669 3 4 1 0
213 483 4 4 1 1
998 670 3 4 1 0
1565 718 4 3 1 0
847 670 4 3 1 0
1421 647 3 4 1 0
1358 682 3 4 1 0
302 816 4 3 1 0
397 735 4 3 1 0
1125 1065 8 10 1 0
265 746 4 3 1 0
426 496 4 4 1 1
940 873 5 7 1 0
492 710 4 3 1 0
528 745 4 3 1 0
973 751 4 3 1 0
632 894 5 5 1 0
1263 723 4 3 1 0
330 572 2 2 1 1
1229 686 3 4 1 0
153 921 5 5 1 0
220 580 2 2 1 1
514 577 2 2 1 1
866 822 4 3 1 0
677 851 4 3 1 0
788 1128 6 9 1 0
1021 578 3 4 1 1
1416 727 4 3 1 0
461 540 2 2 1 1
734 1110 6 9 1 0
391 488 4 4 1 1
488 784 4 3 1 0
1109 826 4 3 1 0
833 820 4 3 1 0
461 719 4 3 1 0
1349 640 3 4 1 0
1453 1141 8 10 1 0
1109 997 5 9 1 0
953 1022 5 9 1 0
413 705 4 3 1 0
965 540 3 4 1 1
36 818 4 3 1 0
203 1003 5 5 1 0
58 578 2 2 1 1
3 748 4 3 1 0
1519 1128 8 10 1 0
780 848 5 7 1 0
100 461 4 4 1 1
1585 1174 8 10 1 0
90 1024 5 5 1 0
191 576 2 2 1 1
1548 655 3 4 1 0
1330 740 4 3 1 0
164 734 4 3 1 0
205 520 2 2 1 1
1015 699 4 3 1 0
49 524 2 2 1 1
527 788 4 3 1 0
207 560 2 2 1 1
953 1097 6 9 1 0
393 930 5 5 1 0
470 1189 7 7 1 0
1477 1035 8 10 1 0
314 520 2 2 1 1
369 506 2 2 1 1
463 549 2 2 1 1
778 671 4 3 1 0
578 719 4 3 1 0
614 514 2 2 1 1
180 699 4 3 1 0
213 514 2 2 1 1
1236 949 5 9 1 0
845 920 5 7 1 0
1095 869 5 7 1 0
1011 868 5 7 1 0
991 827 4 3 1 0
69 753 4 3 1 0
1521 898 5 7 1 0
1243 774 4 3 1 0
1502 1030 8 10 1 0
1344 1087 8 10 1 0
879 809 4 3 1 0
588 526 2 2 1 1
1548 689 3 4 1 0
570 488 4 4 1 1
530 951 5 5 1 0
1136 846 5 7 1 0
1379 743 4 3 1 0
528 564 2 2 1 1
1304 602 3 4 1 0
1161 581 3 4 1 1
1509 653 3 4 1 0
1390 593 3 4 1 1
171 549 2 2 1 1
447 879 4 3 1 0
252 955 5 5 1 0
1326 781 4 3 1 0
442 984 5 5 1 0
1230 732 4 3 1 0
1078 877 5 7 1 0
1157 1098 8 10 1 0
1574 630 3 4 1 0
540 758 4 3 1 0
238 526 2 2 1 1
953 643 3 4 1 0
973 694 4 3 1 0
494 474 4 4 1 1
1345 525 3 4 1 1
726 955 5 5 1 0
606 508 2 2 1 1
1177 1099 8 10 1 0
1325 548 3 4 1 1
897 827 4 3 1 0
986 486 4 4 1 1
670 550 4 4 1 1
361 673 2 2 1 0
1413 545 3 4 1 1
1152 492 4 4 1 1
1014 864 5 7 1 0
326 504 2 2 1 1
270 504 2 2 1 1
1139 858 5 7 1 0
1494 574 3 4 1 1
608 534 2 2 1 1
547 481 4 4 1 1
352 1133 7 7 1 0
589 536 2 2 1 1
369 620 2 2 1 0
1147 1176 8 10 1 0
1169 842 4 3 1 0
1054 955 5 9 1 0
591 847 4 3 1 0
1315 891 5 7 1 0
779 865 5 7 1 0
536 511 2 2 1 1
248 469 4 4 1 1
529 789 4 3 1 0
398 861 4 3 1 0
495 786 4 3 1 0
980 996 5 9 1 0
1077 1054 6 9 1 0
586 654 2 2 1 0
1451 1093 8 10 1 0
229 508 2 2 1 1
188 548 2 2 1 1
755 850 4 3 1 0
989 496 4 4 1 1
1573 665 3 4 1 0
830 1155 6 9 1 0
1232 665 3 4 1 0
1122 558 3 4 1 1
549 568 2 2 1 1
580 758 4 3 1 0
1082 707 4 3 1 0
377 612 2 2 1 0
355 517 2 2 1 1
162 817 4 3 1 0
1407 564 3 4 1 1
209 502 2 2 1 1
1269 947 5 9 1 0
314 508 2 2 1 1
1193 593 3 4 1 1
1307 1100 8 10 1 0
909 563 4 4 1 1
23 1144 6 6 1 0
1590 614 3 4 1 0
1354 610 3 4 1 0
652 1026 5 5 1 0
1450 1044 8 10 1 0
1155 1040 8 10 1 0
1100 1046 7 9 1 0
1144 1030 8 10 1 0
1525 1177 8 10 1 0
256 468 4 4 1 1
1031 560 3 4 1 1
1333 826 4 3 1 0
1358 1011 8 10 1 0
1351 546 3 4 1 1
380 468 4 4 1 1
1015 795 4 3 1 0
1367 810 4 3 1 0
945 769 4 3 1 0
227 580 2 2 1 1
182 833 4 3 1 0
1067 800 4 3 1 0
1179 650 3 4 1 0
1522 752 4 3 1 0
370 467 4 4 1 1
998 590 3 4 1 1
1230 747 4 3 1 0
539 884 4 4 1 0
254 488 4 4 1 1
476 466 4 4 1 1
1477 565 3 4 1 1
444 536 2 2 1 1
546 466 4 4 1 1
466 753 4 3 1 0
574 476 4 4 1 1
1153 571 3 4 1 1
388 890 5 5 1 0
334 495 4 4 1 1
1048 849 5 7 1 0
213 584 2 2 1 1
967 747 4 3 1 0
386 553 2 2 1 1
493 517 2 2 1 1
613 1164 6 9 1 0
1510 621 3 4 1 0
984 588 3 4 1 1
132 480 4 4 1 1
528 536 2 2 1 1
936 904 5 7 1 0
996 708 4 3 1 0
1575 659 3 4 1 0
151 548 2 2 1 1
1540 1166 8 10 1 0
569 655 2 2 1 0
1345 574 3 4 1 1
779 814 4 3 1 0
829 681 4 3 1 0
1201 882 5 7 1 0
81 874 4 3 1 0
1101 891 5 7 1 0
1250 551 3 4 1 1
583 656 2 2 1 0
1338 630 3 4 1 0
314 931 5 5 1 0
603 760 4 3 1 0
596 697 4 3 1 0
1000 784 4 3 1 0
238 863 4 3 1 0
668 976 5 5 1 0
78 542 2 2 1 1
86 855 4 3 1 0
1186 807 4 3 1 0
1524 1007 8 10 1 0
1367 925 5 7 1 0
629 778 4 3 1 0
1014 464 4 4 1 1
1208 1036 8 10 2 0
598 492 4 4 1 1
962 1011 5 9 1 0
578 485 4 4 1 1
1121 907 5 7 1 0
472 564 2 2 1 1
367 522 2 2 1 1
241 1075 6 6 1 0
1064 1029 5 9 1 0
334 706 4 3 1 0
164 963 5 5 1 0
380 694 4 3 1 0
865 695 4 3 1 0
1149 1054 8 10 1 0
1230 807 4 3 1 0
930 688 4 3 1 0
345 1123 7 7 1 0
265 629 2 2 1 0
1579 873 5 7 1 0
1391 625 3 4 1 0
300 733 4 3 1 0
1089 832 4 3 1 0
757 930 5 5 1 0
239 560 2 2 1 1
181 625 2 2 1 1
1568 617 3 4 1 0
1300 507 4 4 1 1
787 1146 6 9 1 0
1368 567 3 4 1 1
1278 725 4 3 1 0
140 565 2 2 1 1
1066 873 5 7 1 0
434 520 2 2 1 1
1596 637 3 4 1 0
420 879 4 4 1 0
610 696 4 3 1 0
372 898 5 5 1 0
1070 870 5 7 1 0
1104 861 5 7 1 0
1168 669 3 4 1 0
873 826 4 3 1 0
615 937 5 5 1 0
402 568 2 2 1 1
213 741 4 3 1 0
39 555 2 2 1 1
351 467 4 4 1 1
948 668 3 4 1 0
688 1077 6 9 1 0
707 1077 6 9 1 0
1272 605 3 4 1 0
1105 645 3 4 1 0
392 663 2 2 1 0
1073 905 5 7 1 0
1055 740 4 3 1 0
840 908 5 7 1 0
1226 833 4 3 1 0
987 552 3 4 1 1
4 526 2 2 1 1
1479 1129 8 10 1 0
1538 687 3 4 1 0
490 719 4 3 1 0
159 651 2 2 1 0
315 907 5 5 1 0
1335 1115 8 10 1 0
938 585 3 4 1 1
1064 1000 5 9 1 0
1134 1061 8 10 1 0
1449 1162 8 10 1 0
1575 1169 8 10 1 0
955 701 4 3 1 0
455 582 2 2 1 1
1237 643 3 4 1 0
1056 465 4 4 1 1
1090 510 4 4 1 1
578 657 2 2 1 0
1311 861 5 7 1 0
