718 373 41 49 1 0
318 26 33 36 1 0
460 168 29 41 1 0
662 46 29 41 1 0
808 12 13 35 1 0
1012 106 29 41 1 0
801 637 64 65 1 0
338 216 33 36 1 0
628 300 41 49 1 0
887 6 13 35 1 0
368 530 45 50 1 0
261 158 33 36 1 0
292 70 33 36 1 0
288 266 25 26 1 0
484 25 29 41 1 0
26 54 33 36 1 0
999 205 29 41 1 0
624 25 29 41 1 0
359 279 32 52 1 0
124 60 33 36 1 0
817 198 29 41 1 0
304 677 45 50 1 0
266 75 33 36 1 0
71 158 33 36 1 0
752 500 45 50 1 0
48 27 33 36 1 0
20 127 33 36 1 0
226 161 33 36 1 0
242 497 45 50 1 0
830 22 13 35 1 0
844 52 29 41 1 0
232 363 30 37 1 0
224 188 33 36 1 0
770 413 41 49 1 0
902 63 29 41 1 0
128 276 25 26 1 0
894 148 29 41 1 0
1017 460 32 52 1 0
526 369 39 48 1 0
683 138 29 41 1 0
353 406 32 52 1 0
846 159 29 41 1 0
994 79 29 41 1 0
178 331 30 37 1 0
335 555 45 50 1 0
547 18 13 35 1 0
470 194 29 41 1 0
659 265 41 49 1 0
108 606 45 50 1 0
68 243 25 26 1 0
864 329 41 49 1 0
84 63 33 36 1 0
70 418 30 37 1 0
934 581 45 50 1 0
652 537 45 50 1 0
314 248 25 26 1 0
880 426 41 49 1 0
967 196 29 41 1 0
140 546 45 50 1 0
500 497 45 50 1 0
183 119 33 36 1 0
226 686 38 52 1 0
371 118 33 36 1 0
729 314 41 49 1 0
518 56 29 41 1 0
625 375 41 49 1 0
1006 351 32 52 1 0
233 306 24 25 1 0
769 113 29 41 1 0
762 27 29 41 1 0
53 400 30 37 1 0
445 145 29 41 1 0
373 213 33 36 1 0
1004 51 29 41 1 0
242 571 45 50 1 0
186 265 25 26 1 0
465 55 29 41 1 0
560 224 29 41 1 0
830 298 41 49 1 0
60 7 9 26 1 0
420 22 13 35 1 0
722 108 29 41 1 0
608 561 45 50 1 0
458 237 29 41 1 0
249 23 33 36 1 0
521 259 32 52 1 0
294 339 30 37 1 0
105 223 33 36 1 0
326 86 33 36 1 0
778 231 29 41 1 0
949 517 45 50 1 0
941 406 41 49 1 0
433 77 29 41 3 0
92 194 33 36 1 0
997 286 41 49 1 0
883 168 29 41 1 0
872 233 29 41 1 0
482 378 39 48 1 0
119 147 33 36 1 0
429 106 29 41 1 0
81 34 33 36 1 0
40 504 45 50 1 0
637 468 45 50 1 0
246 90 33 36 1 0
808 160 29 41 1 0
131 11 9 26 1 0
192 214 33 36 1 0
104 103 33 36 1 0
711 523 45 50 1 0
292 229 33 36 1 0
471 439 39 48 1 0
869 11 13 35 1 0
849 82 29 41 1 0
354 627 45 50 1 0
810 345 41 49 1 0
376 178 33 36 1 0
430 308 32 52 1 0
736 65 29 41 1 0
541 138 29 41 1 0
630 78 29 41 1 0
15 151 33 36 1 0
72 300 24 25 1 0
178 82 33 36 1 0
911 282 41 49 1 0
289 98 33 36 3 0
916 32 29 41 1 0
306 101 33 36 3 0
614 220 29 41 1 0
657 117 29 41 1 0
238 411 30 37 1 0
710 177 29 41 1 0
983 151 29 41 1 0
796 468 45 50 1 0
83 341 30 37 1 0
537 68 29 41 1 0
14 183 33 36 1 0
469 267 32 52 1 0
449 75 29 41 3 0
34 209 33 36 1 0
73 99 33 36 1 0
572 64 29 41 1 0
882 125 29 41 1 0
491 586 45 50 1 0
247 230 33 36 1 0
361 468 45 50 1 0
738 19 13 35 1 0
909 100 29 41 1 0
688 26 29 41 1 0
220 46 33 36 1 0
753 155 29 41 1 0
910 209 29 41 1 0
293 21 33 36 1 0
