835 633 25 32 1 0
1250 604 26 39 1 0
1714 788 83 122 1 0
287 616 70 72 1 0
1142 748 40 52 1 0
1890 743 49 54 1 0
133 694 70 72 1 0
1576 760 46 49 1 0
788 631 25 32 1 0
1015 629 17 19 1 0
382 807 96 103 1 0
1472 658 55 49 1 0
618 639 25 32 1 0
1177 937 183 202 1 0
947 648 25 32 1 0
476 636 24 37 1 0
729 729 34 50 1 0
543 611 48 68 1 0
1118 636 17 19 1 0
382 619 24 37 1 0
666 646 25 32 1 0
289 778 96 103 1 0
1817 744 49 54 1 0
1309 958 183 202 1 0
1079 621 17 19 1 0
565 800 96 103 1 0
899 640 25 32 1 0
1104 722 40 52 1 0
1610 619 46 49 1 0
1216 819 151 122 1 0
419 649 42 40 1 0
712 621 25 32 1 0
878 617 25 32 1 0
684 715 34 50 1 0
754 637 25 32 1 0
1258 745 52 68 1 0
421 603 24 37 1 0
1110 1046 183 202 1 0
1034 620 37 48 1 0
1411 676 55 49 1 0
977 725 34 50 1 0
719 642 25 32 1 0
1096 625 17 19 1 0
20 699 70 72 1 0
858 752 34 50 1 0
451 770 96 103 1 0
1328 755 52 68 1 0
