595 212 15 17 1 0
307 96 12 13 1 0
574 195 15 17 1 0
341 78 12 13 1 0
420 195 17 23 1 0
402 148 13 16 1 0
439 101 13 15 1 0
261 122 15 20 1 0
371 86 12 13 2 0
432 152 13 16 1 0
264 75 12 13 1 0
220 73 12 13 1 0
498 67 9 10 1 0
539 58 9 10 1 0
180 95 15 20 1 0
399 77 12 13 1 0
568 71 9 10 1 0
562 174 16 18 1 0
228 118 15 20 1 0
594 79 9 10 1 0
276 1 12 13 1 0
346 96 12 13 1 0
465 59 9 10 1 0
291 75 12 13 1 0
525 149 16 18 1 0
7 82 11 20 1 0
178 62 12 13 1 0
281 185 25 38 1 0
476 82 9 10 1 0
364 138 15 20 1 0
386 128 15 20 1 0
335 127 15 20 1 0
136 98 45 65 1 0
468 136 13 16 1 0
168 96 15 20 1 0
375 123 15 20 1 0
586 102 13 15 1 0
450 73 9 10 1 0
604 194 15 17 1 0
490 211 15 18 1 0
310 128 15 20 1 0
208 91 15 20 1 0
298 122 15 20 1 0
621 75 9 10 1 0
241 112 15 20 1 0
425 159 13 16 1 0
460 98 13 15 1 0
283 158 25 38 1 0
40 107 11 20 1 0
264 88 12 13 1 0
459 189 17 23 1 0
498 133 13 15 1 0
369 92 12 13 2 0
554 102 13 15 1 0
232 93 15 20 1 0
581 177 16 18 1 0
542 135 13 15 1 0
105 111 45 65 1 0
548 206 15 17 1 0
352 133 15 20 1 0
420 126 13 15 1 0
141 68 12 13 1 0
144 88 12 13 1 0
502 170 14 17 1 0
45 81 11 20 1 0
620 153 16 18 1 0
470 164 13 16 1 0
569 135 13 15 1 0
378 151 15 20 1 0
409 101 13 15 1 0
195 117 15 20 1 0
239 75 12 13 1 0
