205 245 22 20 1 0
66 267 22 20 1 0
293 211 12 13 1 1
499 198 7 5 1 0
598 184 7 5 1 1
343 265 22 20 1 0
19 263 22 20 1 0
304 315 27 25 1 0
543 212 12 13 1 0
513 216 12 13 1 0
590 220 12 13 1 0
598 212 12 13 1 0
468 252 22 20 1 0
360 346 30 37 1 0
491 270 22 20 1 0
504 221 12 13 1 0
394 207 12 13 1 0
2 409 30 37 1 0
485 189 7 5 1 1
59 239 14 13 1 0
69 227 14 13 1 0
225 386 30 37 1 0
643 321 27 25 1 0
338 221 12 13 1 0
651 257 22 20 1 0
656 376 30 37 1 0
565 295 27 25 1 0
560 265 22 20 1 0
140 406 30 37 1 0
570 207 12 13 1 0
114 323 27 25 1 0
525 309 27 25 1 0
398 251 22 20 1 0
335 181 7 5 1 1
353 310 27 25 1 0
229 319 27 25 1 0
550 182 7 5 1 1
670 301 27 25 1 0
261 432 30 37 1 0
446 190 7 5 1 1
36 230 14 13 1 0
374 187 7 5 1 1
552 193 7 5 1 1
15 320 27 25 1 0
160 301 27 25 1 0
586 335 27 25 1 0
284 208 12 13 1 0
247 214 14 13 1 0
55 275 22 20 1 0
248 229 14 13 1 0
427 227 12 13 1 0
478 212 12 13 1 0
560 254 22 20 1 0
189 238 14 13 1 0
756 256 25 25 1 0
356 206 12 13 1 1
588 284 22 20 1 0
332 201 7 5 1 1
402 367 30 37 1 0
205 256 22 20 1 0
403 208 12 13 1 0
73 358 30 37 1 0
597 318 27 25 1 0
415 181 7 5 1 1
580 201 7 5 1 0
117 296 27 25 1 0
315 340 30 37 1 0
280 219 12 13 1 0
409 187 7 5 1 1
305 271 22 20 1 0
294 239 14 14 1 0
522 226 12 13 1 0
518 234 14 14 1 0
303 404 30 37 1 0
543 193 7 5 1 1
294 302 27 25 1 0
272 482 30 37 1 0
259 244 22 20 1 0
69 247 22 20 1 0
383 231 12 13 1 0
298 324 27 25 1 0
502 191 7 5 1 1
367 329 27 25 1 0
548 291 27 25 1 0
495 294 27 25 1 0
570 227 12 13 1 0
490 199 7 5 1 0
238 241 22 20 1 0
529 205 12 13 1 0
563 196 7 5 1 1
614 298 27 25 1 0
458 228 12 13 1 0
330 291 27 25 1 0
484 222 12 13 1 0
16 227 14 13 1 0
360 255 22 20 1 0
175 247 22 20 1 0
511 191 7 5 1 1
358 200 7 5 1 1
668 424 30 37 1 0
455 216 12 13 1 0
467 201 7 5 1 0
551 210 12 13 1 0
18 239 14 13 1 0
120 496 30 37 1 0
586 189 7 5 1 1
498 192 7 5 1 1
182 307 27 25 1 0
340 205 12 13 1 1
50 360 30 37 1 0
195 337 27 25 1 0
117 347 30 37 1 0
599 258 22 20 1 0
619 313 27 25 1 0
578 367 30 37 1 0
387 265 22 20 1 0
522 255 22 20 1 0
537 210 12 13 1 0
458 199 7 5 1 0
641 293 27 25 1 0
598 280 22 20 1 0
320 269 22 20 1 0
584 266 22 20 1 0
535 188 7 5 1 1
438 184 7 5 1 1
490 370 30 37 1 0
588 237 14 14 1 0
476 197 7 5 1 1
583 208 12 13 1 0
427 210 12 13 1 0
493 221 12 13 1 0
266 271 22 20 1 0
733 371 30 37 1 0
668 345 30 37 1 0
291 401 30 37 1 0
450 182 7 5 1 1
449 275 22 20 1 0
468 209 12 13 1 0
223 215 14 13 1 0
510 183 7 5 1 1
443 209 12 13 1 0
486 205 12 13 1 0
441 222 12 13 1 0
402 189 7 5 1 1
599 191 7 5 1 1
559 310 27 25 1 0
379 189 7 5 1 1
70 440 30 37 1 0
35 245 22 20 1 0
295 449 30 37 1 0
524 189 7 5 1 1
536 330 27 25 1 0
469 226 12 13 1 0
346 190 7 5 1 1
62 324 27 25 1 0
55 228 14 13 1 0
601 386 30 37 1 0
221 432 30 37 1 0
107 280 22 20 1 0
379 395 30 37 1 0
381 313 27 25 1 0
384 370 30 37 1 0
385 214 12 13 1 0
153 256 22 20 1 0
540 272 22 20 1 0
372 205 12 13 1 0
264 222 12 13 1 0
477 320 27 25 1 0
386 237 17 16 1 0
447 200 7 5 1 0
468 269 22 20 1 0
276 309 27 25 1 0
356 218 12 13 1 0
124 254 22 20 1 0
197 222 14 13 1 0
303 364 30 37 1 0
175 230 14 13 1 0
80 244 22 20 1 0
353 321 27 25 1 0
426 244 22 20 1 0
499 209 12 13 1 0
13 301 27 25 1 0
158 278 22 20 1 0
13 248 22 20 1 0
624 327 27 25 1 0
170 321 27 25 1 0
529 196 7 5 1 1
653 272 22 20 1 0
445 247 22 20 1 0
319 298 27 25 1 0
611 229 12 13 1 0
435 202 7 5 1 0
634 307 27 25 1 0
253 278 22 20 1 0
633 258 22 20 1 0
356 186 7 5 1 1
442 232 12 13 1 0
457 184 7 5 1 1
322 257 22 20 1 0
411 232 12 13 1 0
592 199 7 5 1 0
359 299 27 25 1 0
82 264 22 20 1 0
518 289 27 25 1 0
541 236 14 14 1 0
550 204 12 13 1 0
502 242 22 20 1 0
343 353 30 37 1 0
417 186 7 5 1 1
686 228 22 20 1 0
266 209 12 13 1 0
391 191 7 5 1 1
543 182 7 5 1 1
83 382 30 37 1 0
621 259 22 20 1 0
320 337 27 25 1 0
282 283 22 20 1 0
50 234 14 13 1 0
425 257 22 20 1 0
62 297 27 25 1 0
497 232 12 13 1 0
345 251 22 20 1 0
273 336 27 25 1 0
359 236 19 18 1 0
10 262 22 20 1 0
155 229 14 13 1 0
52 380 30 37 1 0
571 202 7 5 1 0
217 224 14 13 1 0
50 258 22 20 1 0
208 306 27 25 1 0
390 183 7 5 1 1
502 329 27 25 1 0
351 284 22 20 1 0
40 266 22 20 1 0
423 182 7 5 1 1
514 397 30 37 1 0
412 266 22 20 1 0
513 203 12 13 1 0
547 200 7 5 1 0
180 295 27 25 1 0
201 360 30 37 1 0
534 254 22 20 1 0
274 228 12 13 1 0
554 229 12 13 1 0
179 398 30 37 1 0
277 256 22 20 1 0
383 185 7 5 1 1
320 231 12 13 1 0
422 196 7 5 1 1
306 220 12 13 1 0
501 191 7 5 1 1
524 219 12 13 1 0
527 182 7 5 1 1
478 422 30 37 1 0
471 194 7 5 1 1
530 352 30 37 1 0
560 218 12 13 1 0
182 259 22 20 1 0
559 354 30 37 1 0
7 286 23 21 1 0
211 230 14 13 1 0
281 248 22 20 1 0
337 240 22 20 1 0
387 345 30 37 1 0
147 266 22 20 1 0
369 212 12 13 1 1
476 188 7 5 1 1
433 274 22 20 1 0
243 385 30 37 1 0
385 248 22 20 1 0
617 241 22 20 1 0
489 192 7 5 1 1
165 224 14 13 1 0
100 448 30 37 1 0
503 202 7 5 1 0
235 221 14 13 1 0
79 223 14 13 1 0
414 201 7 5 1 0
611 209 12 13 1 0
302 239 17 16 1 0
79 341 30 37 1 0
