959 491 26 28 3 0
760 456 26 28 1 0
242 2 3 3 1 0
591 3 2 3 1 0
121 75 3 3 1 0
180 20 3 3 1 0
186 20 3 3 1 0
753 61 2 3 1 0
264 20 3 3 1 0
177 43 3 3 1 0
278 39 3 3 1 0
762 47 2 3 1 0
1100 34 2 3 1 0
1039 38 2 3 1 0
892 43 2 3 1 0
317 46 3 3 1 0
1229 32 3 3 1 0
938 58 2 3 1 0
229 11 3 3 1 0
1206 13 3 3 1 0
691 11 2 3 1 0
1201 13 3 3 1 0
369 1 3 3 1 0
333 56 3 3 1 0
1693 43 3 3 1 0
1040 8 2 3 1 0
787 14 2 3 1 0
1590 44 3 3 1 0
1348 46 3 3 1 0
818 61 2 3 1 0
734 15 2 3 1 0
784 53 2 3 1 0
608 56 2 3 1 0
892 28 2 3 1 0
585 51 2 3 1 0
247 34 3 3 1 0
763 70 2 3 1 0
307 47 3 3 1 0
349 9 3 3 1 0
59 74 3 3 1 0
699 11 2 3 1 0
135 14 3 3 1 0
1881 144 2 3 1 0
585 38 2 3 1 0
774 31 2 3 1 0
471 36 2 3 1 0
320 35 3 3 1 0
787 61 2 3 1 0
201 28 3 3 1 0
1196 88 3 3 1 0
1194 47 3 3 1 0
1138 41 2 3 1 0
368 37 3 3 1 0
643 51 2 3 1 0
149 17 3 3 1 0
792 58 2 3 1 0
833 3 2 3 1 0
1363 383 26 28 1 0
334 45 3 3 1 0
634 44 2 3 1 0
808 74 2 3 1 0
771 71 2 3 1 0
1284 86 3 3 1 0
570 1 2 3 1 0
51 79 3 3 1 0
144 30 3 3 1 0
458 48 3 3 1 0
1171 116 2 3 1 0
924 56 2 3 1 0
944 493 26 28 3 0
1497 38 3 3 1 0
127 35 3 3 1 0
1158 3 2 3 1 0
171 23 3 3 1 0
1190 120 2 3 1 0
408 20 3 3 1 0
142 22 3 3 1 0
767 39 2 3 1 0
44 37 3 3 1 0
562 24 2 3 1 0
222 38 3 3 1 0
585 423 26 28 1 0
1849 148 2 3 1 0
822 11 2 3 1 0
1332 12 3 3 1 0
166 11 3 3 1 0
249 5 3 3 1 0
990 60 2 3 1 0
1721 111 2 3 1 0
244 80 3 3 1 0
247 27 3 3 1 0
432 26 3 3 1 0
1706 119 2 3 1 0
1379 44 3 3 1 0
382 3 3 3 1 0
342 35 3 3 1 0
675 58 2 3 1 0
902 51 2 3 1 0
1024 522 26 28 1 0
212 2 3 3 1 0
374 1 3 3 1 0
76 38 3 3 1 0
193 35 3 3 1 0
276 21 3 3 1 0
755 69 2 3 1 0
319 18 3 3 1 0
463 20 3 3 1 0
825 55 2 3 1 0
1354 12 3 3 1 0
119 43 3 3 1 0
775 14 2 3 1 0
593 55 2 3 1 0
622 455 26 28 1 0
920 41 2 3 1 0
743 9 2 3 1 0
1164 97 3 3 1 0
1017 54 2 3 1 0
439 31 3 3 1 0
1109 5 2 3 1 0
1138 5 2 3 1 0
169 416 26 28 1 0
1798 510 26 28 1 0
466 32 2 3 1 0
19 77 3 3 1 0
1636 38 3 3 1 0
1364 47 3 3 1 0
300 13 3 3 1 0
1699 44 3 3 1 0
778 62 2 3 1 0
1208 49 3 3 1 0
238 71 3 3 1 0
1768 435 26 28 1 0
726 59 2 3 1 0
50 33 3 3 1 0
474 23 2 3 1 0
1326 47 3 3 1 0
1153 16 2 3 1 0
1181 25 3 3 1 0
1249 3 3 3 1 0
786 5 2 3 1 0
1711 19 3 3 1 0
375 17 3 3 1 0
608 22 2 3 1 0
849 49 2 3 1 0
414 55 3 3 1 0
103 30 3 3 1 0
1124 33 2 3 1 0
1162 114 2 3 1 0
1155 102 2 3 1 0
171 5 3 3 1 0
1258 59 3 3 1 0
673 3 2 3 1 0
158 25 3 3 1 0
468 436 26 28 1 0
1230 81 3 3 1 0
1731 109 2 3 1 0
1237 52 3 3 1 0
768 59 2 3 1 0
1339 5 3 3 1 0
686 22 2 3 1 0
342 56 3 3 1 0
130 18 3 3 1 0
1174 435 26 28 1 0
1123 41 2 3 1 0
286 417 26 28 1 0
448 31 3 3 1 0
213 20 3 3 1 0
1076 29 2 3 1 0
1165 105 2 3 1 0
1684 16 3 3 1 0
1738 109 2 3 1 0
869 460 26 28 1 0
623 22 2 3 1 0
718 2 2 3 1 0
490 26 2 3 1 0
1083 13 2 3 1 0
748 53 2 3 1 0
1862 143 2 3 1 0
1187 83 3 3 1 0
848 3 2 3 1 0
1180 48 3 3 1 0
1322 5 3 3 1 0
427 19 3 3 1 0
1266 56 3 3 1 0
586 58 2 3 1 0
242 11 3 3 1 0
624 37 2 3 1 0
1181 87 3 3 1 0
1214 50 3 3 1 0
502 25 2 3 1 0
776 23 2 3 1 0
1507 39 3 3 1 0
1175 25 3 3 1 0
1041 29 2 3 1 0
929 40 2 3 1 0
960 52 2 3 1 0
1563 47 3 3 1 0
392 34 3 3 1 0
84 43 3 3 1 0
874 13 2 3 1 0
350 36 3 3 1 0
1712 387 26 28 1 0
1515 45 3 3 1 0
1120 2 2 3 1 0
735 54 2 3 1 0
329 32 3 3 1 0
605 48 2 3 1 0
698 62 2 3 1 0
853 12 2 3 1 0
686 46 2 3 1 0
860 11 2 3 1 0
498 26 2 3 1 0
370 51 3 3 1 0
913 24 2 3 1 0
118 34 3 3 1 0
1712 17 3 3 1 0
597 40 2 3 1 0
277 14 3 3 1 0
762 27 2 3 1 0
1326 12 3 3 1 0
1108 44 2 3 1 0
278 32 3 3 1 0
143 45 3 3 1 0
1221 1 3 3 1 0
133 43 3 3 1 0
501 17 2 3 1 0
1177 84 3 3 1 0
1153 1 2 3 1 0
445 40 3 3 1 0
707 62 2 3 1 0
744 20 2 3 1 0
1074 15 2 3 1 0
334 26 3 3 1 0
1114 446 26 28 1 0
1646 39 3 3 1 0
703 44 2 3 1 0
124 17 3 3 1 0
341 12 3 3 1 0
436 58 3 3 1 0
855 45 2 3 1 0
575 26 2 3 1 0
1415 41 3 3 1 0
1156 114 2 3 1 0
1040 443 26 28 1 0
639 38 2 3 1 0
68 33 3 3 1 0
1728 25 3 3 1 0
27 28 3 3 1 0
197 3 3 3 1 0
159 15 3 3 1 0
1410 46 3 3 1 0
998 13 2 3 1 0
151 31 3 3 1 0
1026 40 2 3 1 0
357 26 3 3 1 0
1645 403 26 28 1 0
1226 1 3 3 1 0
600 14 2 3 1 0
1578 46 3 3 1 0
194 20 3 3 1 0
1133 42 2 3 1 0
800 53 2 3 1 0
113 27 3 3 1 0
303 19 3 3 1 0
1712 75 3 3 1 0
217 28 3 3 1 0
1725 80 3 3 1 0
732 42 2 3 1 0
858 3 2 3 1 0
1696 69 3 3 1 0
270 20 3 3 1 0
1178 109 2 3 1 0
61 38 3 3 1 0
1133 33 2 3 1 0
236 6 3 3 1 0
177 4 3 3 1 0
1450 44 3 3 1 0
945 37 2 3 1 0
616 54 2 3 1 0
35 75 3 3 1 0
1670 19 3 3 1 0
1346 1 3 3 1 0
489 35 2 3 1 0
178 31 3 3 1 0
234 33 3 3 1 0
1717 16 3 3 1 0
166 74 3 3 1 0
344 17 3 3 1 0
401 38 3 3 1 0
996 58 2 3 1 0
1283 1 3 3 1 0
911 46 2 3 1 0
89 29 3 3 1 0
994 34 2 3 1 0
1701 48 3 3 1 0
1905 6 2 3 1 0
133 75 3 3 1 0
1652 40 3 3 1 0
738 28 2 3 1 0
99 37 3 3 1 0
1033 41 2 3 1 0
1432 43 3 3 1 0
1180 56 3 3 1 0
638 21 2 3 1 0
329 413 26 28 1 0
766 1 2 3 1 0
806 7 2 3 1 0
1327 3 3 3 1 0
937 41 2 3 1 0
298 36 3 3 1 0
1063 41 2 3 1 0
910 35 2 3 1 0
362 50 3 3 1 0
1292 1 3 3 1 0
1164 121 2 3 1 0
1072 42 2 3 1 0
111 41 3 3 1 0
1102 39 2 3 1 0
310 26 3 3 1 0
377 35 3 3 1 0
1088 15 2 3 1 0
142 78 3 3 1 0
182 82 3 3 1 0
64 46 3 3 1 0
654 44 2 3 1 0
1276 1 3 3 1 0
384 17 3 3 1 0
684 12 2 3 1 0
1090 4 2 3 1 0
530 39 2 3 1 0
163 28 3 3 1 0
164 36 3 3 1 0
599 1 2 3 1 0
13 29 3 3 1 0
325 52 3 3 1 0
444 413 26 28 1 0
672 526 26 28 1 0
803 70 2 3 1 0
931 59 2 3 1 0
206 6 3 3 1 0
1113 42 2 3 1 0
438 20 3 3 1 0
680 50 2 3 1 0
1213 8 3 3 1 0
664 3 2 3 1 0
709 16 2 3 1 0
343 44 3 3 1 0
616 24 2 3 1 0
1216 27 3 3 1 0
156 75 3 3 1 0
698 45 2 3 1 0
685 58 2 3 1 0
1602 50 3 3 1 0
1151 12 2 3 1 0
487 18 2 3 1 0
719 19 2 3 1 0
1195 10 3 3 1 0
400 433 26 28 1 0
1711 95 3 3 1 0
1187 88 3 3 1 0
1110 35 2 3 1 0
560 32 2 3 1 0
257 19 3 3 1 0
645 20 2 3 1 0
1077 45 2 3 1 0
1225 58 3 3 1 0
228 21 3 3 1 0
458 35 3 3 1 0
860 46 2 3 1 0
978 57 2 3 1 0
1215 10 3 3 1 0
349 25 3 3 1 0
424 61 3 3 1 0
201 82 3 3 1 0
108 433 26 28 1 0
767 21 2 3 1 0
914 57 2 3 1 0
1568 387 26 28 1 0
1170 45 3 3 1 0
615 33 2 3 1 0
726 18 2 3 1 0
172 13 3 3 1 0
193 86 3 3 1 0
1211 63 3 3 1 0
1262 37 3 3 1 0
1708 111 2 3 1 0
1242 48 3 3 1 0
1239 3 3 3 1 0
1738 65 3 3 1 0
812 8 2 3 1 0
92 43 3 3 1 0
1339 37 3 3 1 0
1123 464 26 28 1 0
269 11 3 3 1 0
1257 48 3 3 1 0
640 28 2 3 1 0
1421 48 3 3 1 0
551 36 2 3 1 0
985 33 2 3 1 0
1149 20 2 3 1 0
238 21 3 3 1 0
330 16 3 3 1 0
1132 8 2 3 1 0
1320 10 3 3 1 0
1170 20 3 3 1 0
295 21 3 3 1 0
1701 111 2 3 1 0
806 405 26 28 1 0
1569 44 3 3 1 0
112 75 3 3 1 0
70 41 3 3 1 0
1097 11 2 3 1 0
896 50 2 3 1 0
1218 83 3 3 1 0
750 69 2 3 1 0
515 413 26 28 1 0
20 442 26 28 1 0
1720 56 3 3 1 0
627 61 2 3 1 0
1175 14 3 3 1 0
544 38 2 3 1 0
1184 122 2 3 1 0
761 37 2 3 1 0
902 40 2 3 1 0
802 14 2 3 1 0
701 23 2 3 1 0
604 28 2 3 1 0
1128 3 2 3 1 0
257 10 3 3 1 0
1149 42 2 3 1 0
628 52 2 3 1 0
497 36 2 3 1 0
958 396 26 28 1 0
1742 81 3 3 1 0
693 56 2 3 1 0
105 46 3 3 1 0
1160 44 2 3 1 0
706 450 26 28 1 0
1900 2 2 3 1 0
479 17 2 3 1 0
596 27 2 3 1 0
614 46 2 3 1 0
900 23 2 3 1 0
312 38 3 3 1 0
723 51 2 3 1 0
351 50 3 3 1 0
809 61 2 3 1 0
1730 18 3 3 1 0
719 60 2 3 1 0
968 58 2 3 1 0
1426 46 3 3 1 0
379 42 3 3 1 0
602 21 2 3 1 0
132 28 3 3 1 0
1286 399 26 28 1 0
581 3 2 3 1 0
153 43 3 3 1 0
1725 96 3 3 1 0
291 10 3 3 1 0
885 45 2 3 1 0
1096 32 2 3 1 0
1702 73 3 3 1 0
680 5 2 3 1 0
1732 87 3 3 1 0
1150 35 2 3 1 0
1189 50 3 3 1 0
794 68 2 3 1 0
1403 47 3 3 1 0
877 421 26 28 1 0
742 38 2 3 1 0
223 79 3 3 1 0
1198 52 3 3 1 0
1310 423 26 28 1 0
1497 397 26 28 1 0
360 38 3 3 1 0
1358 48 3 3 1 0
798 20 2 3 1 0
638 3 2 3 1 0
708 53 2 3 1 0
646 61 2 3 1 0
1038 53 2 3 1 0
1121 21 2 3 1 0
1201 46 3 3 1 0
1202 24 3 3 1 0
1710 67 3 3 1 0
354 15 3 3 1 0
1169 112 2 3 1 0
1267 36 3 3 1 0
712 1 2 3 1 0
759 54 2 3 1 0
1699 61 3 3 1 0
1716 62 3 3 1 0
348 81 3 3 1 0
1101 11 2 3 1 0
404 52 3 3 1 0
922 31 2 3 1 0
628 42 2 3 1 0
998 62 2 3 1 0
1741 93 3 3 1 0
1351 7 3 3 1 0
652 53 2 3 1 0
839 12 2 3 1 0
538 437 26 28 1 0
364 1 3 3 1 0
753 29 2 3 1 0
1305 514 26 28 1 0
1172 122 2 3 1 0
1241 42 3 3 1 0
1152 115 2 3 1 0
23 42 3 3 1 0
828 8 2 3 1 0
952 57 2 3 1 0
1070 32 2 3 1 0
260 35 3 3 1 0
796 75 2 3 1 0
202 17 3 3 1 0
584 26 2 3 1 0
1141 21 2 3 1 0
1440 43 3 3 1 0
1157 96 2 3 1 0
172 37 3 3 1 0
1221 70 3 3 1 0
1161 89 2 3 1 0
389 42 3 3 1 0
729 1 2 3 1 0
1049 35 2 3 1 0
750 10 2 3 1 0
884 23 2 3 1 0
316 54 3 3 1 0
203 41 3 3 1 0
342 63 3 3 1 0
1169 26 3 3 1 0
223 1 3 3 1 0
726 29 2 3 1 0
1450 402 26 28 1 0
1088 32 2 3 1 0
127 45 3 3 1 0
243 42 3 3 1 0
637 55 2 3 1 0
1316 6 3 3 1 0
527 23 2 3 1 0
753 44 2 3 1 0
1116 34 2 3 1 0
481 30 2 3 1 0
714 41 2 3 1 0
1179 118 2 3 1 0
188 3 3 3 1 0
598 50 2 3 1 0
407 67 3 3 1 0
1160 38 2 3 1 0
186 42 3 3 1 0
818 73 2 3 1 0
286 16 3 3 1 0
224 418 26 28 1 0
656 19 2 3 1 0
1250 33 3 3 1 0
867 47 2 3 1 0
783 69 2 3 1 0
246 20 3 3 1 0
610 13 2 3 1 0
