2802 1854 198 258 1 0
1009 2257 330 331 1 0
658 1721 98 135 1 0
1333 2143 330 331 1 0
1224 1812 198 258 1 0
2027 1760 198 258 1 0
1469 1951 198 258 1 0
149 1637 75 122 1 0
2322 2048 330 331 1 0
2435 2208 330 331 1 0
1670 2294 330 331 3 0
1123 1615 98 135 1 0
1976 1725 198 258 1 0
1382 1698 98 135 1 1
1143 1235 55 60 1 1
1306 1889 198 258 1 0
1093 1771 198 258 1 0
1715 1861 198 258 1 0
845 1694 98 135 1 0
2775 2004 198 258 1 0
2038 1842 198 258 1 0
1569 1815 198 258 1 0
1395 1812 198 258 1 0
1714 2148 330 331 1 0
51 1724 75 122 1 0
2472 1851 198 258 1 0
