128 108 17 18 1 0
15 28 16 18 1 0
65 112 17 18 1 0
95 136 17 18 1 0
394 131 17 18 1 0
366 33 16 18 1 0
330 52 16 18 1 0
431 81 17 18 1 0
76 160 22 28 1 0
155 5 16 18 1 0
234 41 16 18 2 0
87 95 17 18 1 0
199 57 17 18 1 0
520 40 16 18 1 0
372 142 22 28 1 0
40 23 16 18 1 0
404 7 16 18 2 0
195 32 16 18 1 0
12 75 16 18 1 0
524 4 16 18 1 0
351 4 16 18 1 0
252 272 28 29 1 0
122 32 16 18 1 0
568 34 16 18 1 0
486 12 16 18 1 0
60 27 16 18 1 0
223 116 17 18 1 0
20 66 16 18 1 0
466 76 17 18 1 0
562 13 16 18 1 0
96 5 16 18 1 0
337 72 17 18 1 0
31 13 16 18 1 0
120 16 16 18 1 0
162 23 16 18 1 0
574 76 17 18 1 0
50 5 16 18 1 0
580 30 16 18 1 0
268 24 16 18 1 0
596 68 16 18 1 0
196 120 17 18 1 0
111 92 17 18 1 0
22 55 16 18 1 0
241 23 16 18 1 0
543 20 16 18 1 0
196 5 16 18 1 0
112 46 16 18 1 0
81 40 16 18 1 0
76 10 16 18 1 0
324 96 17 18 1 0
280 155 22 28 1 0
243 56 17 18 1 0
540 123 17 18 1 0
141 57 17 18 1 0
3 128 18 20 1 0
371 6 16 18 1 0
207 104 17 18 1 0
178 44 16 18 1 0
184 22 16 18 1 0
211 10 16 18 1 0
121 88 17 18 1 0
27 26 16 18 1 0
576 2 16 18 1 0
236 13 16 18 1 0
1 74 16 18 1 0
289 16 16 18 1 0
85 116 17 18 1 0
173 10 16 18 1 0
123 4 16 18 1 0
40 160 22 28 1 0
232 32 16 18 2 0
556 58 17 18 1 0
152 33 16 18 1 0
407 13 16 18 2 0
364 104 17 18 1 0
537 85 17 18 1 0
70 80 17 18 1 0
313 17 16 18 1 0
3 60 16 18 1 0
59 160 22 28 1 0
403 189 22 28 1 0
168 60 17 18 1 0
29 77 17 18 1 0
593 3 16 18 1 0
381 11 16 18 1 0
104 33 16 18 1 0
53 76 17 18 1 0
338 12 16 18 1 0
497 331 28 29 1 0
532 51 16 18 1 0
146 23 16 18 1 0
506 46 16 18 1 0
16 8 16 18 1 0
423 16 16 18 1 0
104 16 16 18 1 0
