2939 439 348 410 3 0
752 36 348 410 3 0
3786 742 442 485 1 0
970 36 348 410 1 0
3649 161 348 410 3 0
3319 1481 657 848 1 0
1822 35 348 410 3 0
3553 662 348 410 1 0
1578 871 442 485 1 0
2129 684 442 485 3 0
1972 81 348 410 3 0
2365 511 348 410 1 0
2903 1371 657 848 3 0
3187 533 348 410 1 0
485 254 348 410 3 0
1790 644 348 410 1 0
1479 77 348 410 1 0
2920 273 348 410 3 0
4088 511 348 410 1 0
4055 1485 657 848 3 0
2576 199 348 410 3 0
2704 130 348 410 3 0
1015 397 348 410 1 0
838 204 348 410 3 0
3827 1579 657 848 3 0
2013 823 442 485 3 0
1169 154 348 410 1 0
1808 392 348 410 1 0
2519 130 348 410 3 0
119 247 348 410 1 0
1550 1966 657 848 1 0
644 1036 442 485 3 0
3288 855 442 485 1 0
3296 48 348 410 1 0
2585 1438 657 848 3 0
469 438 348 410 3 0
1375 662 348 410 1 0
2906 827 442 485 1 0
3768 84 348 410 3 0
2607 469 348 410 1 0
501 1098 442 485 3 0
4001 883 442 485 1 0
2086 1367 657 848 1 0
