449 285 10 12 1 0
600 217 4 6 1 1
182 223 8 9 1 1
885 325 10 12 1 0
661 227 8 9 1 1
569 255 8 9 1 0
355 416 24 27 1 0
665 209 4 6 1 1
644 235 8 9 1 1
357 207 4 6 1 1
460 337 10 12 1 0
953 309 10 12 1 0
885 528 38 44 1 0
786 271 10 12 2 0
619 228 8 9 1 1
576 235 8 9 1 1
604 256 8 9 1 0
550 218 4 6 1 1
996 378 16 20 1 0
617 202 4 6 1 1
396 195 4 6 1 1
793 266 10 12 1 0
574 216 4 6 1 1
381 264 8 9 1 0
864 623 38 44 1 0
738 558 38 44 1 0
456 310 10 12 1 0
652 333 10 12 1 0
843 310 10 12 1 0
82 334 10 12 1 0
224 255 8 9 1 0
659 577 38 44 1 0
617 190 4 6 1 1
268 233 8 9 1 1
693 273 10 12 1 0
306 228 8 9 1 1
141 236 8 9 1 1
559 227 8 9 1 1
769 183 8 9 1 1
506 312 10 12 1 0
412 268 10 12 1 0
171 207 4 6 1 1
541 261 8 9 1 0
660 261 8 9 1 0
612 221 4 6 1 1
603 359 16 20 1 0
901 434 24 27 1 0
262 362 16 20 1 0
550 230 8 9 1 1
634 240 8 9 1 1
650 251 8 9 1 0
936 361 16 20 1 0
164 363 16 20 1 0
296 233 8 9 1 1
517 218 4 6 1 1
910 292 10 12 1 0
505 192 4 6 1 1
639 591 38 44 1 0
442 275 10 12 1 0
616 257 8 9 1 0
322 284 10 12 1 0
608 214 4 6 1 1
629 285 10 12 1 0
517 202 4 6 1 1
633 201 4 6 1 1
313 195 4 6 1 1
218 202 4 6 1 1
780 368 16 20 1 0
281 220 4 6 1 1
559 223 8 9 1 1
876 437 24 27 1 0
1004 433 20 23 1 0
548 197 4 6 1 1
703 580 38 44 1 0
516 207 4 6 1 1
756 615 38 44 1 0
687 263 8 9 1 0
270 217 4 6 1 1
980 440 24 27 1 0
777 262 8 9 1 0
757 260 8 9 1 0
716 300 10 12 1 0
761 248 8 9 1 0
591 282 10 12 1 0
598 227 8 9 1 1
383 309 10 12 1 0
573 231 8 9 1 1
503 323 10 12 1 0
778 270 10 12 1 0
499 289 10 12 1 0
896 560 38 44 1 0
497 342 16 20 1 0
868 382 16 20 1 0
378 203 4 6 1 1
531 209 4 6 1 1
668 240 8 9 1 1
783 586 38 44 1 0
979 399 16 20 1 0
558 238 8 9 1 1
567 228 8 9 1 1
382 275 10 12 1 0
881 299 10 12 1 0
889 278 10 12 1 0
566 269 10 12 1 0
70 534 38 44 1 0
951 338 16 20 1 0
371 217 4 6 1 1
399 293 10 12 2 0
656 307 10 12 1 0
822 268 10 12 1 0
648 213 4 6 1 1
193 228 8 9 1 1
593 199 4 6 1 1
534 353 16 20 1 0
450 165 4 6 1 1
463 241 8 9 1 1
570 220 4 6 1 1
805 307 10 12 1 0
575 293 10 12 1 0
783 536 38 44 1 0
822 279 10 12 1 0
583 274 10 12 1 0
535 217 4 6 1 1
943 428 24 27 2 0
505 281 10 12 1 0
1009 644 38 44 1 0
455 168 4 6 1 1
198 291 10 12 1 0
774 184 8 9 1 1
1006 395 16 20 1 0
308 195 4 6 1 1
693 248 8 9 1 0
828 310 10 12 1 0
816 349 16 20 1 0
572 658 38 44 1 0
611 237 8 9 1 1
441 236 8 9 1 1
583 195 4 6 1 1
249 236 8 9 1 1
797 441 24 27 1 0
852 327 10 12 1 0
647 258 8 9 1 0
556 213 4 6 1 1
694 232 8 9 1 1
385 193 4 6 1 1
427 242 8 9 1 1
616 242 8 9 1 1
776 191 8 9 1 1
522 211 4 6 1 1
212 421 24 27 1 0
397 354 16 20 1 0
956 510 24 27 1 0
766 314 10 12 1 0
579 206 4 6 1 1
520 200 4 6 1 1
211 279 10 12 1 0
559 301 10 12 1 0
658 203 4 6 1 1
668 206 4 6 1 1
405 262 8 9 1 0
651 247 8 9 1 0
786 265 8 9 1 0
137 348 16 20 1 0
156 293 10 12 1 0
811 637 38 44 1 0
319 301 10 12 1 0
490 207 4 6 1 1
518 286 10 12 1 0
553 200 4 6 1 1
493 243 8 9 1 1
981 328 10 12 1 0
435 166 4 6 1 1
586 214 4 6 1 1
802 276 10 12 2 0
586 258 8 9 1 0
574 223 8 9 1 1
534 280 10 12 1 0
622 216 4 6 1 1
521 509 24 27 1 0
857 181 10 12 1 1
934 391 16 20 1 0
686 446 24 27 1 0
324 212 4 6 1 1
549 220 4 6 1 1
673 287 10 12 1 0
688 333 10 12 1 0
740 287 10 12 1 0
62 667 38 44 1 0
837 575 38 44 1 0
816 312 10 12 1 0
792 300 10 12 1 0
522 311 10 12 1 0
626 188 4 6 1 1
457 289 10 12 1 0
251 270 10 12 1 0
574 198 4 6 1 1
546 218 4 6 1 1
357 296 10 12 1 0
216 272 10 12 1 0
432 397 16 20 1 0
923 283 10 12 1 0
205 334 10 12 1 0
667 199 4 6 1 1
842 451 24 27 1 0
655 247 8 9 1 0
657 214 4 6 1 1
197 306 10 12 1 0
538 197 4 6 1 1
994 422 24 27 1 0
778 284 10 12 1 0
913 445 24 27 2 0
855 464 24 27 1 0
596 202 4 6 1 1
264 266 10 12 1 0
781 318 10 12 1 0
402 238 8 9 1 1
605 231 8 9 1 1
523 254 8 9 1 0
346 213 4 6 1 1
891 302 10 12 1 0
32 302 14 18 1 0
727 275 10 12 1 0
162 320 10 12 1 0
287 196 4 6 1 1
827 524 31 35 1 0
597 213 4 6 1 1
543 285 10 12 1 0
566 200 4 6 1 1
567 212 4 6 1 1
612 205 4 6 1 1
881 267 10 12 1 0
981 298 10 12 1 0
943 402 16 20 1 0
876 490 24 27 1 0
780 256 8 9 1 0
494 196 4 6 1 1
592 209 4 6 1 1
26 468 24 27 1 0
829 280 10 12 2 0
796 318 10 12 1 0
337 261 8 9 1 0
515 227 8 9 1 1
504 297 10 12 1 0
495 670 38 44 1 0
1000 296 10 12 1 0
765 298 10 12 1 0
541 220 4 6 1 1
412 238 8 9 1 1
586 450 24 27 1 0
570 217 4 6 1 1
844 275 10 12 2 0
655 630 38 44 1 0
853 193 10 12 2 1
349 339 16 20 1 0
458 302 10 12 1 0
575 190 4 6 1 1
303 209 4 6 1 1
548 206 4 6 1 1
591 230 8 9 1 1
573 240 8 9 1 1
803 526 38 44 1 0
478 191 4 6 1 1
655 242 8 9 1 1
845 264 8 9 1 0
559 329 10 12 1 0
960 347 16 20 1 0
639 249 8 9 1 0
240 242 8 9 1 1
656 231 8 9 1 1
459 233 8 9 1 1
825 323 10 12 1 0
563 242 8 9 1 1
660 233 8 9 1 1
330 202 4 6 1 1
324 234 8 9 1 1
658 292 10 12 1 0
839 277 10 12 2 0
833 482 24 27 1 0
600 206 4 6 1 1
553 197 4 6 1 1
462 427 24 27 1 0
1011 326 11 14 1 0
448 676 38 44 1 0
470 229 8 9 1 1
273 207 4 6 1 1
535 204 4 6 1 1
781 189 8 9 1 1
161 202 4 6 1 1
606 200 4 6 1 1
608 208 4 6 1 1
605 227 8 9 1 1
50 444 24 27 1 0
310 209 4 6 1 1
629 238 8 9 1 1
832 293 10 12 2 0
590 205 4 6 1 1
838 293 10 12 2 0
555 337 10 12 1 0
320 201 4 6 1 1
593 218 4 6 1 1
1015 367 16 20 2 0
315 315 10 12 1 0
609 249 8 9 1 0
304 274 10 12 1 0
871 326 10 12 1 0
864 308 10 12 1 0
629 217 4 6 1 1
588 209 4 6 1 1
873 292 10 12 1 0
615 225 8 9 1 1
362 196 4 6 1 1
378 194 4 6 1 1
998 181 10 12 1 1
302 201 4 6 1 1
484 222 8 9 1 1
507 220 4 6 1 1
667 227 8 9 1 1
534 251 8 9 1 0
963 325 10 12 1 0
807 271 10 12 1 0
857 544 38 44 1 0
460 252 8 9 1 0
808 264 8 9 1 0
898 295 10 12 1 0
664 192 4 6 1 1
571 237 8 9 1 1
635 275 10 12 1 0
977 373 16 20 1 0
598 241 8 9 1 1
620 236 8 9 1 1
628 225 8 9 1 1
650 288 10 12 1 0
648 221 4 6 1 1
274 279 10 12 1 0
860 191 10 12 1 1
118 238 6 7 1 1
385 256 8 9 1 0
275 385 16 20 1 0
631 251 8 9 1 0
885 452 24 27 1 0
232 325 10 12 1 0
577 199 4 6 1 1
874 339 16 20 1 0
125 383 16 20 1 0
839 270 10 12 2 0
833 285 10 12 1 0
493 264 8 9 1 0
342 198 4 6 1 1
448 301 10 12 1 0
440 247 8 9 1 0
436 271 10 12 1 0
802 286 10 12 1 0
402 288 10 12 2 0
627 195 4 6 1 1
717 423 24 27 1 0
256 214 4 6 1 1
607 196 4 6 1 1
602 213 4 6 1 1
153 680 38 44 1 0
526 563 38 44 1 0
556 287 10 12 1 0
615 270 10 12 1 0
805 347 16 20 1 0
652 237 8 9 1 1
525 412 20 23 1 0
283 258 8 9 1 0
784 353 16 20 2 0
602 245 8 9 1 0
566 254 8 9 1 0
542 222 8 9 1 1
612 292 10 12 1 0
258 393 16 20 1 0
341 270 10 12 1 0
767 282 10 12 1 0
535 213 4 6 1 1
797 277 10 12 2 0
846 293 10 12 1 0
399 209 4 6 1 1
288 310 10 12 1 0
486 192 4 6 1 1
1018 357 14 18 2 0
1005 186 10 12 1 0
588 241 8 9 1 1
167 226 8 9 1 1
770 656 38 44 1 0
705 349 16 20 1 0
248 257 8 9 1 0
581 227 8 9 1 1
420 261 8 9 1 0
574 206 4 6 1 1
383 244 8 9 1 0
696 283 10 12 1 0
240 257 8 9 1 0
614 231 8 9 1 1
829 274 10 12 2 0
749 249 8 9 1 0
971 312 10 12 1 0
250 172 4 6 1 1
941 334 10 12 1 0
315 339 16 20 1 0
129 218 6 7 1 1
808 279 10 12 1 0
569 242 8 9 1 1
925 424 24 27 1 0
669 197 4 6 1 1
661 241 8 9 1 1
852 503 24 27 1 0
600 187 4 6 1 1
742 328 10 12 1 0
735 277 10 12 1 0
637 231 8 9 1 1
316 273 10 12 1 0
458 269 10 12 1 0
470 205 4 6 1 1
916 458 24 27 2 0
247 510 24 27 1 0
642 221 4 6 1 1
551 214 4 6 1 1
583 216 4 6 1 1
565 218 4 6 1 1
862 279 10 12 1 0
957 381 16 20 1 0
853 186 10 12 2 1
478 279 10 12 1 0
588 266 10 12 1 0
528 198 4 6 1 1
391 281 10 12 1 0
682 257 8 9 1 0
521 242 8 9 1 1
423 266 10 12 1 0
523 220 4 6 1 1
525 204 4 6 1 1
845 189 9 11 1 1
162 571 38 44 1 0
424 236 8 9 1 1
963 430 24 27 1 0
645 228 8 9 1 1
180 382 16 20 1 0
206 217 4 6 1 1
353 273 10 12 1 0
972 464 24 27 1 0
804 297 10 12 1 0
909 494 24 27 1 0
609 279 10 12 1 0
922 344 16 20 1 0
752 300 10 12 1 0
748 276 10 12 1 0
627 244 8 9 1 0
553 227 8 9 1 1
678 262 8 9 1 0
594 193 4 6 1 1
573 343 13 16 1 0
517 214 4 6 1 1
481 334 10 12 1 0
190 337 10 12 1 0
706 318 10 12 1 0
608 457 24 27 1 0
250 452 24 27 1 0
591 225 8 9 1 1
559 214 4 6 1 1
339 239 8 9 1 1
446 269 10 12 1 0
555 205 4 6 1 1
544 237 8 9 1 1
989 358 16 20 1 0
566 196 4 6 1 1
232 202 4 6 1 1
590 303 10 12 1 0
433 247 8 9 1 0
873 280 10 12 1 0
328 292 10 12 1 0
528 229 8 9 1 1
523 333 10 12 1 0
583 530 38 44 1 0
768 192 8 9 2 1
468 188 4 6 1 1
247 265 8 9 1 0
565 231 8 9 1 1
787 288 10 12 1 0
53 359 16 19 1 0
769 190 8 9 2 1
838 268 10 12 2 0
405 625 38 44 1 0
698 267 10 12 1 0
248 327 10 12 1 0
569 208 4 6 1 1
550 253 8 9 1 0
621 231 8 9 1 1
582 212 4 6 1 1
696 261 8 9 1 0
252 203 4 6 1 1
654 208 4 6 1 1
259 311 10 12 1 0
581 241 8 9 1 1
821 298 10 12 1 0
605 239 8 9 1 1
779 183 8 9 1 1
194 202 4 6 1 1
550 271 10 12 1 0
501 205 4 6 1 1
585 200 4 6 1 1
680 268 10 12 1 0
699 550 38 44 1 0
464 280 10 12 1 0
648 227 8 9 1 1
625 227 8 9 1 1
714 337 10 12 1 0
232 570 38 44 1 0
660 218 4 6 1 1
783 344 16 20 2 0
326 194 4 6 1 1
651 223 8 9 1 1
175 450 24 27 1 0
683 279 10 12 1 0
485 232 8 9 1 1
619 250 8 9 1 0
309 388 16 20 1 0
0 350 20 23 1 0
940 416 24 27 2 0
519 362 16 20 1 0
295 637 38 44 1 0
926 333 10 12 1 0
631 212 4 6 1 1
621 340 16 20 1 0
542 209 4 6 1 1
529 214 4 6 1 1
546 405 16 20 1 0
592 600 38 44 1 0
869 182 10 12 1 1
610 244 8 9 1 0
